1157.5,558.5,148,95
1136.6576154252243,561.03310190663,149.39177751136765,94.30486132651039
1116.8599300342687,563.8457775251682,151.35269547345496,92.68729445604183
1107.2713702570359,566.9218321383911,151.40677006026925,94.23539055567636
1098.2537197386052,569.6966040715436,151.3734942843861,95.65153968635019
1093.7005850242197,573.2606143821183,152.41163608101618,97.28408386927778
1095.685007314877,578.1684911139159,154.39804462393857,98.05504038187877
1097.2099425943588,579.7616374559044,155.7865862544586,100.27151678664703
1099.9755690547208,584.5696857493555,160.0692752893008,99.81153668534063
1105.5447419785846,587.7278580110363,164.06327178013527,101.05217944759289
1111.9512346433157,593.0864676304049,167.31280933885677,102.89050792308927
1119.7212564461222,594.7326271741075,168.37767372274604,105.7062849584257
1128.8007692862998,601.8502290889716,171.30729397744926,107.53342091141225
1137.7963029290254,604.2916905108666,174.26942798594322,110.54037729430681
1148.5765249945457,609.9424976189921,177.35495896781762,111.04502700170076
1155.7011556093325,617.3694721944873,182.14640055806836,112.11562790716783
1165.3034129858852,621.7651847310441,186.1492393968819,114.13249426929615
1176.0644800085315,624.713463836939,189.34246599306874,117.37441147559714
1185.6812766564847,629.8675066404766,193.2486699078559,120.92707702056053
1196.6811693397392,634.2741156622974,197.92783008272843,122.90475062425774
1206.9060692989312,641.3075565866974,202.18396087418344,124.60409363660271
1217.5979726887326,645.8801250787701,207.39622724521521,125.38181870537476
1229.2762714110995,653.6766165616272,213.14756475226397,126.65166876273193
1237.5283732226603,660.530248659907,219.20516685424008,130.39700123060106
1247.3545297618891,667.5621489498299,223.32346458510844,132.4871179633774
1255.4704117860042,672.390442128134,228.6070890256476,134.9690308667178
1257.3853196290959,677.7991532485502,232.14866702003684,141.4365188279118
1260.2302409945787,683.9745088651,237.50690187238456,143.99200895742217
1257.5811112076233,689.6923379147829,241.29070648547213,150.39908042653764
1248.9663184879325,690.2657029139579,246.2210460905029,155.65483484514954
1238.0721879562088,695.6884669992171,251.14146161867228,157.86503272596147
1218.5441862709413,700.2784305913779,256.4612169728496,160.89133475153983
1200.0312456116294,705.7312697246258,263.88905294235224,162.78825925298838
1173.8212016529012,707.7411779014002,265.3784806120061,166.078985006068
1148.4395536367815,712.2552369692305,268.09316595698954,164.27067163420122
1125.7847558393726,717.5283433508469,274.8697834939462,167.17718809612745
1093.3241732818688,722.2694874370329,276.01652310236216,166.41407526250038
1061.292195087591,728.1141826654683,282.6284760119138,165.93403443789273
1035.856071289391,732.2717704595025,288.6326549132457,168.39085820895534
1006.7907539746896,742.7598685125997,291.7323256449432,166.65948937326854
979.445114001106,745.1002154409962,297.8113886426472,170.06572579143912
947.3860386523024,748.3224932034,304.818577426192,172.71807216024712
917.8625488552063,754.7414684905788,309.4994834119856,172.01862561420998
891.2755049811994,757.4978532366829,316.8507447745013,174.71110018633271
861.608117387412,762.6543594167584,323.5433538243811,176.67748483698492
839.4950864868609,769.0846660384358,330.5758044804636,179.20845694366682
812.2534165396637,775.5980940686119,336.5305837364303,180.61174614698643
785.7226351913687,781.2176499268865,342.6471200353154,180.12680961659458
767.2796318407605,786.4248541691604,345.4357718476156,180.0305230421417
743.3001340644726,793.5584588592344,351.16583597318964,180.65415419238929
716.421041278635,802.607763061324,357.5918224481849,181.1345367244893
701.5401476791762,805.4739385743769,360.26335009510046,177.5850460728343
680.5408373583701,814.618940617921,363.8419267914003,176.95120424770911
672.348362042369,820.6169352995802,368.01519415008727,174.04027595769392
665.9435963887685,823.2312983376514,374.2999270640387,173.20013068065418
664.9152580781252,830.0817461902867,376.8789930376468,173.2028501639823
672.6757075035885,832.8413989926428,381.92605492585596,170.4389373491108
679.6943800828783,836.0957549314096,386.29011700909757,169.9973646202894
700.2642896300333,841.5409846761863,388.5096347678151,166.5877472442307
720.5584810425662,842.5930177412458,390.65172450744654,162.46914854804118
744.519526330573,846.9297202832646,379.0457617085325,160.2221565232382
773.4487589201855,847.3155765027175,368.54049171973725,157.29884729974071
809.4799842737243,852.4214951622778,370.51938470162435,152.63999469512828
850.858640718378,852.9007599428542,377.9288351179812,152.21416990454065
883.039272331622,854.6292957452716,385.27041460389546,153.00985727950297
915.7088376786329,853.9394023651525,381.56907458980527,151.59452833043636
967.1635549241048,856.906472127103,387.48002126341214,150.73677621193085
999.5888393301625,852.8421336919391,390.7376448951444,150.12013276212937
1036.2389530745945,837.223146686491,393.5627912466123,154.1328336407013
1087.12814542502,831.2620188126557,393.99601543248036,160.37764683771286
1115.1134099139867,816.1471197092571,391.4121746869688,170.8519843053741
1135.4398840631604,832.7685215424875,390.79788453071126,176.7651864982884
1151.95869435456,821.5074375309385,396.1290574354608,175.73697190725062
1206.5002044523935,858.4297219836164,402.96998743510636,171.6608432484769
1228.2547576367867,861.8949558154181,409.65976030826334,168.03133493355205
1260.1716610383646,848.6728195244262,412.72582533127934,167.68632567044304
1279.5416266144255,856.6325500782386,418.6496858356516,166.1402366407601
1273.736988702591,851.7586697891194,415.4211273011057,165.65406663123
1306.0830477237048,848.450631433681,419.25566636336987,164.3822258234911
1320.7670881170027,855.2348147825755,421.29725736022147,168.98799814852916
1326.6583989966548,835.9773694547732,420.75835660921814,172.8223048502764
1326.6460919318326,829.2828980704429,413.3433960203868,175.9835712273354
1330.249363808848,820.5832993000718,412.9364428539719,172.0845738828238
1326.839201316294,812.5950814683732,403.8224283157648,170.99120440095726
1321.8675816062673,803.8592101737684,394.4042347066434,170.03525076213975
1312.555223660064,794.5860046906575,385.8570202859397,167.6564641270428
1305.9029937159296,782.8876771343214,376.38550971522403,164.80301242819166
1299.3510833925927,774.6906541155929,369.8715992675374,158.86323430793385
1288.5229413645002,760.8719612727938,361.19353273778495,157.50900088342468
1269.4009456925023,750.7722427804033,352.9965641513611,155.36630911454364
1256.4011315628763,739.4394089605444,341.67380852999764,155.06306653697632
1235.6226732370365,731.879692755598,326.64226998148206,154.19302274295057
1215.0484731268728,719.1814034005711,314.9695222831084,152.99204057043616
1198.5019982760834,710.2828366422873,303.2333666074898,151.35517597909342
1174.0304914929718,700.013713292984,289.1930771036446,148.4126582886621
1154.5702937334731,689.6283514480842,275.9656340301126,144.08274454254843
1130.2351826601816,679.3017469362306,265.77033188470347,138.78620075863842
1100.7584341697404,671.2732114569544,254.20217664390617,133.1977829781773
1077.6297890347757,664.4082241394244,243.62703512062268,129.14066731172343
1047.8794043917233,657.591738105255,234.8062330566301,127.10788887652225
1024.6967845614708,650.4188690967237,227.53602044662694,124.60454394680761
993.3204607710552,640.761641680097,217.77279888683327,122.50601202468988
952.9367912819818,634.8014560164293,210.74078331175753,118.8261683938344
927.008581665859,630.2917476257414,203.77454400518468,114.82168991153829
892.6574587630722,622.9382859370604,195.91754756222298,113.4787571029872
858.1250057467903,617.4439286571837,190.4902432066034,110.78267819045061
835.2766612307751,613.0993161620189,183.89295640855556,108.73160490960086
813.757515343503,608.2452279811074,178.99188661083406,107.59951790472464
794.972474562172,603.0983975201927,175.36335596036125,105.99036396144182
772.2508810441934,599.4839561757605,169.57689059153347,103.44552495535994
761.0301375231799,592.9116516042156,164.70778116749608,102.93745656243902
759.5157927377618,588.1359371401286,161.6115932854819,101.54785880299107
756.1509720639467,584.1120688134893,157.74997467675206,98.24191961398455
754.811390197433,581.1617483617919,153.63301967351254,95.85958055216929
757.1773802653968,575.6948598627633,148.6461779145362,93.82024258288021
763.3437609748628,569.8380035296944,144.55015279321154,92.44634214324401
769.3420286158158,565.5038311369186,139.66436675599542,89.4193544016351
779.6243620093225,561.3021022429265,138.28485965220963,86.99885570005637
785.4110811627784,557.490249472109,134.06675324303347,85.90844419152032
797.5992366286331,553.7242295981107,132.3396446581257,83.68156708465868
805.8506015932487,548.9087201345008,129.42825765492,81.62143343924674
813.5324554487503,543.7017926615626,125.35549118232015,79.70297484752516
820.8741219936768,539.3636733282347,119.44798740765266,78.45412844643207
830.9846736299052,535.0772737741904,118.01373792547903,76.70611056080736
841.1268358948408,532.4596860108157,115.82831895896229,75.57459020666674
848.6754236019486,529.2560104697837,111.78559739453905,73.75221068265151
856.4750545750766,526.6362275434842,106.55492771055125,71.9763890001554
865.6899245965233,520.4671631976639,103.06368902569022,70.33383913344633
872.527019953891,517.4730891996476,98.19334562388197,69.307248092919
879.4210464060428,516.1823458914229,93.89024278519105,68.67135275517532
889.3850864276662,511.2257109378103,92.53701282434176,66.73967675480777
896.6317115380344,509.5230457042466,91.95466748794365,64.32492217325958
902.1309441463377,505.5426534906235,90.42472625052417,63.19173725541309
909.2466568740089,502.7360601862516,87.49540574513301,62.49591431215478
917.1084209219109,499.913311125887,86.54160440256368,61.45402448961621
922.1069632958677,496.78340512935983,86.28080772532883,59.149772456791595
928.306671727883,495.98709519993554,85.65610437753377,57.51919938541863
932.7597425763709,493.2053662267014,82.84423577092036,57.05586528247893
940.0189659485968,490.91408733074394,81.75941806241819,55.46303902974666
943.7719064483955,488.1458114998131,79.30962884825183,53.91329747108844
949.6578606993701,485.08361625114003,79.85867657646621,52.17528171461982
955.2345373142605,482.69745512002595,79.59935487134356,50.90784338724832
958.9548478038448,479.7891577030381,75.03947000476967,51.480445892580235
965.6714863079346,477.14554777858376,74.84066050299862,49.7427109456515
969.514593344224,475.7655144157218,72.71140272161873,48.89188847497968
973.9791597837263,475.21725468563363,70.36169613121876,47.15790161038787
978.0984285121242,472.055534078183,68.85024569529706,44.91556600033802
982.3935937512935,470.01356450610007,68.6184671960233,43.7720557273896
987.9915115973092,468.0090127266376,67.68645310585941,43.324026469999865
991.8221405939239,466.8149521164885,67.0947146324361,42.27298019075582
995.735689566966,464.23192956700063,66.34416573954393,41.699571973996626
1000.5932109409337,461.89164601987346,64.8581841183178,41.52089519846949
1004.9009229215055,458.7233622454729,65.97310683686135,41.52331863182263
1006.8912729330257,456.388807520276,63.86033114643996,41.7965707480795
1009.8353117959656,455.39027537251104,62.64755497237884,40.381839904296584
1013.5850596425195,452.37096128770065,60.94233790094473,41.11652110202407
1016.9316318016135,451.18920085644777,61.88146153472191,39.00896261501208
1022.5270167525581,448.82575672982716,63.92633692702214,37.835314807920014
1025.6637197786192,446.34109918712977,62.88418974407113,38.432096571934196
1028.546205046829,443.3687917840819,62.0005854605505,38.63559914582163
1031.6128922705393,442.0736495203075,62.66089454203038,38.946453760803216
1033.403870661941,440.623697668265,61.725086679286086,38.586044669249276
1036.9302871943844,438.02879037157425,60.947821622822346,38.755052950069725
1039.9420605212817,437.1397405050782,59.95780997268966,38.66916476039345
1042.2829531286432,435.006095137432,60.266068874940586,37.24116779121805
1045.2530708234358,432.8275829792144,59.54327266000766,37.29541386363465
1048.5553856477982,432.2611116136424,58.484919580649034,37.77035374138505
1051.313021985284,430.0818238594674,57.06146142365233,37.25914680192006
1054.3053285879048,428.9078698874845,56.57816667315308,37.40300134393891
1056.9722041833982,426.760452154553,53.96473070013812,37.350628786730695
1059.3545499882432,426.0815043989238,53.32157439165681,36.789336752212655
1062.7504075599886,423.7628671173429,53.82020062542418,35.94023979819306
1064.0615377017698,422.4409422711095,53.3031756800727,35.24624964881714
1066.7528600326748,421.2029849269182,54.54426072407355,34.64954680637705
1068.203282251073,419.532103061117,54.33393371281417,34.71731633059727
1069.0303829933166,417.3999012134709,54.42116680245397,34.80075650965411
1075.026646586465,414.4202475736057,53.19329377570317,34.751369617479014
1077.1787601829305,413.79233834477134,51.69175279721925,35.26488982971772
1079.352541773561,412.0239168345362,50.956544371359925,34.924807620161744
1082.1507405781772,409.34814148941155,48.30812120556297,35.62354916734469
1084.8826504189976,408.7626130596092,48.38261443590959,34.928582844080466
1086.9343724423043,408.45780165710227,48.2371076298969,34.80965128107515
1087.7583238657899,405.8611635100021,47.69306659170236,33.100394044086514
1090.2515718569769,405.01153664091794,46.01828263592439,33.74592373173297
1091.7746844259266,403.95359814223036,45.10333100609698,32.40047818310294
1095.1767569113856,401.5890127203747,44.1334169349897,31.53618226808629
1098.4222866551077,400.71322494687,43.45192394534833,32.15303069469612
1099.9224359085697,399.9716398623508,43.05274495670433,32.43514402569894
1102.6467541364555,398.9012058836894,42.91842286631967,33.126459089383154
1103.2826777433067,397.5166591304167,43.96984740402104,32.57011457331493
1107.711977822857,395.86818450043495,44.93152159794776,32.149167848628856
1107.4342904999341,395.4964597858368,44.343779412014115,32.010191850388324
1109.3771932296947,394.19439976194343,42.88351392289101,32.40658065122683
1111.6064266941196,393.5642593512887,43.06857736284632,32.16685932676914
1113.50893885484,391.65189059482003,42.19004811663146,31.581071040908743
1115.1932110220246,389.9330602237219,41.34772028922019,30.731135080529427
1116.9907621956384,390.05567873198424,40.14327894319781,30.41948793970281
1118.6179414434614,389.2074790799866,39.710371873104066,29.902531940887357
1120.4346451327656,387.35622644000034,38.77887975862557,30.059176691913947
1122.3635704347373,385.44085489393126,38.08024269762031,30.318995501978172
1124.9684761057506,384.473289393595,38.71194022094997,29.475243760722606
1126.8973846924064,384.11712891324737,40.12746470336983,28.460166921926017
1128.3716921931025,384.05676809839764,39.33821249494636,28.102133137139482
1129.2746911899808,383.04200375635435,39.44934556751217,27.002489734510377
1130.83776366142,381.0282483136075,38.63946215455589,26.42842858326093
1132.7522462025443,381.22485454552475,37.7698698311728,26.387045707839604
1134.8273349920403,380.1324500006154,36.615899251005914,26.617228237447172
1135.8124543817512,379.5228682965795,35.30585427251046,26.725557523814953
1137.748334965621,379.0661273764011,35.79738007681645,26.522746410680455
1137.7953940415891,378.42908819154724,35.920365108149895,25.752003756447117
1138.988079063945,377.8149704471465,35.582005962028056,25.45431790049156
1138.9096598599378,377.30564852966944,36.50679120937502,24.916092943865515
1142.0537908300093,374.93247257288175,35.03418783856816,25.094931868396692
1143.7935413940343,374.3002655107771,34.314663574379125,24.75678690294537
1145.4102138732985,374.13846113151305,35.88720154660642,24.37978621590146
1145.8771425812806,372.4131613407534,36.750607395298346,24.343815200725828
