1430.5,363.5,400,228
1391.160083595129,363.0016075738968,408.3401416476325,219.0914732677337
1357.187339697003,365.4991481226732,410.96035020804493,214.2452320462366
1333.9376294032863,371.4040780591858,407.80054151691377,212.04362755956402
1311.0685120495377,372.5778920456762,401.8400190527798,209.15155615806674
1298.1213651286578,374.9464444886836,399.8097313668301,204.7496496148521
1283.7575370050363,373.11659793028156,399.88870978814504,204.94523927134435
1269.0750119938334,378.08520415857964,394.4840988608438,201.38312885790006
1257.2991756326498,378.5410063283231,396.97417566646317,196.29540089933363
1245.4431295091672,379.6416465366778,392.37185675009823,192.49152098101433
1243.708284651805,378.41066249395544,383.9632257708533,190.65843892226354
1237.0636718280223,378.5120009776138,379.7283101067728,191.94701294676807
1234.3265487099238,378.19938606073174,375.34254142750365,191.70503084262776
1241.8489097279446,376.6082899780202,365.8257806455819,190.78595185555457
1237.874077839351,377.23880241945886,363.88700810532515,189.14882357149312
1233.2492115000523,377.4870290639394,360.33609495567566,188.77850877595068
1222.31610816,379.6773671297909,358.62495292667313,186.4224779727695
1226.6393410621497,379.25404121794236,357.1630860451036,188.30330233140918
1225.2605452518383,378.4100453879116,359.5426694789094,189.9229132482056
1211.03252614166,375.80535305467106,359.6077737087876,192.77295820063637
1215.3221585040983,378.2341973791702,355.13711866027165,191.4760176519188
1207.6328159527172,372.66976598593675,353.34422440207214,189.1915474992378
1203.0094042712144,375.20408955627346,349.6236891759052,187.9085937656231
1209.6592269141631,373.82502116293466,341.02292980767163,188.48205676613736
1206.1939528281616,369.6353053031011,340.989843965545,187.90691008614624
1202.3519358608958,372.4164274905509,337.11116236968115,184.70831054957975
1202.215158285345,373.25068083011615,338.0523999300691,179.71238530469918
1197.2676059931343,371.596292617523,331.93976640108724,180.62902873237277
1179.414538491002,367.19812055477746,333.8025214309866,177.67075612049797
1191.1281362311126,367.4546964508744,327.89674547591164,177.47324608913033
1181.5292305930395,367.70858796467536,327.9415416153393,175.65469505329622
1176.2032256846742,366.7359277488007,321.91266039508275,173.09571393704135
1163.9512757712116,365.45882483440323,323.5897856248397,169.56500460470346
1167.9841089850029,364.79117600154825,317.02962058676087,164.90763221120932
1158.713430229812,359.6045871181792,314.96474068564333,163.3373523744928
1156.5603546366658,352.11741432544113,310.2837464480468,161.5083551407551
1156.6702383528552,351.0230551924756,304.59025703461936,160.65331811379374
1149.0650092828023,353.75571192808104,303.9043156767392,156.9007525740633
1143.6588977249637,350.35007228403174,299.4686540420504,153.85872890653448
1136.2374252486597,349.6516225332409,294.7976143144826,153.06787163130633
1139.3933669773,348.50517738751256,294.61619636470937,149.1551011027558
1141.0739492938624,346.0624068606995,289.0693131952074,147.97811163880368
1132.0358462594088,347.0344661948237,286.94898224629236,143.77680512723254
1125.4449773280967,344.35133983020063,281.2134971322319,141.145683798709
1129.6011728011863,343.4481486016391,270.3349209500759,139.4773796332124
1130.3229244472996,344.66798882559806,277.40734020423577,138.3370242938227
1129.4482599004239,336.92437727789877,275.00117746906875,140.9447603515626
1120.569788664958,336.6209454587615,268.07349431439036,138.6377538936303
1097.7334791746166,332.6284271189606,261.1802716202682,134.8591396790672
1103.303313935682,333.2805798651139,263.7083629471367,129.6268194315115
1087.4940841721423,332.96985214607326,265.3449918772924,127.14114958730522
1084.0600560853727,326.0797366717327,259.4794998864634,126.88716842355959
1095.9258540510327,327.5628696583626,252.34654248968968,126.1939076974158
1097.4799608048947,320.88800323000123,240.92968087252956,127.84048885125777
1091.369853094471,316.9294657813681,240.44236341068648,126.66684929387317
1087.1038981430604,318.67529815031037,238.80505620382746,125.49232513521227
1092.9172785007765,317.1871526631353,233.34582793239548,124.68347535677007
1095.7458495731066,314.6061989440768,224.82263339859014,120.66317282632002
1089.9018385880618,317.4107650644177,224.76470276247898,120.00827756989125
1092.6137518059509,316.9135414854365,216.59503768458035,117.87769301818267
1095.8628055489294,318.62923683235243,207.83870857234146,116.78783193212357
1093.7319641689244,316.8208358547432,205.52528185053995,111.80092848115311
1094.0909906900567,316.31530274248536,202.1328980969107,110.7316695790208
1088.3545498042902,317.287272233075,198.3017389596302,110.53808286129217
1087.1732634174443,317.00934153607034,193.87969287879923,108.61415952820488
1083.9024253590858,312.7734394192851,194.92037622055278,108.11534456011523
1083.680619069817,314.9211707775433,190.22595540904524,108.16209642794945
1080.9073944773997,308.7644841356191,184.7901858515092,108.98843014575775
1078.130957735195,310.7868586684878,183.48956040021946,108.38656194893215
1071.6699688907813,311.65915243660453,187.41234394384384,107.22379150321004
1071.4661117974965,307.6977759333552,181.75715329566606,108.8887825544474
1072.9462582895558,304.8744484544908,177.6298677664198,109.42666952587865
1072.6064881145721,305.8540062085332,175.28209726815118,109.33291439701291
1069.5915464502582,305.4122094482623,171.2397693312151,107.87401295295507
1071.7749174915807,306.35302276089055,166.78437585223563,108.19555209727554
1070.7393180209758,307.60234871638113,167.1042618223303,105.62934362625496
1060.4894276640955,304.90401056138387,169.98535204536853,102.87657249514837
1065.2157753288018,307.44980558013077,167.90651373728778,99.97210957099688
1066.8089464591085,307.19593219114785,165.60307290680413,101.62066612336152
1070.0061369648129,306.3959450528308,165.40343552866557,102.46347431236816
1069.8865884681943,303.2466832711145,164.3289523665301,104.14383285962654
1076.8828466258626,306.2758846867302,162.42055012590077,101.32136714692538
1084.4544769468635,306.5216404949491,159.25417241846912,101.19688263438846
1094.6895170133816,307.1861513893656,159.95400653103843,102.29940467261241
1106.9462153562529,309.11117453917535,161.5692395297441,100.89067235500268
1129.2754315406487,303.6939636968362,160.01330044708527,103.69604798102623
1050.004037705411,296.59835783008214,157.0270964183421,104.25927471392399
1054.2861285973895,317.073582063542,162.92449681822313,95.55663279607656
1087.4986864340642,313.752310222419,162.76347263657274,92.88131968968727
1124.0080395879672,304.16344477442465,161.07227334780964,96.20748045628144
1127.7294286665144,320.20492908764703,172.21243624601328,89.95912181518824
1150.249790643575,317.12611691129496,169.2981542474584,88.67582295393362
1184.1885667514334,311.00357858851766,165.32282371142887,91.20009919970805
1197.0616650679974,305.20587223726176,162.4695256378714,94.55046337927061
1215.5837368064244,300.2876827967935,157.70506432044098,98.14844704612628
1225.2808125877925,299.5467021247552,151.396690994094,102.41985235992941
1245.14555664046,293.21439254236753,149.1923531878314,103.58255082463158
1247.6843673697406,286.63959543559827,139.46102994704353,110.75231381945062
1252.929929800124,284.46598883940067,136.22061461996816,113.73368669602702
1250.5762988292543,287.0422657532425,134.8611632285779,115.29969880920035
1330.4126546612745,303.3879495916896,142.06296328328725,112.26725904978646
1324.4057904683643,299.54653523403454,147.9960585056557,109.95362780415914
1269.2311949712282,277.4743799089139,145.29936632121706,112.75586692119738
1281.0582069597745,271.8926380271381,143.0382924021076,115.26133734093787
1278.7173006206667,254.00180005865016,137.1533860251477,125.0028960141198
1292.0912672186357,262.65400801551374,137.0305005129254,125.72608897185263
1310.8141667609304,280.6971856590303,141.79314793102134,122.83113230542494
1322.0325945484885,292.4554239439371,147.52947961176454,119.97771115553321
1321.178604332336,285.60059205041813,154.0259050399498,118.83390795496129
1321.5560910926492,287.2787018744984,157.74870852356543,118.18643402480312
1324.5568774178337,281.9427469411562,164.71012949502267,116.84304695545237
1331.0225089863125,278.2738954261065,165.26937062289647,119.32483110127446
1339.5306490677312,279.7033288221986,166.1843171904054,121.2165498651205
1342.800902179635,281.1856699780677,166.4646022111053,121.01361395993739
1347.9282203605867,275.86346524185615,165.2551642897534,121.37967546330536
1349.3779216763978,277.9488639678558,163.63595224517496,120.48423191984486
1354.5421229099084,284.15209360549943,167.45517570131065,118.48916676382036
1347.7093493135346,280.6575997087798,174.23075163780175,114.88986529639539
1351.0424539635078,281.4694186989545,176.75806860586104,113.2229270263853
1354.6980024253396,281.1443489774728,172.23306396353883,115.5430301868092
1358.474437408674,280.49253833008424,171.28978643461414,115.75057225127779
1362.2727839958209,277.5395492071458,170.81061359265698,116.32663545046283
1356.6189414217256,280.48147627612656,166.56406518982206,116.04037986520515
1360.253893261683,278.58211016020107,165.67912931386218,114.9076641142681
1354.423816077346,277.51383017635936,163.0762822405808,116.00140911193503
1355.9898679997827,273.3588726305775,161.62247853799545,117.3054753189163
1361.016395245655,275.63069018301246,161.44347704765477,116.99958931377779
1366.1409658931193,279.2445121196492,160.68351822495498,116.74699445936419
1364.6455477045738,278.51343669500505,162.14255027884985,113.95302367321543
1366.4310530690757,277.14284190167524,158.86524194361624,114.27635871237437
1368.0239795594487,280.86725467988356,158.95164271462488,113.91363850263741
1364.7194467139707,274.9092757892135,158.96220481595105,113.1931293039971
1370.9965784665549,271.03805622185087,158.93726774968644,113.24658404464893
1352.9486877550955,217.52938813979273,157.60633332177477,114.26309623415577
1352.4788049619208,238.64772733415472,156.96442671650436,115.37733184689667
1379.3257156817763,282.91862862070013,156.7914449679558,114.76786417370823
1379.6267975808787,291.03769106170245,155.82430041251422,114.91348448518502
1379.446128061616,289.053657909228,154.3700723152288,114.41927433139365
1382.242231026313,286.3491583133707,152.69707634295773,114.39067338730506
1382.311020663256,283.9818542580927,151.38570470685872,115.68792812528716
1385.928250011344,295.8083707092911,149.27114194574108,116.17440251659144
1389.199200221634,292.3345594064562,149.1508385290976,115.01632176837953
1390.414849463664,287.42689197651936,148.13240949846795,113.9801694685242
1404.5622451802544,296.1463492472865,150.76328678171777,111.21524517662375
1374.50920719758,271.46831974903296,141.43100062548461,120.91194519485933
1395.0061455605994,288.8749245898162,146.5098739909985,117.41951531370789
1393.5846673285275,286.19062888595215,148.48881946547647,114.3438957152714
1379.6956984916214,263.72281964364385,145.7938262310853,116.24508655706572
1401.3105187583094,291.93393449527133,154.4593959638227,111.76430506548073
1390.6291212099463,296.01498486741616,163.40202218390118,108.2195420248959
1380.5380676637917,293.753467352844,164.7906608008683,107.37133071614963
1391.1014782782438,288.2576042582781,165.37241958905423,104.72826457740048
1387.8283415855344,292.7313758244767,163.7507871669775,107.27569748870457
1354.2299112665662,243.6219149351631,155.43063425510925,115.38095654760514
1355.7057243912752,246.0294884791061,155.71044497354123,112.26653465751117
1361.2734570577304,252.7910871184011,155.99295029797926,110.29772256416288
1363.2470807065317,264.2265577948948,157.3404675191147,107.45268872765502
1360.6302434283496,255.97344607010967,156.06314811795934,106.92012242807974
1357.0365405581679,241.82692536841495,156.24166227583368,106.64158485197694
1352.8271364024572,247.17999639848125,155.38288174295596,104.98479925241563
1350.6704901294268,252.5598208705592,156.0547427189637,101.28640051806808
1358.5979731917282,259.3211038047056,156.3756074354252,100.13488929912828
1351.6725191160604,264.27813261988615,157.6326883391413,100.55325964728283
1352.3236830282508,254.74708063110188,153.55501471245316,98.05228569821564
1348.44549426175,257.9190489073352,153.57043641583482,95.46058598885821
1334.5320631769944,261.91834121021634,154.78265358107313,95.2483797667324
1340.9866654847772,251.47123633663298,153.44351541753383,96.31465524876235
1326.6884882842387,254.59268392408285,153.8311810826492,96.96817340012602
1326.6926240750008,259.34706190791695,153.43968569927347,99.75096902242363
1323.780239648217,269.1689026465498,155.0099656078338,99.48996843810232
1325.5883358475025,256.8837806201639,154.46846784274652,99.01546227725096
1326.1026603034288,264.6181681192554,154.37378878620262,99.58537021669005
1321.6325807107307,253.36989720351198,154.33917265726774,99.0112791136066
1306.9386301721593,260.89524007608287,156.57955939114868,96.98275962060112
1307.9310512819106,271.17959199770394,159.0914284257658,98.23279852943409
1311.3213433251349,281.21277422969143,159.56815949816166,98.54627300894057
1308.4831288826344,275.70069230996944,157.69069910856527,102.92131651757407
1305.6746741234535,273.8130915366922,158.0249519573103,103.70387160836374
1294.354890766971,279.1085264154294,163.3186572353386,99.99458411102108
1290.547101236936,269.1404042646713,166.08043361443984,100.99919160223462
1292.2088160584499,275.73448789368797,165.76182884819735,102.42979685091518
1292.9669534190439,269.1670285718493,160.559676088603,106.5179740089968
1286.1245475019723,264.5650734270472,161.5435802155318,108.95035843876826
1286.1403587778645,276.5680340645477,162.6552686874595,104.63826383918226
1268.474572039315,280.06407404132915,164.67059231714632,102.45335523037645
1274.5266167123555,284.93972659930574,165.4501413530233,100.30443134382391
1271.6293822371654,282.57450387354044,163.01471566534224,100.11876151138847
1270.7389780900353,281.81412497501583,164.34381424209025,99.7098459943432
1269.1905993791759,286.54492200539136,161.1190284471037,100.10905267669514
1272.3330642945239,288.06482719347576,156.36977545337498,99.68804341746961
1258.82118452708,282.5390206098288,160.35743650803803,97.42819895079136
1256.524804046545,287.0532971729136,163.4723547805479,95.65224267978543
1266.3681721280525,277.89099881233324,161.99830897092625,94.83626971405647
1256.5760078357714,287.3610462605834,162.80921722162617,94.87372150945062
1254.7405688786491,282.99089598245286,163.0406925556095,94.32752876432014
1243.8785641511058,282.83809736042997,166.26605622822544,93.80700366482577
1268.8080358881143,274.03096965889574,159.38958803497025,97.17422213399527
1255.160966075308,280.9171899089204,159.54121057073934,96.39553029880184
1261.0557826282945,270.0725818171055,159.35991582078395,99.96896469837401
1267.4652780364527,272.99186955423284,158.29745671986097,101.30297709567088
1261.8722186526807,274.46695353502776,158.11852707889636,102.74498910005404
1255.762157490427,275.49519994319456,157.82511008913383,102.94166129035797
1260.3191005819126,276.26356659868736,157.2113583742413,101.88080258216706
1258.27664963381,274.57188104978945,156.79927388128647,101.403560333863
1252.271523974107,272.3918017078031,158.35152501758682,101.76380651745427
1250.020036752835,279.94819720243623,157.9962440737782,101.78221631859319
1253.5661666679762,267.4139188700463,155.206769640072,103.69208729916895
1251.2882889478572,284.4014076585687,155.69597911702235,104.33997349165548
1245.2143780389983,284.6576961757224,159.85924473662,103.20865321651475
1251.1933661949442,289.2437806793292,162.55594009373476,102.94332834840034
1243.6764216084252,278.0487046671269,160.20181351970203,106.11094619311737
1248.7446511512674,285.35797304160894,166.9118758115816,101.34789631396528
1252.2885862404642,287.96873331010784,164.00550273020343,102.82895718260716
1250.7231594947157,293.5386314522158,165.0364247431997,98.41827018565317
1250.4178528448226,288.98170908011815,161.74307185455515,95.0615481802757
1251.866245271135,294.4555297557118,159.39596634086234,88.11640736314612
1246.3089996738386,299.2237178348603,158.0032592017152,88.07414989533979
1242.946706648025,293.7508871321539,149.8233452457128,90.7111326737385
1245.1640398660163,293.00060153726173,144.8734153715056,95.73644956626632
1255.7829642292857,298.4887912095891,143.82464402228624,95.91120566625257
1267.8326447945242,292.5926763082035,143.6776296935667,95.26727919613562
1252.6166080415314,300.12438387866797,144.95518507211108,91.84338851504559
1249.7548324690715,300.7934929546237,145.92483139754208,92.6067452609003
1255.8295828728058,295.75008231573116,144.8783941734477,95.87301943480348
1262.8167689314407,299.2161983066954,144.3715151134288,96.39440931719386
1258.901475269207,305.19193556451216,149.7237272414397,94.27378349540794
1232.6066549365814,296.26542505205487,148.58123976337998,94.07817666692902
1240.9999388172225,307.25915160843056,148.20845412184852,93.70422224192176
1221.6121723441288,301.3507711415595,148.64754221329991,92.95755715790266
1242.2878320598272,309.7544720125584,147.90547952628756,92.29938255823888
1211.1567348743908,300.56005349732663,151.42090113104743,90.1045670923645
1235.2938861418138,311.8003352542375,149.54501320801782,90.02402417790799
1226.2851534324577,319.02457925862603,150.37045248842435,86.1275409832789
1233.0923074815773,314.93344059044097,149.73635755546826,84.4322004836505
1216.3831492325583,316.3146106382362,148.4756426814362,83.11716380240483
1228.7765804525511,312.5375736875208,144.81723254247572,83.50994610456193
1238.3148163879519,322.08914877884337,140.84401785093456,85.206417503948
1239.2048279159796,315.0133398060486,142.81333866694908,82.69079149201805
1253.9490641272212,319.7735466817235,146.60424704280618,80.78814078311822
1228.0747625734048,310.33429991238745,145.10220928129806,81.6308505540901
1231.4161047533814,315.94003597200765,136.99741615192804,87.5323125473985
1221.5263761776073,310.47999124591564,132.96556921106935,88.84560001288824
1226.5617263110883,304.93204654646513,128.90632734101888,90.00322075029018
1217.602400024824,308.9020471312465,129.0389119509009,90.27790597446527
1223.3355297681298,315.6357738259193,127.47622931518006,90.3166066454835
1251.2736722845223,319.7545967583073,126.6532699354715,91.803237323371
1252.883391355956,314.99328903125036,129.55190382553258,90.22404804420853
1256.0131385832974,320.9607793580504,135.08920903057873,86.9947224885699
1245.4630816418098,324.6241003045225,137.9857306131391,86.14371517051578
1245.1591302733834,316.95177390763934,141.3108817897806,85.34175961162104
1272.375383317203,322.1714365604214,140.48366516136994,85.94198031893525
1272.440610511764,323.83079353127874,140.10051056263066,86.40130249477428
1259.3579323984916,324.0431706798758,139.97217515404316,87.73033035070978
1276.2352066912276,325.3142969921584,138.97421455074888,88.78435901619885
1261.070430390817,314.64126700217537,137.64510435554985,89.91456816608682
1220.3771339015805,316.44626892246276,136.98683649417916,90.82079157084291
1267.8960325576995,322.2165781962952,137.20972033428444,92.56922503276051
1258.4931324398397,326.72269056104096,136.78515290948184,94.75749220848132
1254.8390661781307,317.77396831932305,138.70080649002858,94.69339837709784
1252.099265644779,323.4625847215021,139.36671117230193,94.67637313041799
1180.2330658221883,277.75226153121224,139.04112741904612,98.68208726002118
1164.179405033309,274.96694227954424,142.91029172446588,99.80606047633935
1156.1955030796319,272.43987056121296,148.18021107218894,98.45879857852923
1155.533995725923,270.2801696194288,149.42228964574514,98.46804745459019
1154.122005800159,268.94801147420844,151.50852051675042,99.55560845976784
1165.50945077256,257.7011834972349,152.16928616582075,99.82658718288
1160.6412056887568,257.64075941393526,153.3443101163861,100.10949631060654
1152.6154227046163,253.16153535530623,155.09484211097356,100.40489282264005
1144.79583615677,247.55080715477646,156.96540806707864,100.73683811530111
1154.8763833168928,247.66341190194117,159.0737915910715,100.56661278073933
1148.8031730307457,247.32535935615152,160.61642950955664,100.74097550934255
1146.4530777153684,249.92528916849392,162.05621865296098,101.50962555873005
1137.3591786168772,267.08718197648835,164.27847119564655,101.18630152111031
1143.676281886287,247.32750883869528,165.90617318801623,102.0510190430343
1140.715208092589,263.50187897638676,167.1670983175261,102.23815218073726
1149.4061544950505,260.340636168458,167.88996472891185,101.9325517065069
1140.4379011503463,243.7051156357984,169.11322030442835,102.82739877158204
1140.1097882372883,245.4597163817234,170.84047221735185,102.4500234420702
1141.2281771292717,248.44675884969263,172.32325815599535,102.4614693594033
1153.469594149412,281.16088384737117,171.52456146007535,102.436135318636
1137.1903345552169,263.0906607374569,171.18119084744012,102.76521068885515
1145.372465091149,259.0817260669374,172.00547118792932,102.92119257490761
1145.1485770759427,256.72620297032404,171.86467948457727,104.17598237851641
1150.7948365217194,271.8523102677186,169.03702246283595,105.62662766226732
1150.1041789728888,273.46268645906787,167.73902509292225,105.19275839533721
1171.61718255694,291.64334635793455,166.88939808229028,105.24305969135392
1203.6870463858238,294.9402323689089,165.32901612764763,105.95155617450168
1143.4111927745823,258.0982400835702,165.78015267141967,105.83575894586264
1148.7034796039577,257.5386906118892,165.34264322165325,106.28739840130959
1197.455297539757,299.7425557700721,165.09461495503518,106.09934887107659
1209.89180508541,304.144124556487,164.51658849593173,105.49882512881317
1157.5725158049818,271.9995952764653,163.53350873159255,104.55629341786049
1149.5878142512654,272.61722766602287,163.8597243161371,103.99747334804634
1137.2204180585275,274.05046057647615,162.58292192927394,104.93409261586967
1151.265474249672,278.5854199063275,160.99543215135523,103.01283080125975
1136.4908850094216,249.84479677028253,161.72893680373076,104.25775657774417
1137.8695589574388,266.19395766998014,162.30728345916424,105.39304912771418
1156.6492351614465,289.0991206707084,162.58542876233062,104.45591495975387
1133.733377457149,256.7355974708157,162.24251495949994,105.38234795621887
1130.7198229838702,260.8193359774674,161.2918135232144,106.66519690879686
1135.7626402184885,245.99073313455122,161.07036057253254,107.87874376589383
1137.88856105127,265.2260034893611,159.36531522883857,108.79158013146937
1136.53604894188,267.74215852183215,159.80071712172162,107.50681697776696
1131.32997569354,254.1370540931047,159.50422447350346,108.74118049830776
1126.8356554894324,259.921899302052,159.23066929456087,108.8491777253716
1136.3043548804847,247.04398693567174,158.94468919836928,109.31350999597397
1124.3919131701796,267.74964179050943,157.6838125024026,109.37619168034152
1127.313932783158,255.11231852153583,157.04569206535564,110.06261762197525
1127.817505276196,261.28800769052737,156.00603546129094,110.56786960930953
1126.8842366816525,266.15040217208536,155.45230387634564,110.67169583479219
1136.6020324314213,271.7846720712454,155.35942287180305,110.4036242905615
1153.7372779378136,272.2235260775295,155.43960553455574,110.25905919038104
1152.8323174090604,257.6282034883724,155.56850514011205,110.19074364481847
1133.1584798062063,259.65971069542576,155.14513084630846,109.70357399542117
1134.9091435976804,249.10720356758816,155.20332231586565,109.68311713598405
1148.5270935484848,250.77698479408696,155.82571213288475,109.50076193358153
1139.223775557909,254.3307901649182,156.25212274172173,109.37066736623545
1126.3121058429638,259.5624325307301,155.951844999371,109.24153580996558
1129.0637906416318,261.6770455695268,155.8744254523892,109.21291846268846
1123.6357772364222,265.48969029479866,155.12695475762027,109.29604118255482
1129.604125238397,269.1293361008776,155.10626102723026,109.18317336800439
1132.241664423972,274.0773669013108,155.2136675689524,109.0487380107293
1134.4574982213564,275.39125249166517,155.10849943631135,109.05636998630106
1138.5347828040628,278.0684687865578,155.13485945485854,108.9130684924021
1158.802419610661,279.67422049091647,155.1516221270625,108.88962298315987
1156.4019191184063,279.28457152616977,155.2112810438533,108.81678751936556
1130.3494129250587,266.70610097275824,155.40275735877145,108.82491156381076
1129.9391973546522,269.74374433033705,155.45370159544024,108.74371397524
1135.115477432859,272.7303245084173,155.44679592663627,108.72195914428698
1144.1932564150911,276.7284447627194,155.46205247633205,108.6438218537614
1152.4062278515296,276.8321161746074,155.64542547564767,108.44945365730139
1158.5179556007686,278.504172725774,155.69453772619306,108.34545715119006
1140.5924629201904,278.59200958509746,155.79167787250566,108.16568779018145
1139.930590017505,277.64278384411017,155.78441643567362,108.14883246559165
1149.7531526299288,350.1273254750447,158.05928747242277,104.37666387657424
1170.574432197061,369.0780796111846,161.76619275466237,101.13497234623777
1167.20615538197,355.9779719447304,164.17574672053817,99.39689612946346
1167.481405319601,361.5518978835607,167.45165523150635,96.860728097323
1189.3907403356623,363.2615064110852,169.65623959391507,95.4856246782908
1168.623794477983,364.7785089660095,171.59220803046472,93.89538663921243
1147.090368616116,365.5653167502497,173.2236883552731,92.12817667461778
1119.6054294758314,365.6571712312947,175.06347401499275,90.40222840417049
1115.7433807036596,351.84776950666276,175.16410029926558,89.67106008219417
1131.3221355087408,356.1327867642044,175.215597952287,88.28247974878198
1146.1499116467096,360.25767081940626,176.38150830757468,85.98418821232231
1111.2582577906785,362.17585745379444,177.44423496494926,83.25785238956806
1140.6691202339696,364.4571966084984,176.82643616479305,82.00679574611472
1138.3304728732537,352.0884014016477,175.27093278670696,80.12295862380536
1152.0576191018679,353.13061069147966,175.0335344792589,79.7895723965889
1137.1344126261731,355.52818302410566,175.386770016708,79.30703692704621
1098.6498225267528,337.5127782529301,174.6062859089081,79.30005426358677
1116.660139206188,337.99847136222894,174.5678646166882,79.23549436229935
1114.4012982704348,336.08517457858466,174.51789998474555,79.07363287244375
1090.2525205862446,329.37856613441784,172.37093249546035,80.45208642459575
1096.2215783376828,323.1186715934249,171.69469882089217,80.92829831236776
1099.927997828352,319.64097017958466,170.8683843260952,81.51588898337101
1104.5249136628238,314.09841396283196,169.78695080473452,82.50664678735983
1115.3120413356226,324.7379797108412,166.9056104219056,83.62406451619486
1113.4091277842952,316.0033663497939,164.14263278365465,85.31464286182457
1112.9147927836386,304.6329561515662,161.19967670350135,88.43807930137082
1115.1600526800173,311.0504879865148,160.4246479671861,88.84983894232579
1115.4892876001636,302.5707557940752,158.08296989973582,90.60341744005898
1114.37234881587,300.0895616398728,156.90444078535484,91.62064321375
1116.0617022617957,301.8086139250584,155.2050637656346,92.76330198337503
1114.9723399869592,298.9546658740744,154.4600546040653,93.45053911546398
1118.8173207745303,300.9673069998472,151.97086102285013,94.63804782995227
1118.6477657853964,303.05182472424053,150.23698463675322,95.23904621753042
1116.0979047251972,292.6966530317333,147.92730390986173,97.10492625415614
1115.2403860130805,288.9162290644311,147.21054478334432,97.50868066382773
1114.5655988341057,293.76463847089605,144.9692377936375,99.15010056702327
1117.5873431554242,297.21847173853877,143.09732994247392,99.22880459524497
1117.4857604106078,295.04806520149066,142.38617400952995,99.50179235195839
1117.3631437685285,293.09668011800267,139.17053726614617,100.23074011598021
1124.8796030651642,293.94511351115233,137.88510955574844,100.07587612680769
1122.6660789231817,292.5025350356102,136.94111749547537,100.1268419939838
1128.561609261532,293.7424133965304,135.67018983726823,99.87614425308513
1134.162592941687,294.05026554690704,134.0015867729174,99.48984304578914
1132.7846231583135,293.3418605100521,133.82869118608517,99.10061080592335
1137.5022858475481,298.0395770018655,133.98802656658785,97.46801284808382
1125.8441191982417,285.04603753067755,131.83512158395075,97.50762589385329
1134.7179041101526,290.9023505578218,131.95160930102247,96.93248820473808
1138.673573602699,292.02521926432473,130.73636816672956,96.50970008200783
1142.9382868388109,291.2744205939688,129.71053943086406,95.98836942322332
1131.3856143369383,290.0111430188337,128.52144321146505,95.03342466313882
1140.660329510501,292.96668709358653,128.2381623852135,93.81315959178863
1233.0783204476215,250.8751861523931,123.15501864573817,98.06847287554277
1238.4758071642052,242.52360570056095,122.22487046128893,101.02857557455614
1232.7804532690548,249.04662587250596,121.17093236993689,101.64769159510703
1231.9058908440177,249.59365371738494,118.36079589798953,103.56637556370481
1238.3816282650935,243.53790341821528,117.47932551903375,107.55854766320378
1235.6489235629763,247.80293654950975,117.78308045091713,107.06869212449179
1236.3870188859844,264.6223134895739,119.41485384374968,104.03068439914858
1241.9013730528657,243.33378132900074,120.84828654697439,105.57560226643756
1237.2213834243535,262.1860214214974,122.35521080369374,106.26071711318252
1235.9776758388095,262.3715446549569,122.14586102879791,106.01836988933218
1236.1882833168033,265.9086937450662,122.351111274188,105.6995596279674
1239.2245162039326,267.5674901876461,122.74471042989163,104.63107720308889
1239.5942301202845,268.7156225081725,122.96413929903864,102.60641140775643
1239.1481028873322,269.80647674840685,121.88034732195763,101.45744936149949
1239.5356301365402,265.2188003850952,119.59026530050102,102.96218975291764
1240.7236073869271,262.4605319964925,117.16845164541314,102.47150149350206
1246.20006793326,276.26590835346894,117.55843750465182,101.40655947901202
1261.2129588487664,266.1072907124791,114.0541266971984,103.68917256860897
1256.1889221956883,247.49218710309262,112.06716963836456,107.86234624856348
1257.3267738007005,261.84456846919295,113.07294936329218,107.0585768635308
1285.7757683944822,267.7554084168418,113.61712173578725,106.51355311905095
1265.7027895459546,239.12955095572462,114.81759527146531,105.36803598562125
1260.0227785707873,254.74221836237697,114.56423202129983,107.26281454511927
1255.1313751516648,253.68329412662914,115.57437765043811,108.37151274996761
1253.4157722001987,265.46334431518375,119.30560758596326,104.80686906841501
1247.2876491787406,264.01318647196797,122.1222851092873,105.99259885453985
1258.649433988548,278.79891671724164,126.51952695207444,105.24531705967122
1260.7401654740752,283.3546991370762,129.68336274810997,102.8173640898142
1261.8891656741043,282.8172195468225,132.03493138262797,100.18832208204337
1273.9017498194623,290.953438613494,132.17228826891395,99.90171902407887
1252.4040146268042,265.61305705090126,132.2046772943673,101.25297622885407
1251.7585040666024,269.6959038291733,134.8890829906145,102.65199042835258
1253.2459247379077,273.3701063321739,135.56559977559803,101.76348055632339
1253.556403996753,274.25414637603643,136.14003148236387,99.62082020450694
1248.8111112831948,266.1834136404682,135.18809772155305,99.97725340330453
1253.2654530025882,268.392212459715,136.64884291741004,98.88425479244455
1253.3863363720602,271.21013777943756,136.71234732714748,97.63432610810806
1254.4976262421517,271.52117124746576,137.11998156287106,95.76471989020662
1253.412544027959,271.8637601993952,137.7332730273513,95.28459629929222
1254.3035436139473,261.00960263535904,137.7793464032872,94.39218816076284
1259.0081903010105,275.3996427775876,138.25805828581358,92.95203554964561
1256.028492998404,265.0970119112207,139.68060339227773,92.19467978970363
1245.3380043115499,266.9402223801762,139.27580272033154,92.00477865579349
1252.8240713802452,269.5121485338244,139.80577048113466,91.82843895607151
1263.6482506887057,286.83604689611286,139.9582121876999,90.59085951665094
1254.8035271352092,272.47911697552354,140.306634895889,90.63701191459225
1246.126295766411,269.08369562306046,140.65544806683496,90.96393736411672
1253.1327521213018,267.8013360992312,141.51004996734395,90.53307097018596
1254.8249598958712,270.48098793974253,141.91564749308023,90.91177340412298
1258.1195125482861,271.5190838555465,144.83264761122393,89.86038878725194
1254.3098400599279,275.481480001927,147.63754470814902,88.08868363362053
1255.5847273309607,264.3311226872937,148.70271462409133,88.02568213739895
1247.3699466474457,269.90464197958124,148.7987589165363,88.64141134457189
1257.418520746266,288.2792724483828,149.26568618886637,88.61499739183199
1253.943573478126,292.13479163415843,149.840235971881,88.08765195240977
1252.0978467553775,283.25660842948093,148.66658521892222,89.15039195795606
1244.8936696015014,271.2838433141611,147.70563677704078,89.61643000109578
1253.1083593219985,269.72657403544383,147.8823803066277,92.4289395448966
1250.2000020382163,274.64155517521505,147.60167990379404,92.29632776736837
1252.9790337781349,279.12098413167473,149.51183188950228,90.8461912060725
1249.7067394078517,282.8592633335783,150.79917127475267,89.14527519728486
1246.809248966831,289.20201625698655,151.47637767025222,88.73925028461143
1246.5272630922236,294.700804883391,151.9230594963357,88.873534718509
1244.4010056665297,285.8008600216327,153.67421345447377,87.64179678699644
1243.2450072483455,275.69137751874644,154.11824828808827,89.00278678666545
1246.3209907534288,278.70032048509324,154.61682019927764,88.83668365273891
1242.469983518134,250.18562864684657,153.28698576239626,91.20588437635139
1252.4831760901695,265.51482853149304,151.00723224064012,92.57915422375766
1199.6809938347897,285.72872247781083,156.226846385189,89.19667349054593
1197.143174039377,277.1061273378004,157.37468746641622,87.96216368206582
1214.6567470710006,296.60344758315955,160.4945979827591,85.71857986249012
1185.0666972762651,285.7058747665176,164.50869720601892,84.29526350541752
1192.3824698614117,290.2979762011456,166.50447327901222,83.12675906908382
1123.1750953318071,267.3310250070755,163.3576226067757,81.90276350800532
1130.6508540890936,263.0573328451821,158.31935029331345,83.58277913367203
1138.7606017740904,272.0077447487341,155.58390376670354,82.27125166751028
1161.8221664114958,285.7424326305178,155.50088984833823,81.87220175538351
1136.8411329234827,266.86442223897217,151.3152784491205,80.91158588075983
1112.0833525711107,257.26732050445867,153.63069724712597,78.36585824321944
1134.4166865530017,265.755967167662,151.43944355946707,78.51684174176401
1115.4936660405504,270.2828400884227,153.37068966249504,75.6984403101852
1118.764712532914,272.89144919224464,152.9455810451381,75.13104195346293
1147.542427359164,283.0506025255577,152.28092516583126,74.47333785641693
1148.4994633830865,281.66372364037,151.90957450871045,74.63469271083778
1148.6371878403193,278.38586663871365,151.17384681497717,74.74003354139037
1139.4350683891296,274.5486625828031,150.81946640888475,74.76791197868145
1139.395736248293,270.1884755722384,150.5924459452463,75.18079755834354
1102.6522644503768,273.28453223173716,154.00215718023856,73.07519680495886
1107.29892362067,264.6586972291368,154.45436324608545,72.6383234904574
1121.8899069571917,266.9342272114305,154.08921290299804,73.01971477403902
1139.5763975480909,274.98603559155833,152.19685305909033,74.83364523973552
1147.790446930812,284.14092594720523,151.33860426160453,74.82216241052168
1139.4595113602152,277.5017605809912,150.39845895382345,74.49378461633854
1143.5635554487146,289.3198871042473,149.9361617352293,74.85081579529012
1140.3659751561759,285.3447261072594,149.50360549291435,74.90692888118481
1116.7806117293815,262.0011526074194,151.96077414948167,73.6949174030817
1109.3583252342212,267.1371607273505,152.17148273703123,73.25709916126638
1123.429441883859,270.0166993444027,152.3961222252312,72.70443853406509
1139.9956566312846,279.08174484577023,151.28238856167866,73.53648856831727
1147.535477226398,287.5337908934179,150.1304025914837,73.1302430764155
1149.1041322386743,284.1246482163905,149.7813227476712,73.10399498701945
1142.5302743890268,280.2829106012825,147.56366865021346,73.90208327341826
1149.6268630544316,290.00515564801856,146.64594679425733,74.16899607301256
1151.4220038361013,286.0503031307027,145.4771141769169,73.7300873686306
1147.826541010075,281.6819116269554,144.93159297151703,73.7252131190451
1141.1046438458072,275.7269693265379,144.80409728387843,73.28134844467249
1107.4120660834612,277.3865036105529,146.5894755868908,71.61841543572459
1114.859559294629,266.99126796781127,146.3412939741254,71.67892532594415
1148.7818509741983,290.10400253131735,145.24805338842444,72.42338112568986
1149.314244231846,284.5357127265538,144.7602026412565,72.539805782214
1119.8050369311245,274.8110350370169,144.9009736574945,72.35436311136105
1148.5346911018526,281.74846819860363,143.14133420031553,72.59814436356605
1110.3348910206028,271.9037152526451,144.22503928224867,71.55038180760711
1120.4719023613677,275.15251501983767,145.10181349097763,70.6913411378155
1120.3237638419814,278.6432514526257,145.01035340459188,70.56419404357125
1111.3378968650188,266.39219494008705,145.18507693676437,70.77386093217393
1121.4021824759875,272.7479062019793,145.23589376109152,70.65847627307446
1124.4008427590309,278.9099759815244,144.4838401093725,70.8695215742138
1117.8035255997254,270.14946617364876,144.69707870654804,71.22468578225016
1119.1124726431774,273.0787466812254,144.40290531323228,71.71712841394746
1121.9081097246146,278.0106480708974,143.81968397628546,71.7805345350552
1120.7545378622742,269.7257764218896,143.07476995789395,72.52366440686227
1124.1778642807717,274.8008935738982,142.7967110997807,72.76479229309163
1141.7657706679104,272.70948555753785,141.09324558502485,75.26153764519404
1151.3980585708946,282.30758260968634,139.9766914770546,76.57858816980327
1156.7579396617864,277.9693782631315,139.133756535261,77.32856854488935
1160.0534334667364,258.5568575460462,136.08500310771896,80.20551275005593
1158.2893133178447,269.00865528482166,135.7287402793575,80.5283405360549
1159.7325392947919,264.8584385585923,134.9553871852505,81.40881348970383
1163.4158980698505,262.7432769829156,133.38772854931779,82.14021643880196
1160.9025898549748,269.1528296228252,133.1707636840558,82.2454294725813
1160.547519464231,265.6245100655399,132.43276575170637,82.80884444317006
1157.285592216615,276.1274389116308,132.1964569397487,82.89956344166207
1156.6428832448164,273.3909977905437,132.08884578960328,83.11105404412687
1160.7036311989248,255.44061651186,130.23604428217413,84.93215427849616
1159.0975657241088,264.02026389321634,129.63631943880665,85.59259027445042
1159.0670963171026,273.6557694612418,129.46585522981485,85.80362908041621
1164.908626574704,265.5984407058976,129.18684554163843,85.83935668998147
1160.7842385790043,262.4486109550169,128.36131885969795,86.15570930697737
1157.0001409780712,261.24351424800636,127.45908559476736,86.7559045663581
1160.4103857034206,257.28381278886417,126.64744862591053,86.81005737401631
1163.6121832311735,254.33888700749426,125.51413917678897,85.59172698332593
1168.7202002538963,261.94189460060164,125.3191899168045,85.62115681969415
1161.4968193201644,256.1743443215825,125.02415815176136,85.67225144969295
1160.5362250843236,265.6155545067124,124.81987097837758,85.74917785067335
1160.273013813577,262.8200820683372,124.51744360818064,85.75498631384963
1152.9925733453076,270.35099974871383,124.43752216129673,85.59509797458068
1161.1370218457275,250.80095295950545,123.90210034966593,85.00525777614196
1162.8518119990222,256.07904058731754,123.56715386074936,85.02158656409685
1155.2179409423964,265.84807905211613,123.52347076495563,84.96748790598404
1154.4133670222984,272.9639507760941,123.68009513522651,84.82986352998856
1155.227716449376,268.650571601901,123.74914780313566,84.86449407838704
1157.2752373899743,261.1201081738603,123.56460597153007,84.8718816583454
1153.5416604864988,270.6976094850366,123.80364469669409,84.5921308060123
1151.985064969507,265.9458937981628,123.86596197426903,84.38758297748939
1151.7748732165016,273.08595622750374,123.956281809406,84.28580189169566
1154.9841481435376,268.7041179133087,123.95112783698708,84.26948355548606
1157.1884749742749,250.55246751734998,123.33267893892463,84.16653816210084
1153.628258821428,259.05726871715643,123.16042955058751,84.01178462418227
1155.249687293424,255.1241050345251,122.77290593484294,84.3480602812235
1153.8188308044575,263.90842786205155,122.26047412021887,84.07815501313344
1155.8641246437357,261.70532450186994,122.56072983308114,82.52804430872253
1157.5615879461068,257.4271036063618,122.00003484340539,82.30481538440674
1155.6068654614387,267.2288794014095,121.87059612667576,82.28054274023427
1159.1429329293994,247.6165874923215,121.80672477870615,81.63092764483605
1151.212391753015,253.05124029725917,121.43932965344779,81.45674570744605
1151.7095234332714,261.24158201690494,121.35155572479312,81.03102595223655
1151.6481871153348,268.2266033646552,121.44392423981233,80.75980146352312
1150.0193339369225,252.4446472012345,120.37137031984267,80.58836604256179
1151.5645809387127,258.54638600106375,120.15513388080728,79.50436666861123
1147.8229962039275,266.3088176262949,120.09419543640662,79.06280877703566
1147.8838815146876,260.96590086301796,119.83242134231998,78.36343035900948
