1236.5,168.5,44,28
1236.0417785463342,171.38920944018727,44.255163842215495,28.141876266574194
1235.0638192159338,171.6655426572161,44.52666193140676,28.238855850861267
1235.0295845068306,171.93246511787916,44.83658206986151,28.333912420325802
1234.1588387824213,173.32022860742674,45.09526769475578,28.526904821242553
1234.0093277091999,174.81354741841025,45.417876131175845,28.770007937168163
1233.2683950143742,175.68133521886807,45.69783868562912,29.014455705865643
1232.0953558691217,175.87130828332602,46.20420207578124,29.085873042689705
1231.9004965816396,178.46722930875754,46.67445812986569,29.11719713647894
1230.937241045984,177.64981691789518,47.17905987213061,29.258152315036227
1230.4691167382725,179.10767207446003,47.59498659036021,29.34712994968259
1229.3959230462328,180.28766790132232,48.19502799061867,29.326035733952608
1228.8907183280485,182.00296666426055,48.80074795958265,29.38623038743225
1228.2718029797516,182.81373339653732,49.38837446354417,29.542932613502067
1228.0512873352511,185.06718081854808,49.85786084901277,29.7640714938833
1227.3154184854995,185.57273914693147,50.41277470369834,29.96036443845287
1226.870884196518,186.69265732920684,50.816052104219736,30.242307349508646
1226.0183398040642,188.1927783775144,51.3777172508446,30.375087802377756
1224.943297094455,189.9868966793859,51.84773773359105,30.41326389992259
1224.7703025173432,189.58625814349824,52.40144406988149,30.610150092331658
1223.6073779956873,190.10837082716895,52.76709633880334,30.728213053854574
1222.392750708834,191.688314843126,53.30097464775671,30.585561763711997
1221.290397934738,191.79174473611897,53.75539359361105,30.5753086110363
1222.06336707978,192.7554907870397,54.35431447495053,30.404817630161926
1220.5355961481391,193.57079273863218,54.79781516424828,30.47121216957899
1220.524911660119,194.19747941239282,55.30422465501856,30.35474275978222
1220.9287992750317,193.6680594438346,55.82789695023724,30.423208856999473
1220.3429560588713,196.90964667432183,56.35141064622535,30.530962880706234
1221.3513370542996,195.70160490381645,56.505051168266306,30.89701221499162
1219.0956526952657,199.0160105704172,56.86997374175232,30.98084403658646
1217.8491146389479,198.44206192819007,57.32641365077538,30.975314145966166
1218.228169581272,199.23528174731914,57.940325458095685,31.07805170676114
1217.8615810801969,201.9422933468743,58.48765934612854,30.980526890160622
1217.6820865215216,201.15210753541928,58.80136307441016,31.16729470209904
1217.659040128326,202.04475856193983,59.1531176774843,31.186078568276436
1216.5288155575938,206.18182646836036,59.560715112060706,31.327254943295102
1216.310537298718,205.30768948748474,60.120267777635505,31.464333845337144
1216.320892069778,204.56192399720172,60.67874140920545,31.64184126847325
1214.2550822691674,205.4743439707812,60.94819672835704,31.621601838467505
1212.7565669326123,207.78903237432365,61.04936888896636,31.94328846825661
1213.266350812838,207.81865295139065,61.30803157112002,32.009545239639976
1211.8167335164496,207.59620634426258,61.386931439763316,32.203876662013684
1213.2343374470488,209.5315308912463,62.034648091693825,32.01393173333665
1212.289125752384,209.93942943947346,62.49148875110124,32.0884097471468
1211.73999060448,211.59530059406893,63.04558043597519,32.100885843834895
1209.4932575566074,213.87614436746128,63.42525844630387,32.07147521782306
1210.0492630921801,213.44991180245472,63.61265321965405,32.064768105793604
1211.807148927752,216.81068615653487,64.21172849154527,31.871383455282206
1210.615631176764,217.27861094704866,64.60884776780063,31.74677080632086
1206.3500667793544,216.73669343303268,64.7120630955248,31.78657371421769
1208.3957793256093,217.99787912695663,65.3967164005821,31.535319675888953
1205.11302258276,217.83951333262027,65.24622821846702,31.717720681420555
1206.3523011279242,220.3285152098647,65.63203035137037,31.69298613136212
1206.0301682440656,221.60037472891648,66.30979404513474,31.65122710338192
1202.1173040594474,222.74534973718792,66.62051525488816,31.72015599130431
1203.6485434805636,223.4981908324067,66.62812247187595,31.74842235207
1203.593349309666,225.1659434476708,67.12436757963103,31.629628066050795
1202.7029008688658,225.83829925200948,67.33189027751372,31.687803351134015
1198.823662493035,225.48451337934284,67.23701203431386,31.78734820195619
1200.4784553996794,226.63163168588073,67.20657315696488,31.933432911952856
1199.8951909141817,229.200910706809,67.22031874194124,32.11327767454031
1200.5997818114959,229.95801473046816,67.37718135224921,32.1415556158143
1200.2653503987033,230.66944794559222,67.35097802195354,32.02023111542684
1197.3475785171338,231.70651907049773,67.05177420934214,32.09973116043062
1195.8175384785488,232.62064388991996,66.73963540449833,32.171425296602244
1198.1264495955754,235.4829114862192,66.74010795749987,32.311703009468545
1196.5202700468396,238.3417929618556,66.35057644593498,32.50747094492742
1195.8090062365231,241.15323827943007,66.14044953033783,32.622171919753086
1195.6895374074295,245.45215513192676,65.7951765792444,32.83773931434004
1196.1489262803905,250.8414889564027,65.64725239181108,33.278536883538465
1192.622841596804,257.75559858133465,65.27010907939496,33.537852136597316
1192.5794576375417,265.2489453931113,65.12389748906809,33.710153840750806
1191.4788506469972,273.4168579641787,64.77803497098218,33.91240832102521
1191.330671284213,280.88666811441914,64.74750889002172,34.01800417070669
1190.2121256960038,287.94447774083255,64.75938324044026,34.006576834935174
1190.6804649809176,294.4388093616564,64.70252217766955,34.03554786594342
1188.8942138838959,298.5822542900105,64.60630584678503,33.995226492198924
1188.3706719024804,304.946572719898,64.51070923225292,34.0513778545727
1187.1716445190132,309.61774721749106,64.46134839347505,34.091448745463275
1186.27569117124,312.4441742804681,64.33098340962597,34.26382388631128
1186.1988443249263,316.85750606877104,64.3139269245948,34.24351459952737
1185.3326002328,319.4455072183439,64.3243343333964,34.17858728060047
1183.7310617857604,320.2304635499301,64.4333780172473,34.18721802778099
1182.4402546688173,322.73635780414423,64.62139966136436,34.15104923994048
1181.3204514751699,322.9410684469044,64.85472753658878,34.12822675619864
1177.3859652023732,325.39430651034945,65.27503992947751,34.07722251740442
1173.5793357320238,326.07959978707595,65.30318756004004,34.28288135711636
1171.0924443467,325.1274415125347,65.50619770480141,34.345767263609744
1167.640042698602,328.40104880640524,65.49409323413144,34.476023915391224
1164.7649328019618,328.5283019379785,65.88415838890974,34.43150347702341
1163.8368062467216,330.7333976623616,66.38100672899357,34.48230745857018
1161.323270227733,329.20954444569145,66.71857416910608,34.507082626849225
1161.200551931437,332.9456731774201,66.72295270279409,34.69673271775261
1158.3186336265305,331.3038127977014,66.99345221794509,34.7399882329392
1159.7625138558742,334.53508205768344,66.88118136156868,34.91767261207076
1159.3391604709777,339.227929644109,67.38119538469783,35.140187050632726
1156.7004718474482,337.6764666798744,67.5117552684955,35.24526342253956
1155.0038089778427,339.26342279892407,67.60428749146722,35.35367850980308
1154.4033141092907,341.48788517411583,67.91529458164113,35.52559934976501
1153.6858813903896,344.3053699987722,67.927441253144,35.89938144999611
1152.50007660869,345.26114154486163,68.03218065165153,36.02951903082267
1153.514162748895,346.44291556894734,67.98640038632792,36.325008077618364
1151.2202142216588,347.2223076042173,67.95636810663154,36.41961974035006
1150.6917451686516,352.0079552358645,68.03771948712925,36.44095913398031
1149.662252336228,352.9726119164667,68.3650288156925,36.40115276478278
1148.2113603617354,354.9941894679877,68.4846862038687,36.27433017475514
1146.587050218429,356.38891269472106,68.6658007333753,36.16788245821147
1144.9936402487695,357.3768663309466,68.94806063360068,36.093756598838766
1143.4558915277512,359.4144235803422,69.11627915212708,35.92513737095932
1140.9444691610777,360.446322953351,69.0901740139836,35.91879371998933
1140.4695665112379,362.83558146983376,68.997373626642,36.0084437441578
1139.8992079005466,363.39558578759346,68.95757074856546,36.436963833343185
1139.6787879178073,365.3109677455049,69.20290249551428,36.467607654987816
1137.0753710714564,365.93143275757444,69.32175931508695,36.48862814738734
1135.9950022949567,368.1702650190341,69.67244652510985,36.453647774700485
1135.1846588248477,368.5686196662247,69.89852566050416,36.57547439311035
1133.0188662551934,371.8991985596663,69.92489404481167,36.60357604984432
1131.48800938241,372.442605714229,69.82488377488838,36.81981029756156
1128.3401653464612,375.7123178242219,70.14864220033508,36.71697766526085
1129.2349872866369,377.58029695969844,70.12297928052415,36.64309914765028
1128.5654672202293,379.45764564680564,70.21460382286259,36.47799575871589
1128.585063675989,379.6272837583111,70.39048372466294,36.66761872768161
1126.8846144138981,384.27864380372984,70.81437561982517,36.39960560143418
1124.571225679617,386.9989338962228,70.73162966126314,36.22471505524771
1124.9105585048885,387.53656694857864,71.17418893844508,35.964636083540114
1120.3285231043108,388.69005812235054,71.34045891149277,35.78015710971109
1119.631405196379,390.4219870430458,71.35575354830046,35.65284016482826
1120.1575929439182,392.5946944980336,71.78274242017673,35.3652538487042
1119.7225945981934,396.790682212804,72.21929069330717,35.124634695829535
1114.534143856356,396.996848540824,72.25163136069622,35.21965574369817
1112.1221283530465,399.38391149952497,71.99060131927709,35.3409864050291
1112.50100180414,402.40896335666105,71.91478418594036,35.55200392909064
1112.7828396436241,403.3451157837636,71.78748212221494,35.66221609965697
1106.92815960488,405.06764389967526,71.14964309178532,35.972985842194774
1103.5552195950554,408.37754953886383,70.66794595249226,36.369117474065646
1109.4427211343257,409.2919946722893,70.54713751059178,36.462379666994536
1105.7671877725668,414.51489605937195,70.54311787162138,36.259180474009916
1105.857253382001,417.58004398094,70.3967914479874,36.489803379879106
1099.806567721644,419.4138417916436,70.1460298406847,36.63525460794271
1100.8112359858146,421.96169637350647,69.86474161029577,37.05056394500358
1095.2828162357755,425.55008705671634,68.97191553516703,37.687335224858415
1102.0855140722228,426.49322296582517,68.80197955576655,37.787909901288224
1089.621696811802,430.4670802703015,67.76826460707552,38.40295604245294
1096.6042483230174,432.5128322068646,67.28214607701722,38.7224780716615
1097.3307976487456,436.69233856988376,67.19932738925036,38.86449369533113
1088.6623512756075,439.08849436561934,66.52527496317104,39.34041800489899
1085.0181528489045,442.0222803254858,65.64146479155761,39.894498293462824
1083.5379347428834,447.74187159642395,64.70205622182152,40.396252294266446
1082.4256225421389,449.10184719394607,63.68390943172854,40.86608433732616
1084.1741336465088,453.78215429654455,63.57575391455862,40.936196784483386
1078.1195604018137,457.97897865224365,62.64463486747567,41.337221384380314
1080.3152057270056,461.5403618733266,62.39426696130998,41.46684851330864
1075.3304373133278,465.4590515064069,61.391991811655316,42.11429608169476
1071.8073418447782,467.7822372943704,60.665624738782775,42.47464702705352
1071.667002304281,474.15484437295964,59.907167706081054,42.578052149169864
1066.8129162223538,478.37750216807706,60.01828180916465,42.49910837263143
1075.9827023403873,482.7735100318641,60.71174499794505,42.07634142599466
1061.7140972185998,486.17768235464223,60.77620017721971,41.87050288023254
1061.8701490218325,489.9613704445224,60.64140995553814,41.888472339743
1055.2231977182394,494.2046424760628,61.1846666007378,41.87997753233969
1052.829069581008,498.5300487959379,61.361682469577275,42.0297447333582
1056.700373640445,503.18965022537105,61.00044463150582,42.21012802013834
1055.4732354060468,510.0845938807719,60.78275624789518,42.01368283467076
1055.3680651241702,512.6124515735181,60.345162358436994,42.06759095710218
1059.6504498856093,518.1855003357709,60.289019577339594,41.89384686958546
1057.4822583322466,523.2459568392799,59.78227488242614,41.95446395412619
1052.7495757868423,527.9249303196134,59.015649312707126,42.0827502460834
1052.85731338361,531.8122524753882,58.0989232937148,42.3085944153519
1052.8769960745835,537.4976602282718,57.521120734718224,42.41539633351994
1052.5572403105848,541.8080175013698,56.70729872300467,42.765561635898116
1053.2565653333616,547.7206567497467,55.882151260895135,43.10255147545506
1050.9413960454892,553.6748111083251,54.92584091931149,43.58722122345804
1049.1909991871719,558.4439243084438,53.7988621312633,44.5567267423458
1048.5835396576977,563.430631514414,52.976528675982955,45.212924842122774
1045.8829114419493,567.9855507822589,52.23200877217762,45.81340778841349
1044.3148249088317,569.2586454549195,51.49524199706016,46.62657431943652
1042.8160558979766,571.3534882058267,50.94073606717851,46.72182034967441
1043.6132686664594,570.263304025724,50.864358003059024,46.72899963574175
1039.6467459891746,578.0488541482741,50.77214762231041,46.850277319283265
1035.873748570999,587.3370371482392,50.31875014884254,47.367702048379094
1036.6889861179131,590.547706128921,50.23665821714466,48.444172954870325
1036.4151671297577,591.7251609377785,50.305036925663586,49.35231424146657
1031.915977201157,602.8281842740166,50.35024921762587,50.188785048219344
1031.7117646899655,605.7042422744786,50.28455172578573,50.770347899367316
1048.735795117381,584.9271450877561,50.092791053231,51.36398432285717
1049.5282124615999,578.9924608485019,49.687412884403614,52.21286884641371
1052.5808928979625,574.7415085051161,49.197375986066525,52.99242223142386
1057.430393038424,574.5627768461716,49.183129354376156,53.003443161748756
1059.4660260672056,575.1983516656264,49.101414101663565,52.59101336975104
1056.7202695831534,578.3831639675531,49.434853352923426,51.91629111748585
1055.3146639103095,587.6140795109486,49.70513582223472,51.506184574010305
1057.7270847520879,588.1696346899716,49.81997210921955,50.73177744600558
1056.9565622659807,590.8505997893745,50.05500771166598,50.04809102796179
1058.3919941655213,597.4351038170272,50.18165433635545,49.29071346548307
1058.2149403568105,601.9111995259382,50.252755625218946,48.66545890302828
1058.887155523048,605.7066081570305,50.32336963622071,48.22153394532426
1057.2529636953348,610.3882272987445,50.39385775960258,47.65796369989252
1058.6079678379012,614.4287382917514,50.81365399190848,47.007374576164814
1059.2959448118886,619.1908667690467,51.442346337103274,46.31100777515058
1058.5429178193638,623.091585460117,52.02863926876032,45.86231968288981
1056.4117179360296,628.0251547898453,52.72831008164726,45.26905615412555
1054.6581331502282,633.4890568579692,53.308250149697216,44.77099511158391
1057.7720019318517,637.2232004379387,53.6149498225481,44.51835783630416
1055.1491920374735,642.719233945912,54.45105354445934,44.18932119119874
