678.5,395.5,75,182
680.3292223652672,399.07232272066256,74.90860477471692,182.59677290294343
680.6676698196152,399.5039415683318,74.83937047896677,183.03912927004518
680.096105393762,398.15359046964323,74.7914606897841,183.4440923410721
681.1377059080944,399.5408871482461,74.72040164650639,183.83518673971733
682.0511222087982,399.2361338190207,74.64298846171117,184.3407523846563
682.7862647457542,400.0885769654497,74.56383684839759,184.81256054195578
681.8692168222166,399.1261772662151,74.47037182784382,185.45750882549112
681.8566272818236,398.14536094214446,74.36351608932664,185.89399648684756
682.0590430395704,398.94878740130827,74.279467935215,186.35095256145362
681.7321482695812,398.04410437603457,74.19131784847869,186.7784146761229
682.3988852959621,396.1613556604493,74.06095805317331,187.14354053037368
683.1888314123805,396.35107301546736,73.97810037024645,187.51830282021592
684.3247938339672,396.0199728278442,73.85351439156217,187.8955351571841
684.1254101658429,396.4575479414251,73.75536465713233,188.19010710383895
682.734713168036,397.2060942141468,73.63858062147784,188.4636586196436
683.3370851768105,395.22352941605,73.57537124211909,188.66806965236955
681.8326253956384,396.01850089548975,73.39521683735231,189.09330563286446
681.3198249353346,395.8760963903863,73.28897115387585,189.4323557928535
679.8408978686251,397.8417122300841,73.19861341469046,189.88439720456824
675.1353234035943,397.65134304433604,73.09308086816347,190.37252649745193
669.763610926433,397.32270342654465,73.0003106204034,190.78249468742024
662.7958614830152,395.89935155336985,72.89844671991086,191.06117695556085
657.7112913982312,395.9263578964089,72.81475563610728,191.27087707682287
652.1575955653581,393.82470835057546,72.75285850415978,191.46216058080986
650.2064405263948,395.5925929077974,72.7146703263735,191.57267142550685
648.0836232899935,392.3605171897785,72.68822304040303,191.65209210911507
647.3245155009115,393.5469787914337,72.64156290330682,191.77928135464973
646.4079322710055,394.17379015186884,72.60351522283783,191.86930296237875
646.3115823578486,392.64077938684767,72.56902898362532,191.9600921562493
646.5087762169487,391.1975300326256,72.52780660948339,192.071303965419
646.3214008941445,389.4641143745353,72.49689826684131,192.1493516854298
645.5535733629011,388.7080986707937,72.46788392762545,192.2347474761546
644.6176562033099,387.29812452046434,72.42989149568798,192.32876552329165
644.7256227538263,383.25059678953426,72.40279045808435,192.38860537348026
644.5266679915895,385.5857688584362,72.38291608891055,192.43934589258504
644.518998530197,385.41516986974716,72.37228955298124,192.4636126495872
644.5653697672572,381.6192423668309,72.36752623261953,192.47732895431594
644.5317878061725,382.8461604247803,72.3623981462358,192.4914779350877
644.6647213578862,383.0056547380421,72.3466059802308,192.5246730456278
644.5660511967268,381.56537872234935,72.32796847187,192.57312487263042
644.363927988141,383.51198239734947,72.31334429961103,192.614101424652
643.555795005105,383.54745156932717,72.30653792790639,192.64066335802292
643.1975046995885,379.5932666116147,72.3047552348263,192.64766082702715
643.1604240234115,376.5802944474387,72.30144720392843,192.65772448104903
642.4408780558211,376.8332736931661,72.29855782713308,192.66595546864858
642.752609608215,377.65848233248096,72.29053236499968,192.68564640073745
642.778102242239,375.3313985195186,72.28208057804676,192.70619528098607
642.5309215958799,376.2829904936258,72.2697893254494,192.74497013946421
642.6538706887818,373.5075688821962,72.25947869006025,192.77626937984496
642.0992909392947,371.658424712791,72.25642649148303,192.78742945992218
639.8678757597174,370.3472793456429,72.25553034115528,192.80300578167626
641.1302900941879,372.9081825194519,72.24756392475844,192.83066821093826
639.5602734930421,373.88191752879146,72.24551327147557,192.84451464734252
640.8616568321003,369.28718365916154,72.24453283588858,192.84938253971788
640.5860031371177,367.75240129653974,72.23739083720844,192.87264469680258
640.4544110263029,369.4257973870143,72.23243652726384,192.89121809315452
640.4384899395174,368.7139336328873,72.2308214775765,192.89730384557058
640.6672989426824,367.59084180037485,72.2294906805234,192.90118949183153
640.4857765962466,365.8791214711519,72.2276074475805,192.90603984178406
640.1218130901626,369.35397421677703,72.22560630234538,192.91249529038686
639.857096963754,363.00542800371477,72.22423567431895,192.91696458453904
638.3161063936197,359.67930468587514,72.22392886575183,192.9218153812536
638.098075028398,361.6717902406255,72.21395446094176,192.95369115584913
638.2347428514104,361.98684661443946,72.20855405499083,192.9732323690513
638.4604310857096,360.76559370983944,72.19942206910788,192.99407550428433
638.4878780655437,359.38224483039323,72.18621422412824,193.0245058474406
639.0788636794928,354.9233523114047,72.17723549772221,193.03912390704298
638.0585205342873,359.75207614932606,72.16934752135752,193.06110329942788
638.5705782590437,349.32042438091133,72.16749451479826,193.0487953750967
639.0486447343002,353.55327151091444,72.13027174323165,193.09675928335463
638.2121949625877,353.3715643638914,72.12301399834914,193.10785613524865
637.9879416369902,350.1740624412343,72.11303783688624,193.1027245890277
638.255989662211,350.7794922938809,72.097093363822,193.11028322776122
638.1307655724029,351.1871034079929,72.08874142039407,193.12434910659383
638.0314068191867,349.5623560512062,72.08202870858852,193.1321469876549
637.6259667496579,348.24381690741086,72.07944999775202,193.13438985994827
637.6107922799786,349.12713849103113,72.07732460714807,193.14334098623394
636.5657197400623,349.68749566843394,72.07471769077928,193.1470606393348
636.0323091450089,347.1420579215194,72.07035313520241,193.1498242011214
634.7978808966847,346.3083553410322,72.06826382108657,193.14536341830342
636.9923840706709,343.45702855529873,72.05200784209934,193.14223007836142
635.3065894319175,341.85550219297215,72.05142352032783,193.11864443123997
635.3155068465039,339.40816891873817,72.02854820356355,193.06815839502138
634.7190026432979,338.02196524949363,72.03229893032363,193.00864949356472
634.6939297920128,337.5857028381919,72.01998374151856,192.92450769348835
634.2649558887995,336.1119152224532,72.0048439010414,192.84302879206987
633.2915301110347,335.91444240316605,71.98458422299392,192.6951646745108
633.6652242428274,335.54091282091207,71.97195329552305,192.6167606900218
632.7577448133108,334.3341593595379,71.98330468739621,192.52509646020079
631.694771932652,335.74554370393435,71.9639945400041,192.46092726490318
631.6429218747237,333.8587424027735,71.95436239855428,192.33033820016914
631.442060501791,334.2294102750349,71.92930830005355,192.24049368590283
632.7112511614356,335.302835928516,71.90726781842373,192.1306684263449
631.3203090844875,333.12504035405806,71.90456949513387,192.05986742543533
632.435038721197,333.19484740487906,71.89004124952561,191.95748210466974
632.5979650899753,332.8932017801128,71.87455950305603,191.88719865480385
631.1488632970589,332.72848940104177,71.8737776434186,191.8062546498565
631.9826955873651,331.04688239047783,71.86807062878871,191.7626505971659
630.7919239364163,333.8347017340094,71.8573973165606,191.69620831065996
629.846768904859,332.65174450619725,71.86769031295259,191.64524375162986
631.1870053337252,331.79224972514646,71.86278269461911,191.61971837543445
632.699184143087,330.96047495920857,71.86061499291105,191.61659080594038
630.3264550318776,331.043244752618,71.83536673900356,191.53375484021626
631.4256728280369,330.36522663930606,71.84205800819726,191.44956404645893
629.5572979571031,330.53251134279833,71.84947596770829,191.35719244863793
630.0961197069196,332.06216294363946,71.83223938891645,191.2845126661162
631.2525055989944,330.5090860464764,71.82354300454412,191.2179311593185
630.3747843822581,331.66198565910054,71.80642464930958,191.08980132696323
631.7598216870347,330.13384756542246,71.79966335356264,190.9809857277952
629.6043018173896,329.2694802631457,71.78070724188466,190.9604658379542
629.1894878748258,328.6590229941073,71.77868919710988,190.8751939280687
629.7586832569834,329.4380244029988,71.7272279536895,190.77015460032362
629.7553549833881,330.87018801180227,71.62928148772137,190.58437561887658
629.6635130159266,331.3901276155372,71.51425238299751,190.47726750705192
631.6018818301893,327.4204495060912,71.48251917915476,190.47514580399843
631.5936207361277,329.3677321612962,71.4612101816083,190.43213542254716
631.5395971078392,331.4852708684772,71.44508605706669,190.4648042837679
630.580355490659,328.71661257599516,71.45256611024143,190.4900264294238
631.1845595489647,329.34746429151966,71.45328997957665,190.5058819605705
631.1109279157598,331.2381664792845,71.44464565337815,190.47291862846635
631.8233011768486,332.76847531505496,71.47528670109844,190.30213741798624
630.9645263859791,332.43379129373346,71.51006707823913,190.0720574313132
631.7707858637549,331.0314792464268,71.4976653087312,189.85923219765328
631.9155360229993,331.19765310859805,71.5079256171161,189.79801290409154
631.3428523257087,335.38833661993453,71.46318855382574,189.70976297229748
633.3757939945465,332.80246567192273,71.46721637065987,189.64404570001187
632.7994031884956,333.8701977478268,71.38414242276062,189.56745208205345
633.8435319444612,333.9354146278921,71.40252807678831,189.55046834057282
634.0784268978942,337.5488613960096,71.36134963660162,189.70236939009973
636.1233635749745,333.9564535563642,71.34435900800045,189.81447275915056
635.4038020107911,335.6107725421533,71.27543802924151,189.93572721521144
636.4741356679226,337.4904266727631,71.16857943986996,190.19806858100952
638.3074932841945,335.8060625736579,71.07341403497438,190.20206315460715
638.8248842992481,339.48575511442084,70.88528067949768,190.44948396216856
638.2839834344811,339.50953652726446,70.78171936863691,190.72606858836878
638.73236976748,338.1925631540599,70.67070750313229,190.6463008215322
639.3121871528225,338.9031525648005,70.53779526005411,190.6458281121714
639.4777156890854,339.59404833851886,70.4169519316454,190.81698267811288
638.5146310700437,338.7725843159027,70.29131235960864,190.83788836121585
638.9545634532301,341.4246264535358,70.13109731418773,190.98528217879658
637.9884247241562,342.4477457291537,70.0132985747261,191.23509020725476
639.6093645217383,340.3304244083145,69.91381557172566,191.2902439769124
638.6570213350271,343.186085444255,69.66791300772621,191.32501798819595
638.4613356176537,344.56771245681614,69.47010979362778,191.41811004446762
639.0704130672046,343.82134748346476,69.31146351726488,191.57317097287543
638.7948106210026,344.5843990623525,69.13956192084133,191.61793449218484
639.2749045951065,346.14282142975463,69.04000141156209,191.67091363848928
638.7523033338211,346.3438100450687,68.97310705763532,191.72681790820212
639.5003686329367,346.9795570823341,68.87023791668344,191.77089510769414
639.2466891087066,349.9525943091497,68.78320243325476,191.87448539603338
638.9271429712887,347.99446681127273,68.76823169698326,191.87479198201788
640.0503710303353,346.2908796891032,68.72969581283748,191.86336047502243
639.0440141699667,350.0135580158227,68.66894889487355,191.87718899134492
639.8840117285664,348.2207054216872,68.63072091420756,191.89356672871847
640.0310134381311,350.89888492255784,68.59809418264715,191.887830380677
639.5392226422987,352.8463002750686,68.5977998650664,191.98986632366675
639.607464172527,352.1383214747193,68.57206068128977,191.95853739070355
639.8187488897228,353.7128602913989,68.50812028857985,192.00724519953081
640.1497092959582,354.42514692701485,68.48876337687162,192.05598977369797
639.922426678097,355.79896742190886,68.49491014351847,192.08184373884916
641.1623720571914,355.62110083327195,68.4729921213105,192.1315212502802
640.7641041111879,357.4879401392893,68.46907928464705,192.17907565250678
640.456998143773,358.48334860042684,68.4530820652328,192.2597662518002
640.538893600496,359.80750936108814,68.45514071993722,192.31394374114728
641.0400526891235,358.6029064154948,68.45371853642663,192.342729488957
641.104278735749,359.58049676764256,68.4481500498166,192.406191097134
641.5459432743484,358.21255336131975,68.45751102800686,192.4201917931226
640.4842979295631,360.2729458757918,68.46583348071272,192.4520778333624
640.1513668272071,363.3932999897791,68.47198514956916,192.48271726516236
640.4818679919528,361.80595770928346,68.50272788798785,192.49648303982366
640.0808411556233,363.95828873453456,68.53635730757127,192.54827613031438
640.6050327747354,365.063608598878,68.54944915818577,192.6599907168199
641.0166978598045,366.78973386087813,68.56886933032354,192.7662412808619
640.0051794143334,366.5898263872739,68.61364066104134,192.86870087501325
641.0489278317001,366.63088651449607,68.63967269610596,192.937746145759
640.7820288618434,369.5684974075517,68.66666318936205,193.02677997778287
640.5602056828369,371.76078464035515,68.69814464275586,193.14630260318796
641.7416378678982,369.9193157282184,68.7049788193402,193.2284283976584
640.8843565603754,372.14643999033274,68.71378548354618,193.32823741608627
640.9489033871876,370.94411024912006,68.73104034738262,193.38583900038478
642.0977627889808,373.0511461685662,68.7230812324152,193.49569577228235
642.1703263651879,373.0959768954937,68.72310705460548,193.5852149324879
641.4799150495435,374.3572697444664,68.72157891885402,193.63783095244628
641.0569366365955,373.55918660995604,68.72146384439723,193.65592743495435
641.9455351461473,372.80479677736855,68.72854004494745,193.68500279139096
642.0279038401375,372.7199719667938,68.73206552045053,193.71598167348205
641.5801546108086,372.56692667797535,68.73748700378414,193.74207728337538
641.3541458153165,372.93402852157925,68.74367303062104,193.76343569529527
640.4486558625604,374.23405313396194,68.75021169639346,193.8104644359613
639.1923303195492,376.3983036881915,68.77709603428318,193.89123522645747
639.8554498641204,375.6839250996932,68.8083849479076,193.95587827169985
640.8837070427867,375.5223598883151,68.83341136011494,194.0054774949263
640.1851650264283,377.5239931665077,68.86465593343551,194.09731012391256
640.2468280704061,379.217058089349,68.89688260715218,194.22282779169132
641.2770509100067,378.7760354175542,68.93016042475759,194.35026069142796
641.748472255226,380.1105838535623,68.975696714269,194.4936882735872
641.7349982458506,380.793654637624,69.02591419305756,194.65736670760998
641.725478167261,381.05024739229924,69.06291185805159,194.80045907113978
641.3835652673879,381.06120318185896,69.1061594026964,194.92738456412607
642.313641403014,383.2507010406473,69.18761091387469,195.04913330760718
641.8624951347672,382.0102906391415,69.21966795415727,195.11209883192953
642.6184471027146,383.14287113375144,69.2990495394956,195.23067749241687
642.346726644043,383.6231455687093,69.38755170036019,195.37295409670514
641.7177619961858,385.34783409807216,69.53517168572867,195.59219716090323
642.6563595405221,384.293567602486,69.66062044868025,195.73383122211246
642.3863842436875,385.8284782270118,69.75319684987036,195.86008639069055
642.5204804021607,389.9184290494933,69.85818656001005,196.01547849460746
643.6024332235611,389.5370626373074,69.98046770543873,196.19351185134678
643.0846353182509,390.58273389883925,70.11522229355471,196.43039978444887
644.146509696357,390.7689029705966,70.25417937541746,196.58186304019222
645.0077936007751,392.2883154928988,70.406510637853,196.89223345080367
644.5529706100456,395.47697412250716,70.53428152344776,197.28653849616742
646.0121807461168,391.1742719764103,70.73271910895754,197.51460446946356
645.7992494859079,394.2077073183917,70.88969803900348,198.00275777100984
645.5451230007901,396.4685394337393,71.00025277644902,198.57641183729217
645.43707045479,395.6161466412059,71.15834818224128,199.079204625466
646.2732678875204,395.6870308608899,71.31109628603497,199.58675463531466
646.4775753681068,397.66846363106197,71.43139799559715,200.0898134163603
646.4320382186448,398.44657027091205,71.57152654039986,200.68169435875603
647.1861891450768,397.81836228341297,71.72079925937561,201.26300652386698
648.0286534047019,402.1659310853627,71.74901792214449,202.03470533646626
649.4705138401673,397.51285116615753,71.85139016931488,202.54594142253595
649.8393233496694,402.03223428356023,71.85148190655998,203.52744010470025
650.0140691973967,401.9379950839108,71.86004625286729,204.32662289823992
651.0916926789932,401.56145828383825,71.90315480997658,204.96977912505668
651.5318652394649,402.85285331318323,71.96230716490865,205.58607084860304
651.4079570772597,402.2106319689287,71.89713350442311,206.36356054898633
652.6618563715174,403.5214588965231,71.86121985054612,207.12853106859467
652.6034587675697,404.0185488493478,71.96160050744369,207.80652968432096
652.4289377922337,403.16989249276435,72.0598144659537,208.5184484608444
653.0302053648763,404.14884165583106,72.16626900435821,209.06918407405874
653.0331908710725,404.5705578710364,72.32393709201153,209.53689641361183
653.3042682148239,408.1662963593692,72.38488925524345,210.0441867184281
653.2593523337245,407.4881709277552,72.53877652372938,210.4764767041853
653.5246339929616,409.07513216989554,72.64864469782131,210.94172310132888
653.4868827892992,411.56034820728325,72.75636544746118,211.44053637903272
654.4472675148157,411.33531604541474,72.80640266681964,211.74858437352165
655.5000524914645,412.1948222303446,72.83722409731861,212.22728613564942
654.7130987248944,414.9070024512894,72.86856597795283,212.77354335751212
654.7321833696136,415.73819769762173,72.90076345307288,213.2921731863147
654.3835338293442,417.9007033918788,72.90464981742207,213.9181060901705
655.0684335863097,421.2509037619434,72.83247712867299,214.4534569827199
655.3784378837494,424.98072416296253,72.80361778968246,215.02041320442152
655.2018796353483,420.8291210746921,72.75818079002444,215.4902818329538
655.0544790982815,425.2970469984833,72.63874455801518,216.19747601604132
655.9127871279237,422.23236013607243,72.53930251830873,216.5632492916098
655.0845159605655,427.6357222114643,72.4769832666507,217.05309190469617
655.8830410335744,426.5345008372153,72.4263140286124,217.30789880641169
655.9530987749595,428.6238736664301,72.36751060227779,217.54099841697962
656.6717602491425,429.5872759234189,72.33106249632311,217.67086712698085
655.9529996507583,428.2798692465593,72.2819560720491,217.89300689545985
656.0857834153124,425.67939935571167,72.24387175014675,218.02488982345992
656.1369786067212,428.86565943782824,72.19975772200927,218.21799083881282
656.196066197519,431.24906209317857,72.17195353794467,218.32742843128804
657.0315793427067,432.76159118987704,72.16671946066977,218.35992728889244
656.9002175581086,425.0033476781573,72.16223831723069,218.40589699890594
655.4023041006237,427.23653649664334,72.15539452791873,218.4624781799186
656.3441722302746,425.1346815685193,72.15141226523048,218.4921897806231
657.3293385457326,428.7457870582178,72.13365080683282,218.60131360341293
656.9998689068013,432.5970744310463,72.12717937794135,218.6428414915094
657.5059225237009,426.19334960409105,72.12676722116655,218.66694702197694
655.7301848799475,427.28209779220913,72.12491739039055,218.70258498782323
656.4046474517149,426.17726976150334,72.12450285790173,218.7569809514014
657.2976322778021,427.40431060040487,72.13359726800824,218.86767510390058
657.4242532138115,430.2550205951372,72.12998932942956,218.94572939380268
657.6333609323784,432.07314072224705,72.12898101201547,218.96336316709642
658.3059331089602,429.71758960432464,72.12833935707413,218.97979710751227
658.3152178707757,434.2138445139343,72.12368866777724,219.02448604543835
658.8623144510724,432.92302966173474,72.12158678991815,219.03797957089043
659.5740587703226,435.26147388019615,72.11956138849956,219.05120451172007
658.6695479596917,437.14689716193317,72.11725203885196,219.07243500603985
659.3905619479111,434.3299938895501,72.11773406623743,219.0810022351982
659.9023337137471,436.2777484984144,72.11726016011178,219.08969180093922
660.6476930787956,436.1342273544261,72.11665389645212,219.10696448736869
660.815681614504,435.4032595208487,72.11657139957869,219.11289851316903
661.4081854527502,435.252465391163,72.11754125903028,219.14570515015004
661.1583445204365,438.1658145573673,72.11377822989445,219.2008654900426
661.1290443555806,435.2194670566756,72.11405934506783,219.20633399848833
661.4145333759218,437.35090146644023,72.1143078525884,219.25178449457405
661.4864328311714,439.0951249251671,72.11256697218292,219.29865220379057
662.4282309465206,437.9948955298473,72.1131485586382,219.32681283169262
663.620641735914,442.4042112206615,72.11131868560754,219.35094674356782
664.376256296944,442.2474450141191,72.1108555684957,219.3666045414204
664.8352654463556,442.00252736743147,72.11032728008136,219.37671701578358
665.5120984419779,441.9405982927288,72.11001945749338,219.38000971701135
665.140583927632,439.93894678444866,72.11011378222855,219.38259859394532
665.6488497666076,441.78109409917147,72.10964295301453,219.38839976270467
666.0240151841256,447.9378031188454,72.10712627738366,219.4129929942763
666.3250768438846,441.2333171131884,72.10712126870948,219.41805686263928
666.8008387142904,444.41851337355763,72.10615692821364,219.43936014798845
668.3490477421575,448.3731421486321,72.10552479154454,219.4438726287507
667.7376018427547,442.7501491523178,72.10563144518756,219.44883377504883
668.2984712929676,446.1987878036815,72.1048643011573,219.45824377785766
667.1917317830288,450.4109184973957,72.10449454667477,219.46628944862883
668.3565983523591,445.9455149048671,72.1040136247172,219.47398582583122
668.6155377594466,449.54413274154547,72.10412439661971,219.4786171083711
669.2143442640311,446.1491207939995,72.10487633663861,219.49711680597395
668.1723172912716,449.21364198352677,72.10476465116095,219.5182882349162
668.2860613772958,448.15190206317175,72.10657398404354,219.548525217504
668.7389481441669,451.4279469280719,72.10620700589058,219.5709938204255
669.4040846806004,447.85837279121455,72.10614127707603,219.58991723314298
668.9506145162541,445.5991440323015,72.10915467667436,219.60123530668923
667.981056062802,445.55672316354975,72.1112177325584,219.6193677356172
668.1353776087674,447.5186956222508,72.11238788519863,219.62583658746757
668.5842901102633,452.0091147051856,72.11260165511639,219.6462257202251
669.528673272321,448.9326403690286,72.11356150266393,219.65479175948855
669.1462266332668,449.5105063121703,72.11971622378783,219.67325259152506
668.8085358325923,446.1097040446439,72.12393398946895,219.68719731924836
668.9580277253884,443.2177536236376,72.13033114751592,219.69818097502224
668.02428594386,442.71474622191863,72.13558919353972,219.7165326977485
667.6824820930951,443.89606048135755,72.14306598749525,219.7566802829032
668.8240507023211,444.6639921727088,72.14560370539718,219.78056479187956
668.6505943218268,444.737654514733,72.1454176143592,219.7957438598615
668.9458790924589,444.51992479242017,72.15005762417437,219.8177767306973
669.9090045315588,444.15744187267563,72.1527421334901,219.8431380631047
669.1912066817065,442.97472531027637,72.15320566740758,219.88404338477616
669.5578456376057,443.7344755612295,72.15427704128741,219.91775194124915
669.5670256228325,443.32998632022225,72.17152698316403,219.97206849142964
669.5509209348818,445.5955030232824,72.19154936483967,220.10111924659532
669.5373353912527,447.21661192149753,72.20686293852373,220.22587470642281
669.1560937358162,447.91552578213475,72.21993025782766,220.31600173337966
669.8536557657413,444.2521679494453,72.22799800625485,220.3903357497517
667.3066337469579,446.49501819303066,72.31050392535636,220.66761254566455
669.4871719650241,445.1439418511887,72.32742146474968,220.81185835734513
668.6671284335307,443.6505604737284,72.4428512769368,221.09264804186486
667.2805417480865,445.4329744860791,72.53459143996713,221.40255275682023
668.5371109975792,442.37875199552116,72.63732318978509,221.6973358752311
667.7640129720771,442.3660055520859,72.91078987685253,222.02451168246012
668.5369069198836,441.7976122170263,73.03597757422173,222.30116610568
668.4490386996978,442.8625404454959,73.23991384992335,222.60155952695607
668.5747651244094,443.69768640462684,73.38633889351709,222.93996477275945
669.8228779297799,442.2560662638807,73.54666871576956,223.2090369965842
668.9146313040417,440.99947940714884,73.89108728748568,223.57848230745742
668.9209548389831,441.4007767176594,74.15916476655718,223.8706550556775
668.4669216447207,442.41517769034397,74.3983620743273,224.20189062753974
668.5556748980919,441.9679009990887,74.6197851514722,224.54670736577182
669.3730021231086,440.37169316207235,74.87230475791918,224.79275588481022
670.6191507260066,440.12059290469006,75.08601948629588,224.9969077106691
670.6645889999817,441.22696284615233,75.30527921245113,225.11659614303682
670.2416170508875,441.1223991396241,75.57002479562,225.33352728038676
669.4588418377693,441.39785513806305,75.71068594601381,225.73253563147273
669.1233613614448,441.3489190573405,75.86534332752346,226.0860251535791
669.5375434394633,442.52306653628966,76.07135594345249,226.383967616142
669.5136237446533,442.7366533204726,76.19064613429191,226.82588993176014
670.7520611651846,440.7965110507991,76.22752137126551,227.18155714358466
670.1888685961527,442.03563285420034,76.22134873475837,227.4988968116781
670.1091926535059,442.9208753247784,76.25711094482891,227.77844721464587
669.754308491766,441.5852849083441,76.21531082973789,228.18870301670538
670.4739294778648,440.101662876394,76.20333036530089,228.4149313791179
670.9518583425471,444.003744825604,76.1654628411613,228.7897109397826
670.6525192053858,442.49724632906475,76.09751375799958,229.08265937248143
670.661054364076,441.2563279721486,76.0011912687405,229.33341089804935
671.7130696334642,439.23695012363,75.9674469728408,229.6514119799476
672.266193440748,438.90284817375,75.88010314934489,229.98825096741677
670.9961359995731,435.2779579383977,75.81322274511702,230.3335400257757
672.232323449217,434.7949694171409,75.74880072306135,230.74248808865087
672.2180782944591,433.737574376143,75.73410581301866,231.0369701741245
672.0366770865593,433.5006767683685,75.70854365164531,231.38739014870407
672.0556370139918,434.4195053912307,75.63168603716088,231.9195132839536
672.5891601341777,432.8648172724918,75.67252549861936,232.3571871556253
673.1105973827738,430.5241053339191,75.72096702091515,232.7279657729128
672.7296987310192,429.41761988567254,75.74001614679062,233.11670671859193
671.8483689313896,423.78475323513925,75.73486848154629,233.41122628442633
671.0521364880638,421.7112547456865,75.75798440394927,233.5176147817525
670.6644143666261,424.0067669184801,75.6620423794768,233.990330971095
672.529536597373,416.2562903061181,75.62314172504557,234.31210018852062
671.8302805174919,415.7284897184295,75.54326868173415,234.55359868048527
672.6542262116802,418.68264367424695,75.4186138098096,234.97771749023326
673.3414007930986,419.94930334374004,75.36089758900468,235.18468209155967
672.5135420109634,415.8951567728357,75.33473630891748,235.2740355614982
672.7601753963809,413.8411266755578,75.28515198936495,235.4468112077925
672.9913317973038,411.3302485902186,75.26061960914964,235.53162293831272
673.5192225876476,405.8625464065195,75.25023994870506,235.56214043142447
672.5572945995056,401.123799151529,75.20708013920367,235.6681154736772
673.1727552896841,399.725187905947,75.19056213452758,235.7281653654975
673.1908069869783,398.9491288028117,75.17973970499541,235.77373835329706
674.1217637663564,392.3882734414449,75.16290673020778,235.79195618713976
672.8168728062143,389.5902014392018,75.15614205320797,235.81511102606316
672.4887846959415,386.6523975423024,75.14684905391864,235.82610748501392
672.2966588408013,382.77874324143386,75.146673321463,235.82913754747193
673.0763179844893,381.96572459571513,75.14296038199628,235.84940468305334
672.9812298365954,381.6524739015646,75.1408402352291,235.8754887030567
672.7101519294312,380.5236292060596,75.14080245943292,235.88462525387843
672.4611235559006,374.3523577521674,75.14290601496359,235.88066058450352
671.8188970949504,375.05310454827537,75.14443842369852,235.9025605013616
672.16193472081,372.61944132944734,75.14381040599793,235.91172720676198
672.8731776165388,370.04109385460316,75.14281596521344,235.89987881113288
672.851204111123,372.06537648763504,75.14168990549018,235.93465033837418
673.5380962607813,376.0105969430727,75.13620722523333,235.95818514639396
673.8135457673739,377.9469975123636,75.13357294672197,235.96968450499804
674.1953401123892,379.11441955658097,75.13208281571099,235.97729538032414
674.7425229023713,376.4978038782547,75.12807902017572,235.99604872309712
674.8407861857469,377.77708633665657,75.12516816806091,236.01265022203643
675.5158331566826,376.6823981912324,75.12250311638408,236.0282127278701
675.2217523827013,377.3667507859461,75.11829698054224,236.05174719399048
674.9614228616381,379.0818804282052,75.11661664266047,236.06022009211583
674.3416825750835,375.1774140208623,75.1107434812546,236.09304212725002
674.8688078703273,375.1400759513566,75.10699505567854,236.11316173538523
675.4782357910362,373.7762596305064,75.10345688502736,236.14302117284117
673.6131242514384,368.6802739228359,75.09907004935008,236.20125370151067
673.5685901731479,371.38231276239577,75.09042026211905,236.28847466764014
673.3606173054367,375.80745996732014,75.07499779662906,236.36174614945637
673.6522333509662,371.0337368036352,75.06671693243447,236.40080283615904
674.5559081237815,371.79350197024115,75.05948416429231,236.44929330372483
673.6491583587233,370.0927532691478,75.04068399556184,236.56983765730735
673.4303497982609,372.28835815492425,75.03331865172429,236.62432577555802
672.9331854375966,367.9504905454628,75.02845789285982,236.68205963887624
674.6972524520343,365.8868516361223,75.02343519463487,236.76704052940946
674.9372680529337,364.7166937110122,75.02539750783953,236.81147899410863
674.9113731305832,364.018008915883,75.02050286103184,236.8938859793576
675.2144423026251,357.8605413006693,75.03260472074437,236.8830956946403
674.4209895423676,359.65489864994873,75.02857590764151,236.8941674982657
674.86205370648,356.71394533527405,75.03302742418015,236.90206699752986
675.2467427966842,353.91902942258304,75.02915504581325,236.92243935254135
674.7304430087631,355.58016741834945,75.01749807711498,236.98093809857713
675.3562770630742,355.1158106065697,75.0134783108712,237.0222508990598
675.67049721192,354.4215017964915,75.0092938368719,237.03643086698054
676.513117299598,356.351069078882,74.98697890167716,237.0875537691549
677.1013741967347,358.0087908895853,74.97137704507756,237.13893807246018
677.7565360861928,355.5644316769041,74.9608483835308,237.1634900059793
678.069810571762,354.44749861445314,74.95597081136695,237.1802675116075
676.3809231960595,355.0441469357794,74.95376904636471,237.1888374716827
676.9326882662552,350.43695111702004,74.95572001334281,237.17130265013714
677.7008570930487,350.36336475545875,74.95139131200959,237.17203841689232
677.4991337364111,349.7427673438327,74.96210753974903,237.14943060255763
676.1833000959418,348.69358060602417,74.98544694261695,237.1217615651478
676.3878605921672,348.73626927719414,75.00783235338582,237.06664837969535
676.139827801385,349.4539530348567,75.01475753028285,237.06111697686046
676.5796529696689,349.8872899740155,75.02379085671221,237.01862627621693
677.5788796130934,348.9536092775551,75.04396434342172,236.98160502689132
676.9046260694348,351.62339170123425,75.05072451444909,236.96301125778479
677.4507379659051,351.8360231231273,75.13674961799714,236.9330685274726
676.8709453798544,351.3662743799246,75.16490628660442,236.93400240889764
678.4134038662932,350.29429825185457,75.18964199560384,236.93907700949816
677.0534417693464,352.4014472755255,75.1889311729025,236.97959290423626
676.388582372926,352.73562687106,75.1956996021784,237.01018044748537
678.69594833009,347.1973405083708,75.22438670910005,236.99397702767737
677.3722082883686,349.06640583100625,75.2364756912752,237.014180749211
678.5981336874521,349.28281433356597,75.25701423836183,236.9951290662537
678.1938439616966,349.882079092225,75.26802537078444,237.0247789356053
678.4473559305935,345.3504112272468,75.28964255426808,237.05166484215795
676.1048931883561,348.2156040448657,75.23849930815389,237.10216253061145
679.3654253458521,348.2181964864434,75.21092826499122,237.15015873519985
679.4037405372803,350.9788219869406,75.16443251517006,237.24633680199693
679.2874896817381,346.6495397761262,75.14339286667355,237.26581686650587
679.6856375948772,350.4067590145667,75.05400269027763,237.36351309708076
680.608984004851,351.6267490955961,75.03774134720278,237.36342557094153
679.8299548652842,353.0850032014599,75.01217085433156,237.40350706936275
681.6562857715564,351.00976478930454,75.02468493288892,237.3367076691171
680.2019222492609,353.95879694762743,74.99332827363594,237.37449015690945
681.5360516612902,352.89381065996974,75.0161441803433,237.345429388456
680.0771359525554,356.33215816477434,74.99693425610383,237.39869770450025
681.433218673121,352.92826491827714,75.02454702809598,237.35298844588104
680.93256865531,355.9356160490071,75.01925006320504,237.361400500406
680.7781168032544,354.2310207825001,75.03453378824423,237.3779148326053
679.4869946217815,355.9985707232548,75.01602534210085,237.33325427225228
681.666247931138,355.89439153283047,75.04667313841416,237.30190867533827
680.6927780251208,356.88421751176907,75.05295875923852,237.2987002558522
680.6582659134173,356.8742309983411,75.0568404691457,237.31483177704413
681.0197761679797,358.4875242982897,75.06351661968357,237.3186121263795
682.0291313209696,358.90776259519447,75.05197714962787,237.32278081242495
681.9585585274963,359.3858283824665,75.05291861409142,237.3336692024093
682.9851574904601,360.38041952047377,75.03796527327636,237.35895065483552
681.9143183292292,362.5913994336429,75.01909295316393,237.38174657908434
683.6990780560749,362.07399688664424,74.99920825864456,237.38670865516053
682.3633438281274,364.03804853031437,74.97980253860614,237.415000586903
685.2238470417112,365.05977064939697,74.96741467894007,237.45639435954163
684.1180076747788,365.36764987808874,74.94643300056303,237.49185268617117
685.1217382960218,366.02900136235644,74.94086203339985,237.5426221924459
684.27624866751,369.38454840970826,74.925070591149,237.63474850008575
685.4737002487288,370.023202116232,74.94937122875156,237.64266909615873
686.4726739170642,372.68089333352646,74.95542398449899,237.7051507774832
686.1353925026102,372.96158796344764,74.97472797917378,237.84944824441703
687.2043114231908,375.2349050050035,75.00435791604933,237.9799073414851
687.7892942860944,375.53637463482926,75.02653394982617,238.060275737155
686.5813281001159,376.3619955844934,75.00912697222347,238.16817038083585
688.6312093445492,377.5809055969204,75.01286092344036,238.24872890226075
687.5793583190621,380.1770780011303,74.9808258147297,238.36960010098556
689.3649964769529,379.94095194785115,74.990741635203,238.44233263257692
688.8760990699317,380.61071359513005,74.98110531503215,238.5238794444153
689.3487208852578,379.5925925719939,74.938176432126,238.64242992824023
688.4747742291089,383.0164189819211,74.93453979112681,238.74521457187637
690.4393905106577,382.5624564948215,74.92970940829724,238.77812406621786
689.41650512868,386.23775193945323,74.92495868975004,238.8432916590413
690.0797402172235,387.3325644589888,74.92267459457346,238.8676492173734
689.6502430960176,390.41012967428327,74.91802942453207,238.91169676015113
689.8406017289627,392.0827048563144,74.91717500954232,238.95233252480654
690.009274696806,394.3146580958406,74.91562597957258,238.97897397144544
690.6895551363057,398.02503860614945,74.90996594240288,239.02752392827074
688.4727061771838,393.0439288674527,74.90735395151916,239.0419245417393
688.3586385975051,392.76223291913186,74.91071929550121,239.07788014933357
687.3996016991869,396.10305784283196,74.90902431548457,239.12043352184034
687.6971543747632,398.2594473644652,74.91587821534873,239.1674536635984
687.5865110473595,402.034307105497,74.91729154987624,239.200726435112
687.2440662943055,401.66262798587894,74.91711833493507,239.21640189966652
686.8178479897344,402.1033716085912,74.923403320118,239.24032271098022
685.9483037333385,399.7691970719459,74.92814804351598,239.25465148439318
686.0324470503357,404.257199646211,74.94478147580155,239.32342047447582
684.7583154040511,405.34399035119145,74.94942076870137,239.34142245951085
684.7087916070456,405.7125363907378,74.97034391290683,239.3934383494554
685.2685592369066,405.457325566141,74.9820158434205,239.42768455285935
684.2376861175514,408.4896836718575,74.99186100004735,239.4601060032307
684.4969153068405,413.9799782331987,75.01048692744546,239.54678930717824
684.08684665022,415.83085439938816,75.0219261230888,239.5903658433661
684.7626234569414,415.914529606286,75.03086691846616,239.62914251597724
685.3273757404916,417.9610877028069,75.03190340117409,239.6411219308399
685.6631941394637,421.88900315957943,75.03226994380015,239.65662117817882
684.319838582615,417.6349187289661,75.03358417070494,239.66711500267297
683.5697817893861,421.0297977353635,75.03687323200191,239.68021901702954
682.9787452448578,423.960485318422,75.04505804246801,239.72870468653193
683.1938026958811,422.48727259192594,75.04622484807996,239.73934284130698
682.8891466765656,427.52229283957274,75.05262147122892,239.7650464191977
681.1276346846356,426.73828974017,75.05431625040009,239.78088124127947
681.4033853718768,432.43366732830674,75.05561826828546,239.79567157027176
681.7109278380342,430.0290980974017,75.05632280640998,239.80603716275198
680.5416059320643,434.2000410314236,75.05645979922546,239.80974087827
680.7063611259312,431.77119329468917,75.05649871188726,239.8139432282092
681.9955067433166,434.0623865688045,75.05788880845614,239.82708030969346
680.7690226482356,434.8852665116631,75.05884780089208,239.83563979211903
681.2365392324165,440.02685291908614,75.06019038454518,239.8472643459239
682.0644603463635,437.4662034627504,75.06136475616982,239.85441063477128
681.7789469323743,438.41890579383744,75.06171389017439,239.8590190273651
680.1802677910208,439.0048544565145,75.06270966801678,239.86650131118023
680.8283515748684,444.18051369280226,75.06281607268824,239.87894711453328
679.1591930739633,441.45938202507256,75.06338618584672,239.8844814613111
681.6504780197321,441.53418294243454,75.06519198462155,239.90093577590577
679.6772626183556,441.9845286958347,75.06745996910959,239.92475747823
680.0787949901813,445.78934294560656,75.0670413505849,239.9411278318919
679.0344248670912,443.6554728179726,75.06854038049407,239.96287637818526
681.0230090918317,449.4197835092234,75.06729463676068,239.9814963699268
679.6692066307769,444.34274629631534,75.06762225519482,239.98894352057752
678.9303456637257,443.2120119937905,75.06736757266704,239.9915885501194
679.6030223720527,448.03413387205086,75.06643910478593,240.01923451231517
680.4033227214898,447.78597168889837,75.06625974029417,240.02226433181843
680.8780567214457,449.303613733335,75.06581500294237,240.02743716111868
679.8337276547137,449.8025826727743,75.06699592696724,240.04624447984912
679.4642507691601,449.16405764045766,75.06755486528144,240.06881396199955
679.480624086799,446.3395814767268,75.06659789941322,240.07821178940694
678.9342723544557,447.30732997688597,75.06726937087727,240.10070786452167
680.1241147699691,447.85185140769,75.06750286125187,240.1122534844769
679.9863589532038,444.6410391230351,75.07087057933755,240.13861710332267
679.5074112125017,440.0622210899876,75.08015737986213,240.18963359079677
678.5664385694616,439.4806290834281,75.08355673235526,240.23694193027592
678.523209683047,437.5192321726456,75.08457153564422,240.2517996440529
678.0504615412785,431.4265455331445,75.08601835270073,240.26428284529553
677.7640148007612,426.6411851122254,75.08686984325942,240.28207796405297
678.2442606915969,429.95208674009314,75.08774640024963,240.29686682992494
678.7057351806285,424.2206356322898,75.08866511625448,240.30818706706435
677.7647327520527,415.8285159220137,75.09063767007882,240.31584285999585
677.5533443032946,412.89199337048603,75.09157876818799,240.3211581191804
678.3564196119821,409.57279510572147,75.0927224897707,240.32962722244602
678.5010983461027,407.58752172334323,75.09496683681836,240.33870871659695
677.8744717437517,402.2150715936357,75.09507363466244,240.34446499096046
678.0097356476434,399.11355763840544,75.09572157178039,240.35065712660102
678.311334427498,392.2060706101469,75.0966332248629,240.35498562628104
677.9852178355297,390.1881684977371,75.09697708655874,240.36802961511967
678.5968471314392,382.4491220597158,75.097288003868,240.37419725979902
676.3832632964901,379.8719258523537,75.09903884123177,240.3843039800988
676.0909207883401,372.87496972882616,75.09913824180414,240.3859588105476
675.3973556337771,372.3402299822535,75.09964314823597,240.38902216246396
675.002121097717,371.0707869666794,75.10019579204493,240.39331290795752
674.9576414382329,366.95665587888266,75.10240047398659,240.39694100688004
673.5131991801551,363.70387921127906,75.10392160124121,240.41358740114015
672.517534969235,364.5625207197212,75.11150258645279,240.42601087006253
672.8575112115419,353.33381333214356,75.11789599317318,240.4422250297827
671.3884497836037,350.0855863492179,75.2024774217966,240.65832289928696
670.4000463348589,347.5550505021969,75.31758616610712,240.95016423365564
670.1977008189066,345.6834299351502,75.4131006110984,241.18806853978842
670.3702936601289,340.2475868079523,75.52260035930243,241.57564428255952
668.8572964026048,340.885616367333,75.61603788675627,241.8088472839323
668.5953715340084,337.3603201601586,75.80764061788635,242.20423015757802
670.1003788601096,336.2292391926075,75.92236169585593,242.50315202417872
669.90157778772,333.23839605951474,76.14917555168192,242.74034942779795
668.7149811721935,331.0769954557482,76.45200242246435,242.99359321613986
668.6263133409535,325.98459682096336,76.77412581739537,243.28471958020924
666.7507766479005,326.6534405330674,77.30418771771456,243.27989138263632
668.1004649703397,322.5887839563537,77.60004149678265,243.42926511251727
668.301378607352,320.91813030302677,77.97456551103805,243.76648353588052
668.6066447295566,316.4170987139643,78.25940322406757,243.94865866048713
666.7061825588339,317.8075695454126,78.62498361340892,244.1742543940993
665.5184496744462,313.8744691456802,78.89155974706117,244.24319500908484
666.7479133669221,310.46166222787684,79.05795753693029,244.3771280361151
667.5779694943315,310.1788398755227,79.15452759320347,244.47688198559575
667.4736703657155,305.9782797583214,79.30468611755606,244.66997350434752
668.4545817633647,309.3102395448778,79.51807153449867,244.67088899557814
665.2280349014159,301.95669106837795,79.78349036894512,244.73095064821104
666.9205805371959,306.98766102866654,80.02931110814174,244.8292008696961
667.6501695318555,301.1155606310903,80.24285181882414,244.83662111480797
669.8507919996363,302.07871440497627,80.39646581177641,244.91444658349127
667.5462430730717,301.1764310112927,80.68296433213787,244.80857768369847
668.060213993477,296.53689952851556,80.84759497622758,244.76668741353308
672.4935089956725,295.13450093656047,81.0534305738543,244.77185193428662
670.0164540005565,296.4900141769954,81.1625902771088,244.67226846898427
669.5227108009427,293.9508805152513,81.254194863604,244.59938116452557
670.1295417719284,297.31571416784635,81.40205798036853,244.55149854626995
669.323404031798,294.5309702932411,81.45788921638494,244.53743718699084
666.6579863135447,295.3133213949066,81.5181620306121,244.4780750381913
666.2417256789505,293.51368201627054,81.71336936390298,244.30332210698765
665.4423455087035,294.4035350206287,81.90763094991105,244.19343176899235
666.1097364713947,294.7210033554377,82.01726621543175,244.08012919826712
665.4974643992948,294.5219351795838,82.16924732571174,243.95054673824473
664.9165379934649,292.2593070621176,82.252537964391,243.81044128964592
663.7604131039387,290.4251429744298,82.354257872851,243.6470489847699
665.300616056172,290.31225857803923,82.44911005874405,243.60848926719248
663.9797587204121,288.1539409941402,82.5338394036786,243.5741497002341
661.9177232867103,286.96405772205657,82.5615639723272,243.55683079508938
663.1653044794006,286.47002055226426,82.61009095943275,243.34957009265048
661.9268433725699,286.8304480101265,82.5099152771678,243.4345129794529
662.5278368722672,286.66013620677205,82.45287121629244,243.4668438562909
662.8312908810765,288.5317856845498,82.32078242644725,243.57582902227693
664.3059213204539,283.9014886320849,82.31244101903937,243.2551897667242
664.1553239779704,280.78300406975256,82.2791550714845,243.237364430279
662.4497569876966,283.89499353475316,82.27536321451433,243.17174870294681
659.9956023565221,285.90513621009586,82.22473437503135,243.12655522738493
663.6458653305389,282.5658994128635,82.19507589469156,242.96957619254798
663.9724337304957,283.86722346408055,82.19124047837168,242.91993771052137
662.4332672061294,285.96585349459065,82.16317252572644,242.9466343533291
660.6901673003238,284.1449516441142,82.16358542206537,242.90359071514067
662.7191765175539,281.6908665136585,82.13949525473143,242.8838695589262
659.9378853425444,283.6391194929984,82.12531174797827,242.80578752091458
662.3525980084563,280.96565217263384,82.15490529531965,242.6925840350675
662.8058545646836,284.6663792007345,82.06723936112496,242.77950891615214
661.7316394812294,283.8929293628406,82.08124732265662,242.64784787926064
662.9029604692684,286.55101920828133,81.96307835888706,242.8595905689312
660.6738327945131,281.0152529032506,81.97451506978786,242.79459570128705
660.6606267608016,288.29125824392577,81.93716828779411,242.8907033799532
662.1956003034372,288.4049559459917,81.92773439615236,242.96719227158098
662.526199932568,286.94239678221913,81.88168189519685,243.0311872963071
661.4121691351775,284.93638158122417,81.86822617195183,243.011505363009
660.0692464213964,285.5640167533361,81.8535579168083,243.042758426965
659.9240447517043,282.8598895167629,81.76385847330646,243.02723566619494
661.2906250794764,287.3076351293504,81.73458487866671,243.0643797712308
662.9854073605949,285.0173775359241,81.7200730341151,243.10212496094272
663.1356155438677,288.8848346765386,81.70018363705638,243.13161577933664
663.4828727422463,288.63620484856494,81.6768614723123,243.18934959424257
662.4240049773557,293.806902978854,81.66626704343325,243.29563998535434
663.9647601945245,292.80207660227575,81.65930706148438,243.4319388678917
661.5176046010798,292.0445749211103,81.63332203605302,243.76074116948521
664.5449611698891,293.42227545478175,81.62660737835921,243.9648388717667
663.9893625743972,296.7847290320366,81.61347749764961,244.05487150079796
664.2380430505629,291.4365134053532,81.6015909425038,244.12715928668896
663.2588939668191,286.33561030793146,81.60063899237005,244.13582630820068
665.5067440527715,289.9747331750394,81.59645570271537,244.15893244749338
662.9194249025953,293.4168094919557,81.65477520535978,244.29852791867975
663.6317687159884,290.2536805599909,81.65700935936914,244.38536343141394
664.7763419432121,292.16689010018763,81.65963732544891,244.43291033906422
663.0178674757838,292.9467064395113,81.64767701654102,244.5433353169575
665.861416543461,294.9866336653579,81.6597296097965,244.71252013236546
664.5507612431351,290.6390702402172,81.66089288652763,244.74377252186366
663.2167017507129,297.4392955246211,81.671020754788,244.9142724014356
663.287237575634,297.8069477297235,81.70396330831716,245.02714060215536
661.7968289000672,299.1757601737213,81.6931154578775,245.16190733297574
663.9196057134546,303.25867829929257,81.6893701721255,245.65636303927081
663.4896547709845,304.9875751269684,81.66427036815699,245.84457149085662
665.2246890205256,304.3069789925419,81.61145499656661,246.32151145529534
662.124026690405,303.76149902758823,81.62663363918529,246.45524167001346
664.4535323555885,304.9749661318081,81.6168811242806,246.9359125176826
662.5678589661234,306.0660689523201,81.60917267605247,247.14907879567238
665.1571216051967,310.1379506981907,81.55576661826476,247.5843001545713
664.3899052575837,309.6419794311412,81.53617726898518,247.78753032353097
663.7855534558256,307.91564376848805,81.5270854001501,248.22500800799497
661.6725386382143,307.8261266496487,81.46280284872734,248.58451185013314
664.2848607183643,309.47848210752704,81.43425781898496,248.78284816474076
663.9327584499066,311.34907526988616,81.4128152378889,249.06816258165537
662.7224133305947,310.8041105479097,81.36280454124646,249.4461227240699
663.2910850930181,314.1282806930665,81.32764842900019,249.83211110278052
662.7419761055983,310.83066056783053,81.29647603131086,250.43713373312949
665.1565319582925,314.8233504854866,81.29959300163182,250.6518390913359
664.8091893700769,318.4953409519898,81.2462907558611,250.9228553945685
662.376665176716,321.0446090453726,81.15319770972974,251.26370985385634
663.0661837941387,318.65311651922104,81.06186356018064,251.65351082631634
662.9487962265193,320.6119193830401,81.02754132038825,252.24921602908105
662.2421090625999,324.81716010118697,80.94983630355331,252.90422418140906
662.3366273707114,326.0350443053302,80.95109390012634,253.29307061853467
659.0148666030944,328.64948417560646,80.94033394808989,253.7019797092637
661.8430265289039,329.27811732046297,80.90013870500655,254.05511791841002
659.1719188483693,328.81001721970057,80.91112461581696,254.4487464582917
658.2819939291666,333.24280324359205,80.87094392340366,254.7935142246416
663.0355664657225,333.17688151680414,81.08917852336099,255.07952181050675
655.9616586147012,333.93327998926577,81.08416378378472,255.35187352413575
658.7777614357706,336.4569333093469,81.28184942997527,255.80409921954572
658.0138021591752,332.41923538688525,81.37396016856962,255.9139362515107
656.4225601125371,338.7634303793096,81.46238256122636,256.1717462665828
656.3499382199366,337.38866759097976,81.57139509611942,256.35223765890316
655.8572259000383,339.9930474306181,81.7250442006252,256.637329284633
659.28088519733,341.58650731238583,81.85619964269061,256.7515846307291
659.2450692628909,344.90095235123164,82.07963901342409,257.0162388222335
656.8618664559351,347.62076528386666,82.17939940702072,257.35966037354933
658.5122183522786,346.706970156472,82.3130333327063,257.6126058212815
655.5846680720107,350.68868647112447,82.50481401080783,257.9495224060143
656.6643524673951,352.6707269242876,82.57606098147623,258.40898714279695
657.3436842890823,354.21761644570444,82.63709440676797,258.7483251356541
656.8364084268513,354.51720659897023,82.71195242732799,259.0440430930675
656.4369777624831,350.1516864710446,82.84993828390388,259.5343673878281
656.1088783548656,352.70316470449137,82.98004768513564,259.9134597443715
653.4708333355293,352.5226886401181,83.02253639755563,260.3601877358123
657.3808073376779,351.37281879801327,83.14778226501846,260.76234996022254
655.7935372432337,350.3855896637664,83.44713449969782,261.29438658605
653.1720656068152,346.0213769545788,83.87979827786008,261.5902274498259
652.5279419262613,347.1765608218502,84.0355734673849,261.99588363797426
654.1792254596355,348.4779806025658,84.25529719053021,262.3764016153559
653.4100081475585,343.89555417317297,84.474143870581,262.86177338115766
652.120732885405,342.51562740683397,84.63647370270218,263.3585528988742
653.4749461325792,342.5319718026018,84.85516989600053,263.8306618335859
652.9651341839979,339.42134195143205,85.11381148752147,264.2383268796198
653.2697524779952,337.4807187834406,85.27273394269572,264.8651985520733
652.8419456683278,333.4242239227675,85.38740581931457,265.49040621106445
651.3464778671603,333.7742009341698,85.54850526889068,266.2642878347149
653.1911750907539,331.53527532212786,85.58259670862057,266.85591036879003
653.2442801756234,329.1242878556542,85.65718885121724,267.3167168539128
652.0597135597649,331.3764772171818,85.80681509060582,267.8343161724692
653.1525064515645,331.44502596576007,85.95037315434244,268.3233943653379
652.7718770622216,327.88940056404454,86.07497329963968,269.0105677839385
652.5628645943984,329.7931367558688,86.12712287225267,269.68239425074546
653.4564557224201,330.0874031764089,86.16054285789411,270.2111223681293
652.1444717840973,325.8184738510181,86.22757198166013,270.8499275046984
652.5005988347679,327.30630505813474,86.266500935689,271.40048370247433
650.7120983519502,324.8853463454027,86.43759723246134,271.87738598783466
651.1204955424038,327.7062076801236,86.53642065825086,272.44958242333615
651.670269403612,327.2379925925453,86.556202966879,272.9416113303053
651.9283788785186,330.62833954364805,86.61286487570085,273.7240064443985
650.5617751532557,329.1357696747441,86.65523790908017,274.6217656031763
650.3021196352014,334.0811007478569,86.6750470215775,275.41308116990416
650.6030770446769,335.30755527837977,86.70629991869868,275.8275566754686
649.8825748606085,336.38325036370816,86.74126576624523,276.2789611571389
648.5397131825373,337.7903630248934,86.79938800950657,276.79887351575303
646.4408031065509,336.3082029107145,86.84499248648936,277.25528699708633
647.2180975311271,341.90310020059195,86.87909466939743,277.6094080975806
647.1416806451139,340.3337428075506,86.95853172241952,278.0060062455179
645.312768789463,342.69977616953656,87.04658083440594,278.48908847303966
647.2243009646966,341.0757603788628,87.09306175389744,278.84477672572143
644.6769536322644,342.6411200691801,87.21072140548739,279.3298107153272
646.1155586864539,344.24553539792464,87.26576571021818,279.5563611769507
645.7121503657404,346.09469025333726,87.43157534369779,280.0476680386179
645.9065471491383,347.54655848527653,87.52698622398016,280.40159552260843
645.6551926947426,351.15867264301414,87.6986401301133,280.89301459665404
644.9408795432457,353.3119704657182,87.8481434462809,281.2878638377688
643.8871784106614,355.7563607826785,87.90327468425885,281.51797699560285
642.3854127478644,356.33430178717435,88.09368082738577,281.9400716767563
643.8675367392408,357.2809751794385,88.17108110058074,282.174119501149
645.3832115087608,361.1287967673427,88.24188532186469,282.62962301233966
645.1699774087748,365.1438012741721,88.4349007111841,283.43427980265756
643.1104095545877,364.83839954915663,88.63894242189475,284.1163544823752
643.8546262077477,365.78106094701843,88.7847529216201,284.6749907715267
644.344863872434,367.9667028116901,88.93834217225903,285.14417880283935
642.9729200111351,367.9450913078083,89.09184881759062,285.6396650975823
643.2074735693708,369.486665682648,89.15256631340203,285.8256825242116
644.9852082877724,370.34093163843454,89.21504984221096,285.9923384220743
644.0757699944827,376.0983242030603,89.25320626167347,286.2583320460025
645.3294681993,374.66570054475915,89.27930096180438,286.4408378373257
645.0949129438136,381.52476894881454,89.30498778878514,286.61283521758054
645.8809802310211,375.7307674336052,89.30933415552647,286.82341570499136
645.4631404792034,379.6292017591878,89.31958340146977,287.10524797470106
645.0927310585089,375.20929620918,89.32548374266152,287.23281926310216
645.9922119609766,378.460052787526,89.36935325740403,287.4158445288345
645.1722718396435,383.579107658018,89.38111881202805,287.6158521962192
645.4024838290795,377.33037721670314,89.38188371033239,287.6835860362784
644.5100179555427,377.2364399751094,89.40971665063263,287.9352324367185
644.3041843425433,378.04813505872534,89.41511416938765,288.24271073969624
643.1133363247274,374.1883497889281,89.45889419297484,288.6201726080835
644.0719745422011,373.1461205791697,89.43745268579858,288.8862697348783
644.218895332645,369.0902212062184,89.34850099853209,289.4392332003475
644.4488269839437,366.4873804691491,89.33977420305752,289.68774627563613
643.4553652246369,363.6626187202521,89.32558727953696,289.87941535048355
645.1349525850449,364.611643176642,89.30232346081308,290.3095757379068
645.0676192645996,356.2471543019135,89.28095274421594,290.47766912806975
645.520053080803,357.07153002703956,89.27285287685781,290.86681374819
644.3080445236402,353.30975137677217,89.2681887636288,290.9578785420063
644.7623620494945,355.5632147739814,89.2843134617577,291.2793420462108
645.8263984381148,350.1503702023607,89.28385849429223,291.4508706425764
645.2813589400396,349.6805815622153,89.2823018177144,291.55378441499147
646.729545005168,348.76287681633573,89.28399426696508,291.6162966105856
646.8308354843574,346.4337431833972,89.29791641108135,291.6790936698367
646.5085741211664,346.90172572984784,89.29978723378093,291.82035091763674
646.6807286367683,348.521816741991,89.30593981227888,291.92495803026
646.8808920451936,342.3656955469245,89.29303144743137,292.048077249336
648.3287567010667,344.79637654948436,89.29072432777987,292.08062405902933
647.5869522115167,346.62153277049504,89.28890320374711,292.25720560011524
647.8028574155363,345.22305644126806,89.28034550089943,292.33749268250574
648.1647737906575,347.88876029583923,89.2825168663481,292.49210132554254
648.6020585235551,342.87300030012443,89.28255622836163,292.5676959977732
648.0404624383962,348.6139523310778,89.2821221821249,292.58804633952934
647.9804949230321,346.86849403776927,89.28063344372976,292.6790531652347
647.9128191162152,350.26467925838585,89.27653948101846,292.7626507022501
648.9275464087016,344.15747578278194,89.27483268814865,292.78076181593445
648.907204358366,346.91642246236324,89.27402303505423,292.82172069565877
647.4726817373481,348.61929302840474,89.27812453913357,292.88070958681743
647.968645315739,349.5251220720359,89.27978944768432,292.90773287751813
647.9194540900893,350.36241997835845,89.28034418614514,292.9231927537155
648.1532057860569,351.0639349759623,89.28301883339438,292.9513448302426
648.4726788548498,347.38652297002744,89.28353645570608,292.96210015107863
649.32194541638,352.1403889549987,89.28357853284318,292.9651675584736
649.4588128440253,350.34111697455677,89.28433142284132,292.98051114810175
648.716665625114,353.83238601655694,89.2863833181444,292.99373997317343
650.3674601348603,351.065530003592,89.2870742367983,293.0105371445157
649.9429248352603,357.27023839441586,89.28765896047572,293.0198948410392
650.8565110394462,351.96853536507837,89.28942794871821,293.0426741703445
650.5901621610682,356.2845128804936,89.29031190357925,293.073509186379
651.5890564010375,352.0881688945087,89.29048099345921,293.0866925241528
651.675519473366,358.2780112884651,89.29253763177387,293.1124725641013
652.0635294178466,350.68873590549254,89.29742853759564,293.1492878712731
651.6532705173956,360.6362411350167,89.29776363578418,293.1551543937777
653.5231283694395,354.1062875927621,89.30064112774056,293.1731733952324
652.1364339982332,360.72485331864993,89.30125050667661,293.1843671924561
652.174858702641,355.5947856613663,89.3016363123235,293.1952622066034
652.3904577330126,359.2125993953389,89.30156391899541,293.2331131217682
652.4441816333657,355.1345411448613,89.3010125053927,293.25594561056585
653.0199117839107,364.1508553031607,89.3026972186917,293.32521569518343
652.1775977428578,360.18330470334206,89.30178182348466,293.3574722927734
652.6661302163315,356.0496428686548,89.30588147577714,293.44253458168424
652.4977478304015,364.14473940669774,89.3027390883613,293.5542453189389
653.4335002789933,358.4889152387078,89.30643549118466,293.59512956233146
653.3591286155352,364.29915721224376,89.30509844793116,293.6230482374623
653.1247067268087,365.1030426386622,89.30401291898724,293.65996760313726
653.1135763208595,367.29555214847863,89.304996747614,293.74201200428854
653.6504317600377,370.6593592452179,89.3025584365635,293.7890983600115
654.8216447203048,369.25218320694535,89.30268737288411,293.8441316770288
654.5255094045007,363.76108770801727,89.30375119369965,293.8638921518852
652.9998222508085,361.74471283697824,89.30367628521807,293.90445660763197
652.5100970637784,366.9065588902862,89.30468260142395,294.03350046601355
652.7095129123896,366.6168568157625,89.31481262492184,294.14924970133467
653.2347304576026,372.5592182659726,89.33223418151478,294.24819466349686
654.3152920170722,371.300115786481,89.34321964052096,294.3134634629816
655.3238310255055,370.9052183544971,89.34191932845877,294.3545506503839
654.2440879834267,371.84970534882507,89.35059436866955,294.44086824148445
656.1307383089012,375.767346382249,89.35169039262739,294.4942763505324
654.6971473231669,378.86758485805206,89.3551345188584,294.52091682142685
655.2115596429035,377.91248699713077,89.36458580313945,294.5587392014503
656.4294248216547,374.30947758481386,89.36897287453388,294.58952395666915
654.9825964202142,378.0926980959914,89.3716129730858,294.64728330157476
654.4122507967338,374.43917329121706,89.38587869201464,294.71960690533786
652.9797018758401,374.6517961593777,89.39285208112703,294.7823794627629
652.6449293926023,373.33526986261415,89.39489913500756,294.8646752808542
652.6051772787071,384.4933818013509,89.39519918521253,294.89134765267676
653.3748733599356,385.36854260877647,89.3986882294494,294.9339509610083
653.6729651356753,384.9496084118042,89.39729104539052,294.98508550040333
654.9340012863419,386.9927037601828,89.39517385786226,295.0311854171697
654.3617228664249,385.95644825884233,89.39228738985148,295.1026565852174
652.960814024664,385.81032935579094,89.38756584695007,295.1420177803548
652.1727983270915,393.7261927552751,89.38437673638019,295.1712291708599
651.5117153185918,397.4278234636996,89.37600394565827,295.2336229184513
653.5832881310117,401.31355644199175,89.3640341175792,295.29719544011897
653.53343973664,402.40549341397036,89.34749166102279,295.40023388264393
653.7590094950317,402.5653187255617,89.33664584957943,295.4847144854207
653.8981520423449,402.9841663775932,89.32727994385131,295.65451814320784
654.3640137884105,408.8942246920436,89.32612881384001,295.74658781739913
654.3657998545367,411.4864866744803,89.32131142655118,295.79599056058
653.1628107614691,409.53867599370477,89.32172946413621,295.8690320359425
653.529228617824,410.79310065841105,89.31171926562452,296.0087390706963
654.0207920410863,413.2835957073022,89.30834398420414,296.1250092984021
653.7626743300109,415.2026466349698,89.30539659545246,296.1791599733213
654.2321125751645,414.08851825416673,89.29248889177417,296.3534214186007
652.3443118633617,411.7890689756606,89.281733107003,296.490158916541
652.7211258235374,409.92956625399626,89.27142314215922,296.5717586593622
651.9972789075722,405.8828593078294,89.26571019115946,296.6066530810757
651.5151222431375,416.60650361356164,89.262882164125,296.6285449912749
653.0423383491816,416.2038137548669,89.26163627021019,296.64490862764023
651.3391444770659,416.41986587181606,89.23565111297694,296.80757422029217
651.6581409982614,415.9462023383456,89.22589266400362,296.86819866472194
650.7724977773341,413.2006777324232,89.22369450130853,296.8831323509565
650.7899544745604,416.6508499033564,89.21704471076563,296.9645600139181
650.6070143893365,411.68914843834744,89.20712970201375,297.02463686676526
650.4489759052119,417.87947469413825,89.20557158392646,297.06798284340647
649.260446399333,418.571642438291,89.20220823709566,297.17919271259336
650.4024182915251,413.035235347705,89.20813709101364,297.30687524609107
648.312569514131,418.24840720717634,89.20683528090859,297.50098645913846
648.605152528211,417.7691854633433,89.2079128805797,297.6402862802106
647.5651060279941,417.63633310805204,89.20087620015991,297.74207754392035
646.3667085366708,419.71895278928287,89.19979552004415,297.74950548409174
649.3616163380759,418.67254591070946,89.1983956371757,297.76549163413534
647.5353309431163,421.8078906840656,89.19779660661246,297.7729230808262
648.5774400508803,425.5014176610364,89.1975087989639,297.7841115636599
645.8646010751852,428.42527078105036,89.19681066894988,297.79048322612744
648.5779899148151,431.26027895610116,89.19534987729926,297.8033563485562
648.7307231029328,434.9451623956995,89.19392406562228,297.8106569130489
647.9096141086749,435.9514028901578,89.19071430859306,297.8233522086854
649.1910166967912,437.980130769285,89.19543275842426,297.82787340039266
648.2801089201139,440.217848707013,89.19447508286835,297.827472386884
649.4478697847343,441.4814935612722,89.19500350203364,297.8216288344571
648.927888787856,444.6010131456218,89.17779821764347,297.77678356894256
649.8069347889749,448.8778007447998,89.18316178269956,297.5803287661787
651.3379628417003,451.0746840725432,89.19132531092404,297.5055376895888
651.3025926865364,454.00002728635695,89.1952352521605,297.47141445443685
651.6055024699716,455.86763161812416,89.20368188929255,297.4377977829656
649.0855028578538,459.6300781282664,89.21268863224878,297.39242323066384
651.0207326610129,462.12303642692916,89.23333548108863,297.3126344975414
651.1116905666204,464.8356483039297,89.2377601049511,297.2901427748284
650.4962934659964,467.3451873372074,89.24795845665463,297.25464307746495
650.3676523926689,469.0833827670448,89.25905924930225,297.2238631369978
652.1654327662751,473.78275292364776,89.26729916039177,297.19734689819
653.3176222102957,477.2604695708459,89.29020702208851,297.12568344493656
652.0699708742513,478.57269565789744,89.29933800884359,297.0978868057763
651.4532496545874,478.1910220077641,89.30559917818961,297.0795932603391
652.0264514277832,480.8336583830756,89.31720810048061,297.04746919213574
652.192755942389,483.1211871146406,89.32823951702913,297.0186264381226
653.2420493518424,486.2332331050142,89.34397540656138,296.97444880177943
652.2069109492934,485.4619320336451,89.34647904474413,296.9673597263297
655.865601216082,489.9229367288563,89.3488884014843,296.9610727853784
655.1785000916179,490.9854181786851,89.3513043925598,296.9551779230176
655.6756784009222,491.4315707301075,89.35303004322812,296.9509095412948
654.4743548237548,491.17584917027733,89.35524915005269,296.94511798223846
656.6101833871772,494.3343590021116,89.35633111876862,296.9427366807257
657.1209842860299,491.48754991920094,89.35864396108393,296.93725909267675
658.0147202456548,487.03875269790467,89.35924139509716,296.9357760549602
657.0195045204453,490.33786252151293,89.35935662128553,296.9354674602163
656.041573127907,485.4723515851557,89.35942253848685,296.93530685423366
656.4624885810273,487.4514750510116,89.35944405387289,296.93524774805246
655.2644605470143,486.9053149321819,89.35947856688053,296.9351666581236
655.8707275326262,486.8722281398502,89.35949308774296,296.9351307206411
656.0989701531829,490.3808327352498,89.3595003537321,296.93511353018056
657.0104972175415,489.8188573974271,89.35951033257622,296.93508945754246
656.5383442922478,490.0999498455328,89.35952027825697,296.9350707443587
654.5405682655592,474.20376026484746,89.35952812743365,296.9350577181463
651.8453482986786,469.76285877266156,89.35953111794663,296.9350509567074
648.9797759619871,463.00775476108345,89.3595348262211,296.93504210241764
650.7214101703557,472.7994997783825,89.35953620069445,296.93503878249317
648.0142681114216,473.78932154342783,89.3595384473762,296.9350306553645
643.8085175853589,475.11341644464324,89.35954223345954,296.9350201939447
638.2126433184413,475.52694065368325,89.3595473423925,296.93500949932815
636.9606277521533,467.1588470965051,89.3595535293554,296.9349990688564
644.5469877990874,455.0259782591526,89.35955486530833,296.9349956482339
