612.5,361.5,20,17
612.2905509943366,361.03435492846955,19.90062993276123,16.778121256160965
613.0719100319124,361.4017411501417,19.63392902756212,16.693047964332706
612.8704428060552,360.9414743083011,19.90205031957234,16.67478417410637
612.5180585425525,360.6479236148595,19.81877761256132,16.66632673883448
612.9684383602269,360.05286000095845,19.25427641842219,16.83283061935425
613.3609940391585,358.9397336434326,19.035830054321938,16.621795050104208
613.7347956497192,358.83564511549974,18.846094360208642,16.393749850739926
613.5517621870794,358.281296167641,18.990674597828125,15.855374715985604
613.8574978709371,358.09393691546506,19.03963741657124,15.39901075707305
614.0738293653915,357.8161835676478,18.63750777121593,15.40735372780834
614.7428829819016,357.09924642695483,18.708474487055778,15.161974192589621
613.8204376589766,356.9602696074595,18.922538898088362,15.161477700163893
614.8155767096804,356.2738552897901,18.962491795673678,14.887783455902197
614.0407861726057,356.2888321939408,19.22339946894397,14.98760363692061
614.252122804771,355.7533059027387,18.918944246570007,14.973817828974429
615.179365019059,355.5432729672232,18.740992563355313,14.600807244412414
614.5161810043733,355.19708363716524,18.67045648181832,14.784500256086933
615.0907285136099,354.72078524427627,18.408887260235428,14.973045306463694
615.9293506188915,355.03165636282927,18.12435504670436,14.959587960009479
615.6078058263699,354.5451055352813,18.175189873866103,14.808813758705835
616.0657889965752,355.33627238602713,17.83357108909298,14.722852876161006
615.9941377420976,354.7691652008652,17.56195675487243,14.648858208704112
616.0828651865426,354.98117938202626,17.311747207223863,14.593987071275608
616.5961059832409,354.6831222477999,16.976829518112538,14.643974258810958
616.8608875565568,354.8897704418619,16.716282905570786,14.60313421266879
617.0854456232247,355.14943432072783,16.763709583628717,14.726178943912503
617.3421635652533,354.7965055320237,17.21394192676734,14.421817424183315
617.0529634980286,355.52084138348744,17.316596472675627,14.278894183932799
616.5706763920988,355.3551073409625,17.767869848449006,14.093274570999903
616.4519355389356,356.2176844147011,17.70184029283535,13.831824651923831
617.323630065074,356.6458692529113,17.597398846645262,13.891539026635698
617.3523854447163,356.52414168793604,17.491605926005665,13.83447537563954
617.069570241324,357.8897625822372,17.274461824790922,13.800409805069961
617.9033567034169,357.907722200998,17.276023040619677,13.798602071060039
617.6554235202748,358.1146874896324,16.935095626577137,13.670064702056637
617.4840452569342,358.6054936879547,16.903638070301913,13.545949163055088
617.5756765394507,359.40226379437007,16.72349665033852,13.269951026335196
618.4260145516544,359.07678625564574,16.44337919774664,13.19245592468377
617.6669239059006,359.9903294881558,16.381245137768058,13.1749476399768
618.414479604764,360.31493666238515,16.109796235654468,13.61129921616255
618.4626975444667,361.34698617606216,16.07927170143286,13.951339469127834
618.3417558101406,361.0671717471853,16.088781619550623,14.344948395445996
618.4065131113246,362.23539746310803,16.34886371785121,14.213543617348014
617.3343147896472,362.5569234815578,16.50291810179878,14.165739683590196
617.491306790242,362.9394640842309,16.833336485367152,14.042324532969714
618.5064866390991,364.409695568693,16.974101961221834,13.728541461353903
617.8345350643723,364.65455921165494,17.0779346484485,13.514472961726787
618.5192356663556,365.1956807151575,17.272234120446242,13.360034961225818
618.0263393932802,365.2837131764576,17.239815897897465,13.127147123995453
618.6467132608377,366.5175986476187,16.856560728890962,12.971423424791492
618.219226386488,366.22886628761296,16.924073971628033,12.861211953473056
617.8045109794376,366.2370490929901,16.64435056133312,13.002142374432179
618.3685944664161,366.6168301167776,15.968622746531082,13.34706488496268
618.4222130818475,366.5744458313529,15.574386468865624,13.585391248118107
618.0538805212786,366.74888817516654,15.671039146937897,13.510018149064164
619.4794767585571,366.9046411247193,15.470018190706707,13.429166906845683
619.1721086341992,366.89401090913634,15.484074922630267,13.056724205143892
619.6471721016073,367.04424181378636,15.28123549963938,12.996908147200939
618.7953941905633,367.4951755645509,15.186831755611086,12.807146456314111
619.3991979305896,367.3294868969824,14.933608721702637,12.677561317104846
619.380623739388,367.32519119925405,14.902975804753272,12.579749495841945
619.4080944585546,367.2185295969142,14.701222761920217,12.658400118372137
619.181358752758,367.2640419925189,14.611157987295247,12.745762283615997
618.7915059834479,367.33148202342454,14.694533753443,12.757671027527932
618.6240064022842,367.20833257747825,14.44864577692693,12.9007518035544
619.4280190177225,367.04106376968093,14.302081494040754,12.706475639794867
618.6302395644464,367.03327587182986,14.229276114170164,12.47957929351593
619.3104751290689,366.1079042357444,14.31425445639881,12.569535436284653
619.529293051487,366.4586951595926,14.163131940114816,12.794710447413946
618.4522066466911,365.5223955529764,14.337422986248487,12.50219048950379
618.5453931629013,365.2029557555221,14.345241081843493,12.60988022549893
618.3697749009013,364.67355743011893,14.368276639723742,12.54441311287754
618.4443566971394,364.4309384734144,14.156280676847214,12.585836748637663
618.7008653051482,364.27118439396145,13.943972648813883,12.708729286096005
618.9204225879,363.96029730691043,13.730307764592444,12.943162735729882
619.1203280263882,363.25183051378485,13.750828395537422,12.904717431943478
619.4954162071488,363.1406328344435,13.766482312412895,12.986543252748106
618.9154097455454,362.8784084862375,13.687716286835585,13.115038502533457
618.6969709734985,362.711080772635,13.627038098202409,13.3287460993595
618.3037137675227,362.20226790657205,13.524478721034267,13.624820890018086
618.8054355590602,360.71505086309253,13.497663858719616,13.533659111727456
618.3596040448064,361.1175025359083,13.715421872235616,13.203043514432816
618.9628424979418,360.0539773459014,14.036673881179336,12.533363376105541
619.0796826586758,359.77653845080545,13.944051676862445,12.071427530471244
618.7228443106699,359.6920342915664,13.763366400065486,11.786075959918888
618.4344346767656,359.6744451754744,14.019840713145012,11.619333697665706
618.6929462222234,359.0120950220936,13.768533072277764,11.695017481066063
618.3005262023536,358.58906521681837,13.819899811083525,11.74219466678518
618.2550569633669,358.3051891882062,13.776870487128384,11.719497271609221
618.0302301543499,357.7737914106148,13.834605356545339,11.571160419603617
618.414062715246,356.91847831616127,13.865836309048028,11.665286350065038
618.2508926577326,356.9027402099415,13.745562218237703,11.770410426667508
618.6935096424718,356.48929505616616,13.294724366684989,12.162903573211178
618.8813059066184,356.02074685743105,13.09319061846567,12.485256320721923
618.7019028044978,355.21442026073487,13.130116929165714,12.756632391616655
618.9339177907349,354.82067863423856,12.826455101203585,13.155192029392072
619.6769495721767,354.93700232540556,12.860187432942798,13.013151776095429
619.2710914046652,354.0248999360935,12.591378727339446,13.436581479760797
619.3651960517996,353.8147562808743,12.686645189715865,13.313241230060525
620.1585136578193,353.9606146075476,12.733557402946403,12.86335298257094
621.8307083108285,353.4016027271127,12.336335016636138,13.190309262399822
624.8732732018702,353.15553638842306,12.289527206446056,12.910941173501758
627.3993589861363,352.1940833249734,12.474846768742836,12.947453634133709
631.7307852962836,352.19139299604745,12.889473510936035,12.864482468596105
638.4172426002639,352.52244281249676,12.981756466146834,12.726707848858151
644.1209162161747,352.35931888169506,12.96443628052883,12.64731445269866
649.5051815983859,352.16264688635283,12.791681120354488,12.693653433731903
653.0600123220551,351.66123511826106,12.412073097851419,12.946561608510997
655.3619549499457,351.61889317329076,12.239158510862733,12.845862953457251
656.9683249510955,350.92505649237506,11.901944221530165,13.054131341304888
657.6128404874646,350.61052771723763,12.023939268977795,12.726906395127425
657.528897429138,350.87272604362244,12.299084823072626,12.838116806128177
657.1334866023248,350.7934510238756,12.488527857028373,12.624302950443948
657.9728034436172,350.31428783102916,12.582720011578957,12.594911230820689
657.9521112175295,349.78373682298417,12.816769772468174,12.152364488976097
657.3773339874269,350.3839642914487,13.072807215308814,12.010914097258784
657.3068539469771,349.9970900693547,13.192917055024214,11.905628558693042
657.1568183265442,349.3793343606559,13.014431990719942,11.77849876076629
658.1125739844622,348.6712634542771,12.7457709546921,12.109715160392128
657.9778069617582,348.6741162183322,12.513637142929925,12.429462079219576
657.8790220034734,348.8217308489994,12.480284896966527,12.669917105433269
658.4690430132218,348.4843063171387,12.670391059385015,12.784483700358749
658.6944765024881,348.0108861612283,12.300090181628727,13.104520375628685
658.2249527596455,347.5797418566606,12.47554530491019,12.724251697547958
659.2011314384565,347.4926466079704,12.39167447091642,12.901930709267805
658.8129907474569,347.4399992930376,12.286337949206114,12.995919618588118
658.5232013516005,347.40823428899154,12.278607141996176,12.93197955059614
658.644636982046,346.7972945282655,12.173922857418901,12.870066576320585
658.7818059858649,346.9384425338208,11.921580576753765,12.77974550312583
659.4754384348566,346.64861417821817,12.11068842142321,12.75395569686357
659.5950669811522,346.00598872340413,11.810378037868986,13.039942485436043
659.6742263839839,346.38188040607463,11.849256788701283,12.98518751860885
659.7938547703627,346.5593833779477,11.670909894406105,13.015029782098086
660.0589258828078,345.72726723316185,11.540747052269243,13.084119826377066
660.1861394639301,345.7526156405331,11.599662342074044,12.8875813982227
659.8983197559922,346.19263894338394,11.75155216206909,12.634425451853291
659.6774782842623,345.9128533465593,11.899680680289539,12.270852185778157
659.9171953426386,346.01139613598934,11.649618260247522,12.388787019124745
660.6017615663352,345.72041613167016,11.577331487369126,12.537819121249846
660.1957385323224,346.11630766852085,11.587629279637893,12.547699446291187
660.6639515035921,345.97406291654994,11.548015776063295,12.326039598636125
660.9484959837121,344.79210247590595,11.540229596928294,11.966568231770403
660.9163097321176,344.9997673984634,11.478913815481677,11.940185873533038
660.718456550771,345.16157516410345,11.462609717083104,11.39320673413103
661.113746861594,345.78920421251877,11.373087185170185,11.0048347166117
661.0876585055778,345.51118830826084,11.015322462342365,11.130069216444166
661.7604898443677,344.8155341115621,10.862774065463116,11.171051429383596
661.9184113621938,344.99790743664477,10.91380927111164,11.265784826444222
662.0656793994949,345.054254748121,10.882863115122667,11.226035157529381
662.2191490865374,344.92891938429483,10.835160464222346,11.319921216617033
662.3137553955127,344.75013743009555,10.84636922428837,11.37737544054818
662.5417501346029,344.52787519116646,11.090150137095193,11.060388711779515
661.9670078438023,344.29202461507776,11.297523286143928,10.900036965549889
662.18998155679,345.0368476595975,11.362810799267002,10.865179561355358
662.5655568373038,344.8352431616782,11.279968555900709,10.901364910362492
662.1092845899627,344.59724917828055,11.142644109275729,10.933818979757936
662.9960595583968,344.29098313419706,10.990053692747487,11.176823966408126
662.7573302229599,344.8447688332262,10.911875242420795,11.150357442960766
662.6683259770535,344.53583907033226,10.841079314000806,11.030703486178071
663.1441532074921,344.59133363030315,11.10268955687429,10.919056704069016
663.3769533413968,344.04747848930936,11.044943399067446,10.986182521983444
663.6528292904121,344.07514878754074,11.07662351979374,10.9691392881463
662.8957322526362,344.1683315349529,11.198270941597803,10.85950218198904
663.2829035010452,344.1912531378985,11.38192922393183,10.792335714315332
663.8544146935865,343.9927415839968,11.234485425904403,10.858140698682725
663.3195642567447,343.8451221638751,11.33175350740145,10.846037158640963
663.840363684932,343.6655521881389,11.472113087992643,10.8181910928861
663.5592632266595,343.527519407718,11.519958702680631,10.742146148623863
663.3051700405014,344.4533833792676,11.418260753307228,10.849331889415922
662.9237316284726,344.28546117802597,11.404697433779683,10.851825395063923
663.540762228431,343.94066039650113,11.38509612995029,10.87822508957945
663.5738719673801,343.63088456638576,11.261002535005561,10.971167507847735
663.7490418402092,343.3560684598537,11.155730534794639,10.96322300496567
664.1502642354471,343.975014882539,11.004642799029225,10.860324308803072
663.8323714490001,343.9971928592186,11.098792381780326,10.745442873147054
664.7943555056894,344.0707117349805,11.391800911010451,10.886462836324021
664.2781112097133,343.76390063253416,11.625805773600277,10.823583409479845
664.5658185166068,343.4928895178595,11.41720720366693,11.116785468068958
664.9043646930137,343.2477954702461,11.371609313343159,11.21066910491611
664.2010145711704,343.0896706630002,11.416989061424465,11.205798189040962
664.6382105619246,342.73846972798265,11.454420352621181,11.378365430970888
664.775439033105,342.8432768699012,11.339827657105486,11.396099519473964
