597.5,281.5,134,84
599.2320854680331,284.89032981643845,139.28244924215653,81.25998835067418
599.4364643946041,286.9481446761273,140.22618312542667,80.76873969666508
599.0171813206557,288.8190349709538,138.16102913286625,80.86047618159705
599.605806306509,290.4768684547767,137.87991407412727,80.47821342118081
599.3829151428072,290.7792639795494,138.2342206540053,80.08389123011588
599.6045518157704,292.11166061575256,137.8833427403722,80.24247795114835
598.9894616401358,293.8783958165055,137.72632357057654,79.96472339665789
599.2870065774277,294.9434679855498,137.25173618281767,79.99963242618404
598.8002135358711,295.157119788357,136.95300473720644,80.86850418124908
599.1275119269498,296.59254001268687,137.31110732066486,80.62158321958893
599.8559332745183,297.73729306769013,137.1198116626523,80.6633013126922
599.43424419727,298.2151633043525,137.36689094372448,80.58913511247687
599.4041422361054,300.3239861088322,136.99413092853285,80.7737250114826
599.6933695160523,300.61568977692633,137.03197450773425,80.63783614319745
599.4160978529997,302.4028085407843,137.25087326086623,80.57634185011587
598.8749014137422,302.9420319526922,137.5459802750279,80.62946441182858
599.1020487633507,303.9235144445746,137.22827128824375,80.92226915767813
598.9668416524667,304.74901115450297,136.57870730862265,81.23774347597296
599.1525632759408,305.32472390460214,136.21600287559613,81.12535806442818
599.3254830786232,306.80010503810803,136.1522855544054,81.08414837157407
599.0985345860685,307.89144109091075,136.29696490769797,81.08825147348819
598.768205364386,308.7258805122107,135.65083776756688,81.42043883877393
598.6200582440953,309.81052888286683,135.3189989496002,81.70369870756916
598.6718442843891,310.4110424716872,135.8810615607279,80.94869332520119
598.2601082387692,312.9339368494876,135.52939911236322,80.65110689351404
598.2831491763603,312.88809938302427,135.556622739715,81.00127709764658
598.7525307532227,314.159390841347,135.48747472356737,80.9608337493301
598.3934852301621,314.13890837685364,136.25644679041324,80.74505709496941
598.4932415884354,315.9696546552064,135.5965950045004,81.53147246291597
598.2509009017269,316.26002578552567,135.616738965989,81.52363550432518
598.0679511803459,317.4349342412313,134.7194624443958,81.79879928100894
598.4642436933686,319.0630004146134,134.63420508224874,81.73618104290267
598.1193500338757,319.48512451313525,134.59014877664276,81.83779716566025
598.1852146248725,321.68490170917676,134.92452153909568,81.24276767210637
597.8253506604302,321.7658756000808,134.7720317531936,81.67366717795308
596.9152023992498,322.0512329685528,134.48155399691387,81.55566745045995
597.2742918760671,324.1036370654333,135.22849619329588,81.05240554423561
596.883708068643,324.12522246890643,134.599836933411,81.60215080870432
596.9187451616573,326.33943117304096,135.38086766252468,81.01882283601266
596.0217542313083,326.2608750180845,134.71791864744466,81.87150853545572
597.6251112876142,327.22764220194415,134.50405340797107,81.6447431572995
597.6467614133428,328.6033755182398,133.51985616859892,81.80427916066401
596.939058032617,328.99110104731307,134.0876329060941,81.3604290367845
597.4583078423393,330.754638743798,134.3545250751321,81.44679272691393
596.8359094017537,331.57046533484083,134.06028258290553,81.8053462632731
597.0965644644342,333.1721717396439,133.975554456608,81.42107960997808
596.829449083108,333.0851389196243,133.9757630072319,81.82454457348067
597.6282244963817,335.06764506649114,133.3864335685478,81.9046811292343
597.7299786380952,335.0205703164158,133.64532208563884,82.47871960500527
597.2100693603485,336.77637073660424,132.87743607322304,82.1370947606458
597.1148151432202,336.64557192318034,133.07621719538398,82.8583505035958
597.2593249142183,338.1951035293946,132.96295360121624,82.70667975485141
596.9606955775638,338.8229520461021,132.61836810919993,83.17504230319295
596.5069106479465,339.8647762876868,132.4230334102529,83.10878049490455
596.5299761156193,340.995778895972,131.75785244896713,82.6899295895142
598.0151295506375,341.825144206878,130.96371807381914,82.73316441894283
597.0701298029398,341.87375866453624,130.8857550657812,82.88425769248056
597.1082169849251,344.43919901958793,131.97846700571236,81.95711757914839
596.4611427011456,344.0211312740624,131.812672994002,82.70730607070921
596.4436928271882,346.49817278761026,132.48213326733423,81.72608528726587
596.5199497193369,346.8336291564993,131.59495665220732,82.61342667222183
597.7539844216113,347.5095644621335,131.75587980518395,82.38389352147134
597.068902996311,347.78468922046204,131.85987823374955,82.47498825406272
597.3680072331683,349.3804947715699,131.7251611402495,82.99341223752512
596.6031850706806,350.65533601325245,132.11399509477948,82.70250355787094
596.7348539808859,350.66177077184875,131.95760800445447,82.84360909530007
597.1575927244651,352.31785441877787,131.1437078697304,82.5853291686903
596.6442013077458,353.85654416478377,131.11993082481962,82.36111148850719
597.6532801116538,354.2581937824063,131.53448815612114,82.51354489686635
596.659305337027,354.24252289964255,131.6955073016651,82.6982336628736
596.1809485731861,355.8444927742713,130.67393992743806,82.48309181667696
596.9104361519305,357.2282762155206,130.32115831242973,82.27555348718732
597.710146884582,358.1312122037886,130.06079763051332,82.14520038100514
597.1359294256007,358.2555728665328,130.13127026915598,82.20731173478833
597.944428659733,359.9008451756906,130.11422616757528,81.89697670547734
597.2045636671562,360.6695663658458,130.43343428783774,82.54904753164885
596.7580064207762,361.75021619107434,129.97231062809405,82.68116938807353
597.778253753405,361.7525883339148,129.81899629120545,82.41841560904167
596.8680123382593,363.6016639021735,130.17552240782047,81.69229558900969
598.4058879508841,363.60002639185115,129.66959563973944,82.05758323439511
597.6929081257305,364.5899303882428,129.33384691125474,82.50289583372913
597.6011179939395,365.83906869049923,129.24527272442023,82.84567986764398
597.5786631313179,365.83427791690673,128.38927397950957,83.34328961330964
598.7781374256957,366.6526002692917,128.133527695594,83.24172236119921
598.9077470404643,368.7110932614729,128.56059884939566,82.45627076251803
597.6580543212358,368.7570989892312,127.98605307065924,83.68216556749178
598.8563285109565,369.1536951418272,128.18600651845776,83.09727821885515
597.82111160127,370.0317381660706,128.0743460022747,83.32904057143801
598.707294856384,370.0533915997413,127.59521097932091,83.8682211680477
597.5651134017921,370.6787854379432,127.6066358754278,83.78934210866359
598.4015018504967,370.77368845527997,128.06841074155307,83.29324950058003
598.6038761814139,372.1769158603745,128.85844672098483,81.98941884448182
597.4467131426878,371.5076094324892,128.34640065183038,83.14521400272753
599.0184347039877,372.0919119968952,127.6983601037697,83.25242018849825
599.1440979885681,371.9213523028228,126.60878569897301,83.77646286379623
599.9387185648311,370.0637329273319,126.63421625360034,83.73450447313073
599.3308072790215,369.2788622929445,125.64583021277738,85.08695413345276
599.2586667818703,368.4236705182481,125.75642532543537,84.81793740570774
599.2493670589,367.28250990077544,125.8175756257609,84.44301371992253
599.6872856601564,365.30511672157496,125.39519777550295,83.8441349171907
600.0993980576939,365.05326031289627,124.43177068369414,84.33171196744584
599.1634944674223,363.2343736555148,125.04765483147658,84.43808913161973
598.5063787919817,362.1523983218745,125.02575937800603,83.59909127633259
598.2645237852307,361.1655241013825,125.72885430018405,82.19443843786712
597.9675434178216,360.1162212330458,126.30115638533428,81.66417273365307
598.4317829003166,358.1871856263088,125.17284854229908,82.15092465315126
597.2487596447398,356.78402374713085,125.42204229313778,80.85176964792689
598.4759829256718,356.23024539789753,125.54332700873971,80.52158113288485
598.2581771504495,354.97965471447804,124.99014780868086,80.55601283160249
598.8545719650964,352.6670806781828,125.15816369086156,81.05368468883049
599.1160080804348,351.3020217871893,124.9649505049273,80.74009271587366
599.4069415251984,349.5824526450835,124.24435420701694,81.14575798525371
599.5344987306878,347.0972445392441,123.60894413196604,81.78644225570926
600.0084963000215,346.15732091711186,124.15366852435776,81.8659959351774
599.9479015487339,344.6920379967585,124.22401058597515,81.24994617529822
600.0144547167408,342.545373079943,123.57386495095,82.22928303178685
599.9871747750808,341.78877320697643,123.40324273313938,81.46830331910182
600.3314906465498,339.8162928118379,122.42394274107119,81.43725164104077
600.6618659839373,339.69063396352306,122.82018721972338,81.35375851446834
600.7715207295649,339.0656948811985,122.60390794269388,81.38365882343507
600.8271946403081,337.93021405535313,122.99147376695186,81.50351840908581
600.7036259500142,337.7138230468678,123.77040247692364,81.56839319997084
601.3357882685151,337.6050239014924,124.11094505984664,81.7803333996757
601.4711121381254,337.845615864191,124.17408607318208,82.20756777204613
600.0522209779238,338.564341765943,124.42543045298783,81.83166169817926
599.7043326279203,338.2895935720436,124.48355487504827,82.63285422555208
600.5654427716083,338.6135575487193,125.02249138508114,82.04127688707626
600.8024647491378,339.2199883788772,124.5880896969513,81.81587786656918
599.8162997409762,339.3869917283312,123.71987191321043,82.28471748018396
599.4738035125873,341.4035145440134,124.12674939548947,81.12567716650764
600.2039823231089,342.73767977481964,124.02692179325274,80.35600200026711
600.9920302737748,343.8782323471787,123.70231684250527,80.11921743889248
600.1822217964996,345.3364367916229,124.37943475549864,79.43124668896604
601.3295081342837,344.82730529442375,123.64411362679002,80.37551984500247
600.5454640963638,345.52501806247744,123.02921568158786,80.91965722565082
600.429748954769,345.90262180839215,125.12563202682728,80.18673375169718
600.7863348758813,347.8160451850499,125.02795008471503,80.22627508088593
601.1197306997432,348.4645154450034,123.92979723856602,80.54065457974721
600.3681839241475,348.4797542685574,124.02103533054395,80.61083149743715
600.8960922617713,348.7877531957376,125.30549656552898,80.77891754591255
601.6367413408964,347.9088779190898,125.21364049349864,82.9474542212919
599.8717084565413,348.0588050877865,123.39561656723185,85.04505176149252
600.7634856675493,349.1140925616986,124.7119368800945,84.16536172329798
600.5057347211203,348.57910520781115,124.98784487966279,84.38771361927868
600.4929517506339,349.534321836861,125.28299315181627,85.75731418800692
599.7629579167827,350.13342690834645,124.9238251264645,86.13493474304943
600.5497269649384,351.3918265521179,124.15294320385925,86.20970106448476
599.8296587022425,352.2952643199785,124.10709433095849,86.60530942120434
601.2698707759771,353.7834669916513,124.72104779655672,85.35353479132155
599.9493867345891,353.6039131604971,123.02391544598319,86.40082909913775
601.1282559431437,354.7779365570234,124.56563424513676,85.12148095072327
600.1377914544908,354.8031310176468,124.21307118180866,85.12307842206388
601.2718494120393,356.81805197487284,124.20152703642599,84.9426050798469
601.1821265295146,358.07792135951,124.30818204465368,85.29074641654483
600.4735109340371,357.86959870294135,123.69270196813727,85.49318877431696
601.4457713200565,358.94837736888155,123.60367593372372,85.51173050440258
600.857944717367,359.38985441107764,123.27729423653011,86.20707117403865
601.1218096695545,360.51037527773997,122.3722232703245,86.44585040743456
601.1557450339138,361.79031294274387,122.03362970534968,86.5557674911384
602.1681046169817,361.7041658355767,122.12528240925477,85.73273405397198
600.9853606077531,362.84813959957893,122.33821281624668,84.65160963654799
601.219561400986,365.11352379487926,122.97244971282836,84.62914727240604
600.2398684891036,365.57230333089166,122.15965140306346,85.16233640556622
601.8925269781245,366.70190560101344,122.07392723469889,84.72700383549936
600.9786813472007,366.8025495725353,121.98425652183018,84.93386304869406
602.4411158025523,368.062667566738,123.16120474216956,84.57214775883608
601.0204628728045,368.51758590298095,123.29574328103217,84.5299040171439
601.2989567836106,369.4938525396109,122.76737102911571,85.73169909013652
600.3087700744561,370.3221109044298,122.37314117594036,85.6633385837958
601.0820603924155,370.7129514414456,122.92362932664255,84.71194554742189
600.3791444035485,372.65656918615383,123.53184732599078,84.93089215639421
601.13279150529,373.43833578025135,123.121731939303,85.05686418765868
601.773525752657,374.9004587092132,123.18471689858691,85.06242289325738
600.8667935105959,375.3674890934551,121.87176684527917,85.70106310209897
601.5633715564092,376.1447608505043,120.93567553126545,85.37413565970152
600.942341575113,377.3709598435765,121.10983221359942,85.30911183623118
602.2958462345509,377.64934957911794,121.24372665372618,84.64645401947993
601.7224830125249,378.030490587511,121.76220243926633,84.5111564201324
602.115625510137,379.48989036598056,121.36183993559251,84.92151063936208
602.0904501413529,381.3781978718984,121.78062906603817,84.85084183457289
601.6198355277786,382.11627446329766,119.7801974121443,85.56703617832468
602.451658783216,382.4474945478924,120.53308699402784,84.925560724765
601.2830538574839,381.84161355794816,119.93627036577092,85.31928781733957
601.5444680063705,384.63102522479335,120.36022149791035,85.48637465134337
603.1167674273527,383.974375595315,120.49397634704691,84.64644348160442
601.0085973905644,384.2172962412764,120.13023591143761,85.00502756991149
601.6471842048965,386.47601020384616,120.1595308887689,85.11521748077057
602.9385327981915,386.12870570586654,120.96486494645667,84.81265382305472
602.0003300518011,387.0819151727612,120.57683920106291,84.7605157186949
601.9527585182216,388.76925228801474,119.1130480564912,85.93712675506411
602.941252176154,389.26393726641106,120.16827705112746,85.05332791179833
601.0252497067153,389.2918170816249,119.77685946269162,85.6625043470444
601.9967598621274,392.35160973407267,119.79983041048847,85.09855258707074
602.7433184396509,392.39711849609535,120.12703493455678,84.79026868223852
601.1760086521001,391.73807188620697,119.58960975563005,85.32874143339887
602.4319009730211,396.01630721758363,119.75619916583572,85.28336581764262
601.4564380937386,396.694258935626,119.07756850693565,84.6580589835208
601.9531289696374,396.7117870061434,120.1668033227497,83.31306476932778
601.466744651452,395.8478925530071,119.39860814247768,83.55531185507431
601.9871668923328,398.0598404504782,120.15571929292614,83.14328310648835
599.2514671196532,399.8860721066695,119.94868971154577,82.77045212404649
602.1288591278799,399.21883293751375,119.81235252202711,83.29435187768695
601.7020412661669,399.3165835008883,119.0526591925279,84.2358641863016
602.2185826642047,400.82321842001693,119.76715465973507,84.30546006307122
602.5978286121021,400.72327528054393,119.76071554790636,83.93968586533268
602.3358276104012,400.4530724971367,118.95372544868516,84.09848270755302
600.379661353197,401.97093239766264,117.6589623400773,84.48511498207785
602.9253235804883,403.76941591375794,117.28897997228655,85.42033064336874
602.0356764675333,404.0753538018591,117.93552607121293,85.93697118358037
603.2335293365646,403.5390326273484,117.22470011296609,85.19003571945326
601.7054562354105,404.6913300115596,117.16672964657326,85.36650288645558
602.2421925999521,405.77658665242853,117.20144387771036,86.42789434981967
602.678619371285,405.9411423650754,118.57137817302674,85.20265832316187
601.0006134882976,406.64891372760263,117.51972897785035,85.15522768535712
601.7605250234946,410.02868078889315,117.4744137161417,86.58421494796896
602.759956122818,410.056580926381,117.71842447090975,85.50999349989755
602.2434862846683,410.4924223451601,117.09326258852377,85.33197312695806
603.146195663605,410.06298758224784,116.60111058480081,84.852372551426
601.3821290157446,412.2884303695256,117.01693680883582,84.62811289621249
603.517807400313,412.25695504223944,117.0142629963945,85.01943832404883
603.073900321522,412.63497257058674,116.46082861786667,85.46594056555674
604.0352282069316,413.83552648468094,115.48725051285328,86.75843458406328
604.3334188060264,414.5583716388635,115.23044862865706,85.59544698990292
602.5626262854893,416.6340038003767,113.93245361067991,86.08795860681784
604.1392832688017,416.47115371241875,114.6888448061034,84.72614924599063
604.1065842714928,417.8322798487558,115.0895018508521,84.53028633374453
604.8060382393955,418.0490238841543,115.98266430384052,84.55326866304243
603.343189202133,419.2639763012095,116.35395549703324,84.69981894520404
603.1928599002495,419.8211788723261,116.89266927038256,84.54604439865483
603.8167575020799,420.13236580335047,116.74280545176201,84.0384594264911
603.0754487081161,421.1479587090943,117.11608320643,84.71486705601286
602.4225163859529,422.9752158069561,117.48635877566785,83.58956032832214
603.7111924980159,423.0462120797234,116.27727551821691,84.19063737192559
603.7537179797638,424.286126393012,118.21966462582682,83.1622835311531
601.8671611194125,423.642432990476,117.44774822949465,83.74515219686282
602.0938941923115,423.7569376173125,115.1113497783605,85.90423403053114
602.9850555050111,425.4786936774511,115.44151303858135,85.64653271462097
602.11956737228,426.74490640851945,114.69219269225783,86.08198559415902
604.1466263184874,426.99174518658333,115.05642978794117,85.25714332035707
603.3730660097211,427.98855594221357,116.5474925201844,83.6889384276821
601.8304848588759,429.6974730383269,115.96275011301253,83.824191231534
603.6709372886357,429.0344230573687,115.0505215344682,85.35545228811594
603.3153781951755,431.58749095093225,116.25846824764716,83.83347182210998
603.1876663565366,432.14714251677844,118.13906525523203,82.65623276335447
601.6714143522581,432.0029705724148,117.85322562441532,82.85782192769824
602.0095608601557,432.53418274978947,115.58873168183933,84.51626759095441
603.5994462228437,432.6567952556378,114.98724831951597,84.4892089007738
604.0412900289908,434.4546594328896,114.62636609996362,84.09222079018184
603.6996609775572,435.23171228159697,115.95229650316963,82.68394980694141
602.1332975196955,435.08797998794233,115.21009422921108,83.06857567982993
603.3810129026899,436.0254875022751,114.06371470032866,84.5958388360551
604.2571051241706,437.80023993252263,116.33263316264069,83.7297293613022
602.8982673867748,436.8302848506455,116.04412096004869,83.76570719206389
604.9642543873956,438.8174850850004,115.573832663992,84.29789327502044
602.2242747642945,438.31600759448213,114.37283697702777,85.06788895577729
603.2213042097122,438.8243678029724,112.95454971600279,86.2994457261442
602.6853456820156,440.25373772197327,113.49395887497249,84.83407794701083
603.4578673298472,441.7700219746021,114.01419983147608,83.8083544391592
602.0870997601819,441.8166463592381,114.55622535014025,83.43319095888864
602.1170049809457,443.3651273969651,113.31309832021094,83.97026184814112
601.9804385177076,444.15879778373454,113.43253117809398,82.62854208526335
601.9496862583721,446.2740666705591,114.54367241837599,81.36508323579339
600.5511081948034,446.38829672222255,112.75722325605429,81.36727741682441
601.5020646338351,447.4493053519501,113.94502919665544,81.4073971889245
599.2843907745345,447.1805334579236,113.01891766003824,81.36035572755347
600.4136933298504,448.5738977409209,114.00235509091017,81.76793997245667
598.6212925511329,447.890441413269,112.96201502770919,82.89724246645606
598.4119007559309,450.4244713703619,112.92689851931243,83.09971086876808
597.3387048654894,450.3114413750138,114.31337643844412,82.05040324185714
596.5392710883707,449.4311096511405,115.02185609995823,81.62695557128716
595.5057871817356,451.0819647182983,113.54847681392422,82.63882404262331
596.5430084457721,452.0198511198533,113.83776161701289,82.39895471718219
595.4083216245273,451.16027921869807,113.93785663782882,82.62771954362437
596.467957857624,452.7331604781647,111.36961549292255,85.10750681793456
594.9215131164143,453.5237128749692,111.70064579679897,83.27815933316626
594.4733972267721,454.6082804121861,111.79006141540427,82.65816936123335
594.6871168181499,456.8622672104521,112.23031339189731,81.94474761406659
592.4377419865305,455.6143665956422,109.73130228243102,83.23050922805534
594.4890500729806,455.42928047584576,108.35296575163581,83.44327576338836
594.8945988352825,456.4113771534871,109.8790009193689,83.50335318103964
594.3167547092804,457.03903218975074,110.46299026733575,82.2803821002735
593.3414179631833,458.4861939543556,110.84012772113132,83.16889000149901
592.4431387475666,458.9508611952432,111.38724464788606,82.68532283296572
593.3560692844242,459.5111592025383,110.59509608046534,83.60306547956944
592.5073973314456,459.78528434435793,111.56720994825629,82.99391442207705
592.1204162050786,460.51837539035364,111.82640580589837,82.12307264161296
592.1661716340161,461.75583834547496,111.274875180739,82.49877582263308
592.5745604817856,462.86972589368827,110.63814423729518,82.38706193683879
591.4113939860391,463.8984332524815,110.38043134179466,81.68959776170236
591.670950644337,464.2014458994125,111.39851096591079,81.51052694586575
592.0401511025532,464.6290139637118,110.39063694380948,81.9652794185701
591.2587028162712,464.9287005838377,110.40952478453147,82.09582793649327
591.5862068873063,466.65140933519103,110.39215533054872,82.89934470273812
591.445623371543,466.37822112153367,111.0460250500542,81.56224821058873
592.3008055366502,467.27470775830494,110.26498916145957,81.48496912611776
591.0190993472306,466.01070620252705,109.27932522155788,81.66841709813197
591.7170178892704,471.62748015345767,110.64320560192522,81.47590580210573
590.4880545128777,472.4220380132873,111.0771922683459,80.51223544835217
588.4716296078778,472.55629061714967,110.49959085687972,80.14376115904683
592.4233600726046,471.8203064294605,108.4164166782196,81.867101096906
595.9352712190906,471.7350967687037,108.20302634249248,83.18512881781076
599.0660123128583,472.3189472169477,109.42199859984217,82.31334882977383
606.1446165222949,472.1722600469676,111.19213164215084,83.6830947202941
609.3735058778834,473.09390700947495,110.76668916602003,84.19358893271527
614.8477972339206,473.2394597203207,110.69330481820356,85.3087442398598
622.849282810309,473.43541424770933,110.99348384242867,85.83388185122793
629.6102343655516,473.90828681133996,112.51976131208258,84.75061354968085
634.9791622472311,475.8516927259039,112.40468158021774,85.07819056790403
643.4412398574349,476.6602580793267,112.07136002375074,85.49474483000677
649.6477998469179,478.16753592228383,111.70100089378369,85.1699216956672
657.044604140989,478.5059501322448,112.2563159888079,85.58525135489268
662.5008968972656,480.9641497604514,112.54036953722871,84.97115493585122
669.1976927617069,483.01955381579944,112.98714321819742,84.17125180486093
677.4132324882638,483.9219842565511,113.07820045331592,84.99107835660038
683.7749278128971,484.1860811182791,112.83482269772627,85.56999227245721
687.9484002083647,487.56158725283564,110.89502960585727,86.66085555647518
696.9843457228267,489.5562735814432,109.99974570889128,87.10802493340925
704.5435686636589,490.31964569932626,109.44656357539566,87.44426618939576
709.4969426529772,490.28501594558213,108.36944740217913,87.66652083624443
718.7867134639965,492.46950468099743,107.15537666637087,87.86197121804449
724.346382948692,496.6093833465176,106.8833401338083,87.11500836255962
730.5299923467908,496.3906899618746,105.43702454348245,88.79341092373852
737.6883637306219,497.201663052135,103.99575193725828,89.76779037912779
742.0295883759865,497.9680937369027,103.85870135868723,90.5051323615669
747.1309469633427,498.9600013702849,103.33487250489763,92.66623076820332
750.1035277888668,500.95528592974745,102.05353493527025,94.00954255061498
752.7010255638033,502.0362474038757,104.00361613710625,93.12641246048219
752.5925962519786,500.63455270752365,103.8329559674113,93.8675715045993
752.4766363207962,502.7792995371673,103.69086750205351,95.07741885635932
754.9104362620373,504.15527363644526,105.20180241342524,93.70776507423105
752.1597877820848,504.3283323307253,104.414641979684,95.61670788159385
753.7681223559126,505.3661069494637,102.85346442252806,96.83875104562146
754.654957864328,506.9520124904138,102.1085656406139,97.68360303821471
754.1728988016389,505.199365080807,101.33058805714509,98.3715236279971
753.0165385060762,506.5362405187403,101.93352008740314,98.58638335355562
753.4411060322814,505.4113266497102,102.9000235771683,97.54334057007057
754.0468958169895,507.00189081865506,102.35287528168917,98.49808984143368
754.2751260012813,506.0833096943222,102.02466630177476,99.1939120727807
753.3309982418243,502.452807145724,102.21720591645283,98.8609654678591
752.2199386526381,502.541895062053,100.36844992697846,100.37456197692936
752.8497242214066,495.2108865681708,100.26077145148966,100.06381018112452
752.7261260840363,494.32680488333534,100.66284270668012,100.04207944679146
751.789987287943,490.6501490126743,100.39042430162874,99.12870379492503
753.2154879555405,487.586877330823,99.54213450093346,99.46133236370582
752.281710093563,481.652661486855,98.91490443921364,99.28525416394658
753.2050417161299,477.4403496580908,99.01523406822521,98.62927708294953
750.8218523260505,473.78685262799866,98.43644950304716,98.54524083154928
752.9948146226554,468.27554425967685,97.1615471819473,99.41505700819545
752.7280753412277,464.32715035014996,98.82500702417582,97.7747879043365
750.718735750452,459.25144020986454,96.97203312574095,98.60371367807144
751.442460149889,454.18855298909136,96.51958480847219,98.53703950359002
751.1742075360327,449.6482049063352,97.70483557298908,97.32295303055247
751.1945800944613,444.972818801961,98.79735213673489,96.39552795078768
750.1862750812099,438.983573359147,98.44364494254971,95.9461461786399
750.5546098253798,434.06196730865065,98.33158790480974,95.94412340872186
751.1065778584464,431.7122395563186,97.06981081189356,96.6274050738169
752.7618707065652,424.21476056999825,97.28196071135906,95.79923529987559
749.8999256116233,419.3584690876351,96.84123670065084,96.14292559492414
751.2189523874664,415.0785182943998,96.3430649982536,97.412192072447
752.8954416104478,413.0530146263605,94.94606470742684,98.58483484553734
752.6093966940907,408.3671749048667,95.79279018290796,97.00684921894481
752.5028769910676,408.0359545585072,94.34377814966878,99.76957401124267
751.6140421460041,401.35543756142323,95.24242303615767,98.70076505649709
749.9361050054372,403.1413751453013,95.83495231416337,100.24085029981265
750.5242124205314,400.5676628265398,97.37707954978592,100.12797144002124
750.3399506093806,402.2469191429072,98.37422284295556,98.58173266726416
750.796799577469,398.94007000303054,98.48715054001863,97.65537948675131
750.85601526999,399.2436402841012,99.6078171078191,96.34250508891284
750.0325237482662,401.554663193631,100.20611340848427,95.71726589140485
750.2703361286841,402.0926072654695,100.99939881724981,95.21523523397582
748.474301250254,400.77628341203734,100.4677522197398,95.53423257119599
750.3427715074085,401.6959991759569,101.17422830088974,96.47116227039237
750.9613438715803,402.98480301821235,101.54322049061427,95.88217009872932
750.0559436585346,402.60611741828416,100.65204271007114,96.59762831820805
749.1486811499557,404.8854052578132,99.78902241816209,96.54892316832479
747.2469685113527,406.09505402856496,101.03211396657775,95.8881948673914
748.5094719303331,406.43599162848807,100.99563204240489,97.26849732562621
748.4352269917589,407.18496419008824,100.7467640980888,97.01565341588105
748.3145486249181,406.8916756220382,100.82516766361661,96.95426529958178
749.5808517854583,409.11078814257667,100.92909007292855,97.39835494051158
749.3315218364193,407.66977546560656,101.13518328413801,97.36567144168384
749.1667688129028,409.165897450685,101.3100445438594,97.38317140043623
749.261232650394,410.5443475731271,101.55792614045083,96.9336024791757
749.2923467050224,411.49463039466116,101.60135475934263,96.88787473054737
748.2545937412314,412.4516262312084,102.19725525059965,97.07808961949505
748.5330708209045,411.8244350695687,101.95654345828252,96.6918147562663
746.2022136260115,413.3317236636955,101.15076574449195,97.20407134067196
747.3487706109566,415.0674543404699,102.05773407669527,96.28602147088783
747.8000475685886,415.5356920249444,100.74048066659256,95.98396983469635
747.5828175879159,417.08545878173265,99.86382440937106,96.74243683801133
748.839243408105,416.36416142662483,100.11005365583381,96.4921158702027
749.2327996358651,417.656228226747,101.0236909552192,96.55683104200735
749.7279596711209,418.7630308764207,100.37473166232407,97.95966675408876
749.1192840290362,419.861797615858,99.69622418184505,99.00578871840565
746.1769529514222,421.4372982078339,97.9230885236574,99.55888170597785
745.2992457785413,420.20786631549345,96.40657646637366,101.8438335615283
747.1123715260995,421.07677975089916,97.07306245523554,101.29918677494544
748.411178203849,423.5728224051523,97.225263610082,101.83093283393183
748.6448275021594,423.63655438540684,98.38047842689042,100.47337360612693
747.5300551082685,424.0659956128253,96.9959885619624,101.99324791284087
748.4409875141553,422.8437548741112,98.0912282328394,100.10561040223199
748.0194787325671,421.64579063816217,99.16979594629106,97.4584318413541
747.2141495966538,424.91751596929214,100.0773166415376,96.79472189412104
746.7550425969432,426.7357687506774,99.63865915524875,96.62780675684192
747.1234706806331,425.8595465568357,99.09959405761501,96.47468385612652
748.1696653063473,426.50780649775055,99.61038092312985,95.47509366155842
746.2259612759899,427.4472705913794,98.95504053261186,96.4624939521602
745.6699958022763,430.02325182243317,99.24791806855534,95.92474638720847
747.2544549341582,432.2856605421612,99.52292709284688,96.78440560943446
744.2300419851979,430.32895988398957,98.96307560352983,96.05949697018079
745.913717066852,431.2112636282502,98.5691162578639,96.33503034889277
746.0459060329904,430.08584461409856,99.29983202885705,95.85112239788702
746.995278355488,432.0509707992372,97.80870587670356,97.17059584624383
749.583188803669,432.1800276116437,98.06132364382408,96.71216382533925
746.8879989513702,432.55081738934206,95.5136330511807,98.99305259841859
747.7952116189526,433.06789357206077,96.05464404108892,99.8274545866951
748.6797560904963,434.803792004765,95.5836573576376,99.1350623614844
747.7673305248792,433.9543952430223,95.99312777254791,97.40370752185638
745.1027599832466,434.12533467640753,96.97324503684331,95.09296731360948
745.9001010774065,436.50725854171174,98.22488586182924,95.33750857912543
744.4676106693948,437.90340129244197,97.74928955230325,95.16376789463573
746.2257747786853,438.53351371754803,96.85410229060102,96.8260241044517
744.9529338830258,437.5258845441832,97.61075817917194,95.6192010283755
742.8983156648886,438.35139334214534,96.76590402020096,98.6226538761768
743.3818295971976,438.5004974398796,96.86237262603439,98.36133977118195
744.3511229227402,438.30004117592404,96.25996821162072,97.95278784444227
745.3526885744989,440.6813715373755,95.54188014769666,99.87665389689937
745.0809437796141,437.8724478406896,96.41761148126928,98.19140738005396
747.2136143975802,440.1304275900948,97.49260799863302,97.96098893883013
745.5336339833702,440.3990391769651,96.53225346602997,98.22358457889035
745.5173967461086,440.44756836357834,97.92135969638213,97.27217188370733
747.3900793584872,440.0800872244831,98.28547294528812,95.99931188673594
745.0365231595457,441.73540233771575,96.28519884948827,96.88694578227998
741.5393336159248,442.08797368178665,96.01748630007242,98.07986675380623
744.0839491759425,444.0241808395426,96.97388420454257,98.59267773431472
742.5587031878008,440.4935111488974,95.43058851069043,100.21059956647181
746.5431575212419,441.40096457994593,96.52124157323946,100.39177453344587
743.9485635097338,443.46525509806287,97.7751998179659,99.28572786763436
744.7230828224398,443.61358884695693,99.22341890205718,98.221307782051
744.4709551285487,445.4185417335946,99.43619172205213,98.32186100268737
743.9409451160145,443.81400258976726,97.03768108267653,99.99905402403806
746.7890145285638,445.4977635624104,98.51879931858248,98.95793784237785
744.2814056531726,446.6489171553388,98.27638672115941,99.90075499657853
743.1446007479184,446.45599192248056,98.22998658484471,99.21367870257511
744.2305491242088,444.6825084751848,97.38710043807606,100.09414693612533
748.4212479147321,446.0627352257926,97.96740615750528,99.7047206661261
745.173616574872,447.54898722774027,96.91702741495405,100.32252509004152
744.726180631923,448.085008728857,96.2100840771582,99.45396812804253
743.4786552644629,444.2871402988937,96.92171413012478,99.00800081011278
743.9973566277537,444.2154973661475,95.2693857806032,100.18717522827095
744.5599464900986,442.0679925781536,95.87074876717124,98.13023892718346
744.9013220326574,441.1188525034978,94.19084201570242,99.04950575271116
744.173252493265,438.8485666438666,94.59146926225003,98.9749766113779
745.8518932541373,436.9737042549645,94.42233910006351,98.56144331346796
740.9829483049223,430.7363377073349,94.43972328407702,98.09803840060954
744.7065799386911,430.3147981972505,94.05276322775143,98.20847786961556
742.5373038406133,424.2878841201023,94.29660030549893,97.97187881596516
743.0554187841246,421.0129646402368,93.46084916596325,98.62533401333653
743.516089180179,416.37368938880513,93.36421570312775,99.0541931252087
741.8329059669362,412.125387675417,92.99172700609357,99.08413605241223
743.948854162647,409.939986862358,92.86330952321086,98.16715548629996
742.6403101966805,403.4019391340381,93.85964738552543,97.76924715113066
740.6390401252019,398.9248801221862,94.14222493158945,97.63558803707811
742.186603991089,396.3423844738604,94.21101974810936,97.63127114815232
741.0925677680567,388.520479965795,94.04113864574245,97.17256971201266
742.3737214564987,382.2134619879351,94.73439595849447,97.13434870209525
738.7301603834676,381.84180568008065,95.16924797821412,96.39633902929097
742.3997081280909,375.30839354354,94.28605220439104,97.58616630835382
742.4103420241663,370.21581640887115,94.46334524617133,97.26714825255715
743.8669651664252,367.7826349708265,93.67362887269482,97.5891318943325
744.8647937559017,366.68378708972904,93.18388304399204,97.3551946609219
745.7975286533681,364.1296094837053,93.24584626297528,96.16845490608097
744.9548175947266,362.47239345799034,92.63517420110472,95.8986989730444
744.6791737565433,360.7869910413927,92.5526813384356,94.1827714186969
744.1229287381877,362.46841928095387,92.28488408552712,93.92902124183588
744.8121193674363,361.2383444220434,91.18562005363094,93.74560554332088
743.7052699895827,361.09728500102744,89.17724096281086,95.04506897935445
744.8030941393649,361.49090364427764,89.93479204984294,93.64990365521072
741.3439097303589,363.8314282232318,90.92535067574713,92.92074258171398
743.1066285182142,360.6891278607919,89.14431538942708,95.5261126165912
744.4319944939729,363.1067651244623,91.13470053385684,93.75758575465582
742.031552999985,363.6414228436362,91.58030502985862,93.30059973973565
743.2968865801286,364.04772606593195,91.2618108546485,93.86236589665319
744.1838248530763,365.0000171428247,91.67082686971176,93.01409022422914
742.5624203824792,366.09965146136284,90.9251936283651,92.91771946961434
743.150491138839,365.65681883627667,90.72039473887926,92.9355540260649
740.6023714033836,367.4887976495327,90.195735963025,92.8229522383284
742.7881707132474,368.2347172083683,90.00462879074621,93.39821841393122
742.3247681670575,366.7929929449401,90.4731931952789,92.78890675936051
744.2560005210344,367.87728279796966,91.73102830345672,92.1277974226405
742.0782356629426,368.3399691504156,92.45389596176375,91.20554406396863
742.276928277611,368.83015400986704,92.58286862160239,90.69837341456572
741.1695875968818,370.16234633934766,91.88733794311318,92.04849461879411
741.0502760129021,369.8370913058029,92.2774194638767,90.62268499136457
744.2804190065702,371.1268840974474,92.01629214505851,91.33199429981458
740.9399165515199,371.7566961670276,90.89429183665345,92.93338500364115
742.5524668722096,369.8312001950909,89.85025198628966,93.60496529781065
740.2436678212844,369.95345655816055,89.39867484476245,94.32617674187932
741.0219797794413,371.60862420794444,90.03284086642148,94.54609294530229
741.9783764773733,369.0476299359971,89.89416577481018,95.06131812631233
744.1841124754593,369.7066273784936,91.130458938245,93.90426336690405
744.4471072941278,370.2330958854944,91.54745829264533,94.1532858675204
739.3905738578695,371.5258315788401,90.95276149328701,94.41051257805796
739.5663980110079,369.36083271044913,90.3781188892674,94.6726654471336
739.5835281250451,369.2906525126374,89.27065879299076,96.11975849732852
741.4162501275885,370.71420058059084,89.95986671585202,96.45061441258444
739.5271033699242,366.8884838410314,91.03114090210948,95.8561896992594
740.5683082794027,366.09916797066415,90.12968911576067,96.16316373468696
740.929761515365,366.19652376892725,89.44281726140889,96.40043093011286
739.347784592746,363.6116368734822,88.91938983909924,95.56247662117997
738.8681285529427,364.12031789045244,88.00746368704709,96.21057600825239
740.3627652575883,362.64884761188387,89.6682285200958,94.96831873518934
741.8717970385787,360.6699552198201,89.67595874893237,94.87479536425703
739.8740508518506,361.7637373602394,90.81061390124285,93.22957583239221
740.9572940052441,361.50699490739123,89.80719875000403,93.16331937933154
738.469711175456,359.7302530445593,89.88312963785164,91.88594153654464
736.6371463157182,360.23466447717294,89.19079170596014,92.85035809316167
738.0824575920026,356.5114640715368,89.35545246142058,93.47632719514445
739.5938809083061,355.80506020283883,88.58397458987615,93.98400317528102
739.9138969176083,353.778658847346,88.85998323022261,93.34588505649383
740.8410090168082,352.0560176053963,88.08634105448957,92.5795433948854
739.7157230028603,351.9887893291835,88.38740071990527,91.69262214541587
740.3379546063701,351.71407191839234,88.00703481007733,91.43715697643947
740.7732452642832,350.55703126531614,86.83122204226294,92.58449953404143
741.2037798140092,347.4879844016395,86.81885501590821,92.23569007078201
739.2158333532955,346.8162315740315,86.25124274553252,91.06385158308409
741.441209581155,346.1486000743756,86.42896309483666,91.16703257308038
739.6299788657014,343.4126681321957,85.70348217344896,90.23399876762093
741.0489857776467,343.92026833063755,86.53098091135642,89.75034299649639
741.307056388061,342.95504923966956,87.05296019872173,88.57940869803986
739.113024059871,343.26669166543036,86.29611547323546,89.15002300118141
737.2835402477428,343.4493238911947,86.74001356509746,88.38116348954253
736.9198704003046,341.9026805825034,86.81357577984838,87.93956970722121
736.191939199825,342.66908971446486,87.31565448987826,88.82281332150264
739.0013169157571,341.5836912981432,87.32948410668956,88.69083667849895
741.6569236327703,342.61419426552084,88.16561335454787,88.08886983580759
738.6823663672328,344.1031132502923,88.48963680972562,88.30132875461604
739.0562748705535,342.4071099865416,88.41929626878647,89.34054564169088
738.3185339076985,342.41161884600405,88.98053920514322,88.12600288213946
740.2157350111765,344.0502274259115,89.69247273350823,87.74611719853608
737.9990080480507,344.24251533406493,89.61436526602199,87.7714166559337
736.5709375709667,344.9804575001717,90.19113948854627,86.22024495929695
738.9867602688686,345.9358277448282,90.97565543917804,86.57244296943458
739.8599756651679,346.89015296742554,90.23209663678338,86.21344867696519
738.3615504614031,345.82773901454095,88.9704917678237,87.22712762929652
739.0161456706172,346.7961252898341,88.9056203114927,87.84972583485957
739.8511119674706,346.6579206703519,87.5833064764643,88.3879856991004
738.4724529599737,347.39478127683526,87.743258396869,87.50625650674084
737.5761041435889,347.3234689842671,87.91718233083179,87.29663489679925
738.6732261469956,349.7990004852718,87.8763983498056,88.31464948191754
738.5549457612613,349.8892366191264,86.33786496977756,88.985056346956
739.493655001561,348.96513880531813,86.44889463218328,89.73034050225189
738.8654960999856,350.72748127861456,87.40509643277431,88.97484658234669
739.2221260673284,351.1515810519726,86.13041331560132,89.53896311953869
738.593003487615,350.5249983221766,85.94485838328472,89.28050305079509
738.2743996146987,350.58641119525873,86.30304581966911,88.27502424705563
738.2129284255383,350.9365613233089,85.50555926627686,88.79220715383515
738.8222709330792,352.5592864444835,86.6437601612293,88.6173903228935
737.4484706658749,352.3857738147038,85.97134226111318,88.2982312763082
736.8571503437627,351.6078960457703,86.80342653174154,89.67054171815928
739.2755023901846,352.60485330545237,88.06994099434806,88.76473120842337
739.2270710852806,355.0547319764425,88.69115335324437,89.05668576906159
738.8819967763826,353.1141588448803,88.51431641157691,88.34707132433076
738.0421170226016,355.3807450367421,87.85868749712648,89.42349996142015
736.7142731467093,354.8514763109342,87.35329250431275,89.0840560077778
737.3590674831045,354.72837827718587,86.61401211866615,90.12863680132196
738.2262947137473,355.9105236787797,88.37524132742445,88.8171111291309
738.0429472963555,355.4515100274326,89.07367961118078,87.67148090962365
736.7968462730196,356.6578024913516,89.15974609877051,88.31958042430574
737.9135375938099,357.3708752590429,89.67658280228252,88.26196349343056
736.968259479088,356.6602074407998,89.09410178883692,88.22829574914132
737.1370762976495,356.3135536564814,89.63171741833847,87.44247865251786
738.6001292798547,356.85476024975094,88.36429737655058,88.41783547978793
737.344189747475,358.82076294084953,88.80215796291675,88.56683233300342
737.2450278226761,360.28741699129023,89.13987760082638,88.10515480539475
738.1289593002924,359.22709276255637,88.89600396539498,87.08574903694074
736.3640839479125,360.4329499525772,89.25579679394937,87.36263734282747
737.9179648607821,360.8337910868584,88.98824516756619,87.78159871382955
738.4929782316877,360.3310293623362,89.21231911087463,87.27506247430588
738.492461011131,361.01162883219126,88.5546973720831,88.29123460736493
736.2418963471346,361.4035290777673,89.84423617158797,87.61502226582007
737.429491391341,364.045487007374,90.1694807679284,87.69140647069358
736.1285035157451,362.41358543868574,89.84455231761271,87.18650352477235
733.6449792417617,362.3993039891731,89.02106541559786,87.13054407217497
735.2535265239325,363.27470232240927,87.6695869344014,88.57056500023091
733.7572801888492,363.14878683377003,87.95680049270582,87.17413013888631
738.0242482872494,363.0341408394264,88.37827429956747,87.11972791990523
736.2546212208432,363.5883875291463,88.28551701880572,87.7144637293845
735.5373224469718,364.47076820715967,88.03620348141976,87.56438588223077
734.0080881856907,365.2329538588811,89.16901353955029,87.17459781357488
733.7515589149016,366.3977754481275,89.67043671150714,86.97946539062099
734.4406280914499,366.4213602637998,88.63133166405545,87.92948784406573
734.1154467299335,365.31040908219654,89.33429347444583,87.5892619018371
736.0498086242319,366.0948459464781,90.08263177767638,87.24308698099041
734.0411956811422,365.6098653055265,89.39197859738854,88.36644369214707
737.3266020825878,366.14239231547225,89.06772732174963,89.43788621613983
731.5577192442154,367.0604946031262,89.38831465376775,89.70690219709117
733.1700718346724,367.81866068316424,88.12738355789863,90.64037052834811
734.9343342899828,364.6792760752672,87.49201398365798,91.11535060534825
737.1632112799905,367.1706752305262,89.38121721036856,89.84096374998472
735.9963315549635,366.8045916690397,89.23228513400946,91.14776161026222
736.8921215755016,368.5497673736058,89.95128610947373,90.61909776598002
732.2466450368319,369.2430671149017,90.1649400687713,89.91261684417913
731.7579029736428,369.2826005394178,89.59101745400716,90.3497135231126
731.8585076127159,369.3233855647494,88.78994101077225,90.86341207958895
731.535611872042,369.10717368775516,88.16707623830555,90.42188469651146
731.7017695852587,369.0807772273623,87.95507900113535,90.88192954157353
732.464267073238,370.30852971891966,87.84853569200868,91.47130304127751
733.1695335013001,369.93250737741647,87.48285938419384,90.75526911100259
736.418687386113,370.4997295314845,86.46155661945083,91.24417387341556
735.7887713732888,371.3307977792786,88.66459358446463,89.42811344908964
733.2342230008877,370.8446451121554,89.67133866376994,88.11907913795034
733.6859401864768,371.99997418719727,89.13658724332691,90.15674147202796
734.0410650889647,374.69862267712415,90.10534174991261,88.898625152422
731.8543678242311,374.2967469668216,91.83949911392881,86.70075341934059
732.735597435668,373.98986507787123,91.52256994800865,86.36917626582574
733.023947638742,373.60141708560695,91.1412435836562,86.78525446032285
733.0408169416578,376.5962535086911,91.70932991707559,87.0715363375127
730.5386593135164,376.26462884734786,92.20837659959734,86.50421284048946
729.3101740631945,375.4923464247016,90.83742213342897,87.42363546909945
729.290346943185,375.68749885068644,89.64694009815669,88.37811308878669
730.3212868733305,375.5931646910201,88.86080384157218,88.54716570578833
730.179287563071,374.9452266340345,87.86674262188873,88.86306963605517
730.4921165684536,376.00721323400285,89.11398605079015,88.74862149677205
729.5213590887405,376.05589912981804,89.48530330876223,88.21413218814722
730.2377053108228,375.9735593430704,88.30022657449845,87.5358722656022
730.5947476016073,375.2544783195717,88.59108357560919,87.23839140259585
734.3940789481568,375.99570194683207,89.46709701471241,86.5247747454758
732.3104259714057,376.1653627472512,88.90764305763103,88.38445922526498
731.8201374702812,377.6174457898546,89.60463141203759,88.93514166796652
732.3214284485455,377.314226640817,91.54727111803041,86.91798377463545
732.0035134561364,377.06006047751293,91.78667478277268,87.24689153223292
731.9819186835191,377.719735674992,90.73077220211471,88.56960904651541
732.7846209251107,378.51287039186366,91.08914371132477,88.47732836513734
730.894585623789,378.5491173266079,89.79426695679047,89.05469583140314
731.7776430371297,376.92360797688104,89.92355015085352,89.64501611700808
734.2852650291832,377.2381953858457,90.96351914129482,88.64108210184364
731.4522182040552,376.69215369205745,89.34651218653987,89.54530747412126
733.0629988671192,377.2616939316851,89.8484630331109,89.15361863600594
732.0893538867291,377.0120832802067,89.81383763916236,88.86951009448796
733.2333277684194,378.50545202379976,89.8621873878362,89.69439904162803
730.9237850512203,379.8913931058132,89.70061886868221,89.35378461594331
729.3628042032444,377.8937535994122,89.0906124001898,89.87918352468043
728.1560161923549,377.48730468443443,88.57021797061401,90.20629941679843
730.0267474167026,377.777989274178,88.85501494422087,89.51812957682026
730.4148700321431,376.8263014798449,88.02255400612708,90.35364134350314
733.1687967439866,375.9391501914083,88.39879720490725,89.33876531052823
730.5028863274562,375.66722936484604,87.47423509576839,90.27359760834622
732.7016273086388,375.0479152378888,88.25478362427828,89.23918246817192
731.3624328594725,375.53892650559794,89.7182449684803,88.55636914005002
732.7730314518132,378.0508721565214,89.87573840803609,88.33680771033453
729.9353613143275,379.9594072102806,89.7709168254026,88.81151187573485
730.3137792406462,379.44930549173574,90.34578928479957,87.40484472833661
731.3963837925703,379.98812786764586,90.85322813398479,87.60307006127894
731.9013276676686,379.46280744159674,90.16843123914819,87.24391622515238
732.4847388281835,378.92561971966234,89.33833164970889,87.632220809589
729.4609766387605,379.49334800435724,87.93618332958012,89.50653320305918
732.3022266748402,379.8710143713794,88.92283599408458,87.78179422187603
730.736095424506,380.98066827977453,88.45598741458343,88.87892150373375
731.660283935585,381.674972169174,88.22009162888321,88.25113327926378
730.3514433307837,381.859320075009,87.11872147740166,89.21636593343695
732.4459071858473,381.9321331095797,86.90504997187965,90.3129096021114
729.3427659826549,382.04070067451005,87.90291782366853,89.07885772038907
732.2378753523434,382.1313570556077,87.80860572339076,88.24834910829834
731.7212615182012,380.9885635738294,86.77912859011553,89.22143106506473
731.3399942314675,381.98292498708065,88.18416910735829,88.09817441602577
730.9608420072504,381.68161554052335,88.40952893613667,87.78690264933124
733.7861295761394,382.1384765175573,89.1130626087835,87.64649356195119
732.2918232547895,383.25919894445326,87.57080099916405,89.24111805363356
729.5911680885765,383.98740515515493,86.38590012706116,90.68422960569515
730.2369314333527,384.8466665788591,87.03625068341186,90.38358479001744
731.5090903705857,385.4392684786767,88.352185189317,88.04358617817978
731.2550149045354,386.4954130431668,88.94915721217525,87.61076234308386
729.9600659333487,386.21907178860795,88.56418900273917,87.91545564469544
730.7247744003452,387.29258574300127,89.0618382995202,87.64391601715872
730.351731180248,388.48469499681244,87.40788482844438,89.22739346099823
726.5620056882912,387.0072011408619,87.6866699569502,88.96844651294137
731.2532359032309,388.3744449625635,87.6563089457108,89.02354445990076
729.5684735294022,388.62212117501906,88.27829298101162,87.41130839946871
728.5206735431708,387.7879584676886,87.43925588377232,87.99790762070151
731.1191404634582,388.2195510159179,88.65872962834177,86.27059268291534
727.7332678214901,388.79039515616836,87.31534067308108,88.25055056826214
730.0282091719952,389.0576870178634,87.93244010784365,87.3877825084482
729.9558656954823,389.74053787276415,88.49911715743829,86.93499054481677
729.157647238325,389.4363016316338,88.49458451875924,86.03339616020276
731.0093671028985,389.969181617326,89.38024848834277,85.45569448764458
726.0986014595544,390.1532378285126,87.60781615198391,87.00623901049988
729.6192445278317,390.4203761646267,87.9855110907162,85.7954014595181
731.6055771080828,390.519492070944,88.1640590993119,85.35554673697989
728.5718672933288,390.90476718351493,87.57755521731485,85.28689514627186
731.1739037002765,391.1082678042035,87.17859333481593,84.92866375517863
725.9669064578137,392.1767167069253,87.53129707877477,84.53580357790884
728.4764642726187,393.5342196165835,86.63465802692343,84.91812546779032
729.2243553700647,393.89088698383864,86.11862235255087,85.74406029981603
729.9120577100487,395.76405137037887,86.56970938610665,85.23317941034159
729.1193135035539,396.09548731502565,86.36692959059235,84.59323871870617
730.8497771124772,396.027807501994,86.40114221001095,84.4307152514124
728.3193016298669,396.13043467519697,86.42026025134246,84.55172430293847
730.1633455686541,395.9750869834699,85.93118012332555,84.88859945453767
731.0325480461963,396.2247061645278,86.08855608922332,84.59350388643495
727.2338127929272,395.47703198357743,85.49750425689437,84.91270538344462
729.0820877366978,395.10356746336174,85.89213469390776,85.17053539814968
729.5087165635541,396.0726526785051,87.42957285051295,84.91279681066692
728.1166678095553,396.3035848323128,86.791437730642,85.36766731769532
729.583287570717,397.07012107764393,86.5018504090176,85.32922921691042
730.6500249942364,398.0999418103139,86.0339747889301,85.85614800089908
730.4588038993763,397.9131841091475,85.0552726743749,86.16202306886419
730.7107694390888,399.4355980168275,84.2914285974658,87.1768509198555
728.4261938883659,399.4121115562882,84.99081751667589,85.5619737461389
729.7584003181651,400.55775657847425,84.78129085512128,86.09266036344893
728.002490381645,402.0488130019841,84.16970860947856,85.65990135439608
727.7894186645605,400.7984847847056,84.55203099193095,85.65115670596064
728.9430255491685,400.49059300219494,83.97142621433778,86.46852215143218
732.5104138882414,401.3562282994488,85.12947046667293,86.14567223887788
727.3957169415278,401.1882755266329,84.55845695043206,86.28384032914161
730.3086259271157,401.74053332237685,86.05597605735076,84.80554797397615
726.1413938499314,402.01672595174097,84.3010418276251,85.584430310539
729.0920634924307,400.6125056440901,84.46116256078437,84.99888088601523
730.2738149406116,402.1072312106847,85.46356423404848,84.97573000192588
727.6834871072152,402.23891843168855,83.2235298411795,86.54553861007375
729.6827626504789,402.1057192631146,84.37657196296513,85.02822849404322
726.1717786344134,402.33765253274834,84.63335416211876,83.9284582982931
729.0124909514983,404.1601211819485,84.953665692042,83.69746786688182
728.0662734474815,403.946021932113,83.36113990562666,84.93675552461099
729.4537376934625,404.68591309271824,85.07080385140898,84.05941755412006
728.801965155658,404.64736456906303,84.12780838060073,84.43595984312012
727.8791948316659,405.4596037221084,83.46706526851395,85.10315209786624
726.9097902526202,406.4732463336718,84.30655616069066,83.88769435553246
727.197973652792,407.10546487388643,85.38760260459438,82.7596742020831
727.7069796130703,407.359509567598,85.49543706999364,82.6407028900307
726.9276064412763,408.41374666589934,85.75182967384298,83.65303395694747
727.9997014960309,409.53097354701595,85.56001545315841,84.10278215050943
725.4624749879065,409.2843205857157,86.20784607866014,83.04068436369829
728.4136107140349,409.3898923116632,86.35864993997137,82.90479063589352
726.6832050636033,409.9212008923067,84.95655001646948,83.84496297198201
723.822934158935,410.0172284178784,84.32877134164454,84.41306318140147
726.2587450765902,410.2027534568522,84.67602920604119,83.47637807795259
728.6814689351623,409.5550361087874,84.62713223962949,83.13884565963363
726.1003146697174,410.08405647733423,83.14017595804998,85.1083248638699
725.3955117143245,410.1455988293235,82.90600151815056,86.33374506082377
725.3046289103527,410.1219344856736,83.03307448519362,86.31146052981597
725.5679162328714,411.22665374537695,83.48710329665326,86.18207986983006
724.7564596496259,411.26991930693396,83.32428645883381,86.62059587014825
725.1031973472877,411.5191704810609,83.12084924982184,86.99508204394714
726.770296515671,410.50164367075683,83.68978049069192,86.31767991504356
729.3320005299972,410.4599454501859,84.24224574161097,85.59365175129264
723.7350028050876,410.2342119105334,83.11911873201875,86.61607655087732
727.4651110991196,411.2716317813471,83.43625256967486,86.22021227216347
726.2190595737223,411.9379350573229,82.79144804295476,86.43084328715992
725.8027889263625,412.2327751338366,83.04770552515151,86.11084700182538
728.3597530066073,412.5460688429471,84.40052417176035,83.9605368157745
725.6069575616293,412.86290482350074,83.37975454993646,84.58718611416575
728.9403084722665,413.99362494818064,84.57110307503677,83.3000004133556
724.9239475703121,414.0258103697473,82.44236590982933,84.74591137144608
723.1393780456192,415.44058410904125,83.8373389950884,84.04405349284903
724.5504405808953,417.4597754741648,83.25274010289633,84.54910204464531
725.0088932955786,416.1828142454917,84.26117854464636,84.20653297443413
731.3897015758733,414.357387469885,84.63762827586586,84.32204645492305
724.1756845245296,414.29725209722284,83.75231456208607,84.94064889604245
727.5595948273465,415.55580489747337,84.90328715789873,83.84963770834504
725.1058072829509,416.9865380848902,84.11674946898015,83.84363436146559
728.0135072630459,417.37488320049727,83.031362879304,83.91415739853144
725.7602847418815,419.1613975135692,82.43531606601137,84.33626884807111
725.7874737608469,417.1985286720335,82.06201950190811,84.9129331211084
727.458901859033,417.0046153165863,82.61283505655831,84.19356481228084
724.7003559499927,417.2504256863776,82.98156757593262,83.48128222391475
727.7453305738775,416.8709139347847,83.32995708472438,82.89271647272123
723.7315116397233,417.25186170531094,82.11682747408994,84.20817631649537
726.5602616458082,417.5816383275709,83.40670991202384,83.21836616284344
726.7324565906717,418.0297586888842,82.99082625509473,83.59090650615772
723.814872825566,419.45518102941145,82.96544576589719,83.35084015685985
725.4280132712228,419.21156292708264,83.15346054795404,83.31149847159817
728.1295985670637,419.53315602278906,83.43537143820582,83.81220683336987
723.9444922346803,419.84077652570784,81.64467540393693,84.55965651471189
726.6359511296786,418.8355010837611,82.57239937953474,82.94506577796943
726.7323965645438,421.54595127495406,84.30707444207823,81.9320347345726
726.0315605222117,423.34136369699246,82.94260034372829,82.71828508580836
725.2303672414959,423.80548414322345,83.40391987711457,81.85311005004158
723.3705279422561,423.30738146491205,82.87366952433055,81.66894066511014
723.4826790749296,423.71990965346754,82.8567631254969,82.04411297910025
725.6804111705204,425.60369731677145,82.80195235380994,82.57498049306852
724.5894005442585,425.3955328269269,83.47808442901112,81.14436430616976
726.2263779129869,425.45795686176746,83.32275700135364,81.64328993052708
724.8684264828404,426.20584435704563,83.47383551891895,80.73722714251966
723.4372425587595,425.4502401710674,82.80350878890991,80.72497500708334
726.2247710998912,424.96639138617644,83.49647567438956,79.29207452770142
722.678441319039,423.6385146974079,81.96642405445327,80.50074979645092
723.2625106774127,424.0838969143601,82.13326308371582,80.92625988628158
725.4188604806259,425.59093509994176,82.9428822219488,79.92686962275378
726.0442769607613,425.2541434387007,82.398787554849,80.4349811232126
719.9878909333448,424.15088754966746,82.35847866943533,80.59586673779627
722.5979459946764,426.1419230197946,81.61034530382179,80.91943268032398
725.6871640043036,425.9616770062792,82.28456183431113,79.74629838937686
723.8073825292981,427.4149604913689,81.9411780260515,80.51326962720526
723.9434204131323,425.94792101907706,81.79960799902584,80.55841801263068
724.6550339671028,428.0045552033401,82.20422884869585,80.46522401162778
724.5475856273379,428.3261526434253,81.34969648827061,80.93881501536086
725.2864739205435,428.4983245224405,81.67660382558068,80.77624441325815
726.0566429095586,428.51108013588544,80.50974864112015,81.2348999873441
723.4313621875262,430.555003789394,78.79067745960486,82.23959008343368
723.061254866101,429.31678566270557,79.335291413998,81.65972116675131
725.1516273054397,428.87025470807987,78.73490051061665,81.47499114675772
726.3170384288119,431.0644847321998,80.98505856477547,79.9855093318553
725.8073364035142,431.025334495435,80.6518086351156,78.99583344983222
724.6437970431288,430.230844459883,79.86439303215607,79.0215801453869
725.9092885927065,430.34955434837286,80.3999761618673,79.44133722063339
722.6257351195252,429.48457397425864,79.21664298753294,79.76708334827164
725.6972928104527,430.7131290140657,79.03853061928858,79.90060356154991
724.508210245229,429.2338586859573,79.55283275840324,79.86260224083809
722.9777698422745,432.3254284419418,81.11743992749412,77.67292219198852
724.5836159614389,431.8906954061496,81.19427017108363,78.18969282828739
720.7529481308346,433.4875384778577,80.37487863655252,78.44968267020755
721.2423396922227,433.5178233511416,79.41454775765571,79.46856818010177
723.7854560347213,432.6765891533782,78.74854498446285,79.68987782318717
725.4263729474776,432.80159172544455,78.86070096035694,80.85712080889918
722.9799853340437,433.09426909604275,79.36878590249586,80.66596758480789
724.3888120797209,432.8080587677741,79.4227008525324,81.29791420798944
725.3348229062487,433.1252266676456,80.44633958079393,81.1652098469786
721.296736334146,435.04575026259306,79.04021768868341,81.86656635505118
724.115849342705,437.03422461194475,80.61476213360142,80.60053536760569
723.0218241420724,436.77027630496445,81.23653526931795,80.11255580759322
723.3545224114088,436.06909861881655,80.38890603780769,80.10608447109539
724.852233231688,435.3350047179564,79.20284764321309,80.76545214437488
725.3955113558609,435.70851167045487,78.95645522180979,80.22986621109865
723.7380070480325,436.23552336652455,78.73741480334792,79.79101878140743
724.480669114252,437.031520884971,79.14594660028372,79.95046105091862
724.3714933539032,436.8377250924464,79.57965724254224,78.60333097535377
722.9167130738304,436.7512123927328,80.439634606048,77.9256571288513
721.8188806619308,438.5644384056187,80.56049822325829,77.56631640450152
724.7013286632816,438.48193545767396,80.30584849741223,77.26885266299713
722.4481203552136,438.94754903868113,79.60938997621902,77.8334404204545
722.8349426655793,439.2887528976386,79.16421731412494,78.2895558043463
724.0225196955997,439.9276140999636,80.23903779097992,77.43316659347524
721.6846834762233,440.67044565569205,79.45529384026732,77.75234607330403
721.9492864698015,440.9965933502437,78.97268110568044,78.15020846961635
724.5394303077586,439.43379222297835,78.47049115468067,77.28592849338843
722.8175099891622,440.5898097162142,78.3151930551487,77.7964430884445
724.381899205146,440.77853217993413,78.60342993728315,77.47600089539745
721.6059234086332,441.341382588544,78.29811415054806,77.28946680285956
724.4446393972221,441.15853683769626,78.88027947485351,77.07818742929175
721.4836274269899,441.3728809729844,78.56054220773741,77.85410080418526
723.5298129291353,442.6244323956082,79.3723984602214,77.1490446670445
720.7751687326717,444.02828261709715,77.6538669335625,78.28296910390371
720.9062301479626,442.66491762675366,78.23683335974418,78.00348494274505
720.5949602685134,442.22929586337784,77.92335369801867,79.38966747963995
725.6720259537717,442.3850055637284,79.61249930504125,77.5878298832143
722.1564370794381,444.2019046417889,78.83830719973511,78.573692581433
723.5572034479001,443.82199401707504,79.77519256507537,77.65854797240112
720.0302310867451,445.5378824691904,78.09165235543963,78.79637021978178
721.9962497171776,443.55535466252866,77.85575752964836,79.3184834522001
723.4578915098357,444.17046929682476,78.10914020409797,79.22738990195359
722.6331351259091,445.50641219238565,77.7746512162366,79.56150343753764
723.7804405140662,443.6602907624731,77.23564542229872,79.73965552091933
723.9159763648272,443.43466470036407,77.67022703059861,78.90610568514592
722.0905203215931,443.3028960026661,78.165156384294,78.34150192768314
721.2239889026399,444.2978825825865,79.60810624994095,77.06130266596702
721.0985627251409,446.0714471335813,79.7401657879423,76.08801465894818
722.3899366652179,444.8514080980387,79.1663507366915,76.34733830689187
719.5209904240504,446.83366268378404,79.09089969409355,76.62297767971262
722.6093058030681,447.58332364810474,78.72899433507561,76.7471065071443
722.7032769846744,448.9297884358073,78.01171337361168,77.10186398541956
721.9914978684195,448.73213408260415,77.68797241178554,76.65006444693
722.5118690937194,447.03146367455224,77.91984646680865,77.41154510983552
723.3864739912926,447.4225375508502,76.90051551449272,78.47435709310992
722.4610349061595,449.44918444214517,75.74178517760268,79.4415029353064
722.0739508676133,449.51958694686647,76.04029626845846,80.02858531790787
721.444880461777,446.7948410967475,75.8992676350934,80.22396668184209
723.6068276408481,448.5147767941634,77.81411658215733,78.49395740000921
719.8057435483487,448.3986548343138,77.66686603165196,78.24302258492911
720.7323806892987,449.74998673565756,78.04745701082989,77.75318670315525
723.700698417322,449.16805483403584,77.95270902884332,77.60202970676191
718.8869767706307,451.13826651202174,77.47875003951111,77.46355418289757
722.0996126504526,450.6142808594365,78.06531719283115,76.65425930040026
720.7014231097993,451.387269263963,78.06455400691056,76.93283908047383
722.5886381711645,451.0953683376927,77.38437456319645,78.0886810140386
721.86731517928,452.88073837873617,76.58536805825685,78.32260411325656
720.8547101593847,452.7515425735592,77.38326040719801,76.98318187892976
723.1392443170278,452.13483514921427,78.28746060082322,76.4424026062589
720.6062067009265,451.63649012705196,77.21475380864224,76.63973189847772
720.4961207835595,451.2690077650275,77.36446673201675,76.15839100900895
721.8632416599525,451.39035368292576,77.63148478300286,76.63143317818671
718.3982395122223,451.645965663399,76.17993828958367,77.35309290902799
721.4334945275946,451.5210191361188,75.6668413600356,77.7147045362645
722.4541991694408,451.4140657929117,77.02425295341816,76.96780830996673
718.7955987618479,451.4503907135849,76.67755720793502,76.83739038823667
721.6637580226037,453.43765586144144,77.50058250127327,76.33716572225391
719.4778100312062,453.1724065614385,76.82224082842856,76.35603885352883
722.1514431278794,453.734829422863,77.18472671790715,76.7556253129918
721.1662645412101,454.5213750491739,77.06541967043566,76.49076744068775
720.7903812654106,455.7373405248428,77.06709931846254,75.94813385549216
720.6772418937885,456.41164656626,76.99886632626743,74.75027793804307
721.7269780017657,456.23351044014066,76.08805795060695,74.83407530529479
720.2807487599016,457.8810758963852,75.21581435265493,75.56326356471132
719.8789363844975,455.44840544946715,74.61647284255314,76.51545033333382
720.8431294548071,454.3809675526192,75.04763455540369,76.14087354562399
720.4528784876304,457.2814766859686,77.15109150207861,75.1278634919685
719.511128344026,457.53424081546234,77.57650208000544,74.1689893381674
721.3087636135582,456.9249627709112,76.81411275317546,74.35040946859823
719.316982925443,456.2903503313174,76.32307953635791,74.49286850057956
718.1051125788396,455.6340915190555,76.10761167434312,74.73280209209095
719.7459911523454,457.1663896117314,76.36791585621938,74.27949874578948
719.8717034101745,458.66295010697587,77.5301157464221,74.6210702334805
720.1180732406865,458.5600959265202,77.41885457384348,74.68171678854758
720.5877656093464,458.6796072535027,76.48137269245623,75.4788593720093
718.9624139669118,458.4757428074414,75.24649076461807,75.98857081296478
722.3143481825986,458.6037160459827,75.71103501863882,75.07459799825857
718.7320393134281,459.1648503080313,74.97662636308928,75.3584854180319
718.9391329678398,458.3053526366273,75.69906720520596,74.24046441676954
719.8200374146422,460.72560944099894,74.75725597986738,74.9642341789979
720.2284100979167,461.3996090323442,75.99735627829632,74.89249358414457
721.0667558092122,461.72775634859994,75.1369158356059,75.62856118860975
717.8258567460078,462.087710985882,75.57493125098546,74.64947065298308
720.0353323256232,461.0218603777956,76.22365615910697,73.84871013056939
719.4300384424769,460.47645666849183,75.34699369270302,74.63751327147077
719.6038633427402,460.4030756461846,75.03051263614452,75.45664741882264
718.8897539232568,460.3271512701384,75.74619484209663,75.13172574011176
720.2674422190282,462.16751718214937,76.36223911084417,74.9227544274882
720.1020956518875,461.95623381405477,75.9882498353624,74.37787608816541
717.6708253882589,461.3869159096375,76.11917481925423,74.37346146479481
718.8845306503925,461.4308974419107,76.96075981843948,73.28866978458291
716.7791842722793,462.67108085624767,75.60876279347703,73.67353780774617
719.0726680911126,462.9925083666992,76.34542739610576,72.45065556420971
715.6902001217753,463.6652271522937,76.07868751919825,72.56028002476663
719.3672673033711,463.8823568687447,75.85017781268387,72.6838961654997
716.2496005789168,462.89174141095884,74.6513596121173,74.09585474172745
718.8645191023047,464.6800776773064,74.02491182849462,74.7800912895377
720.968103662948,463.85789996982163,73.59198773093537,74.70328712713749
718.6677554605908,463.7122226010013,73.03224559805217,75.08011975336227
718.3292036178,463.95167649377055,74.40621382897925,73.874561848996
718.5493319755872,465.25251139655234,75.18531555761854,73.69725208028235
718.8055008068228,463.4957490498764,73.9694490140744,75.28375038260494
719.0526859860213,464.44692216169693,74.69487757821611,74.26615106810543
719.7682530393895,465.24769003551825,75.1136353724959,73.77287928988414
718.0969345409275,465.0471655284893,73.6740753708239,75.00250385545189
718.237316701493,463.8992532291921,75.07164850448868,74.1772559232999
719.1385369119371,465.1778296310862,73.83583195015842,74.80899739136227
718.2369044010566,465.75115683638836,74.07073807375681,74.54148270215148
719.2096705019665,464.78184058733956,74.32474481808876,74.72244658586159
719.6201308436852,466.7103557607562,74.4229630430376,74.90735454392939
718.8994726506496,467.10485639474837,74.12889246144957,74.86751869170898
719.2214372491046,469.22493996586826,73.53400158531933,76.00392129739399
722.0127937547596,467.88097606997076,73.94403635767034,75.06084880880869
718.7471524787182,468.16670686738655,73.41532421218224,74.97434884289106
719.9352436780426,468.91711568957487,73.54750482203264,75.10859210492464
718.6299476631024,468.9665415610297,72.03811508616614,76.33086348518385
718.7752237331114,468.92897488815385,73.25334221250552,75.19016674327388
718.8317590948454,470.1161685551591,74.08300728024358,74.49977215275548
720.3137909081034,469.4429567153172,74.13877745690452,74.67513777370046
714.8592505808101,469.7484545867591,73.78124319755071,74.73283521566927
718.535763060422,470.325010718408,74.4462588953705,74.08249421072573
717.3511665558462,470.4188893051578,73.85788659690489,74.81978866676951
719.8812879470755,470.251290519867,74.46949258840246,74.37583831435836
715.8262078012544,471.30301426828385,73.41646394571848,74.6366724718826
721.6495288296929,470.054210388238,75.01851154033082,73.32155349590555
716.4657613098183,471.104484592765,74.21585958362007,73.63951695437468
717.1886181656404,471.81707780319067,75.9347781923801,72.04725774564243
715.1754009125034,471.6950304401731,75.32011086149566,72.55747612413572
716.1262952829977,472.20566239299126,75.9674508913353,71.25147269437346
719.2263542148386,471.2347429172844,76.09062814407828,71.0074941656999
716.0296093706794,473.60617270074624,73.84679445287988,72.25068186668996
719.5568092681015,472.9706259198544,75.94767953962761,71.22290820282674
715.3348279762405,472.514832519884,75.27471497643805,71.9088492967099
715.9325810475177,473.1150630588112,75.32238326759176,72.05970526692836
714.163452694383,474.28625753405953,75.82172219393883,72.14912454969286
715.4560577010626,474.7458620902972,75.71817707659078,72.66159015607431
716.6137160662536,475.6764807429082,75.38044160879736,72.96910051435016
716.5469447601464,475.6333089037925,74.81446530202071,73.21659329205075
717.1768490037144,476.0617036927757,74.10062183077277,73.24267385177592
718.2854810858646,474.3908561163891,73.3127920851507,73.40057236033824
717.3687299080082,475.398970073758,72.84782513582525,73.5798388589764
716.1896888027745,475.5735751387807,72.86534977106646,73.75075447565789
717.9797657516721,474.3530060775699,73.0409780006519,73.24429247181305
715.8227942965731,475.07976388565953,73.21799616719741,73.14040530412018
717.6971531900886,475.3328529844528,74.51917032886644,71.58393258806275
714.3526678792942,475.7257424758576,73.82456646467622,71.74323090532495
716.6960002989465,473.7662552952699,73.27980311844425,72.1852336402186
718.2638416345297,476.8258045570543,74.05210589611518,71.66072101218815
714.0139584915959,476.41500288496,73.49933044919473,72.12753277474596
716.2843569260131,477.0878691052639,72.98418122058872,73.11076409069945
718.9664923708972,476.7422664412108,73.19599923615485,73.29394222287526
714.8319806247657,477.37025268103037,73.06219737288811,72.31729963920927
718.2294337350099,475.5978316228537,73.41675909749841,72.04904404018484
716.3929307675519,477.5695229491423,72.89317699301631,72.18981503979873
718.1459109527464,477.8130180045457,74.29743247727224,71.70656968789038
712.8471688776249,478.30299141346086,72.77401456605287,71.94112913856132
716.2866048432378,478.3941982436709,72.41366585107457,72.14182391520247
715.9702870212724,478.03225629363465,73.52219084994945,71.58378464041704
715.9108654820238,479.82366193087205,74.3784296322391,71.68389072243323
713.8046570742026,480.4200982879299,73.6561764764155,72.4030726662537
717.068337609554,479.6188350635923,74.86611580167856,71.55452761415064
712.532347971776,480.35393803815924,74.6025819623054,71.2523690931479
714.3577946803483,479.7184079022102,74.56768228333506,71.87598249424218
713.9854712472539,478.60469712075445,73.9937629464063,71.931221258768
716.6564157927434,480.5206597115001,74.11741378767857,71.26210759499207
712.3703789175946,479.99923047473067,72.7831879469116,71.78966436412423
715.1807470221414,480.67908685689395,73.32981538146423,71.69257085677094
716.2521932970815,479.70674017440535,73.73245934968091,71.59115788324722
713.5102745524614,480.3641798671275,72.43226640145176,72.70132327281208
714.9503739789288,480.91147164123055,73.65388897109361,71.82205078992217
713.7823769088099,481.3770818065874,74.58969251951953,71.30441105565549
714.7800332049676,480.9697034529691,74.50522997526915,72.04428534497484
714.1853004945166,481.506913898441,73.78481142018867,72.55196722960473
715.8516736185215,480.7709569150819,73.84471363065947,72.27847456866793
716.7130598719036,483.0389561115953,72.56912777274108,73.46769018015766
716.0830685209872,485.3082864540984,71.79592117785127,74.73912814322279
713.5388463524802,483.5734545000571,72.52139087115818,73.05980571173627
717.570365358464,482.52282798092494,73.20710640685917,72.54616173729005
712.2361122246998,482.26676362731365,72.42009013715587,72.27458181252028
714.0436249054998,483.6364713220843,72.37173352441164,72.35173050607847
717.8689664110215,482.9165237124522,73.50466467199857,71.43922709138567
712.2626342847229,484.0466018670262,73.19472875064557,71.17030830340917
714.1264684156388,484.22525515730854,73.87805358802649,70.84774280786726
714.9941173383953,483.8633084734512,74.27970742746523,70.46871826595972
714.0056999057524,485.1399585497555,74.21882685772286,70.33918568003206
713.3683718500012,485.7261859692597,74.14595987600183,69.94400282703133
713.3723451326268,485.5846794561603,74.42512989791256,69.31627649099028
712.7325184608518,485.8904939780881,73.60437516422255,69.77126839306516
714.2529293903355,485.77019959727716,73.6663145738709,70.22223866256064
715.5591010147264,484.5518208704461,74.14147046678227,69.4079847446102
712.3036792620757,483.6744600662967,73.22100236472274,69.5033613221243
712.6785484146606,482.2750656977235,74.40230267764089,67.40173511557569
710.8852446131884,478.49434934182744,74.90883000981793,66.03677145743366
712.1711935022787,474.9459114219293,75.43865995571264,65.3585928424265
711.0556847796817,468.7653287734003,75.4249826911289,64.3896828755074
711.2300244693624,466.33668512827046,75.4250763739964,64.19979761938049
710.9908165296191,460.1788249710945,75.71761755293694,62.53362248695495
709.3756701574194,453.6931721566199,74.46324967187834,62.15984011083836
708.7265950250412,450.241229730362,74.18445796962453,61.62801644055739
709.4380241179091,445.0891942771032,74.64058590411263,61.17309610561999
709.6316114019105,438.7661366180083,75.11686079041733,60.91803973954457
710.40798150902,436.1074781690471,75.57601265650538,60.6723879065405
714.3227500064157,428.93112729122413,75.74822946878186,60.76906816255273
711.7163519024939,422.3509759648287,76.66574283589671,60.618028575963635
709.6793166129753,417.5350090919486,76.07166871202259,60.139367572273116
710.0363870995529,410.7611753796448,75.05683500176477,61.071276101006745
709.6762103819715,404.4256746280992,73.88995041126232,62.17641876315551
710.234545659755,401.868902301064,73.2781877021461,62.731074981862164
711.2200240945219,399.0207048943709,73.02848601583224,63.39164072801813
710.9297978911941,394.8168212630329,72.2030554678905,64.60873273205765
713.5537031919711,394.0450922755491,71.2503317269931,65.69335933714837
713.6952732535846,391.57556649885964,71.45232110916217,65.65786588854375
716.2622882788576,390.3161403008087,71.30143820293375,65.7174840469747
712.0575093597073,388.5396955302983,70.35567224973025,66.88756347218134
713.5422766450757,388.81647592708407,70.52311964310483,66.74121496579733
715.7282146790872,388.7054939994723,70.04661048220163,68.20929438632082
713.7626455426562,389.36461245489625,69.98145234927141,68.5734580596939
716.3854869845966,388.0853894029515,69.05085773748522,69.72120467685093
713.5414637359604,388.30651186979037,69.87701201139953,69.1619071359348
714.4647741565359,389.10602416325634,70.38675065206002,69.55557943029712
715.8797546148352,388.5216000758522,69.82868967404485,70.07431306882009
716.0339286160834,389.381200176158,71.15966073378159,69.12881405915688
714.0735951697455,388.54934741623595,71.45213949321729,68.39173890120557
713.8943959897548,389.4486487581398,70.77047709460817,69.39501085500154
711.8504379948333,388.5311403230457,70.2457403058257,70.06012003609534
713.7925795403997,387.8615158702699,70.56101976428391,70.08156543956409
713.9260027045531,390.78338340515126,69.39513345222778,70.75540229591833
714.9694169341678,391.85419898201906,68.98982581266219,71.11033052366776
714.9512212549286,392.14808977343387,68.30679781097993,70.91121637529199
712.6356809153485,393.09972989311586,68.5452002293369,70.56824697653477
710.87662266147,391.3049286382898,69.76846352664468,69.3493348911551
712.4062120545667,391.82029240951135,69.77625747299524,69.99366237572005
714.781243832401,391.85940485681044,69.46577101998783,69.9051942850815
710.8159384958816,390.92028040184374,68.26732285513587,70.48661456742852
712.5419262338565,391.23733210043486,68.76360005710346,69.77110289309229
716.2898093103348,391.513641817721,69.18776722323874,69.92472196674451
713.3076461428553,392.95631215632,70.10137668121418,69.0634186506916
714.7312805761695,394.74366012972274,70.00953636721337,68.93786945147522
711.3486577083489,393.09989136238937,69.32956592396044,69.17768440809323
714.5920432814931,392.287046366107,69.51235330275746,69.62924396089963
711.0370059927508,393.30754881391897,70.00710672087939,69.09129928694773
712.9979338042983,394.02417753949163,70.81735206137674,67.66043458184488
713.3548516603089,394.77223581738195,70.03187509791088,69.01170057153546
714.041527451864,395.8696064934352,69.67734284692342,68.6459630303116
712.6385648482574,396.24487049406827,68.9782946425766,68.61812823392522
711.355795280751,394.5027506529654,68.51275829998929,69.10824111940846
712.9814639414997,394.4698576181442,69.85850311655344,68.01024614218353
712.2730077789846,395.6939895337487,69.10599782187835,68.72874394770852
712.7906939422696,395.0574736532673,68.85320163904998,68.47318145322389
711.7079931464846,397.23282479149566,68.74015584101737,68.7707750561313
708.9933975442393,395.7398752680558,69.42861914404911,69.82958619998814
712.2505937673433,396.8782055698964,69.82669608489581,69.60565663344684
712.0956007922106,396.1792274943601,69.12639308138003,69.98741212286033
714.7630659313311,394.8287640087356,69.34063520456712,69.24614892382115
712.0868580430557,396.3774509353358,68.6892071967857,70.05469199986578
712.6891364225293,395.19296309460424,69.35426265478806,68.96419955503185
712.896767458926,395.9707774142396,68.63791761328282,69.34834542900575
711.2060102339228,398.1318743113369,68.4465417816117,69.3250818029631
711.7547588014157,397.9356042764722,69.11308762014436,69.34666923668894
711.4895647427687,396.4146804702097,68.72887840496075,70.53436548107278
711.180819024415,398.1939491408446,68.32961366471969,71.07863899948309
710.0227259315237,396.40967651027273,68.64922592548393,71.00686205222239
713.3712163735263,395.83967260920724,68.6428325620782,71.04713077964624
714.1437162725231,396.9266700095945,69.42561348765646,70.34150486677312
711.0732728852345,397.81249960599985,70.13778264901339,69.87420415632326
711.4252999550014,398.1677366818381,69.20099493198965,71.16959534011119
713.1900153109464,398.02485320593416,68.65359604230429,70.78659328995829
711.2109167068112,398.682422228478,67.5808994479318,71.36992183193728
711.3629034762555,397.8019753542576,68.08582620573124,71.11714489747102
715.9922914406578,398.40225829228586,69.48825842969762,70.03154476573103
709.7097964329889,397.5481870816305,68.8549213805214,70.59591231998398
714.1772869488889,397.41309407095827,68.8824247084626,70.44614752827337
710.6115296985821,398.2215445059856,69.60434610375991,69.45750446928824
710.5389702299548,398.67497484389776,70.4831494019956,68.3888688154223
712.4426453150699,400.3404735095028,69.37266455197118,68.9234477514546
713.051336062301,402.07617736108824,69.06186708193835,69.11104306761658
709.1836763366929,403.06190405852874,69.47865263575461,68.18653119151914
709.5012387138623,401.0522073482648,69.28642532041863,68.19219170189075
712.0432004572547,398.71396029291003,69.39644724150142,67.76232728446314
712.4919521078299,401.3609219064605,68.53435704911695,67.98133969579001
715.0976720041828,403.0955659018564,69.02781513696559,67.54623926031132
712.4027059647775,404.51806466991127,69.13541479542688,67.42127727718005
710.4482706656366,403.5819856816612,67.78958711718886,68.3153949161176
711.240647058957,402.4681703251225,67.76727556036818,69.22815121856573
712.9779183760116,401.2778127269806,67.34485194290633,68.56648226720552
712.0151622599645,402.38626771393484,67.35732806698373,68.6437200231707
711.8843790988851,403.8893832403391,67.56109809713561,68.44098175486224
712.6458136276761,404.0884428768596,66.55988459909318,68.63839913104846
714.829058549164,402.423997345876,67.2601357458026,67.6302936376873
710.2384353510427,404.179215186645,67.41151878450144,67.25625603316031
710.8263409731098,403.80381594285376,67.68375637039938,67.698295129435
713.6578970590795,403.2355142460416,67.72090293030217,67.1792929684787
710.7256062127178,403.8807057233235,67.75298893363345,67.01722748923373
712.3076832145538,403.8166937342258,67.10275356819089,67.23439696391672
712.0793867818937,405.05515480118845,67.82710745536338,66.77579968198116
713.9111251085925,406.43311907487856,67.4919839685461,67.19069327815562
713.5232280764177,405.55365860664506,68.24101610432231,66.63597218962872
710.2433695575916,404.5913496369869,67.98623757846755,66.5523870993126
710.1673406376635,404.4836037085951,67.53625059753824,67.36488712479343
712.9456649412234,405.6059199934429,67.40256274862762,67.40989569698931
708.5459409916443,404.7624559809904,67.54040004445312,67.14748182869826
715.0002165501808,403.6479735095664,68.7884117325562,65.94887905113303
709.6208637563459,405.91188642208056,67.63375290982543,67.5099652362976
713.0946763393929,404.4005520150863,67.4329048013792,67.1599381274346
710.100263288468,406.76937422938556,67.26637068136617,66.9654755950458
711.0410095644081,406.60065923259566,66.99027344656356,66.79778197336067
710.5552689156132,407.31586172571065,68.48968613634644,64.97282603779564
709.3448210261822,406.1443561190295,68.51582583648809,65.18132029673589
709.6829547673202,406.95468169794594,69.61047636587745,64.0807461886352
712.1802000348662,409.09971090309466,69.35042854166207,63.97949717317418
709.5640008777874,408.09286805623066,68.57293868366982,64.24557778152925
713.9440575147908,407.6511978574541,69.50283643413826,63.88777185301733
710.3779432061663,406.95528899334295,68.78055808193548,64.13068442319678
710.7591532773877,408.84580366523903,68.08966137490631,64.5605754132668
712.1559415367565,409.49113362665884,66.9070603600904,66.0379642537024
712.4200272556759,409.5188305022411,66.21072851351619,66.70003667809404
712.4220331384818,409.43441648893634,66.40351523640211,66.26381640586777
712.0352266071593,409.42293904368137,66.86616669492889,65.14479482066213
708.9937125203033,409.4658584944365,67.32322545869812,64.8283744567687
711.8129545139568,409.4692661383528,66.97845122633507,65.465818085314
710.3391599830859,409.35700888627713,67.16167723761595,65.31982800157661
710.5134867470666,409.446930987078,66.60797179579706,65.6966894536423
709.813335533097,410.15903549322195,66.52301147215715,66.03397758128521
710.5116828749246,410.03094194930554,66.61035764486317,66.29173511343922
711.8150311367078,410.052528791491,65.82491859333504,66.95442842154196
712.864255030109,412.30374732596636,65.96289215319703,67.12868956044645
709.8035283870818,409.21889873865484,66.39220581370238,66.20751778517929
710.5098371799995,410.2337019715339,66.7642112547146,66.14252141921374
712.4872006405313,410.1367845299689,66.29326710190041,65.82596834524759
709.0159932410452,409.53977411927167,65.73624123085928,65.76142922439658
711.6425855967661,411.1129439146512,65.64567229547953,65.70986387985333
711.1157542183157,411.1651486062007,65.30566473186954,66.26166986645566
710.4668399573118,412.7500691884914,65.4977480575348,66.17225920953422
710.539230573064,411.7279414024353,66.32724390513582,65.2902912651822
710.9185409313801,413.86826342901225,66.3449822697719,65.83294423580156
710.9563056130316,412.2463167824614,66.50335850499013,65.31896852369994
711.6074199019656,412.6914788877533,66.20899976679041,65.37573034932146
710.6228118293495,413.0516002922637,65.60986512009137,65.56034112268284
713.5219268326612,411.56191421474375,64.92432842325195,65.82911075582642
711.3337742386426,411.7554059035855,65.49133986434103,65.58008411661491
712.1445135816673,410.95611487187625,65.7830521391757,65.34230286445106
709.7984724884648,410.2673020783993,65.32037921007179,65.4436158617595
711.4095500442144,411.46886811279126,65.95768945921387,65.34468611116716
709.5418360332352,411.6462183522296,65.94365058511514,65.53549485146016
708.633747395383,411.0220817629125,65.5839905824534,65.84826997129848
712.7426942877858,410.007362740692,65.61441070145645,66.02412825614164
709.5739305225112,411.221463728278,65.65492351871839,65.70947813605689
711.3418800194142,411.5303586390077,65.35962940238417,65.68282322041263
710.196608762001,411.9857398954977,66.14771501375306,65.04196758590395
710.9174137637774,411.9311627605224,65.3155418798215,65.83503806698283
711.1300052741027,411.3809052002772,64.70093897866145,66.39517837200928
712.0682419370454,410.57729919375646,64.39840128071349,66.4711008075666
708.6353804627131,411.3513910971947,65.06294567865771,65.58676271859702
710.0112173441905,411.6648894891276,64.5433313944626,66.45227422692952
710.9538788282667,411.3756957094147,66.0426701008099,65.8360072024243
711.6734377946616,411.1418797172851,65.50620073617351,66.18142182207419
710.3396354999223,411.3365391561016,65.73269542994571,66.50276083905258
713.2266007557845,410.95755556348877,66.07535684861095,66.33202817324221
709.9221537656241,410.74709568261653,66.40615319938453,65.52699197185194
711.2296118442725,410.8231143352938,66.01572172417082,65.98702796876634
710.6334390306625,413.4576290001726,66.38514899592587,66.22416891183587
712.1061690292763,412.4183383081166,66.12382228994274,66.47580058033361
710.86542926894,412.7791808006293,66.39917845856458,66.65249587484911
