502.5,428.5,18,32
501.34466115314996,429.6427492709868,18.66103612027093,31.640305119372744
501.4340933701744,430.52541830447853,18.988072069217665,31.658946587492267
502.49104894929957,430.54890996087306,19.4366737855706,30.990498128161583
502.35220281441826,430.95727815415916,19.702736234531965,31.564234868954507
502.5468204693193,430.6499131624488,20.04911009850457,31.594573079628205
502.1804433105797,431.3822848900889,20.59581865010702,31.9980340987971
502.2428476347944,432.1227703002647,21.300411911982625,31.96424426484998
502.52755520044303,431.6652833838027,21.645446830085675,31.83428251370556
502.2059554470967,433.6424681349469,22.044410791381573,32.552671590671395
502.6067772961228,433.5762645057663,21.770556149630462,33.30020283623045
502.3388238124437,432.5970935585761,22.41941867230838,32.83505468315608
502.45657111416824,433.8843522198256,22.27103439455341,33.86436531399571
503.0827044870272,434.9972162442372,22.441446715493598,33.97630616089381
503.4588300655626,435.520810264622,22.5440268367469,34.117923700263404
502.9640529775661,435.22219113417026,22.772184723868094,34.246412318794825
503.8367809744023,435.6117882008539,22.23355541705486,34.958115602496065
504.89512649905964,435.72537061152366,21.921965166347043,35.51017559414096
504.4241201754717,436.47743729874304,22.279961073200745,35.232978083197104
504.1802663440132,436.7948994446413,22.035331380504125,35.67961201893959
504.369283591079,437.8160020752875,22.219652166294914,35.67328350859324
505.61847240100883,438.52034631185285,22.267550400545986,35.10564506426354
504.9904444494809,436.80965303572367,22.646124664216664,34.63644428665741
505.0650619643706,439.21376198644896,22.833409233398168,34.44824296006639
506.969134769209,440.7890759520093,22.56044300032353,34.23452398928818
505.8152978865171,440.4798826371135,22.786066442221017,33.884383004009344
507.0898591800748,442.4382443402524,22.278599157153316,33.87314808878994
506.8591075818581,441.90808076520045,22.267245921387246,34.447511387680386
507.18246913238914,442.2709406899759,22.16041030821352,34.53185031069346
507.5105085439811,442.8202883074895,22.20985658526079,34.16031338369542
506.82730413545096,443.60018041612574,22.255079336647196,34.07193944092855
507.5991290672228,444.6682732874769,22.52724003428367,34.030489082213684
507.2101611995813,446.3023367583694,22.874130326747075,33.94321503044333
508.110593770317,449.1662067685938,22.480729689517624,34.1485060921478
507.62643703567346,450.788364399415,22.77200460842775,34.09011178425597
506.3314717349631,451.7778466985472,23.074167799570183,33.82222702188337
508.55195656098493,458.6711905332823,23.099433308354147,33.668749534603066
505.3453261894595,457.2639995901208,23.3342825676403,33.681796562985326
505.36175347071816,457.8168451135295,23.360731884860925,33.64897338649881
505.90186805824,461.4565405256663,23.12895527787151,33.97428694226063
507.1112142790601,465.0008220000742,22.90756851555255,34.328265592718424
507.05533222235954,466.820057689755,22.585392903793075,34.4693264074945
509.0433341792806,466.5425669337107,22.351308507468016,34.43714345797039
508.9121910673505,471.22449006950416,22.264728924271775,34.46502940226483
509.771921898308,473.92615990688813,21.769741096394572,34.857159488391595
508.97316572724276,471.28659634656805,21.77634038119778,34.756320350029135
508.8097733677055,470.74961596778064,21.787372594016222,34.72342941063589
508.9647472874588,472.9553162532294,21.752127065071672,34.72744746461632
513.181028792043,478.581179314529,21.75066490124038,34.797659856726604
511.15697356708205,475.18348492602706,21.816825783367307,34.73867231765985
515.8376278705931,482.58814392395794,21.835929278090774,34.83758414967894
517.2665270580709,490.06581073263845,21.821351137052563,34.88139508645606
520.5262095039517,494.0899284126746,22.072230366842295,34.55017690015089
519.9676825186236,494.53967418169447,22.492672277428376,33.877204231511236
520.2779543679571,499.7021077616658,22.525758000949267,33.384152791173086
521.4274504151828,496.9429140794617,22.919829165622822,32.53172726266747
520.6126494411757,496.5972527681685,23.681518880761086,31.700653439979387
521.0785223364277,496.4641455268293,23.814102952851695,31.38030236851577
520.8882585052658,494.74888463135227,23.890003524483163,30.844609979477266
520.6807474323871,496.1635533493282,24.55916011662294,30.187141583060953
521.2919314716181,493.1376996173539,24.501159833151416,30.14622342902847
518.154857204747,488.68741569180474,24.64157604801534,30.07872792563462
518.8770337315965,486.84212239604005,24.41170005654183,30.536665667676697
519.2158106879502,482.6147803494389,24.76164248172495,30.29284149824485
519.0851420571142,480.74938653906776,25.402225203430255,29.8287367125234
519.767447133867,476.52968836254877,25.091121543493166,30.178810021738165
521.0025859800039,471.9157897982619,24.364012324463175,31.009615420575493
521.7354968970352,470.55717792895024,23.982217423117017,31.112408016391903
521.5592957678692,464.91193671544437,23.884292016835122,31.176489114363125
522.0050087112736,461.397330848087,23.414196045549943,31.989393685839325
523.1325358310924,457.7559801713775,22.447531011845125,32.450612857709345
523.6413440601518,453.99781348985823,21.905657549465126,32.94884834324539
524.1113179437804,449.00642708207965,21.85230544861657,33.23012121983769
524.0086120838002,445.2744613855552,21.674401605374978,33.2775491834738
525.523071718605,441.35810717947214,21.77573517390003,33.08099982128685
524.5198498617859,437.64523495300796,21.92026210706654,32.999882110671514
525.2539744198868,433.6755474074439,23.08717963591464,32.22462898219507
526.0521309238368,429.55877001964916,23.03490659269062,32.082003108980814
526.9967691631085,425.3912131799469,22.752834193775286,32.4577981505375
526.5302442304069,420.784805174596,22.539923966633864,32.8193244120938
527.4485362491366,418.21234907278415,22.3283841558209,33.15519320827724
527.4997415651463,413.38712295087225,22.576740450805335,32.99916409071193
528.6640430806997,412.13301708289225,22.076869314191704,33.35705768092001
529.014788387679,408.2409344602529,21.376283134011494,34.04210421663444
530.1713294104991,407.52908378904357,21.43391456073767,33.68806865681615
531.1553820321552,406.70134416225824,21.113146396473716,34.40920737379244
530.7298427987271,405.52153610376047,20.743817973414394,34.705257521320846
531.256004235653,403.61959973438724,20.461411276358547,35.56339385183371
532.6504720768932,403.76139563939984,20.22682644684466,36.198902445594186
532.6112652012839,403.60915331750095,19.92494951097889,37.00003116907716
532.5547309879252,402.9089998147238,19.87562897220899,37.76793480091315
533.6744787941658,402.56139034167694,19.86089198475818,37.88945033876559
533.9121699366926,404.7164418974262,19.96638688457237,38.14522895639317
534.9231518470338,406.5172836521885,19.955500944749545,38.1329805474239
536.2367095934234,408.1432325660244,19.805340865788516,38.14755482096369
536.2035126642693,407.40460937056946,19.522701726011633,38.53936915926129
536.4711384155944,408.2712072473149,19.60022531071813,38.109225592736216
536.9270869745508,409.67045042722447,19.887180016612113,37.795313550849286
537.4154887201454,409.12768980668034,19.603327250978353,38.128064904490174
537.8854454720816,409.55249282831807,19.79508410290252,37.83912434945789
538.0368410067287,409.9625703777129,20.10595301152141,36.86233044957036
538.6875225394926,409.6037117335269,19.8164907285787,37.54741930230082
538.672925854123,408.97892656385346,19.659824687363056,37.81988616989164
539.1184851008151,409.8932036195629,19.677169135625455,37.923166160149755
539.8170641040243,409.7387733184741,19.72724230272231,38.037018335422665
539.877162031344,409.7042956586369,19.61276108158502,38.31832864295682
540.2921152665887,409.70465100554793,19.39837014120502,39.006248172409
541.480546128994,409.2176343744074,19.813731869916147,38.480903111135035
541.2273917078277,409.33577600621715,19.727341065299022,38.61420491454926
541.0626170677663,408.5694109994603,19.75666955789656,38.50328046238768
542.7472099862109,409.02137040040014,19.874566679228774,38.305406811264824
543.3398486911412,408.6906703034927,19.937302527348447,38.068167445333884
543.5980504257369,408.21758547625615,20.02074649410832,37.932333744780735
543.9372399595527,407.97438557226013,19.43285071941413,38.71669636734221
544.6367647979471,407.46436187392123,19.240654432365343,39.89338135812389
544.670440753413,405.3594970126769,19.045649116363258,40.5229671520847
545.0836732782137,405.5045036678521,18.62941315363764,41.556076819944735
545.449801483088,403.79911484140325,18.63058075178174,42.134866853442446
545.0989015344782,401.6410756162876,18.734870013148495,42.77317182802675
547.2345134251682,401.71617039012585,18.886670409319684,43.303183631992866
547.0453085730015,399.7949938877089,19.463366483095932,43.2718417401287
546.5274658807427,399.4703745794887,20.039849637636966,42.68706727597224
546.8429688802219,400.1176059662888,20.36672598340143,43.17807689540786
547.5378052787823,397.55425823841716,20.73719896970492,43.588909600144085
548.3720686312705,401.0780022875788,21.033804739627836,43.778863995259606
549.95805128743,406.4218838594541,21.307753695802532,43.53271500250988
551.069807270809,407.9930515401767,21.734892230295912,43.20586082697783
550.2840358632204,408.03078461769024,21.785151776544417,42.962065447960306
552.9199193663826,411.99352125317483,22.17420382386991,42.42051046236103
552.6414741027427,412.8747324450835,22.23753975901726,42.20565282349303
552.6682359791737,409.9874082823211,22.855117516679897,41.58380771411179
551.5167317780815,407.4599586612121,22.77377681112186,41.92064693969766
552.4773185581284,406.3899752726544,22.783088618802974,42.03917559501746
551.985219250118,406.3565106677831,22.40416691736484,42.140209114736166
552.838069353254,408.34819577644964,22.804866485644098,41.31990433090526
553.5190982620328,410.61231207952534,22.628578345248854,40.8379573540263
553.8441081014163,411.9339277424267,22.65538740850903,39.8886119506556
554.013500088316,414.109138517508,22.952589584020593,38.741445338618604
554.7593066188125,414.18758444213233,22.84158675061264,38.051189849061544
555.3144301762312,416.2257204127857,22.682987930700854,37.12103321079442
555.3015330234093,417.05954787736306,22.62190778858158,36.70151766304831
555.2838837449156,416.9238348225826,22.086020220290784,37.22626133733508
556.4564019838205,415.8723327226696,21.55705716014451,37.6641080998366
557.366604202306,416.82147773471,21.366760960439883,37.31560786209461
558.1318621250206,417.4222198477175,21.044082696645347,37.97332804758631
558.7042534747732,417.57006070094513,20.376815456200696,38.37984132985855
558.9506083947244,418.0083494327664,20.572182470050492,37.84342974951865
559.9034811876862,418.08553732445506,20.233340952120045,38.20776845369406
559.1281987309247,416.262803517086,20.132062556240413,39.10755597466692
559.339424893285,415.9926455928222,20.201198228002767,39.057978601339265
559.3133607755675,414.38444222980024,20.21432104233576,39.03588854698769
559.9769042661784,415.22338180356974,20.545139997355072,39.200287403141395
561.1210377149295,414.6851193067027,20.854307620574346,39.051848255029796
561.9479740574195,415.40405934298514,21.048276675248836,38.7940332182849
561.9824376706148,413.46311625692306,21.097198344348563,39.238501644818825
561.9352443055939,412.2203250767357,21.203363458837423,39.44443069441779
562.2205444978094,409.18682729132223,21.327045367726093,39.56654721022156
563.8145429181405,408.0239479652085,21.257121513666533,40.18699694826439
564.9659080843064,405.89009688180425,21.55599063621463,40.50735147408172
565.2402325181458,404.32551490925255,21.73534968117153,40.72676996439685
565.8401188454883,401.39925128177237,21.50817027437704,41.65447822674257
566.1675698247811,398.22935498371754,21.67643516302045,42.10748579248716
566.8308467403683,397.18776279570864,21.842598836347427,42.04811755429292
567.5892706543622,394.2770399255876,21.647272409765094,42.87778444397969
568.0925553380908,392.0837826229519,21.584417839804452,42.97968353258836
568.8339273585284,390.8727682646272,21.41765745199794,43.02252204271011
569.1383770224467,389.2986252289629,21.696434184361184,43.00070980929011
570.0989128484894,386.8554040567972,22.284876625674777,43.28918691314304
569.4120208381985,381.7393678870986,22.348103757676085,44.24617284964719
570.0730014186332,380.87938011686043,22.18706059416695,45.29569990808697
570.3020620133195,376.9329811165563,22.31650727064296,45.456920035465295
571.3964866482709,376.3248476832916,22.78215061739354,45.19585836309999
571.8879353518499,374.7803357543391,22.6700158564338,45.47291842438935
571.7023684120318,370.88597070645056,22.829192549609697,45.64162670009812
572.0277631717751,369.1544980249585,23.023663411821598,45.613081937426074
571.9628180330366,367.89570925197864,22.59637382107726,46.62216713280746
573.3754564656333,365.55223520926654,22.823493491757326,46.38285951525929
574.4767564389771,363.47391241818644,22.48514801970972,47.06787333205389
575.1465040242492,362.876986740795,22.6069141215958,47.33458778879594
575.5411991285039,359.7737059067699,22.41611768454418,47.64528544698898
576.3587086212559,357.5116260959087,22.554350590176284,47.44137004124555
577.0452791887429,354.54962660943784,22.5386388403874,47.97677200262114
577.6050880936297,352.7530721830292,22.34793414706914,48.77103461062643
578.8234992927634,351.2299399282043,22.490984595405095,49.08120249971644
579.0849804544893,349.43447487096205,22.25970973070693,49.75785672957271
578.9536465558107,347.1698817901159,21.923765636794393,50.17835119891275
579.8550310347255,344.24014582193934,21.820603812829994,50.37225573719451
579.1056569485984,340.684557737419,22.23049159251386,50.09935483409158
580.0542276313859,340.99227084695326,21.864526078760665,50.69575768129968
580.7630048432046,338.4418511123488,22.03025817894217,51.266740468684944
582.864632331952,335.02552779679513,21.831673344575012,51.622784545470914
583.6879141992873,333.9375106279611,21.379656667056103,52.501892384725906
584.1062561928211,336.3235148040327,21.897289033786468,52.4823449891562
584.4489389930723,333.56200227708695,21.631634784678752,52.52665223909261
586.2938537336548,334.6831039353747,21.769438207566377,52.21007496202222
587.0039444976746,333.054836940307,21.868632719031698,52.04645104276426
586.9739937181225,327.29843798989083,21.714430266480946,51.50100328472203
587.2882781259273,325.60004112845843,21.691614872655105,51.48013271811236
588.0452457593369,329.99926989670996,22.38578040158149,51.031554446440815
589.1234839583927,327.387628752758,22.39708344911807,51.07007807116719
589.0845390939471,325.38190564465606,22.87652174244344,50.63657418361136
589.5200601275404,323.69995512857395,23.070133548700298,50.42359404550277
590.3262621002067,324.3686932902808,24.090446735936208,49.92622391134006
591.5527421480679,328.243845854684,24.436852637528414,49.53681775409118
592.7176328699256,329.29054126111214,24.77127316868153,48.47803232510794
592.9151437770671,326.9903288316013,25.096384718599133,48.1175630763111
593.7911759322604,327.0960604216263,25.34801923404863,47.37624828083213
594.6727843749325,326.5633455987677,25.689480025859286,46.276165126332664
593.7755030135567,322.82449709388214,25.691856846015376,46.41244386980734
594.6256954527789,324.9086471300712,26.035524330012755,44.54794819501233
595.2686999721262,321.9887148522789,25.845670815571925,44.727936880845895
595.9279180533382,322.62445832401676,25.874385217341796,44.48940653755934
596.178075804284,319.6513709356323,25.950272644470065,44.772101509335585
596.9956852691438,319.2779446997365,25.48313988590079,45.810452463354466
597.5308064617419,318.70020432033,25.781446251581972,46.290080625407754
598.6449818052575,315.7307750549051,25.7055687758391,46.600463967048555
599.6220539313703,314.89009758519853,25.22987982871316,47.15410367647365
599.9096118092119,314.2497713817428,24.95496015442975,47.820952458278214
600.7726998596902,312.1059929557619,25.016152112631463,47.90778709268024
601.5958447515097,311.42413572988374,24.913116942868776,48.538979652842656
602.0285167796078,310.4005842600369,24.900366964259817,48.23124636702661
602.1897940594781,307.566391056845,25.004436762219377,48.727491698276125
602.6324325263421,307.6184102300071,25.538578997917618,48.9398198754562
602.8725000269035,306.5425656793493,26.189144942648838,48.935947291209715
603.5089829718755,304.8679035806,26.311781040543643,49.34870036749254
603.4970401333287,303.9963917084502,26.6200501636153,49.8076250097719
603.588640679378,302.25122293062793,26.96156938268157,49.996778388017724
604.9522704326843,303.5697408391335,26.82039376507662,50.837922025810066
604.8748123715586,300.74493782299913,27.28429917375072,50.481667252567306
604.9617848116526,300.6811003107541,27.830226768233246,50.59237495251731
605.0452078910924,298.055858395801,28.096294627984438,50.29328249992231
606.6128772177126,300.48053371332765,27.973815557645064,50.593193339478326
607.4146672342341,296.9000338600324,28.284141979642026,50.47518418071244
609.0244168380328,297.59470206291843,28.06849776205013,50.73232177873216
610.312422121544,298.2151031184558,27.69417190839131,51.83493087485663
611.1594317258066,296.10388448621035,27.749006860175104,52.90292773636279
611.7430502739943,294.93039245707945,27.783552347990124,53.47119987960846
613.073900448232,293.6870140601042,27.57070668434423,54.936283471044284
613.988635145404,292.35550776313556,27.515825874900237,55.81748888076218
614.9528498981778,290.42437789738256,27.546106562986836,56.252467470987035
615.5703888401983,292.20144624373427,27.531816919378322,56.35996379296266
616.593194726055,291.5459576989421,27.444275783460697,56.94078183828121
617.2562644739306,290.2910943097151,27.742516757031538,56.92928316431214
617.619551311379,289.811780444383,27.613521011631626,56.94460701190067
618.6902268433209,289.54458552961904,27.678943467263636,57.53713523801942
619.2192482961482,288.65656115857814,27.932610800065937,57.71266468059406
619.8452401539926,288.70709180981027,28.654798603656673,57.00729972012131
621.1504050775886,289.2756006761957,28.76171624257905,57.35963981644436
621.5600494314441,287.3565396034028,28.721536774446385,57.77942318639538
622.306387189628,286.2778880002437,28.428808376837626,57.95493370434387
623.1575338587023,285.4513594359956,28.097768648346367,58.2001778798448
624.1888611597772,284.2200230062658,27.87706982717974,58.498235346619325
624.84551502181,283.02587430533094,27.2261637196873,59.3811225540922
625.8456621627299,282.69076560312743,27.08789636770289,59.932491448412655
627.6867249509573,282.2541071401878,27.76706410713546,60.19636751115942
627.4273558552691,281.018346555251,27.841179811682135,60.26932624969758
628.8367126028345,279.77576600018097,27.826598539680695,60.5915380361835
629.4060836084467,278.17141697048453,27.468839916880043,60.79936658301837
629.4428023662798,277.91248124502135,27.249552070622645,61.03911909573711
630.181855611552,277.65743532791885,27.147348709656033,60.92251315124027
631.4076154427515,277.4337013255158,27.138982428604557,60.51585535829782
631.7017156401365,275.46088672580566,26.886877515945528,60.05278409156209
633.2413729032534,275.96951328213834,26.774503869533618,60.17458098576318
632.6761933555655,273.2939581190122,27.004264796536276,59.18554286307145
635.7268575219151,278.09192203133404,27.14821529913366,59.06760232785648
635.6807882504055,276.0993837020943,27.457161580099495,59.48523180081952
636.4041418268905,274.6000706128534,27.428996693021425,59.35683666658768
639.1957064949489,277.719494638796,27.811192712434277,59.13215449299848
639.5947265376972,275.3381390459512,27.57933977026373,59.497112916847215
640.2337845875021,274.19450200013597,28.042670284919232,59.40101136379386
641.4729361568699,278.04435484096354,28.122363419224527,60.15566282935545
643.8038431421755,278.37901013428655,28.589664076451406,60.145837165595424
643.5875887782883,278.56245283724274,29.072510930944844,59.89172675763254
643.8872517055182,277.5091284081807,29.556553139457904,59.230824193637545
644.6638057187472,277.101779812548,29.951091015633743,58.47667027158353
646.1858717216862,281.7621933336158,30.051413965810337,57.36256358162079
647.6205855073024,282.26067740750915,30.094061198883935,56.26223841679379
648.2635234105827,284.43170726153755,30.562097841206533,55.67952424020062
648.671938715536,283.986327377467,30.337937850787526,55.65661764081102
650.8999995707275,284.1501659573725,30.414991608849583,54.999420613102856
651.50144855804,284.20538729486503,30.871096534347927,53.69856100601185
651.9511563947077,283.8421758851381,30.91547332336145,53.389085736056806
652.7680557692223,280.44520172710844,30.876315186934637,52.860724081260415
652.1508888499596,280.0516998541949,30.661801373978342,53.169039467826934
653.7831871187886,280.0857392137282,30.389499147843658,53.997743027774966
654.2309167503253,275.05107457106885,30.833606711590917,54.09135572221231
655.3103415257394,277.480441349991,30.470870890239492,54.75200130331454
656.2020165270723,276.71447464561123,29.919150736053922,56.83340007033128
656.3846390945821,274.12095595498,29.545133445764336,58.91839763759842
657.7641499380672,274.44435142686325,29.62591402396139,59.865827570525596
658.5487787574316,273.0720388952844,30.2312915571229,61.50619433480946
659.5532201418243,272.86943579511586,30.905362622870985,62.113089703957385
660.175192928611,271.17782558216487,31.62864033592654,61.97399367401827
660.7679970194197,271.0181966562271,31.931526669727987,61.95795578910414
661.8025507720645,271.2549764805403,31.876965558786697,62.467439751527394
662.6219370273822,270.2930981694641,32.44751764646365,62.63318729756138
663.2126479667235,271.12986951382294,32.851926456257644,62.40649347816738
663.5669661235715,270.199092452207,33.30712709858553,61.67548826378322
662.1364897836208,269.3930039139575,34.20015160732926,61.303754064418655
662.7293809842862,268.8753461523041,34.49676878886137,61.60310838891866
663.1532645400255,268.0956813448075,34.91685910974819,62.05812057723037
664.1245927550705,268.99044727708554,35.10759739782828,62.82552044675933
665.6440848632034,268.2004939877439,35.34335697695755,63.48325084317247
668.1371210207054,266.85822862932355,34.927602883999285,64.05849143702741
668.5958475155862,266.96535782329346,34.834634421348696,64.49112398736962
670.0756277634073,268.3782359465422,34.691253201219226,64.76072563576966
671.5272032167707,268.1432302382756,34.664653445768074,64.52715679202606
674.3118340446217,270.9093014853431,34.13983158269908,64.60159026377227
675.2945795131072,269.9543372923426,33.7683277530051,64.94081836195446
676.0567760114267,271.8090248356424,33.65000391587378,64.74610244169094
676.6988962720533,266.9260979107524,33.26029673078316,65.16721733120484
678.2767200468751,269.1058711238377,32.905052299273244,65.5980671185657
680.8273476213998,273.97609374785657,32.731610680192006,66.13696642924376
681.9380983173947,273.7922369423396,32.50243864725677,66.90617731491486
682.8509805816766,275.1855956278924,32.362832894976144,67.60310967449175
683.7094742118398,276.0274960940852,32.310928089331156,68.04229553562413
685.0416529387285,275.69482674512597,32.32496495318092,68.97482960731624
685.2627019919629,276.662703032848,32.63305734315663,69.43543862130386
685.3626325066239,276.7185042331321,32.983296521163425,69.80771158480091
683.3970498106997,274.9720301623428,33.28104740609963,69.90214021038838
684.5779723149893,275.34105316184485,32.9010641080689,70.94895374946245
683.797879030251,275.6927857081619,33.037826910455664,71.59220887548676
683.3888420959511,277.21822249132384,33.31909830837138,71.71299001039588
683.2059611360494,278.75537025064244,33.34115356075151,72.24022075213468
683.280216865741,280.7715681856377,33.67695997031635,71.46432488786613
678.8658600851185,279.183206680875,33.31787121680313,71.04077238088158
679.080346854694,281.4350596585251,33.561861058465595,71.42882105280916
677.2071897107287,283.5119187890295,33.870910903952364,71.4147936678074
672.7949032499967,280.89689321263523,33.83595242282844,70.88969259510154
672.3283026188645,282.6958160201258,34.350693077564145,69.90124772932694
667.2721531974312,284.1775349919991,34.97668572994,68.88237484333484
663.5110032933025,286.6831747358248,35.443002471638714,68.62697475784407
658.2039735951611,283.3944251865589,35.13346357843167,68.08849227754895
654.3800772146977,282.5251115717267,35.32628693323045,67.24902430953584
649.0310658645665,286.6373701835672,35.74954938721608,66.00234274106714
642.9626590397146,284.075556251275,35.126942642022335,65.76096177462753
638.3627656138452,288.2801118868338,35.10379763188373,65.30582045895412
635.4919232706906,294.37131856467335,35.62436720588845,64.48300621673945
631.3652805459764,298.7602707341598,36.40623379774232,63.360544592457714
627.8017039384159,302.55939072209674,37.05734474220269,62.4482177025213
622.7748978908309,304.2502334837536,37.68914764090074,61.893028065056576
616.7824108234696,306.07517191032673,38.355619349475816,61.16121413724903
609.7105952541539,309.3323545789883,39.37273605329284,60.00438797686681
605.1954877656262,311.18753383524677,40.12193372688134,59.257411708460054
598.0817123781912,313.3523876029222,40.406792698772676,58.86921747305122
592.1264303354786,311.7658445420967,41.051174838397216,57.71943381702275
587.4598186618728,314.84955001745516,41.24313708483981,57.45730917840914
580.7565865676783,315.21512259270895,41.541220001866556,57.43658117935263
576.257104725132,316.3264122475818,42.10313668225953,57.14482173864839
569.786675899028,317.82899273769345,41.98739567113737,57.33897726004251
563.6822562410345,317.76844772671336,42.24967412744428,57.38550925491407
560.0255808378106,321.24106657524203,42.36756842907011,57.594600857783426
554.4575759483637,322.14096239332315,42.994224570268756,56.95241570412705
549.9630464135854,324.8659431879612,42.883505464471156,56.72905571549795
544.0418364995948,323.9231275353789,43.05012878366338,57.091418917062896
540.303890530942,326.7953531470143,43.17725153304176,57.36865043305001
534.5157604826571,328.20538001897273,43.773102007419034,57.09794385137985
530.9292539045235,330.9353871393539,43.88562455547104,56.9052058976963
524.1233222803207,332.2938459292625,44.20228936332484,57.15077863808485
521.1400434424177,336.4013463722049,44.91683144846325,57.07921609143343
514.0236216639236,338.97977992641063,45.204174631610975,57.5371708938801
512.9954218919603,341.21099152908823,46.45086957377294,57.88670075630445
507.3964392737979,341.33437024746655,47.365154847939536,58.41352303623027
504.4565738056612,344.7731487356922,49.2872639713925,58.60801615438339
499.66528826939384,348.3829599055342,52.05178513624281,57.566864903108865
494.935279656937,349.438573016823,54.471865818645554,57.4675760603683
490.15874183559384,350.95771595812494,56.46921827102429,57.77859366172742
485.01760370015154,352.1133265589722,58.50350298001922,57.82500485863835
480.89629420781836,352.20675116183406,60.17877777599537,58.51415569964456
476.1077739896482,354.1470198414387,61.92269929677781,58.9633807992366
470.2603755199631,355.02581773690196,63.65109513598935,58.80139658057563
466.35301587436714,357.09241937229206,65.52647383575062,58.90367886353696
459.0314504524158,357.76543978311344,65.39628448159417,60.06245266668053
455.76124563927624,358.9773659540697,67.803967915399,60.50584504522699
450.98739962131754,359.880875624633,69.55381458769939,60.94971476698187
445.78880082532726,361.0800559105805,70.95667795879372,61.36610963484523
440.20324588058156,362.38755110240163,71.93162562446919,61.76179491991929
437.8920488465309,364.0442268246619,73.11576724353495,61.84083873334861
434.4306184677206,368.22237407097765,75.54114760869942,60.966604196314094
428.4688760081582,369.9786516117949,77.81928302526084,60.49556041190556
421.71788746403706,371.8411317962351,81.2812191436544,59.67742677756797
419.9640510964955,375.6822667147578,83.89182474912559,59.36112850576913
419.6284195225742,377.0831974303024,85.54176362004414,59.682977945422785
420.9628889832635,381.8405244013511,84.79799404738223,59.93850661288343
420.9045012044842,382.4750451447101,85.58020038916635,59.800698818334624
420.6413080401401,383.854128241382,85.3371148340807,59.56319707849735
418.53760480211207,388.00770577099047,86.36488125543397,58.33622028008352
416.9249918640817,389.89471539297153,86.37909405280516,57.88489104619229
415.1943121117593,391.3192134035068,87.08691637941035,57.29994813142967
414.64787703997496,394.42295415047164,86.66344424068379,56.25845794380492
411.95480318758564,397.331887868736,87.27672998791238,55.41329873252653
409.56265208653497,399.64601673493917,87.265354528118,54.78662982153133
408.4463290782611,404.94291164101577,87.55755249893511,54.11402931754463
405.1873745556105,404.0669836150132,87.53091541691695,53.942147247563334
403.8270905806668,409.52776463450186,88.69582061560664,52.79102340286095
399.50827473846596,410.2371751215586,87.09496601003026,52.81919160740491
402.39073544759157,412.83928701266467,87.13412936961107,52.597289087552454
399.08168212143715,415.7528987581845,87.80622495548313,51.8836453465739
396.5708198778265,416.0877164107467,86.78937951548882,52.28121916601461
397.15349621847076,420.1285871195221,86.64420133752674,52.51739843327821
393.5498144667748,421.24503993761266,87.45414109671697,51.89075869961633
391.7521026727136,423.58790153021874,88.10816916367548,51.63264877276599
390.5911499201331,427.05278311893557,87.49373838992105,51.81634852028962
387.9553477108218,429.03411419563196,88.60784778672365,50.750274453978676
382.80285264958144,430.7553638822031,87.87739269588644,50.81057578388517
383.2437023886354,434.0396669137829,89.77975560333752,49.20487274349159
383.3487707489619,435.8684811836332,89.87322923734659,48.60531438659129
384.3986867802954,439.8159892647237,89.81508466323544,48.58338372322009
380.51286207655403,441.41760925273053,90.54598213666671,48.11737476336553
383.96783023380624,446.603273520884,91.15112007524459,47.91716782434871
379.94297073339703,446.4778089819727,91.649635825178,48.05464575658182
381.5268597071877,451.9953667061549,92.60201225839486,48.02125931975306
378.2006216427966,450.9950827909346,93.3524121428229,47.71759932121432
379.7162253703958,455.16934422668703,92.91503265049982,47.64576884015128
379.5215189255947,457.9030653726815,93.39252563336666,48.36832660538276
380.2487171842184,461.394360808734,93.93819587332148,47.80974171853782
382.1270403525526,464.8532653055017,92.78035091108836,48.011683701564934
381.07036640981073,465.8073396543477,91.82712613040393,47.011138684960386
383.66255833009893,468.590377373821,91.18069852762052,46.70959247422422
379.6699191406611,471.4184158961769,90.5945590979635,45.96251296521799
380.39673574430026,471.64578572412006,89.86252648282156,46.01602354584287
383.0945032737276,474.21487729825196,88.7806634897018,45.93102490685644
380.30473027645695,477.12303069807774,89.98822404875713,44.85154977224403
380.89020519354017,479.1755453641275,90.70329594787471,44.07734672264564
377.1191811378841,480.1372370796706,91.64750279636947,43.54848881951354
379.575642435482,484.29718104612704,91.33447091009701,43.84779491736243
382.4690373233337,485.9298204614676,91.04537944143102,44.02104867754733
378.35912357977423,487.6864645936892,91.91564476042853,43.32798493664845
380.5716452004932,489.0905884710095,92.81471298062999,42.3845441917049
376.88616154904054,492.32566874197767,92.88369072817648,42.24443364137613
375.6884018322383,493.9080386336286,93.04908354244198,42.137021367000685
377.0102827822702,498.14125047500147,93.33191661498854,42.14769996391809
378.9423294528655,498.8738740708005,92.98290706362343,42.295572255314006
376.38036752574806,499.1904296531536,92.96630176212716,42.06561120204465
376.68842783366193,503.26820751779354,93.0744780737515,41.958571746263374
376.9830889760855,506.6806926204902,92.8230275788366,41.99884783679894
380.6225895981206,507.2066335362964,93.02143951225666,42.04440600953535
377.8792384075004,508.7399540618698,92.36189307605324,42.748145455367265
379.1599097551759,509.57763712795526,91.65801207160497,43.679015065765356
381.99882934266054,506.1758867606711,91.86949613119367,44.57208822999065
377.4662671624816,507.0061557038382,93.31484233527117,43.678468704843496
377.767267940466,508.9333221874265,92.7310917829998,43.7042150070761
382.45619599792354,508.52360800413265,92.88127464666135,43.99919110458644
385.9067194487542,507.11028609021025,93.73548201364628,43.73981899271872
385.8035700358223,509.9454854661838,92.80518129879962,44.63323821867686
386.47466954992603,509.7857217077043,91.90973025905461,46.54960277939809
387.31344914976296,512.1981740169352,92.55630421711095,46.54986724739262
389.4154753092733,512.8869327418175,92.70121229771787,47.65435396327736
388.2444273742291,512.0234005722556,94.09632775103157,47.677379920824656
388.89523256473854,512.5521882839092,93.31126439426271,47.89938902453318
386.20168163134736,514.6835272360886,94.35901413015512,47.60719609217445
386.597361610284,513.6196039536034,93.8765567041441,49.103438998945634
379.428897212658,519.0304009850734,91.52129151441079,51.75723632394509
385.194432790145,514.5822614284926,92.60792284356764,52.693228819827574
382.9435802333246,515.3842130086657,93.07396912084364,53.51488470336554
386.6319824721142,513.3484998278275,94.6334458474881,53.73321624883414
381.46772245813406,519.1692542435355,95.23137410146158,54.11371440594341
385.8146081149043,517.295329803094,96.65946996779174,54.11826451782947
382.94349290352,521.8689120007699,98.0025195014307,54.16835525705996
378.1285886757231,522.387899892725,99.26436798082817,53.987260018765966
369.3230213935653,524.333324312881,101.72410960843725,53.422434041842095
371.05749331011117,524.3272647395065,103.65001555256718,53.328534898667456
376.7482268877868,523.62020742637,107.54130402007962,51.9613101179733
381.1088288844099,522.1579171818851,109.73940105985355,51.212561253610595
378.13728630211597,523.0254765672722,113.2706214669036,50.22858665359733
379.194916598511,521.666286474148,115.84447735207986,49.34917659860439
385.6739746529304,519.5694677090676,118.40587341975473,47.18019663608944
387.81594270350297,520.2330823488885,119.94463162021479,45.71549579978409
389.9274042551628,519.5917045179184,120.66388771992854,44.686953329781616
392.08473788097024,520.0629793137418,120.92774648836377,43.524621311181264
393.7615527326236,519.3277070094234,120.26319058609766,42.84467849687503
398.6040976657492,519.9379924110538,118.20548967400904,42.50035110610912
401.41107735650024,521.057481887671,116.3157834701498,42.63767034203782
404.98248766564024,520.9746526467927,114.39360780273645,42.92615938608794
406.15636132548946,521.8737629806951,113.42612333475309,42.53692016073461
409.766232986556,523.9535581636499,112.55162680445954,42.63586327260825
411.77539810211925,524.3901692640763,111.38232635276732,42.60730338044816
415.814718745561,527.9706343764748,110.82685172237797,43.03798024946232
418.38911071194207,528.2761485417874,110.38065491730137,43.98333505177179
419.9856255960119,529.9175149911999,110.24737594452604,43.8152977019578
422.18311049547816,531.3429104907112,109.65674865390963,44.261104660546444
424.077631682774,533.8492724047081,109.0301868720456,44.31461208331552
424.35393758950096,536.1680023013653,108.7477446147326,44.97664178813975
428.07802932625884,536.0688394550555,107.4424897415281,45.2929544206067
430.5216462219492,537.5178857707199,107.08691269224336,46.30900916629204
430.3009271149548,539.9597824353157,107.06690110431026,46.415502664187855
435.3270702937177,538.5431876269577,105.80753581306857,47.89924646104921
436.5981658404483,541.5802496171957,106.09393558951099,48.48364842432929
436.0069818661283,543.2699927970036,106.4849432194903,48.64189442746054
441.24438327892796,543.4237623150717,105.3409700142523,50.428293026746175
440.80152336680703,545.0555740041383,104.42956199559109,51.4878713049546
442.93392622365957,545.6952020031048,103.41718505195124,53.191189293074956
443.6797788992282,547.0811224492894,102.06234618092607,55.188618343943034
446.9717370645834,548.588846293744,101.19203430044155,56.92657336499466
447.3816762489034,550.2688185792566,100.20440442583057,58.304267744317464
452.92496983737243,553.3091898816652,99.95972570378751,59.23057183902423
450.7619802694748,556.053241746769,99.90421699320825,60.025002231283636
453.89602397733114,558.6233123546064,100.37719603333662,60.35539867811508
454.62455544198673,562.1539172239804,99.34803663700737,61.42853017929607
456.1721735964102,564.5817924162292,98.6464160508167,62.72257341967665
457.414878822539,568.1721746450593,98.61774168635813,63.36117827811738
458.09306085060666,569.8516076079792,99.09113138674599,63.734678198911496
461.4116111654208,575.0022534598895,98.7272942115548,63.997991254307294
462.68328910050303,576.0166398846712,97.58521373773753,65.17973128125438
465.95634025677344,578.762326724759,97.68389301470475,65.7837860678757
466.9846397632614,582.4626504076988,97.71554463878323,66.1686149097293
468.5843297977027,584.0753150510997,97.12792518620313,67.12320677313507
468.634024232475,587.9983319744365,97.78623014381085,66.95271861890525
467.8801803645736,593.5763987105702,97.23209951833125,66.51822477981669
471.75889175341956,594.424481268483,97.9322906856467,66.50159243033322
472.7496889621134,597.13727343553,97.17736951368903,67.44257713844497
474.85692712148466,598.9986899521462,97.13058633306906,68.35368003355732
476.7805791396172,599.8002186497673,97.5112595726523,69.13989723548308
478.1888491900704,602.01025523406,98.48709694366968,69.68204092099322
477.53793836833887,600.8845377431968,98.83959594623697,70.19974224869732
478.5719042381752,600.8223509206277,98.9741006537079,70.90113826751171
481.04201782810424,601.781122326958,98.97180834933802,71.28976591841317
483.03352837476046,600.5114513021501,99.14204891755517,71.57988783520103
484.1609998542719,597.1249265693477,98.41686679608719,72.5883198577211
485.0216109264025,595.3325193023203,98.37930778163253,72.7557702712927
485.1804256619231,593.7006327148906,98.15585806008022,72.54256800517302
488.1096479786784,588.9062786081133,97.7740884601388,73.46601208908886
488.29986080267173,586.123553386559,97.50884962264566,73.90412126175067
490.3922914996338,584.5927527932226,96.65174677936541,73.79776299674818
493.1638091577721,581.6851186532697,95.12646220314016,74.39418638605947
493.441300846882,577.9609975435108,95.52296112091042,74.6487101721973
494.31263602115195,574.668749924198,96.62410943692123,74.17970809636967
497.05785412795086,571.8032304120386,95.28347876913028,74.3126984337074
497.25892723620586,570.1553898312794,94.18897304553639,74.50354408497168
497.51498460082314,565.4650216964175,94.9914320811028,74.25488963814301
496.8090854420375,563.1200131117158,93.70990130283366,74.52100381911232
500.2113051666706,558.8262670412413,92.89014489037159,74.51918912870158
501.9957779954143,555.9884747631486,92.7871044223985,74.04485417499922
503.5791264299928,551.0564812234122,91.48823735289346,74.36110985493593
506.3128591400108,546.9601415034031,90.98261256243521,74.63239876150683
505.98486774974293,544.045232694638,91.05144035849676,74.92278242289086
504.487730677528,540.7510271283383,91.09941661893907,75.41879586567094
508.96778327030944,534.9268326369177,89.76706755215072,76.26182882281626
510.32827028298607,532.8710810175104,89.25366026492608,76.85272864328063
511.5769025848934,529.3946803400964,89.05521925615844,77.25250332193065
512.5584293795725,523.5521336127139,88.8107066929156,77.96603725215957
512.8387151514282,520.4259551617203,89.46450969144057,78.74147736413838
512.4492304011917,518.0320577024171,89.76475089754113,79.56830998721239
513.6931888669969,513.8885257274809,89.76361007944058,80.61927993912937
513.5504259919439,510.91445169800926,88.45185306225082,81.49583948183736
514.1227376004498,506.9227860705575,87.81433102340844,82.15675157017598
513.4985834354624,501.46295883729704,87.67476165067015,82.37768796571305
515.887879135081,499.4207877146926,86.47118150478994,81.87934617085224
516.6589638764823,495.9372717317964,85.9548954581904,82.37407522297899
517.2614299731362,493.9384543450598,85.69389752668134,82.54675000308961
518.2399208164285,491.9567862276566,84.6732076539472,83.02081960390859
520.5855692140526,485.5554004019227,83.41033497864836,82.96290590686563
520.6638385428909,482.021669179266,83.07298618238852,82.14881899381126
522.3029731032955,480.0276093496768,82.53374503856901,81.82477100848888
521.6715370874293,478.5709225987758,82.13186852084009,80.80218397905614
522.841013896247,476.2813099996996,80.9309563994816,81.49892521801051
523.5743187862284,471.164622704581,80.10608682242237,81.4822750127155
522.9881794588177,467.52651719837286,79.79102884165427,81.27331518391478
522.6223910810121,464.1882350421597,79.8531202666839,81.15312418246778
523.2928370838,460.73303654364776,79.45023919212298,81.04275062971749
523.9150046299604,459.17695498799344,78.53038001404207,81.07681854334855
523.7747941938312,455.18756894424956,78.32280481472347,80.61384964115116
525.1383486673295,454.6854542119134,77.49742986221074,80.20932892939378
525.1785321322167,451.3366026433792,77.61595944482556,80.36333375561018
523.4591713603905,448.40512781265676,78.02013485162193,80.11285434753597
523.7640335174762,447.23547678090426,77.52865777078186,79.62535964094519
523.1875947059144,446.4254440566257,77.41598144264191,79.45000384678836
523.4380965218653,443.8702930694253,77.06669066047631,79.63307975459976
523.1291084382337,444.9241361578529,76.77165593248722,78.91089794271188
522.6321044430343,444.9063808174576,75.16459637985625,78.49321883325368
522.8376447437236,443.50938515533494,75.03369757383652,77.87195842562642
522.9042602943272,443.1872821349915,73.87897709083904,78.32017628806005
522.7621318901371,443.8156265012845,73.86296873603605,78.25089993664633
522.1670450325787,444.2260123869947,72.73554291616435,78.6490784368324
522.8502719346906,444.2627156239918,72.38230024303658,78.59130992684838
523.0510850289575,443.04253503344717,71.87115011739655,78.80732613914185
520.8807661610272,446.2748565576441,71.41658655168246,79.3300779004709
522.0745421286115,446.0884787526955,70.8376299162345,79.37939957472591
522.654705277615,448.183441380597,69.84541215602064,79.70004436820872
521.4485530019919,451.90671180788837,69.30362182048725,79.3043343546905
521.5194145067999,453.37081013992474,69.20233884499243,79.20349164493288
521.6530765214253,456.45213623633293,69.49716362517471,78.30413796362168
522.001706865188,459.32402453825273,69.8505313613399,78.06689688987242
523.9392260837925,460.2917035100602,69.33918067780839,77.96392472468457
524.3308138202211,464.0254945460272,69.01395028356241,77.39275073380534
526.1567377679745,466.10573976702557,68.54747617116723,76.96493155264224
528.0803334870731,467.64215893943907,67.7497518197623,76.54484679935271
529.3224582659235,471.22883715767,68.1181979655677,76.04599988818994
530.2788927265995,472.91966666691735,67.63229678427467,75.70454038789897
531.7982949851943,476.75476699356153,67.14472698922265,75.54029686122803
533.1674691456635,482.37400361353394,66.74816195342498,75.05091572333401
535.797410446108,483.1589216128671,66.46123171841136,75.26327720010104
536.7973455350917,486.77326496411246,66.47291530478711,74.70430494844648
538.1776578881056,490.6387340106417,65.86126048744654,74.67958319068461
540.1745067065325,495.85550339807276,65.16808279383011,74.1719887441307
542.3747576237696,500.2205932667233,64.76071903423079,74.26515609850435
545.4111820069178,501.11988366149103,64.75839543730694,74.30466024511085
547.4613204164199,506.5948553759328,64.06717790442035,74.85750154523126
549.8191000480491,508.783823503214,63.53391157939425,75.53361049101674
551.4316027935597,514.5020876063815,63.59944153835482,74.62224307417154
553.5992035332488,519.3189255501782,62.9881050911726,74.40965540526702
556.6564517515375,521.9496303293384,62.783674782372415,74.18926957817823
558.8594981108308,527.0116708773351,62.542620172611294,74.05272491254385
561.0999502931403,530.5268854710616,62.41418477543022,73.51426674102093
563.6550517067275,538.2028701112739,61.832337546705475,73.1882402630256
566.2304624567568,541.4105683680773,60.884633894089475,72.90740862597512
568.4024531647576,550.1765956498625,60.48202821050966,72.36787344106695
570.5936632766942,554.2372332344994,60.26429895801107,71.86054614014017
572.7253656843469,560.6043980530329,60.01264722498104,71.79135665505086
575.113207370281,563.5856829899524,59.419241532556214,71.22331326284035
577.4821000693568,569.8227002811818,59.307591960515566,70.65998806148495
580.3471432822763,575.1706808757767,58.32819122650985,70.7965168396412
581.8833126957188,579.9649947493433,57.837053952969704,70.54451896006174
584.3828598762732,587.5074541035831,57.07496530246263,70.52163962688739
587.0204377593958,592.636846967622,56.812761387108566,70.55086735706163
589.9261922512131,598.7333867019655,56.904581775879834,69.58061579975154
592.2631659377251,604.7334769684085,56.3091165538874,69.61878727949997
593.6916964383139,611.0629476142708,55.44296620200962,69.29795309684506
596.6704548218111,616.6439515950466,55.35865461995167,69.18793945902401
599.4362174714289,623.1782699540081,55.12469716510699,69.10276507478018
601.6807661141729,631.1487160905803,54.838538436290015,69.15626615032973
602.8119420962283,635.2964494171808,55.05231910348108,68.98546761846632
604.2565273197016,644.1925721140005,55.96795727317267,68.63024729501751
605.7156211944665,647.9631180995832,56.9516624241098,67.8730169609676
607.0426906325177,650.782894093365,57.64334135234385,66.56078173442066
609.787113513954,653.6354903489928,58.03740917894896,65.80924685027098
612.2790129278958,655.7940193526006,57.765220191458496,64.89818731145431
617.1072359472747,653.3591626376613,57.52289864153106,65.95206240438856
619.5529888599857,652.3995341087406,57.07134662012533,66.94259439842911
621.7696039920041,653.313056779854,56.711597439004635,67.09641346183417
624.2927767176428,652.5935290408637,56.68135907009422,67.11563170341032
626.3077888363779,651.5781401727555,56.72703463883755,67.03572003800019
627.2017997418209,652.001634286975,57.054608407098755,67.3091920813965
628.6423299134567,650.8811394948005,57.38830741365019,66.8310883429915
630.3694979688927,652.1459544552442,57.59132947233388,66.06687909738173
632.7231287939499,649.1202327544809,57.7008607871549,65.74608338605462
634.7315841147612,647.2512966029777,57.479264934350525,65.64944560109393
636.5244120199618,647.7889586692872,57.36532838893339,66.22495316784614
639.9165714236975,645.2175357828498,56.83372946061239,67.14531387526085
642.2411030579613,641.5400424322755,56.610701119453125,68.11059825631052
643.6889896728889,638.1319328990853,56.63999865223225,69.3392933854656
645.3853454641833,632.0735717487065,56.10958818086466,70.4189930955861
649.0007652049336,627.7699802694862,56.19787101381708,69.9924569912217
650.6479096779676,621.1420735973434,56.11435410525513,71.03969031841723
651.847050324289,615.6180004918347,56.08622552448092,70.70178058308466
654.5445851695696,611.0133879680278,55.73050920458601,70.71666111012951
656.0475507542671,604.7671035544458,55.7045534971507,70.45245408127533
657.1873512068165,598.2171730182017,55.80799898067815,70.05680886714251
658.7560269536858,589.1914277375653,55.59322582174796,69.7957803549291
661.1147235803993,583.4666570536477,55.6728239165876,69.62855670048629
663.32609438964,575.1552142841946,55.62995080549123,68.62226133118942
665.1217046706098,567.5235331160889,55.07638321291218,68.52656242625113
667.895561585058,557.983353827165,54.79844095994339,68.63051490668666
670.6610307659789,549.059345489861,54.12920599394518,68.88017151964907
672.8012934939518,539.8053301398921,53.76224831944779,69.35989525852736
675.1579864482217,532.5959721347905,53.488659812336245,68.84261235210457
676.9551012263499,524.1128683858265,53.20058808345708,69.08035190874847
678.5400545383201,517.1226799850075,53.41416105470097,68.7348868066999
680.8164995404716,509.3239242246446,53.37414326948377,68.61546793802145
682.1684686699494,500.49506468866275,52.9930287734217,68.8040288373777
684.4224803836303,494.35787628156186,53.03621861052533,69.20117596102767
688.4562321127141,485.8828730884585,52.66820331535198,69.52246873944637
689.7279057566001,479.57138112747646,52.87963751218409,69.6174289416229
691.3214292414584,472.13560128331846,53.34657556596579,69.36403822100334
693.0424350225134,467.580236899936,53.77032814493883,68.48958517929661
695.6789793509286,465.00688307412815,53.80128993366491,68.6117814936319
698.6777379849782,459.1917601825643,53.4297206178361,68.95433234572947
699.9790643374388,458.2081965134171,53.51344066987293,68.26987696612831
701.8884610701137,454.4787521731505,53.310704362039544,67.54463974639292
703.5451290639743,453.122690573648,53.11334041640228,66.5226080057464
706.4151010247119,450.1291381604684,52.781694987358605,66.48802246345323
707.4545898396343,450.4876585576631,52.65714567267655,66.42496967279466
710.2257731326221,447.8806819803201,52.082789035431446,66.18011011385764
711.7266941779989,448.7010257806671,51.86033942552799,65.79718351475053
713.2709153768818,448.9804397468466,51.50211829927705,65.14995214883015
715.3208217645487,447.40508491269526,50.96795288760611,64.67034508281895
718.0419527489051,444.85245541471096,50.775332337350164,63.962897131460835
720.6519930263102,443.8532496591424,50.77606553376075,63.60051552888947
721.8675701379212,443.76659047509736,50.7954983447641,62.94603451715402
725.3417308850268,442.6826597500697,50.56110268902363,62.94810350199933
727.9587274683072,439.7305395580644,50.23616904699874,63.357201426140534
726.0909165668604,442.52913672305243,50.21177083226849,62.40778799139761
729.3290474413817,444.2427341526404,50.33758275265956,61.30418722554444
730.9102283098814,444.7915162908656,50.16493468448344,60.764962187260885
734.7486819777502,441.0439249890146,49.77945543788776,60.73679550583712
733.5150921305203,443.88438664786355,48.61450522473931,60.40862439684892
737.4217988404757,442.77794924125556,47.83834995302176,59.93302050179777
740.0581355661028,439.20183795130913,47.69217710830465,59.31825909578975
740.3608838750018,443.21633212565865,47.566871840489824,58.22874819078572
742.2150378102324,441.1814701169907,46.563712190090854,58.12726668749174
745.4548332495597,439.9116802365693,46.071412170658675,58.28910439625629
746.9818966189479,441.4326101862831,45.9888831033911,57.21996345091502
747.9728398442331,442.17791014522714,45.82294573519515,56.525447042948926
750.0659997991552,441.88646054810283,44.710095941012696,56.63082559253286
753.6635448423174,439.6322048378569,44.1756141463143,56.15816826607644
753.921703106986,443.17115720833976,44.00030946900293,54.49131670580526
756.0853734606122,440.7847827493265,43.468137638398474,53.621183276724835
758.9040798775362,441.2823744184376,42.95807608857754,52.54461693371809
760.2599407145191,442.9786582287703,42.98831994691471,51.021723041995585
761.5135367541418,443.79115342570094,42.46214080807609,50.29992403578758
764.2937232091152,441.086296523909,42.02474706225291,49.984469134384824
765.8838232010646,442.1750500885178,42.04259304736349,49.36256765511544
768.3689852864999,442.290431498867,42.23355380004629,48.385162423661846
769.3691135796283,442.9306450406425,41.966836437460515,47.66413631581503
771.8989959132812,441.18275752486136,40.868733108960875,47.523594809520326
774.2677230383111,438.88044889676115,41.0447414977559,46.740309805894064
775.1179271760436,438.98461565631504,40.256980469605445,46.88434511842078
778.8398137152892,438.67979941869515,39.69048381170756,46.90050904679318
780.6043562771819,437.36316710248667,39.49803213175469,46.19001390404846
783.2001360665137,438.668048210881,38.751559509115154,46.09053611108793
785.0473096354974,437.3860260066092,38.44606306008191,46.05187980933492
786.7777638260551,435.39898839296245,38.87764387383656,45.00598938797721
787.9585178780778,435.2524606812138,39.03466470808454,43.93781610702207
790.6745111711283,434.39473683512523,38.07434922641485,44.782145015248425
791.2740683119483,432.43674984079223,37.6932706665537,44.40709145798538
793.6378654702683,433.6606891085278,36.868177933013094,45.430246972502076
795.5699290011569,431.9073885064105,35.88517846713732,46.71118880631433
798.0585041396056,431.2832688965571,35.99809128533274,46.61045296365076
799.8487527480212,431.2168684998402,35.86974345967589,46.64773810359358
802.0325572729272,427.7717502835518,36.71622952552538,45.527134120215806
803.6328256403268,426.7212715062423,36.80192120907654,45.075569730788736
806.0945210363993,427.9062668183393,36.78630343481466,44.20486873843831
807.8736867271912,423.80021291877404,36.52596881264562,43.764385785920865
807.8372303157091,426.3454985616062,36.1393757795727,43.058867181225935
811.0924563469671,426.8804928542987,36.12391931108132,42.5369623184322
812.7715548300706,424.9682790013055,36.41630155897044,42.29891100525358
815.5773875149152,422.99405861059955,35.892534443675714,42.208324572615176
816.0768779618144,423.1506078905522,35.755184466472826,41.22715009355867
818.117923180265,423.02393276651725,35.201784367706395,41.44818137702798
818.848948164563,422.71313931601014,35.790900456696946,40.65262672130233
820.6999817363102,420.55232765204835,36.06219766638261,40.19996902429304
822.1885012613947,420.07114442210496,36.267020016817966,39.904411881122016
823.5260439029461,417.89077002935943,36.45347695859914,39.544993983416006
825.307208453911,418.0154730676984,36.099108700709195,39.63341007580361
828.459156805863,414.65299314173024,35.44666501499367,40.42878304038028
830.1984304040062,413.2737779158695,35.62052927958364,40.607923817342844
830.9126977436513,413.2366301529435,35.204164199826565,40.370352791557124
832.5584752338177,413.2065737725082,35.57199299329747,40.073551717617576
833.6923671339084,411.6191112234878,35.00927110565279,40.24878842874129
834.9405222075824,409.20590377406813,34.67676572782081,40.97724619333373
838.0028009281215,410.3270162080047,35.18011556289619,40.499281975141635
839.8879094456054,406.5476078312359,35.626198061772314,40.54071181537969
840.7407691843213,406.0667242752514,35.73343420224515,40.89193215963715
841.8371245502698,404.8163664929465,35.81246700634364,40.489406566715175
844.2215277688495,402.85394085263147,35.9188927888803,40.751096807992724
845.2356690398221,401.9466181464821,35.55757751969361,40.58683213175238
845.404944063349,399.074745950538,35.2631114106423,41.03614292989066
846.3686128425003,397.6153261629767,34.45460071848979,41.693359122444846
844.11410186221,396.6044577816525,34.01380502159971,42.03366935997718
840.4314168745462,395.75860512968677,34.44662265928066,41.67028685911437
837.811632910986,392.7813079460465,33.88292978317857,42.543611962173735
832.3005756013273,389.91968144955024,32.83191570223941,43.47795551989412
826.3826331081942,386.9376749123009,31.40086629366922,44.73046365817446
818.7306418177212,385.923444402417,30.61913262705655,45.43928666410259
811.3978906483637,381.53845518593243,29.829669374340945,46.15640197603903
806.3572775378975,377.2160530878662,28.73804498644774,46.949445307913635
796.3411711253988,377.297367339009,27.251125197309342,48.3326745927603
788.7398554263236,372.33963452167154,26.810508037415303,48.25307072365108
779.7580598134178,368.8791952889639,26.3496417131781,48.608518547892004
773.4128288205989,367.2625879131996,26.2446658860108,48.476650081799825
765.2208401938095,362.42078502095444,25.911928280580728,48.33766599202251
759.4365703164731,361.760844032891,26.18674969724086,47.38285352540032
750.0005964317131,361.63256072673147,25.862185244470716,47.28539086969311
747.1791456799892,359.6466916966618,25.902441350732158,46.94092867348478
741.6130213082062,359.0535057773559,27.062568855589973,44.88368369271481
738.0753091004026,356.0874546945787,27.875452930773434,43.67532393657739
733.3326794638327,354.9041374735144,28.385578308039264,42.93588857546793
729.92647862417,354.37096741075476,28.48654943774296,43.13789060103079
727.1601891363484,352.87193308286817,28.533877463526508,43.261645187056075
724.5774522788341,349.55061267374526,29.070526944546344,42.689640619559654
722.1681581855876,347.21470261835003,29.50268629803172,43.05909304312479
721.5968199009008,343.7398235688992,29.66030479817629,42.63507470617434
720.3947512864574,343.40092053950355,29.20291267678196,43.124186541204146
718.9849287928647,342.8735505968875,29.31312077050438,42.563722807432846
719.2329204695224,341.00677436749373,29.93546443878786,41.345992288162634
717.7681922097502,339.8804567446398,29.804154261402253,42.25992068286493
718.1104582766641,337.10834486293743,29.347572134297923,42.86591917695208
718.3453300927755,336.0506085725664,29.365647696868734,43.13666889068209
719.1071235582142,333.58052952171204,29.536097845802562,42.85015100514717
719.0565885101427,333.5688773604294,29.90932859124527,42.724831116162704
718.8690557051153,332.7706395261574,30.16755000915248,42.355187495308435
718.7927992426443,331.4057892816513,30.434148235851623,42.39892864517883
719.5079714721394,328.48279465191683,30.010345863462483,42.32986787489308
720.0457637038162,327.89610718549113,29.849070603733743,42.721190171598025
721.18070106545,325.3649626904852,29.462712192111553,42.95231861626074
721.6493572192512,325.04227997901944,29.5720607846251,42.90222187192918
722.8484103811571,323.6213268217191,29.323298428251064,43.333194453543435
723.4049461772365,322.6028418692782,29.51548153389204,43.01669641714099
724.9051861368841,320.30769551383906,29.490122874285994,43.15030692281916
725.3394447292729,319.7036132358784,29.37361245868866,43.638710941592976
725.951400263703,316.92574049260986,29.198744926014697,43.953148692686945
726.9042770143618,315.3989448204363,29.443955207961437,43.71237820727633
728.3394359784825,314.3490536291242,29.032097849101696,43.757951119151535
729.5493940697536,313.4397815436414,28.830374005503067,43.985080361680936
728.8511562392406,312.62536548568664,28.979252448969298,43.79203249464216
729.4789251366344,309.6791248678622,29.20269364569004,43.64682928967826
730.1805836663013,308.62387657949574,28.897053936400425,43.768237927148796
731.3207180024993,306.24634305015326,28.70978972910749,43.72243361361082
731.4806789578046,305.44605327951314,28.648558414124018,43.31238898458772
734.1650045701459,303.2993454925444,28.012713872027863,44.133499975929396
734.6273931614681,301.22663617519754,27.823632170683922,43.953322278073095
735.2062408070342,301.35686064458974,27.802685789501993,44.0218102737598
735.5496552704776,301.48823972816075,27.58503607566223,44.16099823403249
736.5982741925761,298.18586643616766,27.504891889912354,44.03594220952864
738.0064635675042,296.82878107458026,27.531339744899363,43.054306429407575
737.4370592600785,295.99753459188554,27.737544642900485,42.60480703563567
737.3155696470178,295.576666022593,27.869442328437437,42.911305669811014
737.6445959486805,293.4309266393139,28.206178312205353,42.88701857867265
737.9278987765774,295.82172561900023,28.246732270974356,42.587878257086835
738.1492444427253,292.1267935622342,28.705501943889637,42.189313110364985
737.4437143659021,291.51790436055325,28.9883881502017,41.6320129786469
737.8481398854166,294.0228022320995,29.32086353863253,41.533773956288066
740.0343233518153,292.8332598870861,28.820990349731616,41.66705648223705
741.1605897655554,290.64331399563855,28.622974552967285,42.492162775096205
742.7353658966676,286.39593863697735,28.188099862993095,42.257376482225695
743.0339624459962,286.0618816094307,28.065735067196314,42.081396439704655
743.9419819391607,283.83148251230347,28.055948560420553,41.74812629747238
744.9437053319336,285.56205703031867,27.811796880808835,41.54428979768154
744.9721815540983,283.99003515419867,27.83473601384263,41.492490807001694
746.8253866068748,282.4416100526609,27.221329658136924,42.062340821249684
748.084362774537,280.3466104402862,26.26267154659791,42.04491159064628
747.7441597059246,282.25468518476504,26.069560051338225,42.04224867776895
748.5363628018121,278.9819326874217,26.165172522969677,41.444171805237644
749.6479834552231,279.8233190127269,25.871643273261274,41.26898122307049
750.380715809912,280.12095096095226,25.365457862665764,41.2513204879548
752.1408818728643,278.2266466070187,25.345569195318404,41.213115974844065
752.7802981662779,275.46363307374514,25.360743432984385,41.33847108246793
752.0625579423167,274.9670029945019,25.317702772279617,41.24172763129708
753.321799968226,273.4528158338418,25.859414881731304,40.594788479869486
754.2974026274261,271.86335474442376,26.150279046134294,40.54028241888314
753.6366749798061,271.82193606595183,26.55180579065398,40.090384308869936
754.5992733749501,271.0613676338733,26.51746514717843,40.441847968604996
755.0709690809585,268.57785080104975,26.696166935845273,40.08282420017009
755.2598039039456,268.79715530994156,26.6137388543835,40.11007402928932
756.9640533114174,269.2501958257223,26.354347972484277,40.0824447027068
758.0070332246775,268.79491564547334,25.683805936377045,40.050879802374766
758.0553118183101,271.57123793050675,25.35658494291163,40.211275107338444
758.0898100892033,267.11459599156336,25.224323114739345,40.18848663567686
758.9041908824498,264.96451227712066,25.037083411257157,39.71104471626513
760.7669652373552,265.5193523414365,24.499609290221894,39.617667769281695
761.6743918450344,264.80176518740984,24.295571123081267,38.623629268726084
762.7032198214243,264.20267637805625,24.063217175115653,38.414813498303616
764.3078138716336,259.00985834027176,23.61261047461477,38.56499787556941
763.1600029133741,260.51041460496515,23.92353659893547,38.75266040874362
764.4490800071505,259.46686976218587,23.628535706899513,38.87935463894174
764.7810106085037,258.1165816490098,23.586210639866636,38.59778674793857
766.2021715513838,256.13596979486306,23.591257709718697,38.29429383101842
765.9900689241828,256.6912042456152,23.125732451024977,39.05486753872889
766.9093764165166,251.90612391779305,23.046562179949937,38.86203533548651
767.7409962988605,256.17254408702627,22.495916066079964,39.79455182380227
768.6395795336672,251.3379741803996,22.211062247146987,40.27445881082268
768.7397604665194,251.86219157948017,22.060147716745377,40.336321930981306
768.4837607761579,252.1675074565118,22.065614905238416,40.619026234580986
769.3277638324939,250.63012155349088,21.93133594252968,40.95982763695154
769.0110478960801,248.63368827577474,21.804541386848573,41.37930585429486
769.3640346359965,249.54345976754163,22.031525854269795,41.099277173968474
770.3841954335008,244.7630533031188,22.31154560790916,41.05098403897134
771.1884735381113,244.54980038044508,22.364131628722227,41.286849121870475
771.3410716093568,242.49216127069948,22.533831470165527,40.96125371846737
772.0276679365219,241.9472824395998,22.42848230071394,41.311669346803676
772.6532899555912,239.81077395214334,22.4045834907706,41.42982487152133
773.6909184453452,235.57427850676527,21.967099190591316,41.55693620752889
775.0583724517702,236.19092465143126,21.842076155082122,41.41549217240072
775.5513009980838,234.86568046895292,21.37895126069334,41.60409627717977
776.063693775782,234.5020785374901,21.09421965703717,41.69919264384385
776.1220432375266,229.80451031951628,21.177732824755605,41.43937035481591
776.286371548413,228.65398804640995,21.25080674039745,41.177334113369824
776.5875505811945,231.88187890432513,21.39369878069207,40.544921900560716
777.2494238722221,229.50905588499194,21.07847232497963,40.814836566393886
778.2998426781597,229.99195056937336,20.931191369941825,41.203403724959514
778.5312610043778,228.844427524449,20.78755672336893,41.05955745030626
779.2764140903316,228.53966797380028,21.115957421540216,40.27642523209992
778.8732565317255,228.131526957384,21.37926838359371,40.24611889174828
780.1089932866248,223.96072809128896,21.530818383774292,39.83809237161902
779.5831625881656,223.8441537641923,21.749091869372936,39.429583852178766
781.95090849725,219.79472444413335,22.173978984156967,38.95146953087088
783.6707767109688,216.97313592347803,22.254803298143887,38.5908995857924
783.9016438603161,218.66849030670897,22.167511934439354,38.721046246118846
783.2352902316393,215.96015717978324,22.203325475934484,39.07368471371541
784.6197349514584,215.63445135593398,22.180725766368155,39.408555881753884
784.7708633589571,215.99255755667753,22.033956369545614,39.37820405451227
785.3434126360225,212.71779986160024,21.827477965503917,40.23394760552499
786.1209264003041,210.90460107039496,22.103390564313536,40.383286300453825
784.7232252481602,207.86433032321332,22.503848916040923,40.19466561677754
786.5119510712858,208.1182050473147,23.041786140029004,39.417186107282205
787.77615109039,211.7124227103602,23.394782157042144,38.897138671053256
786.2476277410177,211.47817076367636,23.80894007137824,38.887356566314935
787.8323339119953,211.06381323211298,24.64774601784457,38.479401731408544
789.3084002459728,210.64375910764625,24.292734588598083,38.614037272593585
791.9491220587062,206.92121522818724,24.645255024868412,38.25801619438389
789.7522021181721,209.03088072801017,24.624699573600132,38.16415487933889
791.1528136613689,210.2900043566346,24.544014149712677,38.18251417230672
792.7980726953582,209.68198202823754,24.185867459679095,38.332814429076414
792.2170002343794,212.51373467590113,23.919342571341645,38.32807158873577
793.8635861585194,211.67650965513533,23.852287380318522,38.262209411601326
792.9060211173869,210.5919483153601,23.646134646650346,38.4391375578037
795.6277626201022,210.0658289116855,23.49993624433862,38.43746038767488
795.7562602218984,213.61724527226272,23.596422273866132,38.32446340565619
796.1553602650579,210.85440818066965,23.391629282025775,38.43064677463333
799.9399584562175,209.98842895474908,23.865286255114313,37.814056814151456
800.9929010577284,211.58690766868048,24.1909613300312,37.446369272305496
804.0285376742652,209.44007037185733,24.011373582797724,37.55941032102995
805.8688203350601,207.45925232054367,23.715961793235902,37.95056202386175
805.9160768023374,207.34543397881,23.56950804129547,38.113322329746495
804.1628850405872,211.27176880966863,23.328830312201884,38.422104961425276
805.4694073573004,213.54150173668182,23.71236771002559,38.04508179157245
807.355848476871,212.81274608523782,24.048202912443337,37.73590951596922
811.0051558499548,213.38503473487688,25.157373581924922,36.818008576463804
836.4265779843602,214.06036306333522,25.182041062381792,36.861116534606005
838.7809707842479,215.33074437168392,25.191369361837292,36.55001442892546
838.4202529309206,214.83550656859003,25.863805773853265,35.879684809740944
838.0587220475602,219.48604018654493,26.385405987000553,35.234792233560164
839.173225235939,221.1672609002095,26.546681525907715,35.088028306002144
836.9702910053667,221.91452035771707,27.171750836585254,34.716162636912905
836.5704862090499,224.1411328989186,28.169970839312917,34.27786255756152
835.899158798917,227.51702539391587,28.711481715315426,34.17748337887683
832.1410438599424,226.66620961537228,28.902820502871396,34.10614354428618
837.9394149767553,233.21420524111383,29.461603476765344,33.91878838594274
837.4467332736823,234.8561553574773,30.34110864635995,33.347117643495935
843.14460447942,236.37290630479805,30.72301992903742,33.54776568171579
838.4756313697229,239.99646954396732,31.441164627130426,33.13727288562817
842.2959860355284,242.3780812712597,31.33075877376038,34.02438426609593
845.5082958727369,244.42940734873832,31.057178699715735,34.867481393975595
843.1123749288208,247.362101243286,31.707761394127278,34.879067710715205
844.9684614147646,252.74657293582052,31.94725930732586,35.497566914452285
845.2660899264663,255.71456705425885,32.55708660780558,35.392528937738035
844.4895917918312,256.33954724954026,33.56161273757217,34.760594028876106
843.4009420963438,260.40911130720747,34.189327859023514,34.70988487411294
846.1800722515502,263.73231580162064,33.92080381951512,35.52117518414523
845.2139299329209,268.3514623491013,34.40160234608645,35.78719651179133
842.4159861636938,271.1910265025626,35.29043145482265,35.52651188467836
846.9397217559971,272.2264435417868,35.04086237745501,36.34717732557809
847.4762289375622,274.53707828352896,35.4253410811124,36.57892755644924
848.8895337780272,276.0509472313574,35.144327999761316,37.68991351104264
849.8244883667548,277.58697034198144,34.899350157755194,39.13550549627646
850.9126723263403,279.6823384240996,34.60439426785079,40.63775677405667
850.4134048176613,280.7774925648541,34.59532563988383,40.80469179203198
849.8786359925315,281.86085626484265,34.30274325783314,41.39262428318342
847.3171771029046,282.59549160647396,34.884454677223566,41.36606519164142
855.2950124087262,281.0059072899874,34.21697204623226,41.79230389869589
853.0170327224233,282.36802878343326,34.443074069442204,41.524170912414576
850.2804443338359,284.13990791498264,34.64051451467732,41.45402352730652
853.6456771710632,284.7199700720246,34.61489474552672,41.50443485870761
853.4462693597637,283.9791806369999,35.424669522493204,41.1900353018236
852.0726322457592,284.7605892144449,35.86505111706412,41.055843372954456
858.5165618616876,284.7954308481295,35.481125791762345,41.71623522651115
862.4325369762773,282.7881096982748,34.563532271109636,42.57551229756753
863.0590506376444,282.71215484721114,33.77683774161116,43.47696602416242
860.9297347991616,284.5619891424055,33.81315076928496,43.55378883735342
863.4025207200684,284.5114130236406,33.877728406383646,43.57810074869315
863.7071962348848,285.0597402121203,34.31131811256767,43.440100417792415
863.7107730265043,286.671298917675,34.98059248972452,43.374309943404846
863.7134346859625,286.2428815237807,35.24559673886236,43.475713138729056
862.3076255806068,287.694527176799,35.571244214023814,43.4242597061513
854.6202197867111,288.6444499979801,36.40124932140741,43.07253432402773
866.0991616120481,288.76015682786914,36.48330936580187,42.97698025799863
866.7796270770226,289.26096081626093,36.5228855283288,43.058917846820286
866.7883673036928,290.2650109298739,36.72984941962814,42.933055769237264
866.6828230918929,290.5539675613192,37.283281978273905,42.67917573688973
870.6166438681215,290.02604629773015,37.53533513559461,42.62566686750726
871.1205749224927,291.5870269204664,37.94238680038895,42.55024016030374
863.0332517316856,294.90231326828456,38.709663568355495,42.80043814795597
868.1151425768862,293.8493104486192,38.87597812276643,43.22773618764691
871.2241880899444,293.4391888576691,39.38396751428298,43.44260330476972
867.3510452760837,300.5428064211334,40.355364149694985,42.92396681065357
866.3036264474317,299.3457786434944,41.17466228959626,42.93147313154138
870.3282736643665,300.9537086033629,41.3500001189101,43.23554905813309
867.5453681619696,300.6456405039437,41.6005993507854,43.60067364694028
865.8082742766686,302.46854810884855,42.26077673968873,43.579369202206344
874.8238706140941,302.0636892681845,42.36859544789452,43.458875041474315
878.3381338740805,303.3819802600631,42.043178192295336,43.94865538147816
878.2322533498626,307.1335370006928,42.34325393042694,43.9323916850698
869.7364187206966,307.59992539124187,42.936132829261815,44.25083644156162
871.6497612368386,309.05436370175755,43.30480225864779,44.32970844342462
868.460583703868,311.15734953183977,43.54705035666299,44.47891418575652
881.9198282726094,313.3834891818763,43.770672043765316,44.57097072781595
878.6225491763556,313.70065722698547,44.04110303900713,44.34508515167576
874.1810280916565,317.1571844313603,44.5643753872384,44.42016894177863
875.9616742673061,320.9651734697551,45.54549627064987,44.17833255810437
884.0667022535496,320.65452670486604,45.086639066778545,44.5989261922621
882.1153059291237,322.1998470044587,45.52072105469598,44.51385767368889
886.0163991034406,320.8584658541737,45.558389423316754,44.53077958691456
875.8920034035235,320.2615925851191,45.50420421487448,45.402981835434865
879.4973599433208,322.2893763123872,45.977801094691614,45.74998748957167
875.9420669332015,323.20783035996214,45.972061259674945,46.100502385220835
877.778378420695,326.3922728859552,46.429572867207426,46.62523973161119
888.5507592634801,327.24058598476586,46.7710244842496,46.39874862672514
878.5636470734188,329.36023145626336,47.047294686515954,46.773006916213006
881.9454654673773,331.76997270213747,47.76582848041661,46.65677435580034
891.5907417132012,333.0260844127822,47.45511722106852,46.92942680426175
891.6539456181887,335.1215496210803,48.44165615982717,46.204315269654145
891.1906311472031,334.2534108850986,48.67053560629193,45.96648249591285
881.7943217678516,333.81425399594787,48.732952643803706,46.5315825383955
879.7926349026881,335.10943863857744,48.93160001190222,46.66551220714637
883.1568792960012,334.7616486920095,48.79456334701054,47.45960860176849
885.911316471721,334.4786531782727,48.77780592367164,48.08087820987798
898.0677603182913,334.6447440920057,47.62106332635611,49.502095754512766
896.8478793915792,335.97342369830676,47.307623456681625,49.80767818848656
897.3503828548272,335.8284746859299,47.088777237659215,50.18395109212362
898.4691471323445,338.2893102106826,46.72510546553797,50.40645557209821
899.6337458319664,339.0558998022639,46.53515023853529,50.35477939873165
898.0058473717634,338.3957395809531,46.875483472951956,50.18780755161953
900.7909285745676,339.8907222760908,46.80328783370108,50.152449648068874
902.818624622715,340.0258862992149,46.19167472910546,50.834090450525984
899.0479468414145,341.01370818453137,46.39697024455671,50.61573275167046
905.1369979235424,342.3346953514927,46.122261825723484,50.79624815621207
902.8597029328214,342.5966483528586,46.50114351325061,50.44697653560897
909.3402040124317,347.38318584781604,46.047700176661685,50.15334433286459
904.8582035155132,347.14575232302826,46.20914131789875,49.587754491380245
905.0027506704387,347.89372186894053,46.645238780031875,49.20872549953894
888.3863572955452,346.375907497008,46.8941616992524,48.87535190117987
906.6524033808879,347.5651989452964,46.970971506105954,48.92317705704752
907.1631926821711,349.31018202072096,47.13187979528611,48.89963322561057
906.5375316508727,350.06493681714784,47.62924261935375,48.6099874051491
905.9512196143007,351.26098149312827,47.971879822208756,48.254025620479545
907.5926830131574,352.80053333314555,47.76801405583704,48.44680948126227
912.4251749836056,352.812154912606,47.86331739979175,48.2134898710398
909.6875221273754,352.8923839852819,48.13501841407109,47.9053525904845
911.0803561827195,353.1164754192769,48.35482940074923,47.60758533674184
914.6345272145521,354.0404478927101,48.58194656941429,47.30307131429102
910.379791230417,352.9383724804366,48.29232052285285,47.59747990270072
913.7125669146056,353.8413815693064,48.03304967205381,48.18361093493726
909.5000222075776,354.8535152838204,48.2621141913956,47.94501843552818
914.6013248222456,354.20840183552525,47.41034380855609,48.944203838702606
911.6529245816463,354.0795041917928,47.19183934285514,49.28277714380761
913.675190293567,356.27304963140267,47.07050924156952,49.60604488427781
920.0205189690301,356.44236864610997,47.43878991707136,49.204724874432124
920.909279220251,355.0064762524616,47.373464930262095,49.33299250131325
912.2813351130457,356.8325531199359,48.26730594923825,48.48310226467095
917.0826504756307,355.07791598005446,48.15861080909037,48.639610507446484
917.863330712955,357.5011513385605,47.717008463561534,49.2185891617724
915.4993904134112,355.9856790935149,47.75472831130634,48.99420094350482
917.5348350713151,356.6030331898836,48.38327756742835,48.53889876187194
914.9220916383867,357.6053609393854,48.324780725857266,48.67280999527493
915.0449004181413,356.586504552553,49.12957307941103,47.93586408897765
912.2681453629813,356.0643390374619,49.185106409793484,47.82101662375274
914.4395400005434,357.1257018716992,48.9807887380628,47.330322872850005
914.2769252533714,357.9905536495061,47.99456405550404,48.20755601042775
915.5739758937633,357.7106781815864,47.125562576737366,48.45728852604787
909.5694482455,357.19581025739603,46.60760027988027,48.62778425973965
908.5131132743954,355.8869244263576,45.36935002174152,49.296746536516835
903.7141742515605,355.33046327002296,44.82414163400069,49.13845281429691
898.5507235106882,354.844271058395,44.42453592885572,49.532535748199635
895.5795481041106,352.786443849581,43.88791096915326,50.07817425853997
890.8666658207006,353.42388856360446,43.982829703148454,49.81136865083607
882.5228730678099,350.8518996524573,44.12045411884186,49.47946060505792
880.5025226600204,350.12316581225133,43.67732495929276,49.596769226898985
876.8643914132804,350.03004386896316,43.91139880836363,49.2927332601314
870.1661367406517,348.8299658048398,44.88182744988565,48.36383550959398
867.5763841598979,348.67249328334117,45.5220436137431,47.635477539743356
868.7505606668424,349.2443745207015,45.9488625950171,47.294321170827054
870.2981744310895,347.4597429532304,45.560742610468225,47.77493789387353
869.0959822645596,348.20409041444657,45.244037103592746,48.08829093935195
867.4755956291002,347.20585861039115,44.994691870940855,48.32243927417795
866.9889986403805,348.47689261701595,45.297670718528046,48.02383763818658
867.6174736191899,348.5681236646675,45.66147083052732,47.43324832439856
866.963794574732,348.0945364842285,45.73875820926109,47.021136973034494
867.2539010774082,348.0599533693323,46.29320580552459,46.233723362643694
870.3591135738883,348.68241713988266,46.32164380389725,46.1500154184057
868.5268768542226,347.2437496613114,46.56434309428781,46.1863090490254
866.542405869919,348.673274149808,47.296729486570406,45.25082843999028
868.9208014064807,348.6035903684186,47.34693857366433,45.07546187167119
866.7507606631863,345.7074404510568,46.96016955060961,45.71988687424156
869.0112291447797,345.71576284048103,46.660675286855174,46.184013338965364
867.3293748587844,345.90988055454807,46.669669942067344,46.32646720993784
872.7631883323879,346.98039400596053,46.51938346422052,46.56788015887377
873.6691270872575,346.6060743799861,46.54509867546686,46.848934264395396
873.8409217255133,347.71382087594446,46.84588764383186,46.66509038518014
872.7324353631598,346.9718951972806,46.751689313698876,46.56790100249473
872.4285974288874,346.8737948163125,46.55990137370722,46.44751446532251
872.8426200717213,346.2086783086304,46.4452927511903,46.36278423529481
871.686795923155,345.84610514980614,46.45697018307316,46.13406448839491
872.7480072791284,345.8081820147439,46.29243249805824,46.50089935281292
873.4877315240142,345.6459596898988,46.197493690941954,46.84512879948615
872.0013309165153,345.77097410562726,46.22966089371746,46.72352966399311
871.4862401829085,345.03943132322013,46.207117522673954,46.80784392372314
870.1732810158474,344.0164817995724,46.38807907731652,46.88179887731442
867.408765281034,344.9678882009086,46.34715042960296,46.76079540462856
868.93300579409,345.04318861168565,46.31683046191684,46.64635807333999
869.0684446751102,344.5634394456005,46.4730531794795,46.35542117239408
868.9673916785388,345.29228808022344,46.575402350632174,45.99951337763562
873.549917968309,345.29535930392444,46.38612835080367,46.40254847196643
873.83176275454,344.75840243043007,46.07916405981865,46.380394313529116
869.196033260484,344.47136965339047,46.14635840712259,46.2581466652272
872.028947781047,344.2023687085588,46.30414587066567,46.3006910844734
875.8386647985302,345.1762872481989,46.12215938361199,46.793946973180404
870.6099277742835,342.9031623176884,46.75653811045015,46.10875342905003
872.3124893443267,344.2481758705479,47.21218209644704,45.96552240678125
873.7027497722623,343.733196250506,46.97933398914137,46.29842284998247
873.8321948323909,342.8356271705492,46.897522816309255,46.42355211211472
873.2710005675549,342.88107732969326,46.90674179508562,46.58525636779164
874.2254123986693,344.0222373814387,47.56183576972808,46.146170326495636
872.7339801604325,343.21292557397027,47.99934802566641,45.85044951146267
874.8234204615504,343.776579064431,48.13839955233666,45.79774978361582
872.7864857593041,343.20165040547926,48.585210212398735,45.38948303612017
873.0176803648417,341.58799022421783,48.18078966251278,45.750458231482995
873.595143831689,340.9535456723835,48.01444170401879,45.827835227302515
871.9174746446721,341.1069117347233,48.49727679741293,45.21963201826651
872.2140398754677,340.9096821184267,48.83060409853995,44.50361296888498
871.0634980978581,339.32500166122657,48.41372181246593,44.53109861625648
870.8439575621583,339.530412241832,49.04874743151868,43.91580899615471
871.7828855340102,337.9257135731464,48.481155359961285,44.44499169004741
871.5347525092865,337.4228037665512,48.003695613663,45.09512678442374
867.6233006295113,339.07399531953166,48.26199938236861,44.825846667659675
871.054514172278,336.8426919231549,47.72171775887136,45.23268163271539
871.5833792825417,337.0074174238119,47.99402584744131,45.21330111627813
871.8993654031458,335.8960300109141,47.41635095658011,45.688879267726705
868.6288060067226,334.18454433251867,46.99708204266984,45.96962035222452
873.2162228741147,336.10783830008154,46.736478654565374,46.211784686843714
873.7151729000063,333.5756625219842,46.5078727455052,46.82946714132322
871.4411992689757,332.9270252825657,46.20159675622391,47.31922003851051
871.6839540920454,334.7357879593809,46.780350692314016,46.947356181996206
873.2457931525803,334.10314830733586,46.94880137259002,47.13420924421155
873.5110277800095,334.43458488317464,47.43442906730891,47.377345170559806
873.9078750110895,333.7685718078202,47.406633130863796,47.81765275485094
873.222260569656,334.0675900912515,47.535319031629335,48.06520224946615
873.4533362866714,332.45356573823744,47.44510970050759,47.99526969328714
874.0429940427063,333.6227867410992,47.14101174539133,48.29257082873789
874.9528413032413,333.76996409328564,47.11407735806462,48.732936771700096
874.3314038230187,334.51816918067686,47.703585216363464,48.04419915713264
875.7137127551907,334.45881534496624,47.90832412730339,47.71736291352053
875.0078064144627,335.40635106008585,48.186056994802115,47.45016609608959
872.2006512037947,332.51253896056187,48.35936027883959,47.707840153230805
867.1482024818025,334.10708921695334,49.10147905918879,47.11739104959707
874.1736722735601,334.15543460373203,48.362512093776616,47.44654840245107
876.6629504464141,333.76364893779333,47.7034571480625,47.96019783548663
873.2128995768821,333.49272216050895,48.02055536616072,47.74352929675928
871.1149617229933,331.62831743030097,47.89170735338813,47.90824063743962
869.1769768780622,333.88682886558286,48.68216488199525,47.31743389236408
871.5577976730376,333.6150550859014,48.29855263851048,47.77395707593066
871.0613299592909,332.4750955985621,48.61346419124421,47.28352297176713
875.1317714676575,335.18525345033265,48.73808410419854,46.78233091782318
873.1712326748026,334.00556046888687,48.85406363311507,47.01342932692745
877.1114168608956,331.3543986235527,48.05356071655654,47.5350904809747
875.7346909943561,333.4018419706589,48.12885535849483,47.50922978010954
872.1309043608836,332.747142338899,48.877852423047145,46.99533488087915
871.0192210728896,332.40811948671984,49.252649605877224,46.515826316400386
873.1084845256507,335.43793268214876,49.693935188910885,46.05988911926819
871.8292173130226,331.7747483400709,49.91625149549962,46.07062879799171
871.8669372099055,333.8010870013428,50.20719859214527,45.8866178858941
871.7093087530158,333.7828859617814,50.33364702005905,45.595577676618234
872.2618633254102,332.94235722033113,50.390737968539604,45.10914896872282
870.8147541577127,332.98625638852786,50.061658707956674,45.39754034103912
867.9365622131853,334.17260331876554,50.128398737148316,45.43776314087252
865.8421182930937,334.5857395112704,50.183160867797866,45.57678028900112
871.426643513661,332.47214524725354,50.11742387270811,45.59214916829221
865.2809062322419,334.04024129055915,50.545768819762635,45.38396778381412
865.3709947047082,331.32027356059956,50.702818414680195,45.09821717043012
869.166973257024,331.7590976824722,50.58331681160511,45.430693657748684
871.2456916470948,330.7805291480037,50.15603359210199,45.76022004324446
871.7408480361337,331.27533974748127,49.824602716718815,45.88850398421242
