774.5,403.5,87,41
774.1072978045013,403.9683941583708,90.78307742566545,38.31945485256604
776.1908959431507,403.5341171934792,92.76343983748399,35.981615063629874
774.7332741465152,404.44075609419235,93.66058126171811,35.0817889338039
776.0531268882585,404.9649065505524,94.59465464595316,34.48032979745469
775.8074035880542,405.5096764680604,94.40586735058308,34.62557087006972
778.7946701133557,406.741993842621,92.58524970525346,34.52716064830748
781.5690817549895,405.9243514430623,93.56577765642183,34.889508268813145
784.7699547381708,407.1326949136805,91.81351250976138,36.072424503693725
783.2821770817048,408.3385668258738,90.79461296200603,36.681998638138914
785.4244751543898,406.03658913892633,91.68215646125886,36.844223035929105
788.0593301504048,406.37097585371544,89.4220995606598,37.80972540038016
789.6260170876768,403.75179406196486,90.40004045967524,36.96680636821964
795.1007643466595,404.857140169129,90.97001329553065,36.90271749976231
793.7515328828472,405.7414629137186,90.21217834870453,37.418380205697346
797.666790474316,405.39926361329674,90.23169931002337,38.58170585260157
799.6622312492157,405.2448410282961,91.34695169805991,38.44329028518373
799.0695407680918,403.8235516717555,89.742109300246,39.363551612591294
803.113552349586,402.5428309923035,88.54806520982832,40.34103148467902
801.0870305735739,403.31184406450075,88.22070762736178,40.46602082509434
798.5306065097016,403.8801633571654,86.74048381754534,40.950729547924
799.4343326981715,401.80870674417986,83.15499937616761,42.98603874710054
796.0279437534732,403.3782874694819,81.91842366601581,43.222222049761896
796.8319200131316,403.6758833177274,81.40862509548299,42.87345881315353
794.6369081928686,403.5526559714594,82.6890384168712,42.56329475559427
789.1147594643951,404.3961696312349,83.23643531534674,42.4511249094167
789.1548139090335,404.7601796158872,84.81817520956288,41.40819148844042
794.1463566303631,403.90149074470634,85.23282726995542,41.47676790405047
785.5942289520347,405.23391692029105,85.17328524807228,41.22804657247333
780.5245639335678,406.6552637572945,87.1432007647423,40.55445818983296
771.9190607920771,409.5845503411946,89.06883526732821,39.497657139647565
774.1093075433166,410.06574362596683,90.9981638473686,38.65356284219397
764.6863396009185,414.23654572061224,92.97283432078805,37.527645927836076
772.7915363610011,410.31380009024616,93.78392136092546,37.0292632109071
772.4554928257465,410.36698248389075,94.70305588555338,36.60573102230414
766.3634032904861,413.6924528366191,96.00250366334956,35.629057608870035
769.6911750948485,411.94845746385937,96.30607031463445,35.69490823292957
764.8747157357759,414.9097327069974,96.59338890460603,35.37289647727489
759.8450553432322,414.8539557177104,95.69971152837742,35.69876780742861
754.7704122727117,417.1982328744368,96.14003999729935,35.27721893754872
750.1353502993549,415.85255160383053,96.11094290519455,35.342388670610006
692.2937496706609,436.31384937313646,95.53987170164508,38.043457987955236
689.8857638036939,436.763841193909,90.38459385519589,42.54581714273577
691.1767140471862,434.94606309883255,87.50089085222753,44.585870241076606
694.0403961360387,434.3640102138972,85.47457147242002,46.66879013362418
693.2707373372,432.9267202745118,81.471109147612,49.62907185053064
695.1005758416745,431.96058913757906,79.47217930911111,51.40861827750001
700.0791648687672,431.4103768473766,78.34475513065834,52.4535604666369
702.3074007463497,431.0827116810177,77.22044766306038,53.75072118408592
703.2926903123113,430.44242880897775,75.96324159613204,55.093376512933645
701.0541129174619,430.6377737240354,74.48182828966992,55.10042844760224
702.5697408359658,432.0577776652002,71.48230696019291,56.879124884272926
702.1412621155083,432.5358201025751,71.85832939377435,56.08442901768747
710.3077117812219,429.97213828572154,73.20447669320654,53.97559851763606
709.3861766634848,432.63631339721366,73.44084054783667,52.408957746327246
708.7796305785355,432.9753453607939,75.27512213319014,50.42235621674212
712.9434127843891,433.4521280921383,75.62885311638024,49.96826289531914
715.7538601636476,433.0287977692296,76.27659792237756,49.409763114043145
718.3438972496674,433.17074363692893,77.5412659530966,48.593959051831675
718.577908076795,432.55691003746864,78.19220754041851,48.10185021639709
719.3875531272515,432.7169789129712,79.41886446671204,46.77172022353263
719.4007575714809,434.05834094617006,78.07599759142151,46.914459213699125
720.9919012094686,433.4692943760277,77.62711423657352,46.686854889041015
720.8078549812429,431.9355804899584,77.31480125507856,46.46456331799409
723.1654762503014,431.6182647556442,75.35916126365345,47.5165193594241
721.4910412861832,433.51298094198125,73.48394443041528,48.011376346796375
719.1941582723086,432.0745560221701,72.03416092050574,48.98045185723324
721.0089668843387,429.865985799863,70.59984451393503,50.12020611334043
721.9710078835285,430.35634579122706,69.01199031997788,51.54371887101445
723.004371072498,429.4794181108736,66.40095361069434,52.68543691406387
722.9136067040704,428.3580160405909,63.82684970861823,53.64675931177042
725.9582171654,427.48783177378704,60.719838945260754,55.51032932737611
728.7536148711904,427.67377955152386,58.8188459418983,56.36281521874086
725.4539331511941,427.68663864336554,58.71419365007947,56.114815802581276
727.1225449138749,427.5249869377466,58.88684351491557,55.79875342154468
732.4093810665661,427.214642768321,60.33730393811001,55.355031073902886
727.3446919717522,429.70321022876146,62.02958553197347,54.484976135779576
727.1856576184564,432.7210035767681,63.168307796342674,53.64914177054624
725.0204345501751,431.93086971828,62.95353260416978,53.89216068533743
724.6122582593952,432.3817481224657,61.7898751530759,54.57008288926463
722.3931467346296,431.99089889003534,61.86061458673184,55.72993721144995
724.2250071243576,431.4901699987787,62.684473152978896,55.04500483244902
716.782999361139,430.6902569744237,63.992144189364836,54.090850769083175
707.5022407504819,429.742862529213,65.49267393814483,53.55328902397597
708.4131532271903,430.8954795899219,66.99025382519744,52.791072528366975
707.0945140693841,430.86157139024925,67.97548701008,51.7930908835075
703.3232595497407,431.8696401508936,70.62372467561813,50.95771171926685
700.0733269994066,431.8181522883754,73.40978290868686,50.19378127822658
695.714313358801,433.1836073468106,73.97633428352614,50.852684822931394
695.1847166546264,431.79093965269635,77.85023234847607,49.24894731610989
682.2451858535604,436.26100537738455,80.79122746806418,47.62438192966077
681.6958038174191,436.7980428763177,83.38805927697244,46.26092906361891
680.7801281023158,438.38787091507885,86.77217548054806,43.65932580487184
665.2186048264919,438.43947128544795,88.5999644638363,42.57389189743898
664.7750062478128,439.94492702673915,90.6511057463699,41.396076203812264
647.7830020860653,441.05113668899463,92.66477906315113,39.789109476442654
648.3329316107681,442.66256483050313,95.06675845940894,37.51810944895691
635.4886674097834,443.26356872704974,95.30042617412258,37.99426911821259
625.3688186303291,444.92966966609464,95.3346011957996,38.24307519758134
623.0041343123046,448.72988063635637,96.63845799484312,37.9791128937461
602.3429628237144,454.3476934358769,96.56513294223835,38.24860757210979
598.6977809932961,450.3677952751779,96.60284824949827,37.98351032356155
589.6921313926092,449.5823316351343,96.19398334259566,38.38916465252254
582.4757216041128,448.597373479539,94.71533536740341,39.32288961945211
580.5325131486168,452.7528028899652,94.3537940951069,39.64153309504744
573.0972709150233,459.2904832868364,93.1918688943251,40.520956694615606
566.6826294420417,455.9554735581811,91.66599208076666,41.226984986765004
561.9263126454143,456.62066131737544,91.11985263325012,41.599187536155874
561.4769827285073,454.2644338172498,90.97157142511765,41.56495273995942
550.3284506066868,468.06413214260226,88.90096370220581,43.23389906105622
553.2632305262516,480.8726202271877,87.77371629441186,44.22469190433655
554.5499876445084,488.8858833079467,87.78371627146015,44.221967546407406
554.0371064592839,487.15525267440654,87.75805866853588,44.21770342477011
563.7349163391578,487.7554239494186,87.74266885873912,44.22380895290141
557.7220997075035,485.3738716760314,89.18702332108332,43.61258870109188
558.1151940295039,478.77958525684403,89.44452488170315,43.44690777054578
565.0639577302553,478.4745793941831,88.9627355859741,43.83395048539531
551.5119713237791,479.50297733938237,87.75134165393129,44.80807486210187
560.8359345508258,484.48678570297955,84.06939096125168,46.653885106343076
561.154341791036,475.89115798735736,82.74987572761925,47.59423645433549
559.6040660947641,476.35775575961645,80.61470743937691,49.23367059998756
564.9635193386744,473.1397281214539,79.13858640535261,50.88027713821455
568.7802296849001,472.4477582254749,77.67482628113858,52.67147135784394
558.0383803258272,466.2432625870909,75.02679396595907,55.68519037966813
554.296310667166,467.87186426928434,72.31664216847432,58.68236676457931
541.0290731611958,460.8173902949223,71.35363869530727,60.66506253892605
543.7790123837785,459.86227069022095,68.14555955701132,63.70301614385177
536.1220414782683,461.2928595342803,67.5934315743306,64.09742412620422
533.9842459495061,463.24475042238305,67.22577312013634,64.21470520095089
531.3578712039716,463.2496128153477,66.85871727520683,63.06956617227719
523.3683263472575,466.1723503153106,69.0205758103513,61.39449894441554
526.0281668984298,471.1679824862855,68.98963152822773,61.529632689013646
518.5297412379454,470.78481704067633,68.68490146644508,62.290453823726516
512.5191158161307,468.10052980203835,69.36714207142708,61.65796161627952
508.51785142401593,469.15013943661586,70.64205645288558,61.1594863561424
493.86283106191115,467.85644354524527,70.63023972470246,61.13192295203975
489.1787243445292,465.46307898646853,70.89187528623643,59.86104108097635
477.01987223416666,470.9226421809037,71.1961498652379,57.9837094690224
474.75652182727833,471.53700803329156,70.36212766036823,57.074351699707776
467.7230615535011,473.0124849492605,70.63106789938998,55.16372339019268
464.73211593542635,473.29469463083433,68.34379886484858,54.552925395900296
459.76597916596086,475.2426895360489,64.98004235922397,55.61816300246336
456.8450248472365,476.0118535789121,62.040321434294654,55.807316162731496
451.6622464414639,479.7218442797987,61.15013331175797,54.92036336355838
444.3579671626083,480.29591574314793,61.007554136009645,53.6570505391844
445.9051158360515,483.83612908070745,61.4206935414426,51.45611948479289
435.09972286014505,488.5282051241401,63.13551963912944,49.35595348954138
427.3118964168398,490.05417661918375,63.54901165232697,48.68879805896334
419.7911483377088,492.01652366223414,62.99272662925338,48.16699489350157
417.15557794695764,489.1618144780425,62.75901988420548,48.11334935426154
403.35861798410497,495.1927884857452,63.23341771518422,47.31475659398312
398.70266284362305,496.0133897581461,62.43036351097968,46.874761806177446
398.11590549517126,495.0964636017816,59.780583568295775,48.346327819439516
388.5394280452864,501.2659955220109,57.69679263371491,49.4447363224257
377.23933334026196,501.89491372756333,55.226785892030385,50.35783744946778
383.0247324963344,498.5755486614355,54.36511119133566,50.100519989560325
376.87842085614994,502.1031690649203,54.054522115137274,49.32589880386766
372.48006774483946,502.58023478107367,53.60759029912299,48.42027143728307
354.3493311863034,513.3081206856966,53.69620422430057,47.19966427037105
352.3223618891517,512.8329627099395,50.86565089813276,48.52982143034353
348.1708276155578,513.8811785079757,49.62415805921218,48.438517264233056
335.7581443493806,523.6037472400036,48.271465967298994,48.684833733893214
333.21021421099704,524.6343650995647,47.983146651933595,47.93036941236173
324.67821852035144,525.4106774671901,46.577518282248164,48.38804126028644
315.161629257974,531.652935559383,45.705999388790126,48.54430457114004
310.5463559736756,531.6561943254092,45.6141210687762,47.91853781442484
305.93857067671325,536.7332852435025,44.74862076273742,47.54838784621904
296.5861351241494,539.1095967630938,44.8249480141054,46.5637518198997
291.0578143714579,543.4153982878476,44.51471482466428,46.43231902033099
285.0534719568611,546.3976413311024,43.64423781914106,46.359459768690755
278.52482006217355,550.6509597793811,43.596587842646926,45.23633632275595
272.4539809130651,554.5273935441345,42.79661384289024,45.14353587470053
265.9127359087417,557.0950119714154,42.89098281882214,44.500621465054465
260.94202820749376,559.66626068062,44.35351161700902,42.85920312913443
252.43406442707783,563.1802059082904,46.18826585325586,40.21997167419029
243.76359686188405,569.1893427691718,47.183558893799656,38.607313759006864
236.98081404473209,572.2186677063208,48.20366478078914,36.81808117062822
226.72683218624024,577.0553049429517,48.8220487248236,36.34982092618728
219.97185742848478,581.3242431588972,49.91337145505619,35.0237436390413
211.91526130202226,585.7517614261537,50.355793062839666,34.57523557742849
204.45504916603204,589.1953783353047,50.9499243431819,34.48433888681201
194.66523345789992,593.1222277880657,51.97798295976355,33.867962788602
183.85229549932887,598.683534018133,53.08995049067517,33.60429331400228
175.90576353564495,604.6060058539226,54.083978964246604,33.21577244820902
166.74203769566162,606.0326654415048,54.451036738573606,33.11574988673793
156.26539032997442,610.8578643632667,54.75758006613941,33.2098836746838
150.1079211298384,615.0441105432317,56.11476242393104,33.46342795873581
144.4984991054385,617.4290457070688,56.82887434077281,34.765688311145766
132.25650975402803,620.9646373412277,58.85377902320802,34.966193027294636
120.95130159738159,624.166733920117,60.08660134236028,35.87655599134192
111.60505481375884,631.3025087907455,62.04323599236943,35.46380999916957
100.46800127926556,635.1485515465345,63.97471458235209,34.87392881040659
93.91968980220614,638.6065662715484,67.40412123550657,34.09464767428242
82.85514499727577,643.6694930962483,68.76929101504504,34.49981323569821
75.34976795822509,647.1047079779757,72.22728306159124,33.48900261286816
64.94747094554805,652.0631699673592,74.23082690078807,33.06631367285879
62.858453716811255,652.7503798463736,74.02010603675899,33.747750381123296
51.39729075770153,661.4153353397284,75.67258217775675,33.04605327686002
42.149684279003964,664.7761033312698,76.28461642421439,33.03258852561898
34.28731043995658,667.9511065528601,76.77508923811239,33.10999983756543
25.729792159909607,673.4787580940922,77.49263243577957,32.7496115729114
25.17274647375885,675.4369341164446,78.01604565265887,32.8463730268944
20.102669171978746,677.7920434663474,77.77399429308431,33.12281814544802
8.044765458754611,684.7875923695769,78.78690407548962,32.84455469720435
11.91196631853586,686.6448823935252,79.29700346981872,32.84253458773849
9.478278935292167,687.4127923938296,79.96778161383907,31.248423513241306
9.836225066420539,685.4019679524012,80.24615645763853,31.061796601115343
10.91763119695915,685.3084694440216,80.42678162980411,31.134548992901934
6.991843203440666,686.2304841704515,80.38326083797145,31.196140234202577
15.32002116240617,681.8507571191492,80.55721955627091,30.94294861537184
4.882878042524219,676.4659960679793,82.2316995826559,29.17271394280924
12.195028396503204,648.9737548700405,83.39880836719061,28.32443648150914
14.867789772984679,654.7862348287978,85.80623389837683,26.362102830474086
8.760924868190827,655.5062408959758,86.31804415230047,25.9760572183348
5.789445805860879,660.2723851002665,86.72555754047966,25.683122943359187
9.468113687650842,657.0441452120177,88.70436527055207,24.26370483548796
9.151363271373263,659.4828718020555,89.99879584258248,23.328873363328732
5.706248825856704,659.9904548530942,91.65402173907825,22.13742752270583
1.0489666166341323,662.3073540215765,94.0191151606667,20.49194405276071
2.0408421927894125,662.3037008944295,96.51513800661664,18.667120947809412
0.2376176663371865,662.1657653135911,97.11191704037131,18.24656589669879
-3.0672129693085566,665.0220343039314,99.69397945378316,16.295953851763347
-6.125175240642221,663.7431365850733,101.67996539400298,14.988431229558318
-7.620031822891853,666.7916495960341,106.88204060951237,11.493044716837925
-5.812641408979921,666.972568757832,113.7112171104849,10
10.599770213173016,604.5336535051465,116.9072144838548,10
18.472108889445344,589.199422144613,115.25197843074862,11.330478635984083
14.16079772999786,592.2688220814415,112.67375312391117,13.302553892026653
19.51425431579124,590.9729432168233,109.79150931343891,15.68114012427575
21.585640251461044,588.8998606560411,103.96828640659973,20.301960456811926
22.008560979693883,588.0421059454103,98.3081749306028,24.82623290526487
21.273532530787143,588.8440591678233,92.89859935542434,29.079967680531528
25.15040222460258,588.1899500626866,86.91172021445179,33.73455634940766
22.155717320869336,591.2482132218596,82.81488358576105,37.40053602013661
22.756597688060907,591.5778399457574,77.18429699612278,42.21095334489327
26.843542974048148,590.4901193251659,73.25854151402257,45.55592915009471
23.59995729364725,595.3193619515816,69.58336222022231,48.50864518357912
23.97967374677411,595.1649370777541,63.304545883487634,54.382242264760876
24.252933666649263,591.0765836351485,59.31191507991592,58.21675602329348
24.95096914104058,590.4662692876892,57.18308554949495,60.66062712028882
20.705441776645678,589.4750057932207,56.06519347805282,62.02533348868904
15.73009762842942,597.0588132388685,54.23748135334276,64.0838633880429
15.113978618112753,597.783610198728,52.381123983656266,65.56732582284657
14.928269279801924,599.6301782217113,50.68402306799277,67.34958593319115
6.6701723482346935,605.7204908272965,48.706215542577425,69.32594981961574
8.446303815611685,602.4419345776971,48.0727968308459,69.96814675713853
8.08786814798438,605.9450159229492,46.20759733861638,71.14752998796006
4.801405125908019,603.803019729618,44.522179686174866,72.45183849858498
1.9418988633195866,606.4902035313995,43.10574709340129,73.3134208881555
0.23657201995163035,610.1291180766215,42.13271089976611,73.95009441840848
0.05048098554621916,610.1665448582127,42.14523207489827,74.34360408068612
-1.6163646594184868,618.7429490062807,42.48202232951884,74.46985424097103
2.2772143068278474,621.4676315626112,42.101883058525196,74.88622895069769
-0.19990146586917135,630.3617912843645,41.7292346257393,75.46978908482777
18.859469707698835,629.0004391950372,41.69350772049782,75.52939206719337
22.38573271442108,637.3586668952555,39.587117704825545,78.02519214466204
27.427841992600953,639.2272572575519,37.53688333273094,80.2753518703563
46.70900291722856,638.1539074674413,31.39787462434486,86.81223156150861
87.5661652038568,573.4800499035587,31.519663027162597,86.70775247540686
90.6603992673496,560.1002444061495,39.597674392364496,77.09268009009809
89.75706900270362,563.3665095794763,46.678826708613265,69.95948155153468
81.31787692083932,566.8508187496669,51.45916647689507,64.63264322995994
75.16410411670691,575.2104334032166,54.16272629872191,61.15431586988207
67.90308539492871,579.0115002862113,57.71490366537401,56.97672047783978
68.09677805112187,582.2847764070507,61.335358509542864,52.62474950637906
63.563463493813856,585.6808959365591,62.05348832606318,51.29510257230116
58.78546488895812,589.5311342455124,63.143254189644296,49.24875069118056
53.539892539931614,591.1473085035495,63.65512413794144,47.21528928486262
49.849060077902045,596.9027909313783,63.99224865672714,45.304006283453276
46.10745239889101,602.1494133846104,63.36606326554266,43.7424630371452
41.94605917949832,604.2977001471036,63.25442816502141,42.43970803365849
38.689472468246805,607.8048724620287,61.28007850860598,42.88894401217611
34.710318048452905,609.1335434524115,61.92095208360639,40.66090305489389
32.2416382569679,614.1111420884929,60.69905091675949,40.37194838221827
25.859474266654892,617.9461528131633,60.33858393736354,39.06499885136505
21.8857637700921,622.7365771147056,60.536425500862656,38.43162663530447
17.723819881205813,625.5577272587562,60.1170776905615,38.22986189255224
11.554847712958178,627.6251054460287,60.144088913958626,37.83747803082467
4.23046939801376,631.8409167693477,59.628166970239064,38.206377234772695
2.3878011773403642,636.7655758833127,58.58237996416764,37.862771515997686
1.7300292012162863,639.3812623025119,56.56015464647256,39.15252828575373
0.041457738598811744,641.1859841740393,54.67103122572973,39.975251595921755
1.0378051832246449,643.4129257906834,51.240140035017795,43.785018303124254
0.47842142745197336,649.3724793113086,48.13127740816592,47.937017218905204
11.962765918410792,650.8204965758289,48.12088997043774,47.910993781096856
44.84013108249018,662.5877319135853,51.303323948919584,45.563485233269404
34.655313332288415,667.3828763224342,52.911137702496944,44.28596153703167
23.730400391806302,670.0702280114282,54.25844779061449,43.24286550081001
19.148036969812015,673.5974288912245,55.08133198323588,42.4423518714055
9.978431995117234,675.9471587850514,55.66300790552583,41.689797935115735
8.197418934279806,676.2375746054207,56.079817800622926,41.300839293449215
11.085583576695598,677.4572943428816,56.100869916853355,41.287225175964416
19.05071136481766,675.0436598263201,55.75903997690074,41.62964189509209
22.321284952979635,674.7987021428634,55.02107587934265,42.27589199000827
21.45485394691482,674.8199334489971,54.29099719857067,42.98833036965747
68.6857865237875,615.8476124300378,53.17729183486437,44.105572200056386
65.65196657406459,609.4468796913326,47.445194757686664,47.54182619065044
62.04170239618958,612.1285549143018,42.60197761477945,50.03312099693973
59.15719106254927,615.5960386260975,39.19265555549756,50.99732206471194
54.23373984937572,618.8931748612075,36.617197561617616,51.77564395102868
50.383891764040634,622.6716077813434,35.00963608000508,51.440982795968225
47.84570739494449,625.1496213883312,33.427656257864115,51.25494459566453
44.24460826375142,629.4895309659323,33.018705686021754,50.96240304361166
37.42965742722823,631.4573308340526,32.37579737676832,50.92079859240527
35.65939833259542,636.6532541930712,31.642534743280027,50.8061764150785
32.602777875754356,639.5034753096407,31.106643405222652,50.22583801799905
28.062354966893302,642.1318181784177,31.080380153120544,49.86453945314409
24.54900727122479,645.3888605982618,30.82584509478105,50.17980603862677
20.72996261754848,649.62691968535,30.368790130283088,51.271581846383995
16.90668079785972,654.0897489735042,29.438112825751915,52.19034084209686
12.892740962158037,656.2312343062939,29.287786053368663,52.075479593479244
8.419923371088835,660.1659932804862,29.556897073214586,53.224095762221076
4.698587438284385,662.1679121550036,30.202498435588623,53.77410294192778
1.2403677345267035,663.9319560861383,29.38347327019749,53.91407609764853
1.14774565415172,667.2665002392262,28.714835535405314,53.501371687346776
0.03190089237152094,667.9605353336524,27.70982833884242,52.795613689027164
0.5049793845938488,671.4378668499971,27.816941932782164,51.0129720453452
-0.8506060689807775,672.201699580902,27.826240252727438,50.30896791089749
3.4399334020571644,675.4779429599628,30.013427034833683,47.95586727261851
17.31509433404832,673.915989691634,31.024570243483204,47.00074138816392
31.93736790788843,674.3367136838957,29.323937890724864,48.76438950540142
34.21888869654061,671.0767182643317,25.956589329472745,51.435752777238015
40.44721464118797,664.9198225350601,22.383419419548154,54.04248819024912
38.98640837346129,667.3809285983625,19.13365620350615,57.0788179337615
46.33447200438244,668.1370394798769,15.512885425123315,60.13321556694237
64.81617854342885,663.2176303718603,14.163028255233614,61.2476170501875
67.72977315793885,664.4935158407476,11.304551594496688,63.992229970139924
67.85882853530347,663.9271229636013,10,67.05576073004013
68.8656459953636,658.4131198403508,10,71.2959866916597
74.98228417895734,658.0806511169559,10,73.64653181018697
67.89824544452131,653.7814627417323,10,77.7762343777425
59.110643019899726,651.8957153694466,10,81.45754777160569
54.98556815646589,647.6652859433776,10,85.91326345815543
41.318194499239326,647.3030546864348,10,89.004047297343
47.91027223132551,642.5358404305699,10,91.1087473010772
44.44910608790815,639.217308262198,10,93.63984077829346
40.97936259768903,639.8377329050502,10,97.42264023145032
45.42129718326032,637.1938590667257,10,100.24265190231617
39.42542993091047,631.8949923792869,10,103.22721226922864
47.73346005938947,628.533720586324,10,106.9385482745882
39.9935413505882,625.7834153485,10,110.66564269131437
45.95476924441755,624.9636339538367,10,114.53613175589412
45.053388407453895,619.733977279199,10,118.62867817554292
52.69028883241117,615.2781007203079,10,122.13391283400519
45.83477764390409,618.0718537345836,10,125.10179907077377
51.78319578431547,615.0490464972039,10,126.98995190231403
51.46023323200643,616.825666792419,10,129.5939364438723
53.86699750088155,613.4948368810988,10,131.61688099933139
53.135863026604056,612.4403237245889,10,134.90565751643746
54.03666683100164,613.2133271723072,10,136.07346917111062
50.21359725855291,612.3091626666877,10,137.91083625584466
60.60368057154119,608.6949285319279,10,139.52783001135688
53.541595896705985,610.7645203586204,10,141.03766750665343
61.37305780313909,607.8603154807098,10,142.72096949727697
54.19996162317693,609.1874663117877,10,143.62447146594994
63.376480063423514,606.6256561444881,10,144.71543465409545
58.03997369669378,608.9178391942048,10,145.5013121040088
58.07263253442943,609.0317432087069,10,146.5720409717103
60.725007278844714,606.1546430307061,10,148.1058562530964
63.344142181798816,606.7064929186618,10,149.35530779859624
60.38775513879955,608.0385874373699,10,150.0431282960157
69.3293912243098,602.3144107310725,10,151.1294306984787
62.338142139837146,605.3131408182883,10,151.5951787225946
66.1921841930598,606.8011658073121,10,152.66964678043553
67.64353011362255,603.5933091464117,10,153.40199666458386
70.10204170458019,602.6306038498085,10,154.43803794884167
75.59315822832286,603.9130950298506,10,155.85801113799738
90.96299026720226,600.1168610881657,10,156.82615660696914
111.24494217149913,599.8555015898626,10,157.08912985672447
154.4221691917628,609.6022666747971,10,158.39186814999013
167.7115045364007,609.505512311618,13.063461116144122,154.69803585385702
158.32869646107534,617.6410701231623,18.470109485727953,148.18795614995764
148.5147885139394,618.6198673662329,25.47524185491438,140.43649789047052
164.22811011383652,614.9913387448644,28.171885856047904,137.37939001785105
186.5588519853018,591.9356751969577,24.11648121467982,142.01851862733628
178.92822631172035,598.246739956003,24.7722790706318,141.17804060613307
179.86105988694737,594.4704625299028,21.613564730465193,145.04742633182278
173.27858663268023,596.3835295401261,17.5379220971538,149.68232517880776
115.30322262814849,576.9550258390169,23.778689168717282,142.2543708805867
110.37458484158276,581.3417383207262,27.501851430081174,138.12828478435563
105.11838279864362,586.1676190444638,32.84995030584591,131.9937254757813
94.9961688994058,598.3029284512439,39.326257338635514,124.07773045677658
87.78590975327421,600.9782671479705,44.18092918772244,118.61656767349466
75.68168864062605,607.5095139127072,49.570594328668165,113.3453539368069
67.07409225443806,615.3608399107758,54.5039238884587,107.29642279638287
60.453311031580526,620.6261773480697,59.69301135858783,102.14714946064376
56.362301276934275,625.6547411040035,62.66543709499214,99.04708800788877
52.952255717865036,630.0425949028349,66.8097152534596,95.05756805899907
49.49100742340694,632.5700970165968,68.43893696292022,93.4607187482386
47.8417794190728,632.7875915599423,70.26147134072913,91.62730682429029
42.209126317809826,632.5111202043053,71.71057347221016,90.11368068409337
35.61140536689915,634.0949875659092,73.1054191368489,88.67220864952249
31.01482573394445,638.8410839734005,76.1305400345332,85.76394298908066
31.971634834952276,642.4376697930693,77.91664030785934,83.74525607951007
31.071847595624774,638.4348222101322,75.9701796874848,85.77274222667698
55.35551362730133,627.6751356250738,72.30731997520591,87.820080942448
58.423883145950356,619.1845603958467,66.1558490920894,92.20962239974264
58.99060810083236,619.6073708244033,61.85737347126582,94.0948367419854
62.426690487324784,615.799920663632,56.300621338852565,97.56101584541899
66.23323936208594,621.9418260141349,51.503149256902276,101.36351457739639
95.92434552020661,612.4501826181712,45.09056432103201,105.98790416015646
101.98249340066575,617.0758766719789,39.15619433373437,110.93352513914978
124.99209476190062,602.465135471381,35.18691836907713,113.75478476202531
132.4257389440718,609.8773600191796,28.947366096348482,119.21128621269278
146.11500938894966,609.9892415867052,24.505375346973672,123.38767289987665
157.5221590270629,612.9543403046912,18.744060308418085,128.8816984100718
163.4295017370165,614.07705024547,15.001275256247734,132.82376851493382
159.9255352087054,610.5800869860241,10.242403617740493,137.82061208514094
158.14643043512478,608.6733393331958,10,141.91940153614317
152.5977949523367,604.3963999293121,10,143.5477332209553
151.884813668672,604.4412945519367,10,146.23953562952983
150.39555597538128,604.9305471277182,10,149.25296763845887
142.49272871250287,602.6030793617412,10,153.0709420798483
150.40752506488934,600.0153490753461,10,155.06805363454137
151.91528916591778,597.7456228327363,10,158.56140001967864
162.00888467067853,595.3134220323267,10,161.84897469045185
164.24685454601422,589.795766959285,10,168.02080903697464
166.56187319988385,586.0771542497487,10,174.17653852728284
170.9734981083311,568.9440727676696,10,179.60823837193422
186.11664366954938,553.1735893106495,10,183.5797701663455
209.65269161419457,547.110943936299,12.604410153190068,180.34088321118918
208.22929459856357,556.5176171197511,16.72530103103258,175.16372439769057
199.20320200945338,562.0762030398843,20.215234164575232,170.99224032826785
188.9112371319104,565.5811775486011,24.959744554731994,165.07134410719797
183.75310797034248,570.0914753824751,28.76621150366128,160.6058278995941
174.04218060851898,578.316336891692,32.535447819105165,155.91833384691944
164.21554578219778,582.5356610179539,35.39680920758742,152.44360332663447
151.90443469210172,586.8655449350387,38.08436380049924,149.44758518728918
145.98987588207035,593.8999560927853,41.2142044964287,145.78610768991132
133.7469623562328,596.307587915011,44.23137691553539,142.36927403527437
139.74885211260272,600.7354245704432,46.64723889754656,139.83029879875087
144.85476241519447,605.8507748928888,50.730841800053504,135.4683768594567
140.19504411336558,608.3402544781072,53.35014078850744,132.678020374948
128.34727259496745,608.6725506913995,55.57337089805761,130.37881896437014
114.3603153904143,611.5935362379765,56.9422533400008,128.97478846875015
99.4595238078009,612.4525020373235,59.213301760964896,126.75942377388574
86.40596566572319,617.3486168969723,60.7967917176057,125.18804118440988
72.29059149030321,621.2453586241872,59.01933274727863,126.7736909544674
60.79451127511865,618.597484192241,56.15626284622687,129.4447395105137
79.16555723368631,597.2892713948247,47.681636520522204,138.13106180334444
87.27224110853716,589.4976224812758,31.222336027867218,154.15264217982346
96.5183374106692,584.0699351217995,15.919133062885344,168.38015611424538
95.30445156479254,583.5926397072928,10,175.83203278615431
91.85567102814093,581.2929442471913,10,180.1981486504722
96.86288080597296,578.4054524890148,10,184.54862872119986
97.59855101490393,574.3854930613367,10,188.02280651439168
96.42659149551764,570.6562007826021,10,191.89970576721907
104.14532814407721,570.4731117149468,10,195.50492737672715
103.76457868004218,568.1966454086757,10,197.85278281794362
95.90326104545966,564.001837139008,10,202.0493608936865
106.14958272362128,559.0004484169451,10,204.9880738350963
109.14704141998664,559.0253889194887,10,208.391011462135
110.95460865879431,555.2101005883009,10,210.6371734516591
109.00989840412512,551.1165882177211,10,213.74695295737538
108.35442278767005,551.8283164868211,10,216.88037117122002
114.14732001209632,544.2245882062988,10,219.4687481424209
112.38224659347907,545.1679241987858,10,222.5608034981452
120.83390198135749,544.3512605910962,10,224.7082458086629
118.69838056946173,541.4288851183649,10,226.99522912450217
113.67550049209967,540.7390741971074,10,229.26893422850705
114.16035712743178,537.630953041949,10,231.21392676770543
112.83924771333113,535.5646919121357,10,233.4009412625159
114.8698604204692,537.2476233053848,10,235.27125067526703
117.67251134896651,535.3303116036394,10,237.90529467392693
123.7699258425273,532.2840737441533,10,239.9034429431006
124.20872730994597,529.2545448430743,10,242.16272705217384
120.74937028670684,526.108632579975,10,244.7017174967225
131.75619954848662,523.6229436174824,10,247.40589137545848
134.02918977523223,522.362678756881,10,250.4079936352755
158.79609079146758,518.3728249019439,10,251.9031985527913
210.8787972428836,506.21429030972007,10,252.72685762676528
226.48267812514678,511.8520920930154,10,253.42798249950565
228.44516749167815,514.4894802617781,10,253.68030910921536
226.43432397628203,517.0220983446532,10,253.9161803500816
228.2505777576007,520.2818754536942,10,254.38090671824213
228.32399651641026,521.7825158357253,10,254.53738776638983
215.02658745879307,522.3122889991125,10,254.77892977274553
206.73402878874913,520.3794242410323,10,255.07746530392046
213.6305227004923,520.6987925544751,10,255.42383019805024
215.79060098761693,527.5588612782351,10,256.10704071958526
211.23699447745457,527.8598423915624,10,256.6065445526154
207.31423327559605,531.29587955067,10,257.0083550076546
214.08913895720616,535.072705566021,10,257.47769987941837
216.48838541144505,530.6920605294858,10,257.9075728687485
212.22880384558812,528.6625545849655,10,258.5788110055767
203.23876497382298,531.0908774358822,10,259.264422612703
195.53033897513524,536.598340037971,10,260.02271747078163
192.54914018744603,537.2160396485758,10,261.30596735082923
196.45599720114842,541.5326512645054,10,262.59755834321334
195.49417093629017,530.1656948814716,10,264.6579329012729
191.03726795548573,515.5537952393713,10,266.64541741191385
187.16854813927785,510.02694771237526,10,271.4513149767398
176.29831651085988,499.9076643462722,10,274.66466465267155
170.95210030907765,481.60343267737994,10,279.556065993996
112.29269555443898,461.661881238762,10,282.9524478324135
111.7087456905283,463.4972139931933,10,286.915140802097
105.5844485484995,464.0317146979178,10,290.40576215723564
120.95115635031834,447.4704037870662,10,297.2630469885824
119.8909042798914,447.80246397846224,10,301.5306182523661
112.87744221324101,435.9977779218666,10,305.7853417754696
122.87071690196171,438.4292508547172,10,311.02868481968034
122.49108839267865,430.39066369851133,10,318.792261452954
130.19572830433026,422.74281626556206,10,323.75150955676753
124.96436643833295,407.40825088325835,10,328.4964955765019
148.99097967380658,361.71509873139587,10,333.26856495591056
166.2232813858427,343.00224767519506,10,334.7779119352555
165.08483004802838,325.80379462311816,10,335.3296718602101
163.3777346634306,317.4159696881071,10,336.5218237291336
179.27946615451947,314.3685413262071,10,337.1122754312661
188.26474237674847,321.0030202798765,10,337.5885710868544
185.03412771457806,331.2534413598506,10,337.912935683498
171.0245738052763,337.2939519046896,10,338.87387149537034
162.43567991489545,335.77649536655844,10,340.1060139570087
166.1602840446867,340.48487918315016,10,340.94406142544887
163.06462979549542,351.1433543060855,10,341.74956105445614
175.48668217891827,349.5941720751067,10,341.8380185091962
183.5818169140257,354.347064426595,10,341.96900786932997
191.10545945400372,353.9531962314268,10,342.13867985613257
182.20809865230694,360.2150504990607,10,342.95330254339893
167.35704636806622,359.6625557852045,10,343.55220085325226
176.44182896846905,360.0288487805516,10,344.37861440097976
168.33066869014874,372.43164539441693,10,346.2308790681466
184.37506032222882,362.6987452893118,10,346.2670070371459
173.00439858669415,375.0562440662594,10,346.67687406149776
185.7424557232298,376.02018604650846,10,347.03295950331295
177.39585519069806,380.2132216797108,10,347.4543852614444
153.4828703426756,381.0290757320407,10,348.17760851130714
170.5105230831541,386.5659397964601,10,348.7838320502541
163.45235228771344,387.36394862956297,10,349.27470436627186
169.59149956936017,386.9597504432726,10,349.84849994155707
160.96393418544903,402.63064148038785,10,350.5503808922289
167.6395137333311,402.2445508074437,10,350.5965545977553
181.44752097362652,399.11258175236844,10,350.7386560456135
181.6456567668356,391.58027183673516,10,351.53969746196304
189.80564707750455,399.24073430487874,10,351.95983659733105
171.29887598985806,397.95943188562535,10,352.2674186716319
195.31601733202115,390.2016521461045,10,352.4125252698143
210.58626479143277,380.403313700435,10,352.61699024709077
188.46535986894742,379.27536827915543,10,354.34218386312557
196.06515330309048,395.24979836945425,10,354.8180635201744
187.4427406215109,380.9128609395276,10,355.48356130483234
212.25073927873746,385.73808476320033,10,355.65880869532873
209.4510173224844,380.86142752068815,10,355.7555289039249
203.50397676462308,366.61368218655923,10,355.9845419873438
195.6455702208914,360.70577149187477,10,356.4396217614174
188.24085372919217,381.0880279103063,10,356.66078855101904
213.63605445856228,399.1684183657287,10,356.86410142069195
173.46555656427518,391.54901711984496,10,356.9194856385336
188.64644760126248,411.3186752255888,10,357.04133657182143
182.42916482919827,401.53312255713575,10,357.10146320999695
191.23139375681058,413.0655821062496,10,357.16903999189617
186.41338056558743,407.6240969151633,10,357.2115209865566
178.15857881540433,412.57068319583533,10,357.2882628615529
184.09772438043728,411.5249490622581,10,357.32405943681283
193.8176903151907,421.8438926886639,10,357.3601834144699
178.51465744012967,419.69809575118495,10,357.369482062377
180.3273122929968,427.0469920695849,10,357.388739024271
182.97647792333737,430.6653555491354,10,357.4124724419095
175.95811301702634,438.1530052222164,10,357.45233651737846
180.41863471502438,440.39133414729315,10,357.5139577237739
181.1179549121298,440.32426853104687,10,357.551360229045
163.34493893617764,423.7122088353549,10,357.62900287482347
174.9825331592001,423.7452925833102,10,357.6412044524828
175.81309253210202,437.2124853360519,10,357.67493189255595
162.19952327245846,452.877371751693,10,357.7734503820745
167.02058345312253,450.3595030732474,10,357.8166101861702
159.443192305509,453.4667390376205,10,357.82523272077236
157.07978731626645,456.6464604823909,10,357.83938268477783
149.9711166047491,444.0492066305366,10,357.865528724668
153.66387802595273,447.50161713157615,10,357.8864660844054
141.94607271325552,437.1762020679994,10.000149581082905,357.8862780688587
136.5115767144598,442.758622575187,10,357.88712652286716
132.67437712904245,453.28256291200614,10.009004864651866,357.8755007320415
127.47674828691333,447.9479450255789,10.017663008199627,357.86481916938567
126.27129647242266,448.9585324851257,10.039980354450881,357.83691512431545
118.15855935264555,445.3151040496762,10.079097095836135,357.78983816495327
131.07509191672145,453.9696516942905,10.116931168123811,357.7419828812179
121.76786436064378,457.9341472792911,10.157461261968605,357.6937356916244
120.90741594276851,461.1484879997781,10.191639753030739,357.6528764018344
111.18787268125487,465.54590426815173,10.236055789607802,357.6007415808465
106.82763509446195,473.17561269808266,10.3030284988992,357.5213278871834
107.22959613792555,464.53470912647504,10.38014489892955,357.4296685386994
117.67465770241962,475.0147507890655,10.44962031120118,357.3446462486747
109.94264746190075,471.8615405931075,10.542083556521177,357.2322743928185
109.32368472093634,469.75171203394797,10.698148615361916,357.0415730821825
115.1224544998398,469.34193194112675,10.763172381529593,356.9622774028232
111.54131556241856,472.269899793622,10.84467261126099,356.86333451475775
122.41966620734951,472.26193362797824,10.892370811755534,356.80584716336375
120.34337392213189,467.28347498115795,10.904846319995947,356.790878775852
104.00384873619137,474.76269049181695,11.012607629376983,356.6549432150442
114.66476970310958,476.60831341995237,11.170051889388205,356.4567357746822
112.37438595700553,470.92810688822266,11.289710220219389,356.3054033852608
113.37482775274657,472.95424409514544,11.344284459166374,356.2386901038463
117.32347805527233,473.75598899963654,11.319292108356798,356.26990488470784
124.58300218404831,474.52768434123743,11.21665048227457,356.3966581634125
129.48304445481202,475.86740883158706,11.090971992382908,356.5503893718459
141.66466031940587,474.98310687947674,10.971789335460809,356.6918639597365
166.21939470392485,466.6834835192292,10.86591782594434,356.81749503386936
213.81707575959027,448.8151798589937,10.632362965590076,357.09741442709424
276.5982879125513,423.71015271884335,10,358.97827559216057
330.6275962316431,397.1624526671818,10,360.24941116911646
341.15382173491923,373.5588857410475,11.718375333169405,357.7077275775374
346.49250005564846,385.22268259725115,17.351641860656294,348.9929411389949
344.7696168233416,400.03944117711836,26.915984375074714,334.0227511963625
333.53667111532667,401.05123915495096,39.112187184842405,315.0596067482656
322.90050731645584,419.275340287064,55.23308942095068,290.72855574441553
319.29225521976565,440.663995112029,70.22581250547486,267.0585497138703
310.32705422490943,444.3304370100563,81.10772826242979,248.07460676711995
307.537440959643,457.1059907373889,90.86215239428097,230.4533222342077
296.5853666418308,465.1068966070022,97.29528223870666,218.32193881872672
301.2880915040099,465.7367428950721,100.42843725067657,210.57565442663852
295.3349999503842,482.03441774669466,103.10600268977615,201.97982407153793
291.3176478260307,487.1253034202819,103.3887681185979,198.09605401373105
287.33700010016355,495.96648679239263,104.59935546715224,196.07588247519817
284.4974753800286,500.90674542544315,104.37075014515408,193.2231104559843
280.53022073016155,506.26155555304456,104.79989216583539,190.4286475188967
281.2722686364404,511.374764180083,105.72318313306288,186.23406915871018
278.70063567142745,507.93361992842694,106.42409390714397,182.9095381277206
275.0195871814866,506.4963439897298,107.55764140658745,180.46644493217786
270.25753769938666,522.120928430284,108.24030016998165,178.74378819706556
266.550879275286,522.3879078352231,110.50314103933175,174.63422447156842
265.1395339635772,520.2450299374032,111.31723285827532,171.36264775149166
256.84358018021004,538.9203703203052,112.49620230702871,167.8374636592716
256.3187274873849,530.4971191201707,113.84633900380962,166.42580832943793
256.41094970285315,534.3046131024499,114.51563472856998,164.07107045643244
251.00947667861954,540.4263137106016,111.85470977483988,165.2173348437668
249.54530523663632,546.194765976218,112.17434165454911,165.49658860721155
249.14487494351,551.8167829258641,115.10578624234293,162.57938461819776
241.71109141492127,547.7028831655956,115.85552206935674,161.20478717370787
244.64297649781412,549.6884107498616,117.08332275775805,160.2917599878877
243.5488291869451,544.2022167671798,116.44901296169516,161.3165638010297
234.2060528030488,559.2881083705777,117.57452239452684,159.70469613683656
240.07094527507107,551.8095371710175,118.51765577018448,158.91101265399874
237.4562478457229,557.5770446073578,119.0433119394582,157.67444634394025
240.15614011084446,551.7303583565849,116.97941317238342,158.80134679195817
241.70870736324397,553.4550213329894,114.98736620248887,159.89359340994986
242.58109390345214,556.061071028142,113.70506132895503,160.36548545183473
247.73214257510028,558.0408940035813,112.61015163824663,159.97112661414587
239.13206779363134,557.3208342684584,112.21624221070601,159.00500752848353
242.09545833968366,562.1970790968602,110.66680048169952,158.00457494718026
246.32661871315253,562.6754506552447,108.63912348018414,156.96187732073585
235.8973912489098,563.9341148705898,109.24861219162857,153.28195147221422
239.67848389534532,565.8291125861501,112.11241509608416,148.57924066567
238.61802793001064,570.8191216008718,115.50505578079714,144.48291776180668
238.89390352276513,569.3141552728447,116.73696143084419,142.975803489455
233.0797392534847,568.2593349855617,118.16866998191726,141.71288833129395
233.3528228659631,574.0795734854541,119.23834915245303,140.00024393496358
226.96947580585078,566.2368788122062,118.67572522610783,140.6730676686666
229.80439920746466,553.0662757787452,117.97682807269085,142.39201459557398
225.97777361412037,548.3892431525187,116.98260878513628,144.83695785782314
222.63457569357553,527.2948878369962,112.16695041174839,152.74067245615322
223.13131986905248,518.8614860710555,108.70941892038314,158.22566293871822
226.53786930053627,523.343639593938,103.97193141033611,166.18777991944265
215.62233524406406,530.264647528593,102.02416422664965,172.0994261595077
218.38410167128228,525.2287373101212,100.27973417448983,175.40992600547824
214.33244127598908,529.7852993751172,98.16193889909724,180.72002918566685
215.53612599910394,525.7468375435963,95.64730290012122,184.24361098316913
210.64599078910265,529.3969983348845,94.68721782848556,185.52197611476515
204.4434639486027,533.9881756673761,93.91460579903628,186.39905347950597
208.6225121916667,532.6227635357562,94.70094424180233,185.6269349422239
209.58190984723936,533.1043649117225,95.5282162161947,183.94856878058127
205.2637276332986,534.6373500139182,93.97209388107574,182.89366930449205
205.69083832428146,540.0432484959035,93.13957005571002,180.7449830735536
207.0075180521907,544.947276083937,92.11812893008408,177.6742149420117
198.9956967858751,546.6740348786066,91.18595900849161,173.68770546653366
195.21613528892684,560.0980434867367,92.44579992841356,166.75252623245103
192.03577760997237,567.3760117571148,93.98006064688768,160.64999984031556
188.09135156672963,574.009776271537,96.95951942282632,154.25470944748812
182.7507568070037,579.3292884621538,98.76149465547394,148.63546713259964
187.57436888180402,574.8962194451273,98.0408242320696,148.1966487304956
194.07656542909803,559.0614398885474,91.76239186898793,155.3402049597441
214.1050049829031,544.486036415775,91.63050055434658,155.68603258094814
203.0275845400027,552.710494841622,91.05985468477627,156.81784807483513
212.98422667589375,540.3787984430356,90.42339154946873,158.41903078900003
210.779118509974,540.2027754078451,88.91779348158902,160.8885297192597
208.59049904762054,541.374855545255,88.04272689863602,162.23335050065342
199.21661937954192,551.8149259581137,88.23940362370928,161.57598990259694
212.73976535869608,549.0993793259298,88.7595312668414,161.03727220428786
230.2658503375693,535.2382874303596,88.58336838917305,161.2076237963314
237.71436124466368,517.7572607633907,88.40444712277484,161.6410440125935
240.783724581142,523.6953674234929,89.28815134657728,161.2825347023988
229.71485404820865,547.4925156976209,91.64715248324471,158.35966683456292
228.93846266191565,555.7296391235222,92.28576284486574,157.72976984390516
233.2023177542814,557.9635262661685,93.62375910392088,156.47123051153926
238.53582107130336,551.5471822839819,94.31694667611475,156.22048913936456
244.7386480972097,558.5990689582492,96.55380113107695,154.52918374737303
240.98604621608223,567.9748481123303,101.36796413901367,149.86292302374457
239.4231395814203,579.7292151065842,104.23479790899749,145.23657047444564
242.92331864214927,581.8138124525962,106.2591761919585,142.18043566077117
346.1219234079049,463.2231264611897,101.97709422392376,148.68471413772465
343.97403642531856,467.364182737704,97.8831253378392,152.28285919120233
341.3572352302675,481.28888503271446,95.29430045514457,154.39303979100072
340.474365351742,490.1571465099427,93.89757440141987,155.59109477843882
339.76869736091965,489.1636138550733,93.61890066989164,156.03662733327945
339.11535711583053,492.2858616525168,90.91380328226224,158.5911467835586
337.90907398910974,489.6976226720992,89.22749401309028,161.25493014714942
334.703603432638,498.2073456819553,88.757793188778,162.4130945247761
333.19983219807443,503.37687861299264,88.62968716890674,163.53458755399788
333.08249558649067,501.57187011126973,89.9474431872173,163.34425365297903
330.92211641798923,504.5946834280793,88.4177820028884,166.81492435975292
329.46062132094585,507.0576764573532,88.27978520127814,167.6111310654873
323.71745319040406,510.22073361495484,87.80039651729342,169.34400532145105
318.55551206294587,519.1402245409154,88.91753267083038,168.36317967375356
318.3996016564248,519.4935488848778,89.71877586479675,167.78282476424835
314.82233814845483,521.8108245035081,89.39716858050474,169.61018139060462
312.2634151882102,526.7035883727033,90.25224813975738,168.91007712175775
308.98186780932735,527.9765295309223,90.82728623782461,169.64483016222277
306.05434366552663,532.8308427247066,91.41549454434693,169.93389302178548
302.8861594282814,535.9985809345385,91.04319335636181,170.92766407679207
300.70015949367405,541.6270808469287,92.21902122659891,171.43572467681633
297.2482915152493,542.9908094780687,93.57521508826399,172.25920888182137
294.20621057533583,541.2201623529596,94.04526649827285,173.04910361498037
291.66782546133,547.4379690114927,95.59570863943159,171.30041141760415
291.165225184246,543.4648006992354,96.43796784206656,171.02428443433064
286.8186363494472,550.532461489122,98.05597499469636,168.27639686029474
285.5760074925366,551.6917390889558,99.8406836424509,165.95399183201127
283.80791102538933,557.7530789864956,101.2968687852262,164.77702317279608
282.71096376353137,558.4117953858057,102.65709305042017,163.0894552158755
277.2840339413701,564.5803656651261,103.43933938297508,161.54817399408762
280.21240392450153,557.0074708668942,104.16860939596025,160.8997865351926
272.9672403602163,568.1706425711579,105.99975874437943,157.09805936812026
274.4106483843577,572.1694139164574,108.38440895128446,152.96586263241625
265.40341265414656,573.6369533194093,110.13139765413852,149.43212586085247
268.79148047781325,574.5179387343862,112.17337056545986,145.56056163948
257.25281404270163,577.7145794011061,114.20805130555622,141.81746827524805
258.38833717575267,582.6127808313432,116.47338199257905,137.75978106342495
252.0931060791993,587.102680973293,120.01259086689925,133.36452019297755
253.56637963234158,585.8438822613566,121.84732713921571,130.95804535122534
259.6432843983707,586.9385158643908,122.3128356155803,130.2623808978426
322.3013693502866,526.643019522592,116.17056250129924,140.67912583974092
318.4385859552784,535.3709355773472,112.55306593682353,146.407129713507
332.58997672359857,522.8777973578092,108.1968385841432,153.30786728844726
329.40739664715085,523.3299009072435,104.65232504624274,159.9922860974763
324.4613132631127,520.8654112022715,102.3066568838991,166.190473819455
315.85603699701085,531.2608816805771,101.2998288924211,171.41552407378128
318.31843118314606,520.9585022164588,100.80524443479302,176.30684401428607
318.8815252131038,522.6157960148365,101.151550619453,181.00406099821905
322.4002787971144,517.2370408187187,100.92756102192749,185.04640339118717
314.0090366817442,521.1723949332827,102.26716557584906,185.95883439087993
310.6665400273457,526.9900496355938,104.69532723868048,185.81053212737118
306.06563691070903,524.0840363212026,106.34366953610174,186.8663160040782
302.3542891197156,522.6200205097427,108.28395754820335,186.3834575246114
295.1601262220988,525.370030259634,109.15507810509465,186.0005954840882
289.358304627969,528.7241971401329,110.38744062318828,185.84630072455514
280.0291550084152,529.1030186755238,112.53301403221772,184.6038364534025
276.06895766812005,527.0293973001058,115.31158732837814,182.34928047911038
263.70841894349445,529.6040032714361,118.3357443827318,179.2079077393306
254.1004145921196,528.2315163731595,120.80098633133113,177.10648652016724
239.2225304899952,529.9685667457201,122.65099090948132,175.21831528802366
226.3447856454991,526.9034769390581,123.24562816622259,175.01307620017562
222.0794757524078,514.0948793681739,123.41640469831577,175.98347988381425
216.59630047854017,515.0113973698489,124.84592052925413,175.69733545055558
197.94584017630928,523.7794924370514,126.60574540007335,176.87194739439758
188.28751877996837,517.1056173794829,127.91477977905892,175.03132775855815
175.3765209722494,514.3252193164789,129.9746541939353,173.33420648039117
152.73692740325845,533.2569331034233,132.59726708264964,172.57186456934403
132.9308867764546,537.1369983352585,136.1182457361597,171.36793651732543
119.39607738091556,538.4737801286487,138.91666434718405,172.43025425912776
111.45314052996966,536.8206126615044,140.31299031958366,173.7265653610953
111.0155138272971,531.8484558429309,140.71049750648586,176.46281825681774
106.297046452322,532.6446882565486,140.3084267861602,177.99808379915
108.97488547262677,525.9783151406959,140.1085419355531,179.04202788394372
110.82813266096346,529.7184207500593,140.01449100599274,179.26811358599355
104.97680039246615,533.6169838052172,139.53181752266266,178.65728632287608
111.76973711621326,512.1232181249164,138.2826302095068,179.4971774552062
109.53421174174518,517.420620902859,137.61908365695982,179.7737202803634
121.38977394047409,505.712600402057,135.09764317368658,182.09822189903304
108.10211363266689,518.496378195573,134.54264419396407,181.95985408665902
105.17197378232983,523.613624065376,133.6831629998628,181.60489802210196
92.97567557720834,529.5069498563228,134.9628233902083,179.95131452492527
94.47213478203403,522.831490528776,133.72603221883054,180.51726003548737
98.49264015609165,522.9315827740089,132.15671880119015,181.95144694490116
92.90101992261448,522.4207144935858,131.2051001830615,183.0571280126905
88.13372333834428,516.4988725806427,130.57642335495882,183.82027499623064
80.97982461231535,519.7913110274799,129.99730941480476,185.35753707960694
78.90686030360963,525.1862218372725,129.42901989256777,185.9768198072509
69.60082138459688,519.6979979007618,127.533130735354,187.61487542258178
61.85142269256093,523.3147404456547,126.09666734672084,188.8190658088702
55.10361240008994,520.970811184496,124.9714955427468,189.34001559019018
60.335583141439855,509.04011579726887,122.72115421873838,192.5384444048056
54.36090244476355,511.7337041295908,122.75916059347526,193.29572460356505
58.0464201402377,496.28300569730277,120.66894795643321,197.5937622457291
53.18066776224059,499.15189356981693,118.72453127230293,200.59230032058605
46.097939512155676,511.5504047722835,118.45267469263877,200.746402106937
50.4762688786535,503.9007720307462,117.2478801068294,203.22606367002874
51.89783281594041,493.78199199609884,114.49672220659458,207.39105675323947
55.710461488132864,485.70530184175414,110.79894651351583,212.81598914780528
53.42341452631951,476.05705517314647,108.69511628095357,216.1369432775622
53.821828270696344,465.9334936511839,107.62381387335759,218.348107077713
53.683030742926896,462.9805234926631,106.29403879072815,220.6199438581486
38.859059883630145,463.91030180548177,104.75090041593786,223.4714324977091
60.68933397779193,434.73595735058564,101.53236882917679,228.3925663232729
62.35824887900491,429.1442958567126,99.59924085570744,231.34892626780606
28.551135145348667,480.6066528066484,100.62480712917227,229.82129183570783
29.263917782423505,473.5708847492832,100.92667541730134,229.67453762145874
29.26805954318815,455.1689654420346,100.84703916806085,230.01187309264537
54.730155437877656,419.7585666403572,99.03125726027363,233.05258799336352
57.27106321945831,408.8565011494518,98.65120485018849,233.75363250361667
69.99289163618039,377.4702203893899,98.4074095432336,234.08112184966816
83.6946540984373,363.9696096696617,97.62075740619537,235.12330550836296
65.28912839039418,372.3279554545908,96.69942509425427,236.3875271007362
44.47567158818297,414.3084680212815,96.67071430902824,236.43636677448367
11.880997222588427,493.42474682498323,98.31957384343998,233.87041988485367
10.846013561937724,494.71999056905764,99.84670253168093,230.01004804878912
9.604766130425844,488.6237241118453,100.03539656386363,227.5285086975888
6.594237667100998,490.9710929141305,100.15249278570985,225.60093961489946
8.821729773790956,490.23473622833694,100.71073794244712,222.63713288684679
5.588181645295805,493.09258207146655,100.50763480521135,220.54509485087138
5.269080809487917,483.3901619313805,100.26236403420017,218.98330228802598
7.001049105214776,484.0525914398604,99.78548345966846,217.84548978402742
4.70763869258024,487.9935020674358,99.79057821071878,216.41410941251306
4.113118808688903,487.5518500592878,99.36606636183275,215.0959423384924
4.7414837062755595,489.84375603848935,99.13689310524128,213.39828693907978
4.2188461746115,488.1542627989461,98.1513289637812,212.75474953816132
3.0756471332758792,493.0686208827198,97.8028717760667,211.3638776470422
1.5209625648482756,496.73143464794464,97.49217121840286,210.13960948396317
1.1134765186748439,502.7751185249441,97.38823376103659,209.3102726213826
1.7130201058570833,500.6094490519692,97.27423567415838,208.69809531290744
3.694053966110623,510.8661202444429,97.8271859399489,207.02758930796486
5.37852782745167,500.1173265344635,97.5150991410339,205.7671296240419
8.048858852740373,492.35881900955076,96.69075064331294,205.91196564249532
14.026281892956966,489.2587269086836,96.70799719135876,205.7781888342503
15.384688339357716,494.1864962923163,96.78749043182752,205.09217616714366
9.905719614479452,501.10006083778507,97.23530176769245,203.74209499643314
14.886593319697283,497.1536952273283,97.24721768733491,203.46103433197067
18.358429578583277,488.7326284939639,97.25976531955682,203.1476502205745
17.346470523986106,495.23527371586897,97.05270589350336,203.33740810897865
17.58103574438379,479.88546080557717,96.70055387451528,203.89754570934753
16.087706895540542,496.50894594378497,96.8925598254519,203.65118959919164
16.569123741556417,489.51401723769425,95.99645368225781,205.35784579372165
18.614709635440406,473.5342680090754,95.4233406713453,206.60701328782466
25.003461262897517,473.84519319939636,94.61136685826457,208.04088514381607
25.26787716971073,465.48719059557806,93.6555390221753,209.52016168323973
30.91841573706388,469.728083107638,93.45755026637525,209.82830223437625
21.597794067584154,480.1352600002925,93.09284458494896,210.54094124691883
25.2858363716959,484.3397345604033,92.83141356406678,211.13547303795204
23.88941969663764,494.3115979390557,92.54358299473445,210.9119286994705
27.355754719305573,495.96488082878363,92.613424927548,210.93437340661734
30.7981781838554,500.7830066684168,92.25456848459336,210.91327599370848
39.633124616880515,499.233997537708,91.86400301112126,211.46347607122718
32.03521926842253,499.10640584940927,92.14902135726818,210.98362456480226
38.3047268443848,496.67274438442166,92.38691412618104,211.09054719951993
41.74767049220192,500.7253775408874,92.91646023737664,210.72821082204382
45.1253011559411,500.9375174348911,93.73780709089803,209.38644138617113
48.3809473963485,498.5294280039585,93.8403404081179,209.39123175545208
44.8691569406556,498.22137096059566,94.11876407768241,209.09718166476006
45.75452930954755,504.150315884711,94.5220529817137,209.16376367169292
41.59163503638567,503.12507662627155,95.7008068829569,208.25762674057373
39.294295340065524,514.822558439885,97.34832627002773,206.493703686467
31.532709516775512,526.1099393053494,100.75002746525277,203.0308174895958
30.47329658956817,527.9604836139249,103.85364465811121,199.20148497905973
29.68705411764192,529.6151245183817,106.57408847666616,195.37093498119285
27.159660757617296,539.0579513554865,110.91536146475893,189.45553048300863
27.832851184701866,536.8267489340807,112.16107980034809,187.13967557163937
30.062455469131756,535.9534683694424,111.7049573215762,186.93058434476814
25.13303520416259,546.2695539342927,112.29339303584071,184.68803304233796
26.148021229295978,542.6853272180886,113.63486592614095,181.9687625520168
31.896727139950286,540.3341487291716,116.02326781790606,179.03914960110922
40.73682705947891,535.9083495586059,116.30602726839959,178.75896445682812
37.61856081466682,540.6270518638904,117.01869119723276,177.55167382941343
51.022816139102645,530.0370582791294,117.13322284572439,177.74790397989247
84.73889631345497,511.2159136632042,114.26134234321114,181.0904838916745
76.66988071153081,519.8618394773137,113.55836631439345,181.8587824099401
86.39252286406398,508.83231287703416,111.32069690800876,184.17478598891697
88.9624333167821,513.376942092445,109.24067376639698,186.34287561870315
87.89132360788652,517.5070515087752,108.34100208616567,187.281156465608
85.6097070801627,527.5699898850139,107.9169576338313,187.20364053771584
91.3603748341365,523.9563366184742,108.15375078799312,185.79780269213296
86.65135931369679,526.1529026492268,108.7137991933745,184.02172771566507
85.08953880306929,532.7675179153395,110.54663153695614,180.15451195394766
88.67744072596435,528.5421200626266,112.26730252942288,177.30256088660707
84.2056039220918,544.6285778644062,114.60102273369506,172.93503277999616
87.5095038827171,543.3512374870471,116.95387134912659,169.40968357026728
98.75000757045589,535.7073702802669,117.34695798304841,167.66741157513636
119.49966890446525,532.5501012668398,117.24634365853555,167.3375876291819
130.55338152006135,520.2195978565817,116.3537717140865,167.92439286583567
125.24218159045734,530.8206175636491,116.29770382274523,168.23551606461587
127.81685581278342,526.5802483869048,116.22016180890971,167.75618953010397
130.58978372144378,529.0326902587492,116.62011678641929,167.7382033503495
132.86788121858234,527.5463403889643,116.8756879397557,167.30844704476854
122.70689591545491,548.2242625270599,119.32368279222639,164.82316627565743
129.2470529173541,542.7540780442778,121.14495818204374,163.0556876460068
134.26139967966728,549.0029409213935,122.89251931134807,161.1740755544952
126.78685371395228,552.6849994129042,124.95019373942111,159.48041402725374
121.13939738637539,561.575716907852,128.47303121833588,155.34299148852998
148.58821326791792,549.8197959584674,130.46708494109066,152.8330610026558
153.5545920222114,541.906155882477,130.69115917383667,151.78663433700936
152.9736909992389,549.7977015173406,131.65456786000144,150.27462594539517
157.92332087992915,554.2094800644903,132.18281931383086,149.57407662544873
157.64649801378982,555.8118300203819,133.16111151307996,148.28493564787732
153.76106407752948,565.6602592578059,136.25151034949835,144.0673404786932
160.6185995310923,566.55700208479,138.83541824791473,141.03117403668494
165.95960813769253,565.9181876991875,138.66414703691152,141.28329738434434
202.6891448578897,552.0888412388554,138.55466008333357,142.1182045231481
267.10723639988464,488.65450732344425,137.6256196385038,143.3077570585601
280.3400308543378,486.25982340875413,137.80887830955368,143.15090115213107
277.65259250229735,505.4699892151529,138.19068107335735,142.89753502395266
270.3400017962642,509.33605901739804,138.87634832526746,142.36744992004216
273.61172921389425,513.037508427382,138.43285953920162,142.90637505942482
285.6223688513347,507.2806957189982,138.762787997475,142.6595091050377
264.57851555194367,530.2476803318863,139.0649111001634,142.32311602061893
285.1596421813563,516.9891365526244,137.92216238845734,143.17246561832738
277.7147727577533,527.9871437288156,138.29719271668137,142.86066490425065
274.40794911298855,532.1968260039429,136.76739785228014,143.22238822936228
273.9667401246509,534.9757997357652,135.4359829737308,144.17598833117762
266.4332579265175,538.6942856321276,133.19199613708753,145.86807442266925
285.65687121629423,525.4936076894811,131.32564113956522,147.41197791538403
279.2825807035084,534.4417431977661,130.39698083975853,148.2687891742048
276.3465643921291,537.2621549263445,129.68922763869512,148.28448989841388
272.81133184949977,538.8181303480908,128.56132465144395,149.10875827031452
275.6228580937805,540.7238052241657,127.39332644602463,149.92270224985384
274.32545814841825,539.0086921329909,126.26962476890854,150.33767584202434
275.29820975040553,535.6793878364948,126.02257332236498,150.42354578755538
274.062665141268,541.214661192028,124.58639735433032,150.92924915278297
272.17134706081043,537.5214887614038,124.16413229683106,151.1019371117181
271.8259364739222,539.3283930744881,123.74400395431121,151.03351289259305
270.44910304935934,536.7901210303766,122.55594316519232,151.6084676825678
270.8765560532194,538.6429407133053,122.43874763339373,151.6686531114797
274.2619020258945,534.1830795584006,121.53921381105991,152.06424078536375
277.9499008824674,530.605004742636,120.48999784763953,152.53847179582982
309.7259527282062,500.533443594784,118.58922319668925,153.90312500584034
318.7610042082329,492.8702175995172,119.07747747540529,153.47978108267765
334.7090647402076,475.37879790445385,119.09376333284267,153.4631392716325
336.97245157512367,469.8054650872165,118.38830471313561,154.22118929789187
312.8797282932261,503.82627435512234,119.63253194709681,153.58119734899427
325.3499094584925,486.0886144344005,118.45123142991852,154.5916124052817
353.28170123328334,456.4580708844883,119.7537970197411,153.42121528269396
340.10093909966207,464.8164191357148,118.68229020483037,154.79033420992846
357.41327172288516,455.20588130082893,121.81383910022991,151.56064999200487
364.43113506992125,443.56184513972,123.33994388046183,149.95587525306553
360.5495060141692,458.580010651544,123.90608418648507,149.40749932280133
338.7304018126619,465.20065828418734,123.28542341835703,150.1399913652539
325.1406298182078,494.80954791051244,125.24003950504354,148.5772261506896
278.54583586257417,529.9226598397745,125.24350833672102,148.57675607634522
280.96890991806134,529.9837359540214,125.18427791220904,148.75704380570843
283.5849975178798,538.5242445319517,126.25771718400765,147.85392887152753
279.8323202056487,542.8068316207109,127.62124470199394,146.37910722925696
283.1800934542849,538.0211398113324,128.144898338999,144.93387688774794
306.6226972256578,528.5567288875626,128.9105124820442,143.89753073601997
304.0369695034632,533.9259125586917,128.91261301081454,143.88951007344912
309.6042395649262,536.8290505203587,129.372957760325,143.1831348726188
313.97172890215387,542.2303854129491,129.90348678392877,142.26121002152013
317.2646387160355,543.2519687196112,130.28881660074563,141.34919544200167
325.5274192791754,541.3127790722533,131.2546285365996,139.36037102425405
338.0546782395028,543.0985797750293,132.388554753518,137.57695128126176
344.2589976354524,548.6966594449408,132.45937190949485,137.11158970907786
365.4372397705366,532.5644735872647,132.28213263444349,136.40932858141235
364.67496233683335,545.7954228267984,132.97670426744457,134.20653006267221
372.89783764511435,545.1986622571417,133.07158971350464,132.75768622319538
379.77198167750333,543.7140541015395,132.884090757003,130.97476296607078
401.0261105647751,545.2476666569328,132.16351837674662,129.81229690469982
411.07243425366823,548.3951089674266,131.62362063274935,129.16359863548846
433.8223788857913,539.8546526448052,132.30841993661858,127.55944315023797
436.85386721838836,542.7144785705095,132.68358080270488,126.75647640319943
442.71613235365913,549.516539145535,132.91386258202905,126.2656489009146
449.71459896086907,546.0674845537937,132.5847302709295,126.35723476133805
452.92235333625507,546.51127239299,131.7703200576026,126.95169901138189
458.7793011222194,542.4163073244765,129.7758411040211,127.62878506271548
470.800996246133,530.4069066937977,130.2558864488452,127.43747279868242
461.3215151263922,541.5156428088324,128.70378797360513,128.2208569681493
463.8142605874093,538.6308995702262,127.39413385309989,128.70927368980725
455.9339816008354,548.2974519390423,127.44707597389177,128.71065114516853
453.7058174198147,548.9359980990258,126.81998453612852,128.94795656556533
456.87080255780114,546.3251747537494,126.90492600713434,128.9182514227749
469.84002016816015,541.9166642089165,126.46509460721713,128.42743693352224
463.80102072793153,546.3128343839502,126.08801440900008,128.57696536549813
466.470927832299,542.2486309239468,125.79050662345226,128.58593029942074
468.9063760183293,542.0068933809932,125.09232591530167,128.7656825567015
464.14351750761637,545.5535683239576,124.9299526123257,128.54599800356695
455.31002588867534,555.1948023543732,124.07154331785905,128.88007085154914
463.2737046931929,547.672610540474,123.20487372762284,128.96261003507263
462.5485685269568,543.6811271592534,122.99287479887982,128.93667043307292
463.2724242256471,542.7630054071661,121.63493825598042,129.26639557329491
461.67903474577633,549.1995826534352,120.23900790328304,128.96147266339833
460.3715330718505,548.2375667275039,119.20647854964236,128.9971379352514
463.0608713881549,548.4883494170188,118.33842680259261,128.64231329079902
464.3278891799789,546.9038018816118,117.60073740653613,128.8385151235452
462.7642921823773,550.6889573304089,116.95703234435103,129.07605458682127
463.60478213600135,549.7067897028678,116.25029572037477,128.5870214165344
456.157906329709,559.1447382174892,115.69388635273485,128.8114242224966
463.36321795469433,554.4502623098181,115.21358288883593,129.1016678850679
460.0558743285044,556.1738095122892,115.05007523688843,129.1315019526446
461.4430837369255,556.0830526710135,114.23099215632101,129.00168531674498
457.1971239959322,559.4322442197505,113.72886924176217,128.8741792944663
461.0407132142037,558.472911380173,113.75707195069639,128.77908393007294
458.39581644596524,558.6891484216399,112.8586898089202,129.16002579171538
463.5355137405368,550.8808131961265,112.91548448979658,129.15057472174593
459.4709692513855,560.7838206812012,112.93161932838974,128.7587462292577
457.4111362850484,560.4126064589102,112.4731731356671,128.9696392271957
463.3632776973761,556.5478658868949,112.34149525333365,129.22517523038775
461.30168028808725,560.0117078303954,112.05301938709684,129.21457031524972
456.93086609593615,563.2278078326163,112.08100088266613,128.73678658583214
461.51212869800895,562.8184213468146,111.95223288829838,128.97017477130646
454.85300062392776,563.7459467003429,111.48260527791575,128.9675164993239
462.33493427500304,564.5180169495045,111.03887862365342,129.2713666330577
462.8475407138866,561.2654267833875,110.71484727683884,129.4011025530604
465.5238064232272,564.9617421594148,109.7932493336519,129.62924559327254
468.0508493208873,560.7993215128408,109.28127970349284,129.9916978941109
469.420943054739,562.3337428233932,109.31636746619722,130.039509907482
480.1578157674149,553.552375744778,108.93805813703686,130.4679133152005
478.6823598299663,554.569146826622,107.25930272982954,131.51155606705504
474.92526098090036,559.0998321367058,107.20444153285025,131.4618507911258
468.21654438887106,568.2370912374327,107.11191835704557,131.4472603393059
472.8385747546502,566.0375372705806,107.21036403417877,131.3225459654234
472.1422409682689,562.3011292549129,106.45166251209271,132.26083564864496
469.6157993409067,569.6155663075866,106.89355047415356,131.88753100130526
481.01577604041915,559.460666224393,106.7295147387028,131.9419429078048
478.0185170973549,563.3270886953333,106.72749398576273,131.92463122245488
456.9963392115768,577.1360736664606,107.37782586205532,131.23118177275398
462.66026964172136,570.7716389221258,107.46478185815049,131.2634436717019
464.5337019115619,573.3972200264444,107.28756773007524,131.2062893365999
465.42675798129335,572.3493619493195,107.38431064832864,130.95014759023036
463.21496127645014,573.6663593363782,107.46762114099232,130.85927320032928
463.4623770581802,575.4055996628813,108.66409855275198,129.8261157761591
465.1316836291382,573.1553504312395,108.65951246276168,129.47712216638337
466.27921272281674,572.3528974763308,108.57004857662834,129.62387625887905
464.36130843023716,574.992589993758,108.41382892539835,129.57210896465585
460.60351286391426,578.6887389020651,108.41306978872649,129.59273686825634
461.52295754382794,583.0801734126483,109.14431936017353,128.3103208423903
458.82217566554914,583.1516264856928,109.17705720425562,127.86625576146974
452.6993850235725,587.6753613892666,109.63065011540607,127.03732233127522
453.30705613010696,588.8075853402545,111.43731894397841,125.68131633050648
451.7314634529181,591.2276758548829,112.95118842902482,124.64432767834003
448.4967959368486,591.3147626788884,114.84199839478798,123.31103633165965
451.71215201538297,591.2322610688339,115.48853147316241,123.30362217930356
444.71630893773414,594.5965088935602,117.39318531034483,121.99197185150624
449.43273517864225,589.255533076592,117.6030854759285,121.926136963531
449.76702106456867,595.1496089446606,118.33407952000134,121.6935920694347
451.5512086122758,593.7339687153996,118.14884570380767,122.1485147341489
456.2406740094714,589.8338470224336,117.82525376897459,122.40106343700592
453.6265352453422,593.8863260137587,118.50892318108293,122.05254704752576
458.5203137077657,590.3772647397027,117.9777387080182,122.60396284286081
458.1794622419786,587.7951689718282,117.95406960408896,122.69608187265881
460.83509481982765,583.7635021950977,117.83276683547591,122.9145043276396
459.3891867311037,584.8510636159082,117.25157819496123,123.32001321895928
469.74859373356134,582.0935320482055,116.87999319395215,123.68047430358345
453.72454424970795,594.1118925099925,117.42281643534062,123.19101557178197
455.4883808742237,591.7055019400218,117.51943126843187,123.03641714171579
454.61354236045565,590.0473761924336,117.07781601004882,123.2923158346157
455.118289127564,589.9640501453595,117.47187774984172,123.09369463193092
451.4860628923121,593.8747384701953,118.36764402115739,122.47519073540253
452.5392085332977,592.5020917325359,118.53461762413482,122.0709740655341
445.66820690144556,594.3745768033097,119.48998453530007,121.7319139390926
448.47426837049306,593.693321132029,120.08709249701583,121.38843937791388
455.9897159076404,585.2747710399826,120.13590456841214,121.34299790551276
439.35210137962315,594.3912897360375,120.45979390276699,120.67361064462845
449.39542144003576,584.4028103930999,120.5531044960531,120.92733515386799
441.9884335568568,592.9980751913758,121.14457564662719,121.02056562811693
445.62837362388876,584.8613074004634,121.49111457994617,120.90279719382859
444.4914718939506,587.9663725259252,120.93875665523996,120.9575661967501
450.1177841394324,582.8448388256464,120.92486736325102,120.81590135090867
443.3150658333719,581.1317944120185,120.75009443405118,121.24600562387374
451.14275299382496,572.531873144584,119.95566867576717,121.85515563860116
442.6500674839775,575.9322618314532,119.86351551028129,122.00256609292691
450.3485946897268,574.209807578879,118.40476218520855,123.30382382788784
457.5478805268332,566.43240804588,117.973048421152,123.65001617391505
448.61815003368696,572.3784639194604,118.26577509347968,123.38562525957909
453.61538152403597,566.5045786781725,117.45705353734218,124.07193906185694
446.242568554026,571.796757213486,116.16407664838272,125.66477086452103
452.9848052546205,562.9389332554049,115.41256776287973,126.16237640702587
424.13515721990257,574.8648509176701,115.57646344169056,126.18463890659216
426.20558936822727,569.6778545870509,115.5294344988925,127.24753919112155
428.0777333901687,572.0362255907465,115.3493704597551,128.2817522885583
417.8126401312368,580.1815969070352,116.40394052254072,128.21811193564398
430.89925209127654,562.7300669993572,115.74433316435089,129.41184405324606
420.655751629183,571.9238881642957,115.1041978580692,130.7090943777879
420.62070761847724,570.5909327979457,115.52828910027738,131.02829061387536
425.4897543957963,565.8476653279299,114.87457378813193,132.21792194367754
413.67848552837336,573.9128241688838,115.82020493728436,132.3854844344991
431.43822005103897,562.5249365331813,113.86611217369145,134.23288064706645
