459.5,274.5,14,13
458.36442253465776,274.10922436679357,14.569306244943,12.866757722895265
458.01509794185836,274.5784203450662,14.648178883586723,12.805150865856426
456.8775035591075,275.5947541251773,14.828322559366795,12.07051570862647
457.31989613200915,275.45329941749515,14.846487163986975,11.5302817609918
455.46164487194574,275.9588057163945,14.403454276093747,11.322101349415096
455.08557555007735,275.23400677455066,14.28794109964775,11.168642563867627
455.59792082260105,275.26879066879945,13.411091814437395,11.42438104191622
454.6783073698672,275.3744580762039,12.790560438197367,11.770389888892483
453.7856560801521,275.2813996060721,12.587024821826844,11.866396326018918
454.4917693358909,275.06509821862187,12.339375079224336,11.853369712825472
454.22605155185516,275.4951577698811,12.059003014849544,11.878872217610652
454.1385696105902,275.357496102982,11.610947321306746,12.004486207498594
453.03037547983536,275.6641409213823,11.536625372016221,11.888040713373421
452.69528579219536,275.084893695332,11.500858242226542,11.544866712257463
453.8398880506191,275.96212307159016,11.130663530104654,11.694139544290072
452.92812399965317,275.78220443075634,11.0710718104881,11.616715959792618
452.1094281397844,275.77529112779825,11.214176039380844,11.432679851179781
450.6833013290401,276.53294774708246,11.201077983928618,11.37643407648618
449.91366890967925,276.4444406294228,11.023261752703949,11.481321014284838
449.9948980762446,276.07301147444724,10.88402372769826,11.56267279061318
449.06029605387374,275.37549926057335,10.843920650209448,11.458563154640304
447.9868170139238,275.59584926978914,10.754761367133248,11.338667136109477
446.6293062349645,275.65065202319363,10.55680451433116,11.395051028256848
447.15135772900254,275.39193356368594,10.325966313452136,11.541712098645178
447.0309229348297,275.7066984895768,10.096243224204668,11.657647883116736
446.0263754760829,275.8521657805292,10.052452370900461,11.661084995538364
444.54387992434107,275.5768049138229,10.130389269443354,11.766982480398603
443.98629104083085,276.5570660496789,10.333753479315764,11.505164928230146
443.46477899363424,276.64129728258604,10.182998701219024,11.583590265493545
442.1625488959253,276.7064041233761,10,11.888123385766551
441.90920660107383,275.43768065502,10.041818517763382,11.838110758269732
441.2183580634094,276.73563197079045,10.190048133413548,11.689256313984774
440.9827709740533,275.39726278590916,10.144065413150418,11.755216590409274
440.204626231995,276.6625720896779,10.21622451472917,11.562037519920173
440.1598442976432,276.4014364299729,10.21614976281788,11.559271669873727
439.6080685560509,276.09503858874115,10.068118861892957,11.624802835983619
439.164542671293,276.2872190128883,10,11.64122910278641
439.7174067368892,276.073453624453,10.047074097735255,11.46006735283961
438.5796835385263,276.08442020280523,10,11.474922544243721
438.07588546216033,275.724039717816,10.006112354704916,11.374611472233653
437.8758520829652,276.01040182011695,10.07985596150671,11.314319425625197
438.95998718088634,276.4428419206061,10.102904516045896,11.23618972008073
438.05205483052765,276.29866330546446,10.075114107357763,11.27097314527019
438.6005877496993,277.09532772633963,10.094964806299362,11.107764056403752
439.65895414564096,276.72728752822,10.006994831798801,11.042914012217077
440.1133351288736,276.79500492517684,10,10.981565653442669
440.8524383865297,276.86037150713156,10,11.087335837287647
442.4919898773963,276.4825795760091,10.11303955252279,10.855487219674231
442.7184840403497,276.9961969189501,10,10.895857790826568
443.9796460829675,277.2451673092677,10,11.060316540602066
446.81940376386046,277.22384424398655,10,11.062533641550704
449.1435719691217,276.97341445300844,10,11.066446739656339
449.62973188886514,277.02586043798084,10.055109979620159,11.015465781377689
452.65959114690025,276.78131227609924,10.228952979358088,10.981287504635056
457.5043723116498,276.5095153631999,10.160198297564081,10.911400166455088
460.3737415775242,277.6871394606188,10.069044680976432,10.796150789061137
462.6735143024265,277.1849776152016,10.175178647828302,10.793137744170162
468.03610010323484,276.9055243756233,10.16519888733702,10.791720210093523
473.5768386201991,276.8935535405207,10.00295136085477,10.827378202340777
475.8789520226419,277.4454643607567,10,10.910992069643129
481.1308093033731,276.43160766683445,10,10.973213924208224
485.1755804978311,275.60772304460494,10,11.309308335369582
488.61091446503997,275.8775320077992,10,11.494373872554544
493.06259560212493,276.2615717204689,10,11.478831995757108
498.14687656983733,276.29076683479286,10,11.474167803210772
502.16862749680877,274.8074784737732,10,11.488332396801589
506.24214577302337,274.73234410418536,10,11.59294932014565
512.086573872204,274.8190571120397,10.080713198611363,11.397091811631523
516.7008881255771,275.1433595728302,10.168524320466215,11.242607398482857
523.7722413742423,276.1742690514481,10.212758969986515,11.171281858033268
526.5471784237988,275.68189347903734,10.080653826104312,11.306456171990815
529.4290385620009,275.97475733213275,10.180455602464821,11.261314460520465
537.0182151321234,275.32456007253677,10.000625220703759,11.542556338416059
540.5978733301482,274.77206874300515,10.05423664295239,11.57765183622438
543.8512962582284,274.92321852207607,10.148369638110303,11.558372595636976
549.3535476069226,274.7083077297771,10.076854153856932,11.684156698688543
552.3708741821761,273.9361990463346,10.035163840569187,11.856769146140008
553.405443094902,274.1281833656221,10.097108311488624,11.966364606638464
555.4957280215285,273.2508132548159,10.338396292097977,12.01478668822082
557.2363064951688,274.41314295618986,10.252577403288937,12.022837074749125
556.1136380465185,273.5799207056062,10.400510535864928,12.197944991825247
556.8772621419945,273.3665662984267,10.491086422519121,12.422312741373473
556.0606051966487,274.460649740636,10.842889244866758,12.19804177389366
554.8787333832792,273.21729732375735,10.909608621575202,12.462561949600355
554.965514976351,273.92852237194484,11.073811546328601,12.550467921836571
554.7819298284137,273.80289833602126,11.185133374853244,12.446281784575357
555.9411213017248,273.7147617743054,11.064599940331231,12.597941890790832
555.6887470901586,273.4856426603395,11.17306881982541,12.541141747636443
554.7175625542478,274.2271836126771,11.18295934455073,12.689400346653876
554.2231301235009,273.3526122905983,11.051957596471055,13.074868707783814
554.214687275851,274.4279945750498,11.07363764119916,13.007354899912965
554.4268426298124,273.87039771985894,11.214770985495868,12.852746278370248
554.8903703576389,272.6193949464854,11.26810047571232,12.879364251875181
554.0470563231337,272.8856255941092,11.31914430953145,12.906034757755943
553.6084042916652,273.66808372045097,11.307221935853303,13.03373306043124
554.3846155172996,273.60411387954633,11.32512998518727,12.922627017967798
554.1827754965492,273.988644707171,11.38302285913886,12.818814412381997
554.669034426792,273.4222083669389,11.522526444881343,12.655387516086913
554.9268771213486,273.27369501369895,11.69768577040968,12.42988760074816
553.7662040526451,274.4540950190088,11.777070190211205,12.226292218119235
552.3486348163578,273.4646786112992,11.875702439106957,12.082642018478039
552.1830678328104,273.4352905305534,11.805378947467505,11.957715949516091
554.5064799844139,273.374089923673,11.694171518955182,11.964987580693045
553.7990140024322,273.76275282874457,11.793906849579756,11.8818134700929
554.1240489753603,274.8226818719035,11.902311849745555,11.686176899430453
552.4643638534936,273.33935216382434,11.897834561206507,11.637504093604012
550.773141593469,273.8674760226489,11.960757654101442,11.501619980977344
549.9983295857793,274.2807939678488,12.235013694245788,10.965813033830008
550.258612066753,275.18808872903395,11.8829052122052,11.07718977427717
550.2603590907771,273.77108396863366,11.496005836360052,11.257735454593094
550.8990474190269,274.72583064944814,11.335642395879134,11.25565593325802
550.2763900066523,274.87825914401486,10.791608260705672,11.622191861757656
548.0905725262141,273.83035602633345,10.896677421868787,11.558020899473327
548.5364719106492,273.3078069557099,10.704755736300383,11.81018855690246
548.5215255495435,274.09908436962974,10.838363304586117,11.760423555455912
548.4852413358553,274.17247834752845,10.992775711619263,11.557556722358441
548.7668454391772,273.8468784795239,10.836701233241126,11.696388971413754
548.5735841766909,273.64154150436,10.66130633401195,11.838420734622964
548.5318057837043,272.97734210415825,10.653500196601467,11.817008696327157
548.466644175275,273.48239002276836,10.647734133212563,11.857501109267167
547.951304945376,273.8807266417657,10.757309651974085,11.736889441916926
547.6647615053331,273.5647731952591,10.719929694176873,11.745902405448627
547.7381248777039,274.8283890862685,10.797658976585584,11.561326282151759
547.667499309879,273.7004392864957,10.728393286916937,11.499647327543931
546.5653917401739,274.4590897110975,10.725445092434246,11.265669885513509
547.2774387513955,274.14857452375645,10.523861169402126,11.244870054278211
545.1278731199162,274.5151516434918,10.328944313769489,11.377989575603122
545.3894794999989,274.71880730215116,10.332803744842508,11.353842932328044
545.77906640319,274.9729868330886,10.37017697463135,11.223095507568534
545.3287386437006,274.5702093360432,10.327324643439816,11.218607822349561
545.8907266852199,274.9142356643988,10.357045335837682,11.201439655651539
544.8654550857325,274.25067578217323,10.203725629310227,11.345557544225265
548.1757109018267,274.63098683559656,10.420054149862196,11.120392452416079
551.8678229331392,274.69262841147207,10.288449353747193,11.21409154611036
544.3324126769525,275.39455093623314,10.219495543611025,11.132667570501752
545.4253164528769,275.5956141017347,10.304828567170903,11.022750656126519
544.7873776829506,275.1713046671236,10.382042872313033,10.825701638614749
546.3214155635374,276.2027484386689,10.556872727899744,10.676845243481019
544.0606850146801,275.9649306825323,10.40220972969749,10.69890022725646
543.7593506267483,275.6374846035985,10.339267953726875,10.712545470260412
545.0899946797871,276.4544342244239,10.355294844368649,10.624632523356132
544.6948192348858,276.0265943007043,10.464094814161662,10.543628358382298
542.9697809626757,276.07677326552914,10.397076746460183,10.60618631418108
542.5393421456151,276.8722327118301,10.283895633289905,10.532241632318252
542.1786941914946,276.21164258604637,10.08242020688263,10.548538523023018
542.0884556887756,276.27393519170505,10.019419465476298,10.54069685395963
541.1294147062581,276.12106924827157,10,10.584118504134201
541.5697300720494,276.2229379484973,10,10.638194914984865
540.7034590530675,275.37120987506984,10,10.594398120708226
540.2924335885327,275.91750508518896,10,10.635023247077928
540.7835480261128,276.43015238469815,10,10.718712641589823
540.1288605618756,275.81451088403,10,10.691591030384926
539.6742134976666,276.5980334720514,10,10.670005005610141
539.2542719829362,276.09317449021586,10,10.698766176449741
539.8249480712693,276.8424880760942,10,10.725167233452906
539.6615527707618,276.5853393529066,10,10.895993748774925
539.4551996428054,276.2542208777881,10,10.857557059237553
539.5962443191092,276.02365702103003,10,10.825336084866514
539.5500571753364,277.06812474525185,10,10.736463817346348
538.2792220667727,276.91680335249623,10.043700112909923,10.630724216888495
539.0607115651947,276.81236638829824,10,10.593306627073058
538.8218437905889,276.77984852451186,10,10.621872593363603
538.3712311859708,276.69655735356446,10,10.648246839946289
539.2526385660749,276.6032736696398,10,10.68136520886749
538.8708747203927,276.3507796448112,10,10.770853899155412
538.0787497337442,276.0588423197543,10,10.989368378666459
538.2708331639403,276.4356273242281,10.118064797112737,10.756782363725904
538.4964846961147,277.21495222868225,10.2534543640085,10.371909419823176
537.5560462384011,277.97280468179537,10.342079930940468,10.107032183694251
538.2614029232326,277.258335668128,10.446622966154207,10
538.3557176781266,277.3309754016809,10.418112393858548,10
537.8364651452769,277.44748465297744,10.454544648431265,10
537.5721533018062,277.27827672241256,10.45986357491635,10
537.7418395815429,277.1164773588885,10.29527719570088,10.025825455249034
538.1944426778413,276.86926826415583,10.233796744013691,10
537.6755095007562,277.53258665977046,10.24293103679774,10
538.1227273966651,277.8451259770374,10,10.263576610770233
538.6110977854114,278.0281487170752,10,10.234442034148366
538.3985427345615,277.2010885380132,10,10.306641768493156
538.2049376692157,277.54526267867067,10,10.246965312110266
538.3494750882965,278.0117578744268,10,10.120583061066677
538.8830114628654,277.6144384806379,10,10.174519219555165
538.8575658805203,277.81386948295795,10,10.208161958252596
539.057494745357,278.2364094418603,10,10.129569281239235
538.5456717468332,278.0789989933072,10,10.081102669857707
538.2436540878844,277.79953088268394,10,10.188534153965485
538.7134316123556,278.19840487887683,10,10.102709105171849
538.69244622509,277.70861664064563,10,10.216190396354369
539.3081295422744,277.703674734389,10,10.305266020250414
539.1014487824868,277.8629927235686,10,10.367082913213808
538.9729597053956,277.1899209935073,10,10.593864376685664
539.7244759283494,278.19342100394675,10,10.76792228579955
538.9203549108934,276.88874035230674,10,11.137621180250843
539.4957750356605,277.38535454100634,10.104409489159133,11.089315250056183
540.0200580440743,277.8988785560507,10.099825501292655,10.93969199652161
539.4943657002877,277.22951253399617,10,11.074929491833073
539.5930002211768,277.7969099529366,10.036908860562743,10.981875905897658
540.237823710544,277.3613976183986,10,11.153858850768666
540.3531849242281,277.53926631275937,10,11.287084529578651
540.0666046596598,277.1629596047535,10,11.268426955218736
539.4085461818324,277.6992008171414,10.059355643169976,11.168906313852037
539.9167645706082,277.37807769902923,10.06228381865949,11.093070896958258
540.9196234141914,277.6903322408707,10.253772628685494,11.030868276993736
540.6594000253987,277.06582761847204,10.298940760517086,11.032414653100538
541.1108124531672,277.5726820432048,10.375817722015544,10.941216367962337
541.1428295736213,277.0800417901523,10.169370311961934,11.260735343667985
541.4917909524125,278.0681715467851,10.166796055584975,11.234456089344036
541.645381024293,277.74324329774186,10.26537792859719,11.116071062734193
541.411522050794,277.75118981363414,10.274246892545708,10.98694392077295
542.69464107847,277.6410303190402,10.146678757161537,11.005617863488279
543.2330623621428,277.16388857375443,10.009937694141678,11.031249603972137
542.9771232909989,278.925850821498,10,10.957271988825548
543.7843626121115,278.93345121017774,10.037680333375903,10.707901087531411
542.5721309224738,279.0400850770522,10.114371114384706,10.531356978697296
544.0768515176605,279.01027963457926,10,10.550332993114065
544.4701583793137,278.9163695791021,10.13278327319184,10.267909769298166
545.1533058445731,278.7891947643772,10.123477726370552,10.162136837293092
545.8936509606657,279.44718554010615,10.294587411406443,10
545.4543814004576,279.1582643627189,10.392609609348757,10
548.3146942871854,278.87483375174014,10.331558821397284,10.047197888064662
550.0779392653762,279.5067544741999,10.118665590479445,10.15948010990853
549.0569594133591,279.5503776967744,10.097750023670269,10.111871062734258
552.174223218036,279.2144570861279,10.016854578317771,10.16149373477575
553.2875433364942,279.3046739715767,10.02676538777288,10.063996548827564
552.413314272141,279.7485837931745,10.28202547933187,10
554.5672797949417,279.8410825487161,10.346653027480475,10.037081825559994
555.5229322852446,279.9879939191172,10.263074411010457,10.164819551047353
557.8549218105061,278.63971594579743,10.242527500837795,10.182141469824247
560.225043727837,279.49972193889437,10.155109021705593,10.226020942141766
560.1410466290545,279.35347064209606,10,10.432359612593991
561.325987631988,279.49013174977387,10.016642671409462,10.39057687017595
561.5053605231502,279.68935385201496,10.243887675637492,10.251569749891804
564.8447287167693,279.00529267854995,10.347454621681987,10.333019027821557
565.7560430868868,279.1491567741448,10.245141457046365,10.41490803056928
565.9298047874233,279.3616731718335,10.103378862772301,10.52015862666752
568.5426908960173,278.90938071853856,10.175984636307087,10.355311989907104
569.4884847707581,278.67427280685985,10,10.516683097907729
570.6331752843689,279.42885516942226,10,10.518603883036846
572.4059571689191,279.60490236003056,10.116146254779471,10.34342596698344
573.0797265870489,279.5274545896551,10.132525842172813,10.407402057808923
574.7350456423592,279.1752230941903,10,10.565633004041688
576.1755488819908,279.2417656393765,10,10.57484261858342
576.1636200051289,279.4291364349834,10,10.705563793063341
577.4901374678593,278.5944423373403,10,10.895109206328975
577.4849621114955,278.62815524657367,10.256345057081212,10.670197604762
577.2956717364788,278.5517056391069,10.436990643139985,10.686003096875318
580.7120176226583,279.2392248282643,10.475990574577233,10.483176365594222
579.5315262567227,279.0459003944049,10.512230035574374,10.615984906050096
581.1916176818935,278.5679229961758,10.477033681204642,10.575407321927448
579.8003382010617,278.7753914304408,10.395987620437815,10.710176614419609
578.3536003233626,278.2302761445394,10.625910376339483,10.572645440769541
579.4311352808862,279.3659419183885,10.92481327775959,10.187311903706664
578.6753938284335,279.18365828646347,10.93427641967223,10
578.2839280982296,279.1761588547379,10.943789990008028,10
577.3780315979222,279.6967724058777,10.926216187453509,10
578.3112926279597,279.0567150209099,10.826017097769048,10
578.0035118539387,279.5517268870026,10.69338359366411,10
578.439316445991,278.52903516586866,10.599700139310816,10.015025366172248
577.067385034936,278.4557587092562,10.384395957789305,10.13435999903709
576.6867745305386,279.34632323216647,10.470329839089372,10
577.5535332400757,278.8662015302107,10.589041657571746,10
577.5166596880024,278.4713868899271,10.53682474599604,10
578.2321511528426,279.23357192706317,10.590448559174558,10
577.2775744429482,279.4262491716072,10.588534373944565,10
578.2011897624235,279.56360329221934,10.643028669572093,10
578.9415642194242,278.89915526937693,10.86335352132528,10
577.3570436605893,278.47832688664766,10.573064557055384,10.064128300664326
576.736768476014,278.8391160471365,10.674868068562688,10
576.8093264621103,279.18169681262225,10.50951044468614,10
576.4459406153024,279.3825036768756,10.17385485596852,10.021164192454599
576.7922376848292,279.6005475623533,10,10
575.8515539027285,279.4334189100191,10,10
577.0718178607058,280.19267861079425,10,10
576.8213763094973,279.99734514486045,10,10
576.0391731873007,279.55611609946936,10.070446221466812,10
575.2653732157778,279.26567297708243,10,10
576.2088839269709,280.1662165476009,10,10
575.200745506146,280.30631877016276,10.045811419973152,10
574.9729513525394,280.5500691714575,10.031811328252752,10.003207310127175
575.5254145718645,280.26485490765657,10,10.162023267443315
574.7301092601847,280.06865425141274,10,10.20433455307545
575.5237191177439,279.9409897725157,10,10.274528354953308
574.981233940227,280.031959375093,10,10.286047244991611
575.3890669501852,280.30155422442374,10,10.336875520706874
575.2216513014864,280.29907339225133,10,10.404284677084885
575.2666726380121,280.65896628912367,10,10.420213676545464
575.0885036706459,281.2321454413832,10,10.47544960553936
574.8852031051647,280.35390791573496,10,10.531092409101648
575.9945162355434,281.01265821910596,10,10.538330781699294
575.8669599860441,280.64938683867604,10,10.658964373838892
575.4650705724489,280.69505179605477,10,10.788359146061639
577.0414652496111,280.6453658154772,10,10.81051206801507
576.7358640104067,281.0886879001511,10,10.997163253510394
577.3839902229653,280.17988620890833,10.039285604553461,10.914061060053015
580.0120601455557,280.28928034066075,10.13828930643075,10.756572854465974
579.0078031478682,280.100814481941,10.05876819514664,10.740791591396722
580.2221288572318,281.0685666658706,10.088780001593426,10.711613159854938
580.561163214912,280.74739541797175,10.028512714074349,10.726504712659501
581.0679903324714,280.67952168008753,10.048226947240135,10.647722942335996
584.7146650224458,281.30726500947526,10,10.711908033629278
586.2863599732935,280.5642730283825,10.06288317722309,10.65812544575068
588.798848276987,281.3655253657807,10.074269694683684,10.621930938266944
590.353518930031,280.8048335253241,10,10.820449705239648
593.7618534236681,281.31142280538654,10,10.842861912975211
597.4700219302904,281.2514247770773,10,11.020099215697837
603.5865059926308,281.8636484072077,10.021496024794315,10.994501275848815
607.4943687587511,282.76497906140634,10,10.98649695941014
612.6802208095323,282.5141739480668,10,10.969156306515448
624.7040306213761,281.5783649523119,10.142670827362217,10.919037700010286
625.3727807690291,281.1383676448362,10.066447611638596,10.950165256207855
633.0181263714458,282.07956225818754,10.115254926702704,10.88768810550158
639.2757779627573,281.4666837577159,10,10.907019797263638
646.4055205185833,281.5942696622822,10.007430209698093,10.777511924269122
652.286778595997,282.94363782651163,10,10.761852454330775
656.0979784994852,283.09275627603137,10,10.797080535416715
658.7225572138559,282.89354024662003,10,10.853411109702261
659.4679357677232,282.26387168570034,10,11.1351441999789
661.7693746709596,282.1574870248405,10.169050980758811,10.92446752207615
662.3072781430477,282.60887807675516,10.143141945746914,10.915692147372814
662.7656580589363,282.2218128213593,10.110504545247935,10.946239813430296
663.7240036114395,282.56097976932057,10.222547408976425,10.744890418392895
663.0927325230009,282.2595656840541,10.189897463394116,10.723019711591135
663.002684581148,280.76646948348514,10.084917324951828,10.99834542304707
662.5978654592764,280.3852336303293,10,11.451596576914278
662.8945382398541,280.65610328767565,10.126664957872144,11.91471396788723
663.1319205112659,281.3636385598688,10.372086827383013,12.155888774338674
662.7616003201982,281.8635424231287,10.695407762716329,12.449474302098949
661.413918128475,280.7683837194001,11.142991346297002,12.671546084060246
662.5001604455039,280.93893389418054,11.13625125531474,13.072802332876584
662.1768433837204,281.6247799379223,11.241277820154515,13.229586245225166
661.9254475548278,281.40780616587904,11.172681054496978,13.426950854455246
662.6147363822267,280.3549055825123,11.279000297968743,13.659835680360814
662.4905205290639,280.51163859641673,11.34377993114938,13.710158763927751
663.2389696079432,281.37625999577847,11.676834251799681,13.683577479486548
663.4092731245578,281.30189370740493,12.154114465179257,13.542536830449297
663.2342544916766,280.8566374660054,12.658833920167819,13.697972647370062
663.132463061708,281.5177793914255,12.710618710627877,13.503786807546655
663.7814810165978,281.93474460805993,12.764157221777229,13.340295677199116
662.938695632596,281.5081666121284,12.664051152813197,13.354800906027474
662.7073119739995,281.94727432050485,12.556493095403013,13.187809031964782
660.7949455355738,282.06078729871524,12.94518199451708,13.384154688569696
657.7296317829075,281.55124513764457,13.302657148470272,13.3220330466225
653.0879234640304,281.28007213666825,13.291659265960723,13.071122646559482
649.2462899950547,282.59347089710946,13.608141631310854,13.090461409551589
644.6177184524641,281.9121164078313,13.310346400146695,13.108498661881065
642.1859684824913,282.1702347324482,13.199062919529851,13.131304008649499
641.4138816584086,282.5428602179306,13.388619091231615,13.260508847277897
640.1046155539215,281.7725670885205,13.677537853016716,13.342908479663846
639.9002621782789,282.81029456228475,13.668281486940634,13.21732686034419
639.7979616873098,282.7672181679323,13.767286589622282,13.097420327287953
639.7136852211707,282.76514858389714,13.66990749837506,13.179362145988724
639.8138476865705,282.92861679499526,13.740284989240651,13.11921551776068
640.2356165371424,283.02253413143853,13.814933297027245,13.382159359021017
640.7013287745208,282.7098534526797,13.92425408060182,13.274990241875866
640.272050647488,283.33427473657395,14.1022703690377,13.115446518424804
640.8590927116197,283.1130999452704,14.073761525732086,12.898405889926615
640.6700259350804,283.0016757265224,14.05947368422433,12.692647549039275
641.0253539769026,283.281856617373,14.087660922380136,13.064037555000645
640.9792172954016,283.163118718652,14.039770744541926,13.243927900690691
641.5236820308523,283.5199449373411,13.558204855297777,13.29456800147851
641.6746217236284,284.1561899174674,13.340986320210959,13.127715472370756
641.2497182825127,285.08516545179714,13.209564135593558,12.529822329889123
641.1560311092306,285.1259727184511,13.023564347855544,12.114957363374648
640.0232335699671,286.23626950391423,12.677450308493253,11.789040000944514
638.5412817736948,286.4339037530471,12.578396852621852,11.622403565352277
637.2984189388474,286.6585944687671,12.498539054833158,11.35251198491027
634.204357793238,286.5300178661764,12.403483016583998,11.137920533528867
633.1907348691984,286.5865196951741,11.721975994103472,11.31437693851411
631.920519435412,286.5958802891253,11.619837319745258,11.059833251813314
637.4762179511293,287.5504346667153,11.628068240886327,10.700305070668962
636.6226155292479,288.7795178933919,11.57507234574219,10.760257714071686
634.0199169323967,287.4500650821445,11.648611667435379,10.680142273715623
635.1596211404915,289.3640462441459,11.62828795278386,10.71155828757288
635.194914949161,288.48595645741295,11.560288358410812,10.841700740219686
647.0823153958846,278.0221167735116,11.308087638913873,11.089934841298787
647.198748837167,278.05697649967755,10.598584704217185,11.916074511243208
647.7927100202312,280.2042799669426,10.306732222389087,12.307218061179666
647.5359272724018,280.25616399228545,10,12.972445831969955
647.969950533472,280.01351588750896,10,13.543333767528015
647.5773918991908,280.3856011505754,10,14.028646965035598
647.2469919389114,280.53279226709014,10,14.684659839275312
646.157891578041,281.5533590408121,10,14.882104134543843
645.9651132887229,281.95767616861224,10,15.150312306197296
646.3462950652465,281.03550543867215,10,15.446118776720484
646.8291263645515,282.38781205438363,10,15.572040003457921
647.0336791342124,282.82095957276806,10,15.620470925990059
645.8961923187599,284.8165490861661,10,15.88481510399743
646.4713810151443,285.1041949812878,10,16.304723351710273
646.0507683042399,285.1909952744964,10.023321307085563,16.44371977185244
646.3910323883839,285.47154573555116,10.0674302299573,16.550646071899465
645.7390742832997,286.2823266034161,10.116310562897981,16.599378859408716
646.4863827944325,286.25123703189377,10.11927597624022,16.640702510472458
645.4176318267683,287.28831357409246,10.239493995095307,16.44958723163239
645.9178683790385,287.7071711605591,10.198238140902074,16.566770118067172
645.0843652078504,288.87282556223516,10.262414073274527,16.351352771319103
644.5922556818233,289.05305636571757,10.517063570999907,16.160890793613405
645.3258440721585,290.09166658319316,10.739245859200166,15.937829952244375
645.1190871692346,290.4611890341055,10.768695795333127,16.08369301131146
645.2486450544459,291.57444076688176,10.774716266823372,16.176234612592317
645.477383776984,292.2508016297612,10.902838244202087,16.057731365036307
643.1434915971888,293.8873818228958,11.190314929384465,15.916286038047426
642.8422704245903,294.30428459723925,11.481891246510838,15.789015709506732
643.5312749670549,294.6793949591251,11.338286606276316,16.20101629825801
643.2298502249937,295.81588723055245,11.501588641048217,16.057193590120026
645.4343437215746,297.05883727682794,11.40756403497156,16.18249859858222
645.1502423007632,295.8386104871716,11.252539733306655,16.319243624580736
644.8584238471889,298.55573196871495,11.133955604497924,16.458874181391476
645.0414541231402,299.01120665216973,11.190089593095971,16.239997384805847
642.62829060188,285.46758687081405,12.253815498454886,15.0089061827467
641.9896914836032,286.9053221392705,12.782598503303927,13.915584126249183
640.5051773829351,287.79737817894556,13.198603127903764,12.868132348584393
640.2159903119743,288.2178713118199,13.257698385891157,12.536964815574102
640.787416226963,288.41755407929736,13.101604490007167,12.61538021876773
640.4230617855404,288.8009745712046,13.054222095253166,12.567357899504021
641.0013032501726,288.6075947833182,12.73797034617993,12.713801769739067
640.6874032771475,289.841702441274,12.714867663331473,12.82809573307862
640.4640704335677,289.2244586561874,12.795272851728864,12.806970095434718
641.4753237823157,289.24995966582173,13.066594403210583,12.757475459005917
640.7797878411966,289.2107030719443,13.166751630717052,12.89628670962177
641.8644228632409,289.22238945929433,13.305651905232022,12.879135205576091
640.9833308373467,289.7129279133308,13.343466669529597,13.042387606966646
642.115707070345,289.8362520908808,13.181419682201023,13.414883095517448
642.4612795406863,290.3859255191709,13.211933507788107,13.526096083908023
642.5848396357796,290.1959559597234,13.254672165457926,13.520173627199512
642.6439965181052,290.76637304896093,13.074046438560165,13.668297521386766
642.6449212790947,290.96116527220244,13.23385316217044,13.58611714599633
643.9734686955532,290.87843287129283,13.085458461623322,13.412251751435
644.1557719637156,291.51644966014726,12.963471350356848,13.13275782607371
643.7470494645805,292.4739380648522,12.613932267358644,13.177457520798994
643.9300610569126,292.4479379780928,12.472992389126265,13.161583031739582
644.4801027735417,292.6200524091346,12.531607514675397,13.010817361046009
645.4521020720923,293.3870987001352,12.592003687242915,12.409290587340994
645.3656323622555,295.15463802170336,12.252690120485303,12.766136325460874
646.4220924181857,294.8180630674222,12.099914528430787,12.849594475867317
646.1433397653593,295.44309052547914,11.737351748889902,12.890195291908338
646.255076535583,297.10977818196505,11.674783837839069,13.148995224221482
646.7821556067995,297.2333342291128,11.368065735517622,13.688461427541064
648.0296954329799,297.3835526876115,11.410600190288678,13.813283355634535
647.8558083145975,298.35159732688015,11.428116981479763,13.893888384424475
647.7452479828478,299.17842153369105,11.470255089112905,13.792406909584454
649.1809518388679,299.6400724836417,11.636387574445017,13.729619650491308
648.8393878766906,300.2433766201036,11.913862171096257,13.305937221759923
648.3980469939742,301.79762986552197,11.850280206003077,13.300422073467733
649.5550093962548,303.6429881825569,12.16853943006728,12.881177178213239
649.1734189389284,304.22809868954903,12.12819990366484,12.96925277315377
649.4952726266594,304.9120744764614,11.951613086226326,13.35246778143661
650.2669164173138,305.28115499834865,11.947872948307293,13.884343077421969
649.8689553953255,306.31879184402067,12.254819646195426,13.964945307327337
650.5275860305131,308.0011705570359,12.657684885486812,13.909176690882457
650.8432495081464,309.2498824928537,12.973946850813444,13.572518705553527
650.6097575600787,309.9445542360389,12.782481514370623,13.50198079455388
651.0030396272443,311.28872121881994,12.520152151767888,13.536118304593085
651.6575892977602,312.8336872259534,12.674211299009773,13.887820945324998
652.1304783420671,313.82377265794685,12.66420920565051,14.41848405999103
652.7356489557975,314.094658329779,12.71253866586519,14.17128554652685
652.5214576293794,315.9489418127789,12.539365494421563,13.904658649725711
652.9073033440133,317.0019103853536,12.529746628325306,13.94393725431687
652.8136013018839,318.6825306283999,12.489348406170404,13.546071859777005
653.0589339726013,320.18363646287986,12.52804282263585,13.368585818716275
654.1764634858122,320.1863572037471,12.189890768145386,13.68497866277219
653.7388100436168,320.9427537554591,11.860988920884862,14.04278804786595
654.7989321517656,323.0854270570339,11.856309289319377,14.302751942000342
654.8564282842061,324.0096944734915,11.947614764778539,14.18910292089085
655.532483769543,324.8495381508252,12.460268365294723,13.62016457249482
655.5814000898433,326.0572146812485,12.548876028615805,13.64280551494403
655.8353152831137,327.8481335212981,12.369275844272922,13.769008787527412
656.4168950925439,328.5885244027992,12.21448519437626,13.950209560841142
656.1827097789194,329.03770545998236,12.215731299892951,14.414204943689992
656.8335121478333,330.29641324074447,12.416904496139587,14.562226365274375
657.319266270412,331.26363446278293,12.483732647199595,14.392559912637214
657.1986134624401,333.5508298533544,12.58257009381163,14.286840453363169
658.289558408988,334.571601778241,12.80450691427788,13.911910778432786
657.9549433168567,336.3117358521581,12.846802629794409,13.659040310881233
657.8021759571408,336.83732525383675,12.839622295667834,14.164142954934452
658.6118457725233,337.88248130395067,12.970548024781273,14.465271484665749
658.5031332173832,339.33085753375474,13.017828219480808,14.057804970949947
659.2553069837572,340.98799561342787,13.212980293818951,13.601745574146477
659.1026892011215,342.2899731811866,13.114621961270718,13.41120515534956
659.5795794064504,344.4439686316126,12.687693860316712,13.705610742687202
660.4770566960046,344.7188751918127,12.949151739628116,13.87424202927335
660.1331948972205,345.3888046684385,12.751791602207192,14.282383936235906
660.5629478537718,346.6160240882322,12.729332491148636,14.231019599593392
661.1165539078913,348.1218768176761,12.85765159380901,14.010905069737081
661.0800980428086,350.4433976515987,12.805471130490197,13.844036802770754
662.1585955939738,351.05954809746595,12.829471254066066,13.827677817011537
662.1408427125776,352.90146543007023,12.711787819675692,14.444270111794442
663.0738713167666,353.636458472975,12.717079826805193,14.817216727095833
662.7460533379442,353.7611362032733,13.007013662000185,14.495441764658192
662.9636965694119,354.91856421469754,13.021131259905413,14.75063645820978
664.3008701850126,356.6429255842908,13.27253118484716,14.609204988325608
664.1721963785628,357.7751501009848,13.230529102302544,14.555317945675636
664.4615156155854,358.68726225998466,13.167388193526985,14.862836581930022
664.6622485197229,359.3589806168095,13.253404098546932,15.202515827447744
664.7629622508192,360.5700425984713,13.26753699809731,15.605945996585806
665.6923697067526,361.1708422084617,13.31071571854702,15.874234629273708
665.3511806024998,361.0422998049629,13.400919635442058,15.727780076701695
665.0787425862213,362.90259522102576,13.531227601402053,15.339597434349567
665.868468408373,363.0385534472126,13.712839294424626,15.091660303098003
665.8494384012496,364.0556492592085,13.699265961845544,15.401061561262596
667.0437233648106,366.48466941442024,13.534411101633467,15.231745291824295
666.9237494460056,367.33833994587485,13.741962510956563,15.303085387934562
667.1505302145811,368.7282271967501,13.652443673142505,15.192175136367153
667.339138179838,369.47393023049204,13.752933608727098,15.239692570851656
667.6332928988598,370.27788613607834,14.149147586248699,15.04022802530406
668.1848562246369,371.92283880087456,14.410468766802282,14.59454595659105
668.5655863444365,371.65067096853033,14.492541745109872,14.414918599047464
668.2026920044036,374.4831042350726,14.113966506871325,14.428944678420248
669.328849510766,375.38355571783694,13.889142348410001,14.706926314484607
670.1592102978462,376.47617940305986,13.667121807841465,15.101737518715309
670.628030048738,377.76814545744276,13.54997856717786,15.126456809561919
670.7941817009137,379.60843968114756,13.665928894418466,14.831839431488248
670.8589353188772,380.56376779831544,13.568301798795694,15.044978468072301
670.5069916154799,382.9326414823661,13.5496242699063,15.162626417048635
671.2497319637039,383.45832823460313,13.888118302042557,15.112185129218828
671.2658307468689,385.0281215768114,13.868573620881373,15.19367588697152
671.6157705577892,387.13405851891645,13.939877072561341,14.750823990676341
671.7565785435097,388.2857762604634,13.998887281292376,14.795054771162729
672.150564534261,389.73458052703967,13.907795282738029,14.856114469974365
672.8163659183249,391.7695719726393,13.775267617416468,15.078029829354907
672.9126469110364,393.0997778561291,13.87440912439645,15.494576957105021
673.5980478266182,394.160969253471,13.855872770413317,15.786555162482173
672.8979857745832,394.9422020654696,13.992594770105516,15.90670505705493
674.242737622759,397.03805992761386,14.169238591911924,15.694155363650266
674.3124187873366,397.9479784474526,14.157721162649437,15.663327299001738
674.3772491542292,399.4245709392538,14.186212562090699,15.829317749511958
674.0801572281337,400.3147318037949,14.383897167922843,15.969272066228829
675.0649726746248,402.1865036579964,14.360803650390825,15.720149124656373
674.8045948499135,402.22412724610314,14.523647891865823,15.524217361977538
674.6214750031419,404.73223039324483,14.446564032800591,15.732649052923646
675.7748670507972,405.8790480064986,14.518555772527257,15.545566665695304
674.4669680415593,407.5205078467597,14.47342792582967,15.423159194111669
674.6050441257432,407.729954017243,14.489204644829094,15.84276246528955
674.0882184448892,409.00724991887347,14.547184595976345,15.789234247310032
674.2732061448323,410.924530082494,14.715858218669275,15.363486442957079
673.0611315685662,413.4882033042068,14.75865828444012,14.674361930989033
672.047743564453,413.1532957940779,14.785506175868196,14.562301638918514
667.0558031184896,416.1438608209984,14.894150556564375,14.333267284387784
664.8749480462008,415.8959519747429,14.738061800537935,14.647903307663544
658.3121122907934,417.1605914614522,14.327010174450805,14.932512168793883
657.6394258870667,416.6343978886592,13.884913118012534,15.57598990414174
652.63762761327,417.45947157576603,13.772956763384498,15.734535938894037
646.8581983565904,420.02179522670605,13.476440940500911,15.563298785634684
642.2846661862746,420.4339366193905,13.144588159245135,15.722750369543586
637.5915059869717,420.0298274883006,13.386124584157216,15.570146407106492
634.003597836573,421.79576753808584,13.470816350347713,15.520044690790986
627.8682891694096,423.73778478117106,13.392928664532839,15.524176870651411
625.0643056732324,424.73526549870337,13.305633701625888,15.332208017907938
625.1430734333111,425.59101555103166,13.167859268841534,15.300203605504532
622.916218311597,424.44522235636236,12.720946190736477,15.41553929866084
619.422540029211,425.8975294657974,12.676910181198302,15.192458654848748
618.3473246754534,426.6594365138323,12.728829192851661,14.944973837724852
619.0162886088384,426.6872286703153,12.89191746606571,14.861103803441978
618.1045193274186,427.4925829305795,12.987541218724674,14.718776687790335
617.1043795798084,425.1053205184661,13.086462109513748,14.69520914675222
614.442657423487,428.847653024464,12.80683091785374,14.385245348592976
612.630531587514,428.4278357228422,12.960608585054228,14.090969057442713
612.240547686531,431.8081636327897,12.751762211891188,14.08262160623063
611.2057876812737,430.96530450996454,12.797076060906859,13.97183118202765
610.6167142334928,432.7744520135539,13.036888849069852,13.82759718711703
611.3310208811029,433.0929139683723,12.978795191911123,13.703473732573649
612.631519288178,434.10214704519996,12.487245141753135,13.965600258895725
612.3627488505672,434.66498095194635,12.205900929007935,13.54880613457761
612.2321554858954,436.3509716686437,12.32032041460842,13.076115978114677
612.5142835150477,437.2597192473261,12.242628366685494,12.560747943628904
612.2638704650778,438.69869097136404,12.201743434234743,12.001756340722068
614.3175809705832,440.08798305974074,11.756649712805237,12.020518755918108
614.4317672511618,440.8120791462705,11.254800342384872,12.070715350101036
615.1065942333236,441.8551842227762,10.401020604154564,12.864741345923957
616.5335815775317,444.09315573944974,10.19965836347708,12.52829988423208
616.7316511279104,444.8794845119519,10.315888955045263,12.140690204141766
616.6815337839391,446.07986643892497,10.354720066703138,11.625535976965581
616.9463466688886,448.33743788713497,10.332336439958306,11.310539278818261
616.9963219457395,449.58364126940427,10.220665955339399,11.381051415723217
616.2507150120126,450.5813552261579,10.120252344193755,11.392643737277576
617.7535044090314,453.5692027337455,10.14040392163122,11.250603602626008
618.7047727777883,453.6017557090974,10.217253156140442,10.893276224958408
617.3863145467969,455.11834698047466,10.154285203450348,10.56413802424491
618.9829702787101,457.84937402216167,10,10.81141354597346
617.9456546716392,460.1858757277678,10,10.94580702349417
618.1892143999393,461.65463103215137,10.42467693441026,10.37086169373385
620.5295648270991,462.60882428870536,10.911453687817477,10
617.588504003765,463.5498050559181,10.602100896772086,10.30193739135575
619.6839248696801,465.6665657639246,10.481315126550749,10.404261922608368
621.1962601774073,467.70225161158965,10.320300316684056,10.434390261610634
619.6687778165988,469.66286741269556,10.187916910936018,10.293904880941094
620.6867185456356,471.5615015386138,10.286359288235303,10
621.1629532725846,472.2637156008277,10.188312344007713,10
622.4672854356468,475.4269870243018,10,10.274066455572587
621.7160491161048,478.6780733035971,10,10.299548544809083
622.3717916421592,479.67392749974744,10,10.18597452235857
621.8263187818229,479.82167839567063,10,10.110284080619355
622.0233523063362,481.70625569596416,10,10.272113023428357
622.7333431653678,484.50715180356497,10,10.374575435454547
622.8807816617191,485.8345202701845,10,10.52339041452315
624.6770910136402,484.7544937206583,10,10.607173886958169
622.9497876279056,486.09481358368913,10,10.66952322415943
624.2704498879611,485.22873079602437,10,10.733006105053803
624.8032397143543,481.07398518759464,10,10.750449821302883
623.9211973659694,479.65707226405243,10,10.496827309851545
625.613094664077,479.1056355935889,10.185451219061939,10.1245189519795
626.4706119051099,473.26953080471344,10.196906757748032,10.02577058295305
626.7307715820815,469.534241190413,10.31269461014959,10
628.1093995404459,464.5441460518632,10.246050294296625,10
627.0688046161567,459.0232815651689,10.28144875531698,10
628.5821489245106,453.7906918434892,10.603469245054393,10
629.6603820241384,446.9081177620683,10.658677974464165,10
629.4925106203618,440.1493625550065,10.68371777265028,10
630.1652231976249,436.5666234508418,10.463809628812966,10.157682874467088
631.0889697681903,428.4041822865282,10.628317048442643,10.045204439544513
634.1424576231956,423.24774626743937,10.609569087302749,10.033275032714862
633.4176082950905,416.84354018257,10.63541231958557,10
633.5755772438545,415.59705685661174,11.198013626655143,10
632.3138944745513,412.77306984947063,11.571084622948927,10
634.7163276836359,406.2653193383012,11.882424850745414,10
633.6862357934139,394.7368931679521,11.765785253580233,10
632.8777837325388,384.8763642220292,11.767274636675117,10
633.9281295065026,378.0630259423051,11.790145186296915,10
635.041575167962,372.70872705871903,11.751307709737423,10.007885563192698
634.5947211583622,366.5814954887917,11.74197782324395,10.027517846724125
635.1801904614333,360.41357802436687,11.821515935050622,10
634.8615652217222,359.26611327307086,11.82356054956653,10.029252288923148
637.6407720283202,355.69930731967435,11.73395511050394,10.051559912574128
636.0759848744749,352.70886867217257,11.715610478603935,10.053760888455331
638.3345294123309,350.60519840746184,11.701115873869869,10.047960930205933
638.3970491332484,351.30165840709554,11.691738813087687,10.045708369445588
638.5890399458199,351.88219743766274,11.698704380852185,10.049679861228675
638.8940467102591,350.7560880741555,11.718210493373181,10.039674152436874
640.3363921844073,352.7746292973773,11.764469233034472,10.014687634185409
641.0609704172384,353.5099672492869,11.751032138214239,10.016225237064916
641.6986219028819,352.83701633499004,11.80217295831679,10
641.5167091044431,355.0371571795948,11.72165001131206,10.060999610381558
643.4715026948087,358.17800448011286,11.72482404197596,10.05880740116061
643.3963521876116,359.5885584962773,11.726779854162702,10.055563548442915
642.9165826653604,359.5652959297552,11.841847265230893,10.005713797239315
641.4573596154999,361.83119074837305,12.084069133231809,10
644.6757583146036,364.5789954057882,12.082541090798296,10.00087544163941
645.2883779330731,365.80432608464497,12.078120015823703,10.008950026766485
642.9443804799279,368.38386851199186,12.079767914362625,10.014425490065824
643.8816968346183,370.20715192189635,12.056716897677397,10.025377533934874
647.4819274667901,369.1787272903343,12.022318942049582,10.047679944947134
649.0623581339607,369.7258450819645,12.23838355299046,10
648.4469911508883,371.8098200070277,11.985993620629154,10.20554954333667
650.3959516417816,373.6005978950837,11.923384528490924,10.139253748380206
650.785540463286,375.0649392439518,11.962722484256142,10
651.8564956216759,375.0215459635947,11.94615692074172,10
651.18198808945,376.6453433802817,11.93093133883128,10
650.2509852192768,380.31487047677007,11.629828015075322,10.188337717576212
649.73572173488,381.6844883180872,11.448017609181695,10.144596686736445
647.0364848042716,382.3568747673166,11.117597236695062,10.171541360489858
644.9977613238715,384.185887579803,10.916837372238959,10.17789557064582
640.4474635753255,385.33137552751606,10.579086960212146,10.380622325289924
637.2148089998806,387.30973384711683,10.321659752459578,10.43088229055007
634.8354653957415,389.13634673908456,10.305993933393983,10.279796074943455
630.8095664396709,390.8940231995837,10.088477079604788,10.310002798644211
627.5902398486627,391.06474013342006,10.193613187036433,10.125675106990286
624.9338840581477,391.9325697520032,10,10.134550481525949
621.7189754582942,394.7593575792552,10,10.19896760961465
618.6011106111109,396.082404602887,10,10.166085909381714
615.6155015565455,397.49946186814066,10,10.232930870604164
613.1839634251099,398.73937708069445,10.018957190910726,10.03183655999846
610.9910010434687,399.34040489257313,10,10
608.7259568311274,401.03309907973744,10,10
606.4577523805201,401.3884809843758,10,10.096383395599254
605.7321387864649,403.5805874545166,10,10.100462767939698
602.8681733238386,404.84030627668835,10.012352369191767,10
601.5255309678614,406.54394225038874,10,10.030250463945697
599.9697682000697,406.5055680295918,10,10
599.4655076600611,406.5232603366021,10,10
598.7083295322955,406.8041575963143,10,10
597.1055376247238,407.9343991095666,10.170342211292143,10
596.836223806245,410.75302813597955,10.143729643915275,10
597.4401434101164,411.12444321978285,10,10.094218541785983
596.277416292578,413.8969867307467,10,10.14637768990224
596.4782720112637,413.89293538429774,10.19809195074738,10
596.6126018560484,414.81363426544704,10.371491658875442,10
596.382932266362,414.98652771511115,10.285775329634525,10
596.5963526334099,415.7316113385183,10.03040508861706,10.03052152538725
596.1239062137902,415.7204271762166,10,10
597.0618030019104,416.75398792908527,10,10
598.4320795722306,416.7806198225142,10,10.133241903359174
598.8255418129265,420.5299943659824,10,10.224793376420266
598.7313692234457,421.6662436697665,10,10.319799127143733
599.1988100074232,422.55026699304284,10,10.38584175976587
599.2710690908134,422.8113539153245,10,10.385550210811097
599.2598591363057,422.53216819753095,10,10.373028537553365
600.1830181991681,424.08436567362855,10,10.471312027359492
600.2007472412661,426.8766459217084,10,10.564003823832843
602.5311753885214,429.46152161058444,10.06247324955667,10.415527489568335
602.5615711458411,431.0100245457692,10.04694857552438,10.194835782406814
602.4143683528528,430.8248276582105,10,10.003759883413892
603.1137556647882,433.63542294339277,10,10
603.0168431764469,436.24872955617315,10,10.026603041071278
603.2847824459895,439.00912833050825,10,10
604.3407763605937,439.65941500500776,10,10
605.3750604754314,440.8445061428938,10,10
605.1809930568561,445.5008924627153,10,10.058013073552852
605.8078372841701,446.1641441567335,10,10
605.8145948564634,447.9366875560573,10,10.013551774045373
606.3633329188451,453.5680056016096,10,10.247035182147169
606.3477925769985,455.0935106133529,10,10.23393252064493
606.9799612276256,456.71971185007635,10,10.295335865755746
608.5684725753963,461.9653337324217,10,10.28234165093076
607.8395214788616,462.8631523944197,10,10.398091055221506
608.4889245741069,468.7323614268766,10,10.59020353840344
609.2610396258533,470.98665814242105,10,10.566696548354567
609.7005066983402,474.40024789485904,10,10.664489577658314
609.5276379697025,478.5194503927074,10,10.396843496909055
610.6985961310565,483.25205229538534,10,10.393275281152846
610.7974873222411,486.9045221787104,10,10.173215866522867
611.658992473036,489.7716003579325,10,10.307502043479097
611.8370330072939,494.18928329216266,10,10.248540555817197
612.3484313823283,495.0817201416794,10,10.122317612665974
613.3230827786028,496.08032636290574,10,10.102521685563588
613.7124483622611,499.60594318637743,10,10.114779859909309
613.1698594726622,501.7367757599904,10,10.081131566015838
614.5531079210341,502.7655687801964,10,10.030826352172399
613.927470151335,502.6787522390234,10,10.033976426491332
615.0321001447737,503.2755821090645,10,10.162534031646972
615.0066480338573,504.5621550748924,10,10.211843220077725
615.0086105829105,507.0176588784738,10,10.441810134551956
615.3378517394885,506.94897592757843,10,10.671835569366554
616.6263930564746,509.97229189019544,10,10.76322129855142
616.8801172142848,509.9194638387878,10,10.755672169640496
617.4632558589801,510.53594696447317,10,10.536360031085678
618.329804754816,511.056455287885,10,10.3382070631942
618.6693205898628,510.66172791650894,10,10.227656226951606
619.0231967931613,511.6993466076454,10,10.139745109060025
619.50701997336,512.8469588963865,10,10.060446225089946
619.3962415819988,514.4650579711888,10,10
621.0977613097057,516.2889502040691,10,10.167630678205938
620.2994247442111,516.7247724066067,10,10.222095229467927
621.3157715564594,519.098163034523,10,10.111498666017935
622.146079278551,518.4298285737217,10,10.150260950428873
622.1397261735983,518.5677295506333,10,10.164835838627527
622.4581861314364,519.0194133078893,10,10.097246381690784
623.765855055768,518.9003481176834,10,10.125328578303932
623.7072178986855,519.1962110223928,10,10.204759354101444
623.5394092318602,518.9366469550962,10,10.288389429898892
624.1113534090109,519.2825005552941,10,10.306058266623905
623.8770150807686,519.920925052368,10,10.279797927947799
625.4206027654,519.6069994021187,10,10.215593824260077
626.1189018753357,519.7900104971515,10,10.180928785464548
625.3487484124489,520.3177171892021,10,10
627.0547576812096,520.5622463768814,10,10
627.2224682238884,520.3837114966009,10,10
627.2208402828546,520.4279826974962,10,10
627.2197602404049,520.2606732791755,10,10
627.216888961033,520.5159668272827,10,10
627.2670852696756,519.9637141174171,10,10
628.4796539103845,519.8886788806412,10,10
628.874909863458,520.3158887347672,10,10
628.6935651010135,520.676254512975,10,10
627.7925858801464,519.7705186030362,10,10
628.3969828790287,520.0377265235875,10,10
630.071846575127,520.011173578212,10,10
629.9926938569406,519.6916365346406,10,10
630.2397107189754,519.3802326607675,10,10.023220247650693
631.2896561926464,519.5682687458508,10,10.14354634761432
631.0574460333446,519.7852036969828,10,10.183602512702615
630.9643948829034,519.9788911172934,10,10.24434045789762
631.9986959254602,518.6700572227795,10,10.182411584403916
632.2341233348707,519.5012578973129,10,10.318144919899908
631.5568361139158,518.9956276742614,10,10.322813807546387
632.6189495181898,518.4393491633944,10,10.27380182999024
632.2670954620698,518.3807531801154,10,10.305556535979818
633.1555993115762,518.6118745141724,10,10.230290735780102
633.640498713241,518.0169660068731,10,10.064543394528528
633.662316037924,518.1502020844247,10,10.039970446659638
634.3704300554853,517.6138998998795,10.021536251872517,10
635.3039378063986,516.9552624954376,10,10
634.7576956885168,516.6495780853886,10,10.026676401522874
634.9101455347845,515.8984307020391,10,10.172202440919126
635.833696378977,514.6170564984585,10,10.20841939017945
636.1406910257647,514.6667896428396,10,10.166765948614305
635.6388989525149,514.7336838342635,10,10.196863054872642
636.4553271370241,514.487864784222,10,10.298584019716989
635.5878751116106,512.118626339356,10,10.231723480402476
636.345705671818,512.0455400652147,10,10.103906559872025
637.4758321481058,511.21633611638657,10,10.043013710610575
637.9930683212588,511.5705153590534,10,10
637.6127509908983,510.8079270149048,10,10.057276650531623
637.1254116134951,510.6746179854963,10,10
638.2623727159807,510.3537277883671,10,10.021014052572102
638.5720338957617,511.2071303707868,10,10.0144366251595
637.9215839045355,510.76196757893786,10,10.016267300047685
638.6689064638922,510.41331536402845,10,10.14849150439884
639.0511669056723,509.9780208610252,10,10.218411138323606
638.5226599114249,508.83159211030926,10,10.171173119735936
638.7686204450438,509.7910933440706,10,10.365093559088908
639.366930557997,509.15998468284573,10,10.561094055099666
639.2436558442423,507.5997443913325,10,10.717852885959468
639.5737051503966,507.65924792877115,10,10.93231633443953
638.659591390402,505.7961121724699,10,11.202785406398727
639.6206022637198,505.22882846654414,10,11.525608426332074
639.2770570056746,504.41154258951155,10,11.673621743049853
639.6275740700075,503.888129054941,10,11.58530279034804
639.5155013190815,502.71654783961105,10,11.58926687010143
639.0065693246434,502.4745781118749,10,11.528021415276385
639.592097459943,502.9501635103937,10,11.510283316488623
639.5218867646763,502.1066228872812,10,11.465948098861615
639.8062038706848,503.08688023953374,10,11.45791847889024
640.2357558595249,502.88668778801537,10,11.49926702571628
640.240094318171,502.44960162651586,10,11.372317112463545
639.3794255397515,502.48976030806233,10,11.252731866665881
640.0437953613,501.5841336436502,10,11.141720381113247
639.4705133578973,502.06334159071116,10,11.07223373484752
639.4973492521094,502.61302358156286,10,11.048924922249645
639.5155885714339,502.0658387289817,10,11.088498050912001
639.6034559953259,502.76537126374706,10,10.999657276043756
638.9498616206693,502.8929061484518,10,10.963437880856112
639.2706310796784,502.82211801970885,10,10.900131650687262
639.5125293332385,502.1688119069284,10,10.988593975811774
637.9437410432147,501.2174916492714,10,10.992363188521127
638.5255710679339,502.1880194554221,10,11.084862130205405
637.7364493805217,502.37316567488654,10,11.060079995250565
637.5690077590989,502.46626287544586,10,10.933070000084674
636.4246351766633,502.070022141138,10,10.827449423641193
636.9568621563958,502.18099706597866,10,10.676736832572953
636.6435573449074,501.2326911343591,10.012568711778993,10.477363521633057
635.9443167793797,501.84844600527435,10,10.327942727098598
635.5183879482793,501.16914994793984,10,10.185787161103612
634.6365645873593,502.07156355951776,10,10.150618503468962
634.1665700721787,501.2473951288315,10,10.131416721958248
633.3036634373711,501.87246346588483,10,10.26127503629301
632.1726461100625,501.087473960374,10,10.431826871792847
631.2875926542329,501.092853308333,10,10.584183170639106
631.3642559993314,501.758485962281,10,10.719161725848958
630.7040109384106,501.19839754951823,10,10.741794596525166
629.325726484065,500.4979829523621,10,10.757373341656862
629.0612187731313,501.33860810802435,10,10.832632095960479
627.8498348343419,500.3835509097489,10,10.867251773959683
626.7164350026303,500.7186392138421,10.089507316468904,10.733122207189433
625.7423473942326,501.0057254116525,10,10.848492343535797
624.7667882192181,500.8842583723205,10,10.778728862604673
623.6904219138669,501.0470109412198,10,10.793961842501
623.0305657136487,499.6916902443118,10,10.888011305927506
622.518056427245,498.9220751462774,10,11.00157147426353
620.3639819967793,499.83494378453446,10,10.909012574900892
620.3369691196131,499.6733505653661,10,10.881737113003442
619.708991450374,499.1998744798171,10,10.893431908861093
617.7743761959719,498.68943842061645,10,10.818248638811683
615.6539276066469,498.35577449896863,10,11.057539345314268
615.3106151941465,499.0861803369243,10,11.254016101524158
613.4815049293684,498.70482826580337,10,11.195635088755818
612.4270554903196,498.35495405413786,10,11.067537163801196
611.2890989902662,499.5460998976653,10,11.062417946839066
610.1120686653303,497.42988200972286,10,11.027863061102815
607.5488619926618,498.5212805853963,10,11.152898627651435
607.3154454055475,498.36148181642,10,11.366683474451971
605.2717752280878,497.4928985855513,10,11.397447157563832
603.9228870692896,498.31150923508176,10,11.205884303861264
603.8761742870556,499.0487756427042,10,11.139962190177377
602.2782204906689,498.60812539348154,10,11.110942287430946
599.3621335785137,496.97356713429537,10,11.373122017244382
598.2063771049725,497.92337857323616,10,11.434870084339483
596.1375401775585,498.00560488381626,10,11.2554636887793
595.0045492212521,498.27905054926873,10,11.126512169819296
593.2747653286206,499.24699437502017,10,11.007944030683722
591.7787303488003,497.1627938320621,10,11.32879234026314
590.1957149069058,497.73079947560194,10,11.326648674605291
588.0644173185574,498.99679386442597,10,11.185614391433576
586.7719896595227,498.43007036149226,10,11.17681538938162
585.4991390268551,498.224407871409,10,11.226777375830942
583.2990169088589,498.9451916681927,10,11.441114432951732
581.1924707452999,499.01827428407216,10,11.461281684484403
579.288552240585,499.23896009587276,10,11.40578254413672
578.2833896438824,500.00601695151715,10,11.375325935432835
575.5677803318249,499.2984286204873,10,11.474647571247363
574.637892977451,498.5543579229378,10,11.509264257598433
572.0250191848027,499.2206339035402,10,11.513056180861836
571.1833930256612,499.9861406943625,10.003824217697048,11.402551460758877
569.0092424646499,500.66647972158165,10.065088443967642,11.258377980142669
566.6100468795048,500.307791008428,10,11.217554343770667
565.5966096083866,500.95058887587,10,11.154309683105504
563.6002342860447,500.994809725878,10,11.005233761207839
561.4319357668163,501.7510386580839,10.024441314884948,10.881167749174786
560.5529817502247,501.34878958179786,10,10.887601193037211
558.7589662234532,501.2999068306089,10,10.789207660447648
556.3968506972952,500.90505866261026,10.042424011147759,10.605568849541019
555.8467589776265,502.06986230470153,10,10.422498869283043
554.0102896849858,502.2031060119971,10,10.26043734692578
551.0999589125859,502.23188911190886,10,10.375348407334203
549.4653211991535,501.98429011617065,10,10.312648294619724
548.4598145644413,501.56065104489045,10,10.214628063480921
547.0641890177293,502.23731448478065,10.033019215143376,10
545.708053962444,502.8235558492597,10,10
543.0000738064991,502.1987462904693,10,10.08181249221472
541.4248305718647,502.86279012051693,10,10.150858420910282
539.9733659188496,502.7046833706554,10,10
538.5369407098042,502.28999445564114,10,10
536.9095624844776,502.8734097113362,10,10.00645950287686
535.0143602053868,502.3489659609321,10,10.103779532657672
533.6679520766484,502.1052846980747,10,10
531.7409649054753,502.0713910867926,10,10
530.3310891549336,502.26475238404237,10,10
529.0845424096333,501.8740867038723,10,10
526.9693979184376,501.21803914433985,10,10.10368354470117
525.3213251988636,501.6444199312386,10,10.18081057697515
524.3659880320774,499.92244597849265,10,10.018336296569268
523.4949011366116,499.52033005348056,10,10.026199905283281
521.2550606291043,498.32128420066874,10,10.062898397634891
519.7379685203778,499.50187761088944,10,10.136387270705455
517.478994683479,496.76179134945534,10,10.074947168451551
516.7624421875225,496.01248289642945,10,10.022694132791901
514.0599082271801,495.85683038434945,10,10
513.1124655763851,494.59863569936715,10,10
511.58338077471126,494.31230469816376,10,10.041586703620666
509.16340096399654,495.5962837894913,10,10
508.16054184839595,494.85670590004884,10,10
506.61104269430507,495.11907347640954,10,10
504.0432786504971,496.13817199668847,10,10
503.17155309126247,498.78561127192546,10,10.143424443300384
500.69729991361964,502.05963953198574,10,10.133777633110263
499.0176617662655,503.2312223573681,10,10
497.72836180136073,506.76701740030995,10,10.11165175829348
495.54549689695705,510.2949910461376,10,10.225741736230532
493.6079963009106,515.6242884206822,10,10.413039893330277
492.3148064176785,519.8679126961345,10,10.37968500392479
490.32609047347023,526.2372395359137,10.101690883472703,10.057906209925473
487.8794998686062,531.0816673169597,10,10.503847744085776
487.0292418162571,537.0632590597097,10,10.759476247416337
485.0099096457707,543.647199342241,10,10.603292497844487
482.80812873042214,550.1352813164535,10.268110037026402,10.178513475261674
480.7939613024937,555.3361942513461,10,10.511345846748585
479.3687560717808,561.9653858842142,10,10.848388186786186
477.4295575778233,568.7093779251015,10,10.775077910248443
475.8625319774653,575.0758801655063,10.184930440751923,10.34084051928263
473.54596316462585,582.0144751116861,10.028923550439716,10.260935706879017
471.0537597100483,587.7776452776787,10,10.590251998734253
469.34527827904094,593.3240665414523,10,10.630736955317818
467.96471398007435,598.4311873939182,10.301055603701034,10.030959056538501
465.36136748001445,602.0654784909822,10,10.011638718489722
463.83762647316325,606.4233824869152,10,10
461.81568218872417,607.7001837154385,10,10
459.7791290442692,607.9040187110659,10,10
458.6243533055531,610.0116961707827,10,10
456.6198288361775,609.8726618834052,10,10.051142203299792
454.8744522492634,609.4396357570578,10,10.296998411549609
454.1825943152653,609.4140144890606,10,10.24844439905805
452.16607882187236,608.0249641647097,10,10
451.033579484676,606.9804181565996,10,10
449.4302624623524,606.9466901530977,10,10
447.73285366699565,606.0513369797254,10,10.085347364658372
445.4833858172642,605.4219487104909,10,10.141082349629999
444.64958985254634,602.9115117806117,10,10.11325635358422
442.8905100385891,601.9632390141045,10,10.02635648063838
441.77877791330684,600.1897550334688,10,10
440.06211121485103,599.4958895300297,10,10.167852810161946
438.8104519407498,598.8268309561294,10,10.227670030251064
439.1029810468899,598.8882222956279,10,10.303380116680744
437.5997550050961,597.3481603462286,10,10.389589411292246
437.6115297881188,597.1192831569072,10,10.423268991112865
437.89855723653454,595.0565262637597,10,10.44486184082334
438.35165773902554,593.7678152851455,10,10.334107642961328
439.0295799282612,592.6942336929111,10,10.590491689818581
441.23285393987317,591.5789997744093,10,10.397932488248095
443.20610492501874,592.1303190405229,10,10.06887015602925
446.05984156404156,591.0553851982113,10,10
449.50677888665814,590.7396347781178,10,10
452.00429384980816,590.0837841473173,10,10.032110893330145
456.2964133528294,588.2289557189137,10,10.182502613418553
459.9830643442692,586.5397825675398,10,10.10080882369819
464.1630808619084,584.2018910904881,10,10
468.4739467409672,584.5375896056648,10,10
473.1345049646916,582.9805322249886,10,10
476.82936160836834,582.7149055858608,10,10
481.1981522348942,581.4976197143551,10,10
486.0730382708134,580.2852156498598,10,10.098413332619307
490.2859508303227,579.6495452760615,10,10.072528366485901
493.5425884035649,577.5524677598246,10,10.008616744754441
495.4723049906315,575.4290941501075,10,10.00505115901283
498.6855053213658,575.6020520885941,10,10
499.0464369264664,574.510932441568,10,10
500.47348441754,573.9051962455269,10,10
501.44701292191166,573.4398066957947,10,10
500.7804672328057,572.3397012152801,10,10.074475439712678
500.4466102925362,571.0696283586237,10,10.072850933222506
501.3721106258454,569.4255275686737,10,10
500.6586544123711,567.7669482191559,10,10
499.5593351927819,566.8395479877945,10,10
498.8142810796648,566.2768426497933,10.079584334785178,10
498.8939676565351,566.179838566252,10,10.068736310297798
498.592161027831,564.2481919785496,10,10
497.41235586826224,561.7491197224351,10,10.010673885397791
498.4483042639913,559.6709946652409,10,10
497.34047797544423,558.7295704742428,10.065172306708405,10
496.9348665458383,557.9057779318365,10,10.0743958262372
495.3915613872232,555.2791624845136,10,10.300704018093715
494.63889932457823,553.0173744918263,10,10.4907395638625
494.66127772268374,550.6677273565253,10,10.357598703391488
493.772337328759,550.8623674457762,10,10.328445228867455
493.60224522289354,548.5191451627895,10,10.594523030772129
492.0463363045128,545.0715311744593,10,10.787094261521919
492.24862426158506,543.0874935593549,10,10.616884808503004
491.6103277170332,542.4430865117577,10,10.315076001781174
491.2588680648478,540.8077097050018,10,10.43416345089466
490.9200296365889,537.0131060181794,10,10.443394265854119
490.4920933508547,534.5090481472649,10,10.290391500297831
489.6588196174169,534.6828341817018,10.057101656557652,10
489.67333459772635,532.6274893384954,10,10.113773869151998
488.4526721230941,529.861111486262,10,10.228506464182905
488.68013298430014,527.8745922755485,10,10.25352395055124
488.57467996992636,525.643218143516,10,10.20918212291084
487.6569579235511,524.3408090773243,10,10.464578515716187
487.9184558383422,520.9334062704364,10,10.753249638525041
486.97400134720374,519.184388743844,10,10.624069067854267
486.6759214095073,518.2872703989065,10,10.66326928445504
485.8257858447032,515.1194186583261,10,10.792647711446985
486.2995373598533,511.27330009203837,10,11.063902006345518
485.4998390666442,510.92562935433455,10,10.933482819197481
486.03304916538764,511.0529365147106,10,10.663765328728424
485.64819449104834,510.69146771625054,10,10.452954382386078
485.6850398994284,510.8431743251815,10,10.27591536451061
484.76991399296094,511.0042507641483,10,10
484.5207993305521,511.31550428201444,10,10
483.82677309878636,513.2534433298279,10,10
483.43035485513974,516.8196770005445,10,10.022917675961715
484.326069377398,518.9180582456756,10.166580436913458,10
483.5924877143698,523.1265191572625,10,10.055154592842072
482.53750052221585,526.5859097720329,10,10.083515010640003
482.6005432001548,529.1133661436065,10,10.210065509069835
482.2733153096633,534.1775511678451,10,10.009744548117116
482.19235268898774,538.398120913175,10,10.10904466317017
482.55543572374154,543.7798886932259,10,10.17848925901328
482.1872614688473,548.5239425206744,10,10.403968411367206
481.7268531090813,552.7779277188932,10,10.533624662878823
481.4597784645157,556.2206197542088,10,10.738428141838767
481.05095002718735,559.2985243603265,10,10.681271292426905
480.84607814915944,562.5111218431446,10,10.666800966683251
480.506104013999,565.8817124604359,10,10.814717899519922
480.2310569501715,566.6769474761196,10,10.57272618541325
480.98605366714764,567.2215002212662,10,10.331802777296286
481.5861274219351,567.284025461631,10,10.105518173455973
480.79142524965573,567.5676731522774,10,10.027344735875346
480.9089149303036,566.6469584323931,10,10
480.97009927325416,566.7419282454634,10,10.015631503777566
481.327114108135,565.5163955680866,10,10.089551806574965
481.04951122694183,563.0594264098941,10,10.220395239995097
480.5177858202951,562.0507148777424,10,10.339720669982782
481.14189079694916,559.2055196288877,10,10.453840587400535
481.17046613594493,559.2310528277935,10.011031976687297,10.116123233911823
482.09238421327643,559.4399773471523,10.044900561594895,10
481.88880609639455,558.9820859127212,10,10
481.7041193015175,557.6583633117843,10,10
482.0143711931305,554.8649641292853,10,10.001225645424011
481.5320722825127,554.4520220018638,10,10.097184744627395
481.39917685755063,550.7044093303848,10,10
482.0636918164091,550.5930174060632,10,10
482.17956145771313,550.3666696914006,10,10
482.44509716995526,550.3561029529665,10,10
482.9879608369665,549.8206023985085,10,10.044207867414933
482.83670499094296,547.5344211654242,10,10.036856989009678
482.70943481393624,545.5799109108713,10,10.01459211679854
482.79281378455926,543.6172814464662,10,10
482.3211796946125,542.5755614137743,10,10
483.1732484168606,542.3436188793276,10,10
483.099029286881,542.3376473567914,10,10
483.41401021101046,542.6199707084016,10,10.054470497154254
483.4154681760119,539.4905871996107,10,10.00559934640117
483.9748460847186,538.9235118709039,10,10
483.75205219269264,535.73358119349,10,10
483.0449116200511,535.4523634098005,10.024099246212359,10
484.4136187481927,535.4212509549689,10,10
485.0257133889245,534.8432756222319,10,10
484.51164156675804,534.0160249852761,10,10.074321463387637
484.05612111568917,533.5709918826286,10,10.146982921673295
484.254521180992,531.7120526193725,10,10.206512172596538
485.0676448243903,530.9772202590478,10,10.178393470775855
484.60036148608197,527.6453551922875,10,10.063750839708934
484.6083499781089,527.6632169333752,10,10
484.785542278667,526.4611034154595,10,10.058719890903467
485.23432943143416,527.1727081385907,10,10
486.1077699951129,526.8571310190018,10,10
485.5890225461917,525.2628218856286,10,10.12863692061623
485.2194732419448,525.663128596226,10,10.409444636277364
485.3244845486479,523.3478943710552,10,10.489654450144311
485.44518391706515,522.3150434530255,10,10.526886962091822
485.986630126019,521.1533879246367,10,10.484060752710295
486.4991873941617,519.4304766013967,10,10.375013508977517
485.75464491464663,519.6665607263035,10,10.399476434443326
486.2981214962201,519.286641278933,10,10.202574830641689
485.90111718990374,518.6327459651324,10,10.180168481581166
486.6832464180188,518.8182225175578,10,10.165531108732539
486.043153627892,519.0984817466336,10,10.129649813266319
485.73283125378657,518.3019483906886,10,10.157094553072294
486.0187555096345,517.411964290893,10,10.214045775353206
485.9598703152733,516.4570418885637,10,10.240026296450258
486.7024273640709,515.4461632813295,10,10.394989520783334
486.2774483925896,513.6407630846142,10,10.385027327620476
485.73726127215195,513.9337577805944,10,10.4863685392594
485.99272606440354,511.4862410377192,10,10.559398660446973
486.08680214651395,511.5726415655605,10,10.596648798597702
485.696445695241,511.1339793211521,10,10.58740205891038
485.1771560697407,511.60645119349226,10.003217364976052,10.482999319364582
485.44006695516873,511.5568434348131,10,10.285785351640287
485.7956164694624,510.89909355847533,10,10.294232015174021
486.1418656624155,508.8616017299144,10,10.297078793328472
485.01038651831914,509.0281243483177,10,10.256280464471406
484.6460716641741,508.89057857466014,10,10.246279389744824
485.6189358747797,508.5670840705035,10,10.332363060724473
486.03226163156796,508.51334268093206,10,10.414683480167703
485.22164323099423,508.62250553582885,10,10.605196847131506
485.86857583292294,507.1176091979126,10,10.797566417724216
485.39581801660825,505.88269911134466,10,10.818621312997445
485.78333293565083,506.25282577458506,10,10.721381583051414
485.25698202021886,504.8883876204897,10,10.608733528678059
485.2673489229055,504.1334619980724,10,10.530233046980713
484.60049138229806,503.8518962896409,10,10.45961754182759
485.4806069509359,503.61576999276224,10,10.245589110175153
484.89290461700875,504.513170481485,10,10.093580953660055
484.69518461090047,503.19377897414734,10,10.004345922910005
484.54183860879857,503.5027134984266,10,10
483.977272652206,502.66716652805917,10,10
484.5433874950977,502.48243295843713,10,10
483.9074720965,503.21529310639016,10,10
484.1893516407581,502.4419604509603,10,10
484.48430617910344,502.7784579664003,10,10
484.4376376235159,501.5738247304689,10,10
484.4062321924931,501.16795083577745,10.046109601463966,10
483.3987794510478,501.71606951430886,10.031840994922858,10.021332089500863
483.6428165055113,500.9077044822235,10,10.112843309257824
482.74956818588544,500.05327356302564,10,10.018958732515273
483.42914297350217,499.84002618538904,10,10.160217933808662
483.18315697379876,499.9927184115359,10,10.089973462427137
483.5315402216511,498.9294583394658,10,10
482.7573362655239,497.91133353133597,10,10.017531612032979
482.7404235593276,498.4207029556024,10,10.008091207294338
482.64184559800196,497.661414046539,10,10
482.27589820243884,495.8919605209958,10,10
482.85311905958224,496.3536276712548,10,10
482.12659720995,496.1128819981134,10,10.053948630018057
482.7717072806554,495.93841615002333,10,10.125020876811593
482.01600651361514,494.83360889917117,10,10.21327388445156
481.5959938309388,495.95117316254726,10,10.229760405154236
482.0707081697183,494.2960904498057,10,10.287838237558756
481.2180457256036,494.2169304666054,10,10.26160732257361
480.77077688195277,494.2870238773679,10,10.196866540486788
481.94485618092585,494.9952409083857,10,10.117151872181326
481.01368065096904,495.0470115043156,10,10.147731606582463
480.94379284151364,494.4929740249645,10,10
480.6267768657999,495.50092862243764,10,10
480.06873880990315,494.6309825685681,10,10.008525473370218
480.4073898411589,494.6995460564366,10,10.2113050113241
479.7905154443579,494.8159674881135,10,10.278472233076261
480.02609898813535,494.7471652398188,10,10.395170095036843
479.3305510497885,494.3650293853781,10,10.408601140008354
479.40813326009084,494.1657142249984,10,10.445903276163111
479.5152214682894,493.6741879095911,10,10.573125595202416
479.6681695348816,493.99446559830835,10,10.698645948091729
479.2768571443157,493.69262379872595,10,10.721293396801073
479.7272797591286,493.31397417117813,10,10.830000537448248
478.85435704060365,492.75596027238845,10,10.916470510892779
478.9906134373741,493.37390452776066,10,10.950425816905494
478.904964580317,493.1696278693757,10,11.003102211068052
478.7881657994585,492.4550718516428,10,10.98118983342502
478.2717927611666,493.07892501099104,10,10.9073282098197
478.8752995050745,492.5692730125712,10,10.93226609728819
477.78656547435094,493.16292577121783,10,10.912533435944423
477.57059467502404,492.8038654976121,10,10.93792254308858
477.30532432266045,492.3483785934012,10,10.95930430000431
477.7939359016018,492.5430996624876,10,11.149350737290103
477.5053864485817,492.4009766502106,10,11.139207990786858
476.89762983389664,493.0748497242986,10,11.087615984037086
477.6811938054161,492.3990858454576,10,11.125420177571117
476.41318736143876,493.1960228984071,10,11.042476609849622
476.75863353081513,493.01045197649216,10,10.876736589608521
476.02733997174073,493.0796833746343,10,10.846876324578508
476.5514676339226,492.5065978631928,10,10.66141699830229
475.7171066767769,493.6895903493436,10,10.50687163552835
476.53209379978944,493.95940560154537,10,10.434747331199857
475.10963896580506,493.7715243756427,10,10.320179623341076
474.5034952468842,493.7763105207153,10.021627557203589,10.171902914059817
475.63087428961376,493.7093396346404,10.034621165470057,10.012498936831443
474.85810903378297,493.57512584807654,10,10.02875013576219
474.63960967131425,493.04699892993085,10,10
473.71018216677476,494.0065871733713,10,10.16958579644422
474.1838755971985,493.16776783047794,10,10.194126852683913
473.7592144078808,493.5796296970674,10,10.107107707441457
473.50680089660455,493.3050426934009,10,10.169037227965688
473.18067855306435,493.9523506130452,10,10.252457649281844
472.51686686940957,493.0662244226941,10,10.09200713100481
472.21829215355683,493.27326069918195,10,10.247070243922732
471.4467877513962,494.61962587537323,10,10.431725031005485
471.53705743618775,494.74757364501374,10,10.51394318710755
471.63372936763335,494.0226887856158,10,10.612942313213912
471.0947165779071,493.7706086185349,10,10.791933709931033
471.23461343266536,494.5013909012137,10,11.034862548008117
470.5115475199418,492.9731805251586,10,11.038099982933941
470.80175702192355,493.55655796714257,10,11.035209830754596
470.4659232936101,493.12050818429947,10,10.969500703985515
470.378259330173,493.82014636743804,10,10.78084056867306
470.26919638284016,494.8261931802287,10,10.614754290198672
469.62455712922383,495.0319056780846,10,10.478648155494547
469.3924005246954,494.60967612187596,10,10.465224052961279
468.75081511505414,495.4714694969662,10,10.350888801956774
469.0494514621096,495.57068714711227,10,10.071406808637665
468.7294768608408,495.39819268952124,10,10
467.69585578807164,496.18150167237036,10,10
467.5499735540943,495.9141174412798,10,10
467.0400025314884,495.39074413548224,10,10
467.44536826678086,495.7322734154295,10,10
467.15140361257363,496.2619472302031,10,10
467.5756143993931,495.90443645252293,10,10.121038441594603
466.749577946146,496.26724455568944,10,10.057925656568168
465.73378736444283,496.0092541620046,10,10.112422130926733
465.8692743695574,496.8448053237622,10,10.141262992264014
466.24048479564954,498.71475846427956,10,10.275197996934967
465.3388592816191,498.57001173305105,10,10.189984297011735
464.46756090887357,497.72847975482904,10,10.510403938689786
464.0551955915289,497.5866935067908,10,10.766315349637502
464.0429835441755,498.8394042682749,10,10.748698954766885
463.8076768788742,498.49503545160985,10,10.879248745727864
463.4578023228096,498.6956715198332,10,10.917017389348608
463.82830309600104,500.5654492736441,10,10.99538423547136
462.91161685914267,500.9066799969811,10,11.072543276487327
463.17011981934775,501.2528313575358,10,11.24821108159633
462.11703151196707,501.8154735593666,10,11.214782799951701
461.52173757285345,501.55410984703565,10,11.066462298664401
462.12082779139746,501.2444849033856,10,10.94260546313279
461.3020465943264,502.0427957664034,10,10.70274340449368
461.6395249936031,502.6080847814111,10,10.478827600201637
460.9800046655582,502.94620594473076,10,10.346840530215156
461.43827113241423,502.21909048901927,10,10.11514715002739
460.527923968737,503.3885068997715,10,10.050459216447083
459.74615791172255,503.50033865659015,10,10.001915996903854
459.70715396583546,502.53116972814314,10,10
458.99866132915486,502.15030251513235,10,10
459.19499800086487,502.90172301302664,10,10
459.4820512282895,503.3776092089247,10,10
459.74372738475796,503.43630515108816,10.006315779790746,10
458.2581910836743,503.82874043355696,10,10
458.6382662105607,502.861365333898,10,10
457.82382607937325,503.1433915651869,10,10
457.8889408010291,503.81642545829527,10,10
457.2884212631034,503.5254682756495,10,10
457.26925381377805,503.3108398474287,10,10
456.74863775924314,503.78042266727186,10,10.035274100494659
456.3599711890565,502.85014110682323,10,10.026326928385027
455.9239599938737,502.2015252127023,10,10.027380971761513
455.6966854418861,502.74008429316166,10,10.044612075941357
455.55099136487115,501.16599745476327,10,10.144225610221067
455.49908298358787,498.0864662501354,10,10.415546453772489
455.4084388251649,498.45412139458364,10,10.56460076982587
455.02190365747083,495.62495582970644,10,10.602561988386507
454.8936799551593,494.75972029659715,10,10.528215616479468
454.8805323840352,493.6914663154206,10,10.501522485158816
454.96584568929393,494.5146010443194,10,10.596143887918778
454.3208102436038,491.2068374295054,10,10.651058439018875
454.4038253502222,488.57015318683995,10,10.683030020358206
454.50913997006137,487.56197387529227,10,10.539583345602004
453.57555694889743,487.2262934143099,10,10.505835207756087
453.79511070263106,486.0838753791911,10,10.404884267800796
454.2947826386662,485.08836686606634,10,10.568244309721106
453.28498256218154,482.0057446270885,10,10.622536410357391
453.817600846407,479.98637944300685,10,10.491725419572905
453.44821932923514,479.43476693900755,10,10.162885536710085
453.51370642345864,477.938953981502,10,10
452.6076870338293,477.2386891699862,10,10
452.82977096003015,475.6992521143984,10,10
453.2368937806459,473.7129856206011,10,10
452.91444275539834,471.5703631497454,10,10
452.60179084473,470.2854053832125,10.007773952257136,10
452.0748920814367,470.6221143461298,10,10
452.9154674188467,467.709514096578,10,10.031741560505006
452.46713442367036,466.24401560592787,10,10.08627322121813
452.93609831493814,464.20418994198553,10,10
452.68340946000535,463.5784596062731,10,10
451.7525083498331,462.15957707217666,10,10.026471943040312
452.22817746561486,462.4304894960951,10,10
452.28043162834365,462.15097887218747,10,10.032322539281097
451.9030230046483,459.8654562390875,10,10
451.4954560996266,458.6246677793097,10,10
452.570393443224,458.3731813884806,10,10
451.1679403783055,458.0798443413805,10,10
451.23078540724237,456.21106527815573,10,10
451.5133948401781,456.5789067305159,10,10
450.5957380012842,455.43659599195234,10,10
450.5069671572419,456.36562760244124,10,10
450.72962385427104,456.75425811181776,10.02351185680576,10
450.9306999744149,455.5571118153166,10,10
450.75865127157886,455.44450080464594,10,10
450.3448128850432,456.13730347226374,10,10
450.79710473131854,456.01015223632567,10,10
450.56712810706813,456.0492007180583,10,10
450.55675792426337,456.27082105423324,10,10
450.7150955918478,456.4834153249394,10,10
450.72459677804727,456.7566811933648,10,10
450.7288288177224,456.24483232642524,10,10
451.171041425177,457.5565263524186,10.098526008941018,10
451.1823447869392,458.10219656373374,10,10
450.7119057701202,459.02055381809384,10,10.02270126085677
450.23376639944036,457.89812830476865,10,10.05740752928278
450.7206996009918,458.7071383490693,10,10
450.5900244937511,458.63868183339946,10,10
450.5100510419579,459.0659049197566,10,10
450.1506923736306,460.1060406609904,10,10
450.47519767296035,461.44151782595867,10,10.138466255695787
450.1051577926846,461.4337571256983,10,10.26782436935174
450.20781134825666,462.0205341662896,10,10.335843979537222
450.4685808942886,461.51289987029696,10,10.555872109696224
450.6691025571199,462.08436873706665,10,10.777791930592555
450.4903431312414,461.9433025837369,10,10.79477029275971
451.5017602817388,461.6997622413096,10,10.877741857245356
450.1945641414495,460.8998772619119,10,10.845268063561168
450.81840655964334,461.6502613312296,10,10.82413420989894
450.7966277265223,460.56153863550117,10,10.851200897284846
450.8943289035233,459.25095197395524,10,10.895319958215389
451.327489536372,458.53879211905905,10,10.804392203827808
451.76947924132537,456.9212748395864,10.00174126031654,10.629379231645181
451.2550090664299,455.7663524131955,10,10.441174825241253
450.9228417390259,455.9171133717923,10,10.113650961046948
451.4353392237099,454.61351802921854,10,10
451.3990078254851,454.3996244368609,10.029799546670791,10
451.7645015233429,454.4564457682427,10,10
451.751692488906,451.9948786338338,10,10.023157061633876
451.99577967834193,450.5541916657242,10,10.007074113469054
451.905614048359,447.01256580627523,10,10
452.3620658220025,447.0820732859429,10,10
452.22323590528686,446.3977438954171,10,10
452.3788026125403,445.43091601476084,10,10.025785945486076
453.0636467487784,443.1793239511125,10,10.048783133543179
453.08193935093004,440.7127594498452,10,10
453.0994632804068,439.21265943325125,10,10
453.24327537056524,439.3713764694985,10,10
453.5154716038378,438.66641755378805,10,10
453.1457023584517,434.60395427024923,10,10
453.95196753379423,434.25753191651205,10,10.036083359226872
454.0933251642855,431.6815203854299,10,10.143556479374544
453.76737743255217,431.2529301867802,10,10.110905750937707
453.9612526112469,430.5058686879929,10,10
454.38535599049646,428.7515258336884,10,10.15955531653448
454.5366692506941,427.2527466289495,10,10.290163452498403
454.82225873705465,425.3210556771335,10,10.436052060461003
455.464234259096,423.4583691683445,10,10.450021469716697
455.1195354425581,422.6312285613964,10,10.459683695575839
454.9692196660908,423.182362038983,10,10.513281694397431
455.96378872927744,422.38648734996735,10,10.53229242496773
456.6405845695408,421.4840709208305,10,10.727333527565168
455.9770157748135,420.78816471041347,10,10.831632811535515
456.35156698164064,420.15751301173333,10,10.828986099414038
456.81989259656984,418.2085579366055,10,10.991489850896496
457.0149131232174,418.6838320790622,10,11.080650895588168
457.3966426664265,417.5931472171017,10,10.916492732164762
458.2886742168339,418.29233054227774,10,10.716186475146177
458.9140453749569,418.24559642160466,10,10.498048875570948
459.51217649516184,418.3367331494312,10,10.456308628764923
459.12459419306833,419.46214634138664,10,10.408901453380581
458.7958898061188,417.7593062443875,10,10.30218721912565
460.4077142065193,418.7553980839774,10.026054844905152,10.03497328462825
460.70141516264994,418.6736531702336,10,10
459.9853193574818,418.39232791936956,10,10
460.36503903206903,419.4550719562037,10,10.133391587891765
461.52549986180384,418.67579573461575,10,10.07028677875602
460.95327685412485,418.65224672367333,10,10.186533557204498
462.14767442282755,419.40686586969656,10,10.141725954969777
461.77777061995585,419.14786292689814,10,10.178119992689115
463.305717568961,418.48419650750634,10,10.358534773077299
463.02094559010584,419.3896798458377,10,10.487219943300286
462.8755454682978,418.62161238668307,10,10.69695136295988
463.58326449629385,418.3526501639577,10,10.833703587703633
463.7805512213381,419.19998656765694,10,10.920567836274506
464.53377183910925,418.574694246465,10,11.067032700978823
465.7321947478922,417.76338500052213,10,11.13466853066376
466.67406484123785,419.25249012799515,10,11.001747744482955
466.6785717672901,418.8428477086566,10,10.966876983089039
466.9335506922798,420.31485093438323,10,10.969313135700771
467.73765555687714,419.0048357725111,10,10.788146407443046
468.2906003362732,419.65309484897557,10,10.718970264058479
469.37434235878754,418.57215351177365,10,10.62821436004747
469.6232376314001,418.8296546196506,10,10.561522966541878
469.923576346715,418.85226788115625,10,10.648104843684829
470.10190414555836,419.28966779703904,10,10.703636659315267
471.10144870646764,418.7760368559789,10,10.854880076870316
471.3438649690943,419.24578598816316,10,11.056877040315479
471.44536727585364,418.91248347038413,10,11.321984473410737
472.22359931387473,418.9422138748811,10,11.388157261790873
473.3867435447173,419.58218707640964,10,11.282783445746983
473.3306917838054,419.448938493859,10,11.12465655522432
474.48610946454573,418.90624916780564,10,11.06838035827858
