667.5,428.5,16,30
668.4520870233838,428.25111713816494,15.556643767105601,30.494718793833858
669.048031598311,428.7894910991382,15.406977951563633,30.67017886634835
669.0332013119264,428.8212552196054,15.255296831527541,30.846632172411955
668.4589318677818,428.7672544020594,15.37163287996563,30.696852689349534
669.4356996944473,428.32108728262864,15.297587125316007,30.776453337608167
669.036198701449,427.86308117631864,15.366727732642756,30.70246464662168
668.6607207529286,428.5080737207686,15.298823754481568,30.777785219876968
669.559588519637,428.0366650955131,15.133064467898482,31.025520580758574
669.3973177484255,427.7274517283117,15.132994197491596,31.049749147837343
668.7857304416216,428.3455602696814,15.313045089023085,30.845146249477487
669.5053889398546,427.05352171809494,15.176895316487304,31.050424391011
668.7458541799932,426.5560680579261,15.242753171056687,30.94102596717756
669.2415830127986,426.6761835872091,15.165628491323787,31.06889385303712
668.6967083646585,425.99824238768934,15.26245679284533,30.95643370942831
669.0086878605696,425.7493503817169,15.165151984887775,31.121736873537603
669.4312555479095,423.91769399056005,15.172301101270289,31.08415696900748
669.216394959972,424.0738883629054,15.043276773719427,31.189665955382512
668.9652238467277,422.040530956728,15.248257775318551,30.928057403479507
668.9391960983,420.5580992691599,15.300171628924184,30.87460760913627
668.5788231295652,419.64378170831935,15.551830949162401,30.554781150540997
668.8515833860879,417.827596477041,15.55699190794175,30.556354942183912
668.7395019503994,416.3695894324085,15.278080014113247,30.90040905906747
669.014379777628,413.7529309223413,15.32715583443693,30.813869912362122
668.4819572456304,411.2546903981379,14.454192384791064,31.829180783309333
668.6098996674494,408.6932061942456,13.975788739463644,32.39555386562394
668.6062940437014,406.0638254926749,13.726377106262701,32.66457155920111
669.2101698663371,404.59732027110664,13.64271398676338,32.706426044161915
669.0944834051407,402.04221322421563,13.684994138937133,32.59165596893766
668.7239268997173,399.2074126158126,13.565591614906246,32.68075753669584
668.0999208590225,396.2870360986882,13.66064136929221,32.52661892742043
668.5978515959234,392.4707798665103,13.44675135011082,32.7529433806068
668.8362600971587,389.8911569309958,13.225472274790901,32.98276639625858
669.1773706529796,386.50317464384744,13.103164261961457,33.095013223820764
668.4748208387914,382.81554397188285,13.18669432837942,32.96525299563684
668.6259937972503,379.06107970008674,13.11923817207509,33.00294387977481
668.5195709467533,375.08277234734607,13.025934658562882,33.04836616811134
668.3503965573917,369.7334078040456,12.989985907826972,33.035683778577024
668.8466852134104,364.99325478877955,13.020019260157344,32.91767075545915
668.3582579932572,361.8254980257053,13.219002270543655,32.63032766463375
668.913993486845,355.634197382499,12.94997284220591,32.930660236141705
668.4896921099638,352.25160537037226,13.180478171461216,32.63349255675128
668.1231806397009,346.5583129765399,13.165466753962402,32.6202913489326
668.4757462133717,343.16552158206963,13.072796935127162,32.6605771827645
667.9934738877174,337.2245199164881,13.092650405252893,32.60171213624207
668.1563712710376,331.492119534595,13.011271115530727,32.64938719812395
668.5157096248199,327.17974643459064,12.917200778892143,32.637399389343614
668.3509377667546,322.1242975764665,12.908102046835877,32.625330339234466
667.9535395720637,316.20076265245814,12.896189504294519,32.61214780688006
668.379259340994,310.50658839848944,12.764782956412791,32.711706565671946
668.2619489638422,305.3194986414638,12.848784680717621,32.577578622753144
668.1002990107596,299.5095003673198,12.749750571513347,32.69277532820661
668.4759709550477,294.8189597973202,12.890843842952421,32.42604648590601
668.2377148180559,289.9030693361359,12.92933025495753,32.33485186811345
668.1538033081728,283.94753905716476,12.88174155206364,32.39247214132674
667.9793173774125,279.0181208653481,12.741299854147442,32.51416882311675
668.2799119209058,273.5197154738307,12.686044252191902,32.52959151411067
668.2290324215166,267.2457890088865,12.599717590631768,32.598346123991575
667.8098186373726,261.89750571627,12.548771320018504,32.58236922167578
668.0552130608957,256.00936415959006,12.359444914655086,32.73018382154692
668.3305683483791,250.1568618250579,12.228068602297812,32.84600849793546
668.3283487545688,245.80614794136267,12.378652403542048,32.57339432654416
668.5004089936178,240.68183193384107,12.482551221374809,32.3814221316875
668.8834235290286,235.387220772769,12.33050017885052,32.51958797342385
668.6227104048602,230.35487609420406,12.522708874048798,32.24648779503132
670.6364635908417,225.3093947271454,12.618510683848333,32.066691900303454
669.2134666687607,220.82145252915788,13.507985639536741,30.957488520094387
668.6117759279332,213.80312206663825,13.864604583235526,30.522895096378754
668.6283787834607,206.45545324143782,13.347497788711218,31.12824880665512
668.7169539427139,201.76121290305477,13.002210933129838,31.461130270774753
668.8633276975895,196.31332570062256,12.769451113678297,31.687735249674773
670.7441793637732,190.18553103887425,12.543809783492847,31.968042857778343
669.904956444504,185.60960844361676,12.620073114516256,31.857543687941778
668.7999336367791,181.70977523869084,13.414669706719394,30.783554778579735
668.6941294579914,177.92704915686585,13.298117659135757,30.932270339446525
669.288267895917,175.85380015435211,13.155986818479162,31.075197787833364
668.3440289454014,174.21265011417725,13.81797732136271,30.237077889087637
668.2634433154755,173.2890902009181,14.207628592439296,29.73696012863084
668.5013408487702,172.455264237207,14.393954344941577,29.434449664390456
668.0197592413291,171.04559727289697,14.49658193818081,29.198406109642573
667.955396423911,168.98381408065228,14.392082599934477,29.24826777458852
668.1284292798571,169.0134004862319,14.292224348803284,29.334891754148295
668.1651497149909,168.48565621157195,14.248761956863156,29.323049823846294
668.3056436852152,167.33229380589952,14.266088915620632,29.2248461893751
668.5258351918848,166.05808723868367,14.162663893404584,29.35900108215339
668.3927742267138,165.6697198323449,14.251121379896144,29.214264716299276
668.4335054148637,163.4622798222876,14.266148850302574,29.1038351737308
668.717950656848,161.79640280673206,13.615189654814996,29.899387966209645
668.9816392309269,161.14521882248465,13.235020616154934,30.384931319702815
668.820599208755,159.9001907148098,13.736305869515672,29.733642034106452
668.69602772298,160.2176835986136,13.83392604073935,29.58164256768255
668.5581952689449,159.56284502542377,13.886140794743469,29.44862564610718
668.6308371270351,158.37366083386186,13.89298058940069,29.386746016688292
668.3656700491872,157.48276525824969,13.869701678423134,29.425554422742028
668.4015203860542,156.96522060396546,14.024972392552245,29.218447052195167
669.1464676035873,155.98324122753147,13.901880411480825,29.322885250520628
669.1058428687185,155.04808579112137,13.828632213071455,29.391786282757053
668.8935343011962,154.62291446940014,13.902467162323198,29.263125437182
669.0376841712718,153.35691768940023,13.08635064971066,30.260910818661586
668.5111036707027,153.274768346177,13.212287491608325,30.122408760336118
668.2893939907038,153.06473833473268,13.519236950998078,29.636137184466094
668.490414398753,152.10399687563188,13.674033395622747,29.311560684943046
668.4738993481836,149.92565827876447,13.87533506815935,29.03270502269031
668.781785491106,149.8713840675413,13.755656234291308,29.11915979518305
668.8754066653322,149.1456705222894,13.5683668693503,29.33822163509941
668.4066686308151,147.88578330920188,13.548682107886616,29.337329462000763
669.0370829069248,145.43357099177027,13.571458654391776,29.281659644959696
669.060307008072,145.70541031384383,13.464031629687225,29.42536077824404
669.2852954670584,144.80034832033846,12.70355033482604,30.414269254886456
669.310938961943,143.32007487735024,12.254074336821041,30.927878579827706
669.518529202086,142.2000719437178,12.805772509107594,30.180055477137145
669.329600087207,142.22677199308788,13.014425758730576,29.933197760041267
669.2333465137756,141.39354764006868,13.239016834178543,29.6135595014724
669.3025665673707,138.95756302807268,13.456172375277049,29.370443123657786
669.0759060296983,139.0240375483904,13.402581099967176,29.435500593756913
669.3369201707109,138.52469201247047,13.549565066458115,29.200238428063173
668.8724425609414,137.14121501433635,13.613449466142296,29.08523203233314
668.8703206217792,136.7989561480437,13.617080474957312,29.08657187652507
668.9873853156831,135.99470406986006,13.564765862020348,29.130874797121137
669.3311967343823,135.44554876724797,13.565217136560403,29.116370856713903
669.0845454502644,134.64584954057355,13.475876195885109,29.230828900402418
669.6554069961194,134.34411411112436,13.546053099978904,29.095013634594523
669.3861976251397,134.7037410246109,13.713731338865593,28.873721328770074
669.0743783073087,134.39812241648767,13.553050633344842,29.086121693896594
669.3507422254081,135.84935153718646,13.754025616493404,28.76890739285238
669.0501621660832,136.5393716831759,13.918956625379293,28.491404613652747
668.6146317083518,139.0591832889489,14.185580130010486,28.05821145581771
668.9092080879637,141.04381023388976,14.366025020360976,27.72241927972687
668.8064748862389,145.12084871930097,14.46570879575112,27.5092092560785
668.8145679722373,147.66179186405142,14.452248855223084,27.37346993160447
668.7950134341744,152.03741179988597,14.494449281546913,27.192279345824026
668.9727667770997,155.69738614589377,14.518845256542978,27.04743336453231
668.9304321141611,160.0658375999404,14.49054344048568,27.00148943318465
669.111825635503,165.77069507255212,14.306872423368933,27.158536458481226
669.334097169882,169.60992989986838,14.18481956991239,27.217514065659017
669.4648276617479,175.7775418144291,13.964867145318294,27.394840590541502
669.4000215824411,180.3146673325613,14.096362189631021,27.097854149308816
669.4820490396125,186.53073450966616,14.183283122532334,26.87003307329732
668.7614382555588,192.5348233105575,14.309450154774218,26.66963859834571
670.5051332081774,198.4088560691725,14.235449693888198,26.65663663397222
669.8157840185651,204.5077886236801,14.13269381991611,26.695625124505305
669.4555184086885,212.8553409104514,14.257895576187387,26.43803771710042
669.392445103774,218.81414743929676,14.249013510817887,26.34163552061573
669.2790780721847,225.51510478311957,14.091681022072539,26.442918502953034
669.4169741421488,233.43094259552493,13.948469877704119,26.52821789950461
669.4383434861716,239.72914242241893,13.965770888736172,26.419553994007657
669.3901843590919,248.6540907230801,13.952128691173348,26.338276930038827
669.7752882713988,254.80350578687967,13.833300511430306,26.42345902472968
669.6139107250096,260.4769275378163,13.963051666606557,26.17018241738769
669.4230237480916,267.49002979727675,13.99624254801875,25.99203850637696
669.6389444214229,276.1211797727908,13.743145398247782,26.207359633840035
669.3714996093073,281.67551090028604,13.78211123512371,26.138050749516072
670.8203241841112,287.9070176523171,13.746103730947478,26.12593255490217
668.596011895906,297.0424754983022,13.703149728408679,26.111595308366574
670.6965897616737,303.0938758307366,13.760786397233561,25.957322933292787
669.9853182694884,311.2146800062606,13.741638936657791,25.92075646762067
669.7197160046697,317.63015601295194,13.7260022621288,25.896909518630075
669.3490042070515,326.4182958404193,13.450625692188963,26.163952617601534
669.1041949446048,332.54757145075536,13.511333216591987,25.994572806536432
670.6232419662533,339.0829189366774,13.40744613588056,26.0577899211792
669.6686607281359,345.2459077969005,13.292169515664522,26.117397985645077
669.5377113235636,349.55557719222196,13.20513030672544,26.18806640477994
669.0009900943472,353.76090321606193,13.266604271696679,26.017340695295808
669.4147139058281,358.26640540506503,13.234264251808046,25.919690237272533
668.7252664409466,359.7688087990088,13.184079052901293,25.889071777174266
669.1795346950557,361.0175595113391,13.158924567063792,25.805981420476378
668.5601976265597,363.89738431195065,12.99461158152037,25.967877324777007
668.7322369295184,364.37574908003774,13.114842340160116,25.763264707166588
668.8385714779548,364.6616842804351,13.113923765543287,25.687451518724572
668.9507101868018,364.2684228474782,13.041611265628315,25.74441788372674
669.1344486876825,364.268813025953,13.00616011964647,25.75280402637688
668.3666191163579,364.38210753153095,13.020780849247767,25.703482328224595
668.5658374161644,363.8687489784164,13.032987320571117,25.67471835821314
668.8601716614763,362.811757950744,13.103034018450483,25.567118954512623
669.0521863915923,362.0577377580564,13.106284754169959,25.51360598085607
668.639507659948,361.5834756378898,12.927108092130528,25.66352084523561
668.4219714307543,361.6265155327253,12.987191517772596,25.517097261039925
668.6644140333206,361.19093692174357,13.313008576948917,25.089641053933853
668.4336414362217,361.06271775915985,13.220145280488762,25.170768588562474
668.1006329431439,360.67954329448145,13.057125971230523,25.357361973256857
667.9985955762163,360.4740577241208,12.910422840629586,25.497523880789483
668.0255588201472,359.81139668064327,12.764088016068586,25.583867224191444
667.3435559431088,359.59648227696675,12.62938897907651,25.70754330036421
666.6080595558291,359.50964612124983,12.596818826389836,25.70401854286842
665.3755826914556,359.9516376083647,12.717346161627745,25.475416473313196
663.9533391379659,358.75853659972694,12.743563300574442,25.3308136180759
663.4088868101567,359.30722030024725,12.54285339797301,25.49290773913764
662.0914421462118,358.10324414842773,12.554853683962225,25.393189640249833
661.9964380153161,358.25668466783276,12.448008403425447,25.441765430510827
661.9242876312674,358.4162098707863,12.36509969290635,25.48960035885706
661.6129758919874,358.8896817279126,12.340887129062196,25.473697289250147
661.8204413015012,358.33638821626533,12.22796520710054,25.558015421210186
661.5261679384415,358.5260670930027,12.205448810470585,25.519886629679934
661.0821295430006,358.9402414860042,12.319997383083022,25.299571023913792
660.6797058974518,357.74601233601015,12.551967326711448,24.911214863147542
662.2408184471685,356.42298782441696,12.462626348219178,24.961081539989866
661.444633058486,357.90071767139455,12.55426434608117,24.738032276942945
661.4290236308451,357.94327947959005,12.45019946298836,24.776997953733815
661.4031575780834,358.5079578465695,12.324336295851516,24.876863159815485
661.3127065937988,359.16194794304647,12.280052646616156,24.872588063106356
661.1569350900419,358.7609496065735,12.19308942997461,24.923711885634283
661.2138522682988,359.0633340442484,12.18923740753837,24.833186672641784
661.3771633948536,359.403751560476,12.13251812879575,24.856622718296293
661.5504903715531,359.34671381305134,12.125064880686445,24.823923489019787
661.2142232249532,359.60995729903277,11.978232063157167,24.94610409098575
661.1436299832433,359.83426052338405,12.127490942386078,24.692868212108316
661.0358808664133,359.9582981427447,12.245371490251026,24.457376157443036
660.6986802868869,360.08595399963133,12.195306742683925,24.45330395206017
659.9661730930349,361.1425108438757,12.207844390504563,24.365953059973492
658.7335763613642,361.3624719112328,12.373075094828069,24.1065201673361
657.5637232722471,360.1731610723091,12.520829521353097,23.870155663924375
656.5309806656506,360.5371801577105,12.515346345034905,23.789600901572626
655.4941842177087,361.04075478437585,12.468473247037611,23.75978942585657
654.6326161891674,361.64176534398973,12.336942236592467,23.85175641526373
654.0128431369412,362.1698015180661,12.130238140773105,24.04910406241887
652.9940878732002,362.90378112491703,12.153968074382995,24.00555173481775
652.5334479345034,363.39776647055226,12.009389349252736,24.152118621176477
652.7147115465464,363.9139995217233,11.99011064148822,24.1447390409367
652.8811550978072,364.5511025436954,11.906885774345763,24.207764633039925
652.6303511006867,364.5947554135163,11.755609464063436,24.36671996853712
652.3958937381157,364.72204309184895,11.715005685062494,24.3977669105893
652.6347471768846,365.2758327672219,11.916674932860383,24.137038670301727
652.3429184890532,365.9751583065497,11.935735893957252,24.109405643747376
652.6772399612596,366.0873779654598,11.807992524301063,24.313566786218104
652.5393719086566,366.86519266435096,11.734315741218598,24.396936135307683
652.7431399308441,367.4288586338407,11.854721221825901,24.230296363610243
652.3529267536267,367.14216947548425,11.666911845136008,24.462023419470427
652.3873680265542,368.1539551014595,11.790844036839085,24.304370565423326
652.2933569465112,368.9909836389438,11.895209423954133,24.16848525864316
652.0525941914278,369.2915153401644,11.95342879679744,24.088270845688708
651.5991291460539,370.38367357033997,11.9749873813312,24.011394618568147
651.5848455366422,371.1606082164022,11.811563181554558,24.182522370053334
652.1983956007631,371.7347523702979,11.624121838179004,24.39848126513511
651.787121053144,371.9973601609205,11.600734337023674,24.42646247172415
651.4247522041455,372.97665390575156,11.802411474794036,24.13402102202471
651.3784906854846,373.30224882158785,11.884783569164577,24.023366640333833
651.4746996276784,374.00390090896275,12.207028069763705,23.640445704376464
650.5371231727265,374.4330208918351,12.291998269973544,23.53934261998328
650.4613231381375,375.7697216606082,12.261068770479579,23.573357616860864
650.3194091417954,376.91949532693667,12.284683447676786,23.55671729332869
651.0160844877569,377.2181753942381,12.112453232476525,23.79935737091836
650.65809549909,378.4817602527671,12.062926968820616,23.864562693914607
650.1056546846935,379.4170235589719,11.976714079905761,23.96811676330597
649.4750375424885,380.52939753121757,12.10462576776581,23.766801073605905
648.2028243256977,381.3036585746514,12.171195326881415,23.657902938650075
647.2436963667959,382.08402460337766,12.1814853461712,23.64904015438332
644.8183356247423,382.2060070025192,12.173211392656333,23.715236440036918
643.4481967107691,382.35339271082154,12.338255999548611,23.477719579998745
641.7848753601145,383.4798151044187,12.453769273901845,23.332518635501465
640.9164104731426,384.36310146059765,12.552699036401352,23.207314669901187
640.5001807222825,385.6199062364617,12.546940027970887,23.212350404733066
640.0948441508453,386.3817599276495,12.383627260429314,23.392549796878384
640.1252618005992,387.2544662346248,12.27160606243892,23.556672590947862
639.8820144796836,388.71292663502663,12.310078100281482,23.541037200071568
639.4345493223013,390.1152317118226,12.247839359107349,23.64551828068666
638.7459949729556,390.6214530951917,12.24573651280815,23.692747750391028
638.8205718351682,391.6280764523751,12.22410524204874,23.76442954859749
638.9279086186987,392.3221966114042,12.05299569657521,23.992581604578007
638.5494121181993,393.7222052125826,12.26927520851828,23.77278986990313
638.1436303282151,394.0079450054602,12.302481699920971,23.767859346876747
637.7403463062294,395.62356748421644,12.355167991401308,23.709765882436834
638.3766582932584,396.7357519021768,12.39180390885329,23.661748355338787
638.3670465917562,397.7673174553097,12.328719920989052,23.784982853473576
638.2975949928233,398.84683249532435,12.12835750410687,24.086051278464478
637.4981313119084,399.7820873776542,11.959073262771911,24.377938183192505
637.4534680468084,401.11303290666797,12.090530065807453,24.287314014737184
637.0957335126521,401.68688715134135,12.305315051611823,24.068951669589783
636.7226378268817,403.1192036539176,12.286383294261736,24.131828449135725
636.989498189139,403.58327173871277,12.292841464743681,24.12055023738535
636.4157606667986,404.9954856963846,12.204412411867501,24.273820886571087
636.4455295431808,405.80961333222916,12.250992429179014,24.255127296629485
636.2445026556268,407.7737649835291,12.331154002386477,24.18292979847297
636.2401056706169,409.16411037746144,12.26645058016895,24.296075270450128
636.2789735097875,410.04913661984205,12.212729140095997,24.407431238676594
636.179090202884,412.05170159315844,12.439599604520836,24.145677308660627
635.8624868339735,413.0992370308951,12.521367593505268,24.0916082299098
635.4808792185632,414.0639535982803,12.433868498421113,24.248496687470258
634.9236250772818,415.2019207983272,12.405997616288223,24.325219843910315
634.7285789325904,416.1630060666963,12.611567485503105,24.117735343282
634.4787569300836,417.63094972198826,12.63496358383197,24.11922047875826
634.3522545138117,418.5166047442749,12.631087119741006,24.175160080371874
634.2129572168769,419.45511182629895,12.6235439241227,24.21060827003007
633.6913339228572,420.55463843650926,12.711042907792113,24.080545041751186
633.3867927735203,422.3584168514217,12.80589078282858,23.971236073788557
632.9199313031668,424.5192354714759,12.825861525316189,23.94421600973599
633.1083378013458,425.8927858003062,12.862345586109935,23.868861844461193
632.6848865120666,426.8455901282494,12.926321605220307,23.838004398787543
632.4889451625291,428.0992277789975,13.087372874932765,23.66721448318615
632.1447738818667,429.32594961862674,13.054140950955496,23.687392649173006
631.4219982456437,430.73923671234684,13.188173196645351,23.521418885545724
631.2412381065016,432.5867600639362,13.308909276883877,23.397024667260737
630.9388663736219,434.06162597058926,13.151691520948336,23.565460254314708
630.7243300320239,434.74660614621513,13.045071035504266,23.68035853515074
631.151937629634,435.70851647017645,13.084472861367999,23.632725569379897
630.7906838006261,437.5997854304518,13.12583008298219,23.558835138376907
631.8355488415758,439.23646142476593,13.160087914214579,23.453839568358315
634.435316146727,440.69352859411947,13.410179749682293,23.1824326046817
637.3679592892738,442.3537125299078,13.199870309376315,23.35568298299827
640.515692472503,443.3886719595833,13.443227070664573,23.002832676618148
644.1129291562942,444.6790759055221,13.560933268511825,22.81676631992733
649.2888558680991,446.02473114353415,13.832753283927985,22.45560620973262
652.3790889461387,447.554811827795,13.505941989298934,22.74680993062749
654.8439788260469,449.77840505302487,13.459405790273596,22.711915006962208
656.1320704483052,450.533842449524,13.304105247630677,22.835291808507346
658.4560217891398,453.0485721886945,13.168507825666126,22.926927510677853
657.6448506797215,454.24829578309254,13.245312930359486,22.858071762082538
657.743569679842,456.070588986439,13.034171743121949,23.093300218594557
657.8260623021175,457.6989271023845,13.155216224837883,22.91489322994392
657.7325608792544,458.8413029196793,12.964043990741619,23.149050334444254
657.924421115773,460.38245515949563,13.114320278549581,22.939918376402833
658.0986222200883,462.4452740819119,13.103508108695472,22.902740976974336
658.5456444572005,463.9339363818212,13.161351957301092,22.764606860249028
658.8549464026997,465.73378030852587,13.158984931823174,22.72561250926585
658.9360708960002,467.07207121853133,13.169268637773937,22.67463078881852
658.6200082168101,469.09361303575054,13.107207010661337,22.735408486319805
658.8307730704793,470.93395972106407,13.025823099860432,22.811243254807103
659.0105602178232,472.0089093943469,12.996282554514515,22.838517284324773
658.9383138671665,473.5135014108542,13.010821454196137,22.7521538193949
659.3669159692101,475.0935668419087,12.976278649949961,22.696593822917098
659.2835838932267,477.0270266840046,12.7846662559155,22.821288003623817
659.1110212353007,478.6995626810368,12.772723390729592,22.79374735683433
659.3861290871897,479.9498825538276,12.673787625172462,22.866528851105663
659.3899262588717,481.544627793391,12.613736023703275,22.862974822937097
659.4945904738838,483.672771979147,12.570813241672166,22.826760628213414
659.6412108620656,484.353879017739,12.492504042752717,22.853824962894606
659.4924087527011,485.9848841464078,12.494915095940982,22.765441128439058
659.4903491621716,486.9182447998835,12.491488531999618,22.68377462438233
659.5478411853312,488.3255629088917,12.666953747345833,22.43473903998708
661.1480103126673,491.4253325378028,12.250172669263424,22.908778998168394
660.2893506185594,492.84907087733757,12.19598002592419,22.875717773963306
660.43885637712,493.33304284190723,12.098960707627828,22.95138608656897
660.5271530682649,494.06708303469645,11.943897899525806,23.086283930513197
660.7832196486324,494.6584144675689,11.902134495012492,23.11145006333402
660.3427085011259,495.72142407065803,11.993750907666993,22.96077754161155
660.608928427745,497.0076604817318,11.988283825119563,22.925510653988574
660.3021313832273,498.1607085595222,12.051806913102183,22.784039666254397
660.6333013702985,498.96227269471024,12.023931441294582,22.756717298359522
660.408661586686,500.2462101974514,11.983522314042288,22.764353271575978
660.8802873524056,500.8991077955575,11.900114930762136,22.82424163096671
660.5459261104471,503.21383141787453,11.90109152644596,22.758691996043304
661.0308008649849,503.4268614612145,11.893857967573306,22.72157641600861
661.0104480175996,503.88251905390456,11.925211808131383,22.64892743126629
660.5463526064817,505.67187870374033,11.774806515254813,22.781912385745144
660.5518862011018,506.4453190266763,11.69827815981176,22.81053198973582
660.5723188923845,507.94149191600326,11.691208551229176,22.763693499061123
660.9533051306486,508.6894426942753,11.712817510381413,22.70006282703097
661.1339704100361,509.80879062970473,11.784129322068694,22.57956344359878
660.8440785299978,510.41811568814467,11.694407962821657,22.66079192397844
661.193999486163,511.9560086143496,11.670535114726956,22.634228302479805
660.9169823459193,513.1202078669468,11.578064098983884,22.705988917845065
662.3746574555504,513.7883469041484,11.516487473624522,22.784675400136038
661.6954740113372,515.0732671758923,11.600220835248804,22.67171947922202
661.5999487264805,515.9897207308247,11.52345277522035,22.742891568194484
661.3257636908336,517.4100667914518,11.625159973484724,22.610201060557365
661.0905223253988,518.9407983855858,11.742890257226119,22.397863972829313
661.223913617928,520.372206968797,11.816974297476472,22.258969535899222
661.2641670144003,521.8727668381055,11.932535091073094,22.07091937926763
661.423886151186,524.1116006859987,11.844699709781146,22.17558429456522
661.6456704253133,524.3042533843485,11.677671560124399,22.397013292892876
661.504292090404,525.4808147503081,11.856767706051741,22.179636563170686
661.5126764182304,526.8717559846624,11.95140086909149,22.02972402320373
661.4861516294336,527.9239930261116,11.878115541060641,22.1102637113624
661.8119500434705,529.3380298513113,11.904388092507325,22.080470061649855
661.6767468155612,530.5911222869247,11.899006390147564,22.059043567498158
661.8142381537713,531.2471169997203,11.77372735049293,22.193983239082424
661.5682982329317,533.0882286719481,11.753668977869925,22.19042195631832
661.7987855675856,535.9406168532794,11.849626400275255,22.07001334573089
661.5807117806063,536.359259739604,11.762435358339442,22.18290714995527
661.6453362172323,537.5892760616073,11.710715520596178,22.24450193209625
661.3099123960762,538.8254588552996,11.760161793336454,22.164630307953097
661.6840346933344,539.8302996895358,11.772144223375243,22.144789266197552
661.2997994483737,541.000038843701,11.79107205973611,22.111829989391776
661.2675746869322,542.4251303985988,11.78011979217895,22.124059332293818
661.1889665332089,543.8716056177896,11.90912517282452,21.978605737250234
661.3301059161422,545.0247645475337,11.884375308058209,22.021936591827718
661.3450044030499,546.1401041264428,11.938267852515683,21.914138846515424
662.5445663230128,547.8825189334523,12.036106798310717,21.776294811033587
661.7839617843559,548.8906524463277,12.007404734228897,21.806357045154975
661.2389296614933,549.2039295762336,11.934727557300832,21.892875442928535
661.0377395169146,550.4747840041664,11.909249195774105,21.914613347240465
660.9612880484459,552.9312852701415,11.851149201712607,21.989189684156152
660.7286809473255,553.1884839253105,11.93295444027298,21.91250939432993
660.4372844059693,555.2324072266576,11.956229960596145,21.88969336643414
662.0721667408764,555.7138949916454,11.783949879405139,22.080245573122543
661.5437525022099,555.8587061838409,11.810004240221822,22.069081187960723
661.635727677191,556.421128361146,12.0106060114221,21.873389262454666
661.0092698620949,557.1561997472854,12.03673407447549,21.85111078422777
661.031628438038,557.7275863086329,12.073692057188657,21.83671283414799
662.473881482089,558.2034027793667,12.020557038040941,21.890432508990493
661.8386869115035,558.7159318084344,11.985079580129216,21.961607818774887
661.3372491797312,557.9454287172676,12.086104224086043,21.831456641031526
661.145368998212,559.0433640397646,12.12153951340545,21.799795600300858
660.9008818831401,560.0107740256747,12.19858333149531,21.73210674248684
660.8819702587687,560.2633272377867,12.078981280951135,21.89065202305096
660.7751585973574,560.7521498048656,12.089694553023971,21.899390803840788
660.7791299732847,561.3695545283474,12.06366401175288,21.93674093329311
660.6504739333747,561.8202794309154,12.121109632799621,21.914523653982556
660.6520217715746,562.1328676695622,12.041631535442502,22.045132224697046
660.7222477290065,562.2729759717455,12.054843568756851,22.052221750262728
662.0160191253261,563.1499428000568,12.03418767797325,22.059869514538505
661.1731466756657,563.7627228195206,11.97591163842078,22.153413789461403
660.7715258113616,564.2258952111168,12.191652317987206,21.920624480550327
660.5361919271799,562.9695349283102,12.405316123357228,21.696231570363928
660.3687757778182,565.587163107586,12.356695797997805,21.76550535555031
660.2544614297174,564.3179221097885,12.323092935638172,21.81667646476216
658.5022697339799,565.0497826669866,12.191690985850279,22.016073235955538
660.2415991575797,564.0015823655507,12.363066566293526,21.81812774469582
659.8897264879633,564.6356227158132,12.467389808320167,21.719731573475386
659.6747442864648,565.2168139522447,12.517299171196012,21.674203410648
659.8765209920227,565.1777489841998,12.506346356031447,21.73743949549494
659.48077930519,565.906601378329,12.599668425699761,21.650452351928017
659.4768684365725,566.3878886281545,12.676014121260053,21.566108662442282
659.5632341017441,566.4208935344121,12.694663768547532,21.572441193555452
659.2655527966198,565.8300982832272,12.690486800835238,21.522601165377175
660.8329507309049,566.601437510429,12.556264090529105,21.625263988096187
660.1394060325017,567.083655202182,12.48742921479824,21.700512900244632
659.6144463255839,567.5995214342491,12.390024543398344,21.82546483476131
659.2636442503837,566.3285210174843,12.497338616112481,21.734126978487097
659.0858098354739,566.9919365306316,12.524811188579214,21.750072131505917
658.7091030197543,567.637434019735,12.673542314887793,21.61284760007646
659.9999723229113,566.6873545397833,12.53559772064342,21.68411313689947
659.3975664587817,567.6503435392115,12.456673339168987,21.747686086186135
657.658272381287,567.8566355340542,12.47079659128061,21.71630717844035
657.935922320546,568.2256765749808,12.469909673768921,21.68415753496074
657.9445357810625,568.3347364421594,12.380021442301251,21.76176818280768
657.8231833733051,568.3980086001858,12.372139450088216,21.73946933572882
657.7682669678707,568.4711166080214,12.322268991356395,21.79129879732876
658.0235109996778,568.5941553653769,12.2006624918825,21.95114676512943
657.8837967078169,568.6625653418371,12.17954973429929,21.98572580951577
658.2591594761808,568.6964976557118,12.09645463160786,22.099678772956647
657.8089930734794,568.613005582533,12.119183012057192,22.07912225404537
657.6851723204627,567.1821283449189,12.172069306618122,22.06791640021784
657.7848684601162,567.1654822087952,12.116530840720898,22.11714090833205
657.8887658826704,566.7203113381696,12.105564480147732,22.10331523587167
657.9923593506328,566.2953319919458,12.101881748972923,22.082958376561415
657.7314742704418,564.8292877545974,12.065025972846861,22.096291081528573
657.9355032859213,563.4703210385385,12.120832476981045,22.014155419942163
658.2324293752639,564.1010423223092,12.079654889837336,22.04862392608539
657.980041150648,562.6861225607099,12.113328713937378,22.011749687000712
657.7259897385295,561.5916366990259,12.14708129436764,21.964955476378343
657.6983174477799,561.6982551121675,12.097234756851556,22.061485061876176
657.7050666841624,560.2776933565625,12.134790910789928,22.07307165826095
657.7222937989001,558.531583905071,12.093343611069622,22.168332210108616
657.7169151996079,558.040911842015,11.959208951553201,22.385615481308783
657.7311152268031,556.1896707402448,12.100490431333775,22.273232572544647
657.6690466376723,555.892192681402,12.1112200573533,22.29041762261094
657.8653531409155,553.7738009189335,12.121281129808038,22.322378607264724
656.100949896993,555.0887059363243,11.762618087547573,22.829362424335446
656.0972437550271,554.0624338616294,11.578975073627754,23.141338651132997
656.3437833915535,551.343991948103,11.682459557040843,22.95785304382906
656.7887304400487,550.3978265493023,11.747686023557598,22.87648462935644
656.909718673925,548.0447811433364,11.870934781491933,22.74223148910913
657.3385713945389,546.105578811957,11.94236764306728,22.70522014959438
659.3540316349573,544.4197968498901,12.063158149321488,22.5556663865029
659.235539907052,542.5267310935933,12.116222130649376,22.510791372149363
659.204265738303,541.7362244188441,12.106271170588375,22.552724459463615
659.1390911555461,541.0045389950153,12.373426764534518,22.220997598419157
659.1295959581847,540.8572143884769,12.396315805939725,22.211897011767654
659.1056204183313,539.8982157471767,12.474274294578493,22.0949814697373
659.1821299877685,540.0348289054662,12.559587233564965,22.007790056088552
659.3289394514078,540.1190622100739,12.560050649864653,22.044569403651643
659.1213742678453,539.9293004127483,12.516245040961163,22.120468219317086
659.2303740566047,539.6430533438707,12.366305168640366,22.317452320126634
659.3975564184163,539.5315887585132,12.418037429164887,22.271226703778204
659.0201471585618,540.1530382873011,12.245419775911802,22.476699414200063
659.2577173391351,540.624692568537,12.18869567643841,22.569822521917303
659.2855830824526,540.5523289334756,12.1904812862036,22.599211980629633
659.3335594680045,540.3869221866944,12.152136154680548,22.669004158140595
659.5515410516263,540.1477812826666,12.221907013869114,22.626643327989594
659.1422364885203,540.514554970384,12.484685601808298,22.338459444328407
659.2807302703808,540.0156854038755,12.554137280450293,22.293968805731247
658.7509752470902,540.4475746732811,12.703947052563883,22.133538367105444
658.6840581550819,540.0859955396147,12.678871006778433,22.180875985768147
658.7081987624288,540.4577967901077,12.763292336416216,22.11787782342801
658.8287301067605,540.287410467374,12.698002225277015,22.244696497032777
658.6230105549324,540.7452084954007,12.894108642032126,22.0472902169232
658.5055162036316,540.9891024040252,13.009057777282411,21.942809200993267
658.5229066444621,541.1125326331687,13.007417871603359,21.972239725667855
658.3748550388676,539.7366330018046,13.038429723176975,21.93770733480101
658.8456123989106,540.3145178693946,12.955629345208337,22.047302961788404
659.0113132511815,540.4295616126027,12.88484117154074,22.14162886433973
659.1233565611734,541.0952571512573,12.993430187371644,22.012262842915884
659.1511364272648,540.6548110948617,12.897004817826799,22.17816308816494
658.9771451043642,541.0915421911714,13.077502867256339,22.009202584025857
659.0811175555618,540.7242145813532,12.999207454979121,22.120178642590304
659.0070257762687,541.1008611592786,13.08112097507987,22.038286749022966
659.2045634629579,539.6469144567,13.155238136386565,21.9454496396538
659.224879844057,540.2571877991944,13.15517866194363,21.96441551741675
659.5773325988132,540.3263156482745,13.071924742301732,22.07379004288822
659.2281874224709,539.3013641021228,13.249439359607958,21.861067202498283
659.1542059358322,539.2903278778666,13.123303161723596,22.02388432223622
659.3316876456842,538.0765856985341,13.204071570232696,21.944279066033104
659.6344325656082,538.1589606847773,12.996539353389455,22.199282764239186
659.3902414959437,537.9182684622232,13.024443902157671,22.150368678291873
659.4769837510395,535.3177558356277,12.876961135938345,22.3681247168526
659.6335162710782,531.2614647419981,12.88985747705776,22.347474787412605
659.3071827803208,528.0997857398667,12.832329036400044,22.41151253258139
659.7499838676157,527.3979996439087,12.678649726724291,22.668677716326016
659.4003324358887,524.6892040273949,12.792891695688844,22.59021334632651
659.053040443398,524.8491916036269,14.098430978617284,21.30318358837841
657.2926927077726,516.9437381430306,13.672082792565082,21.85518223778144
658.0694457670309,511.0583103811179,13.19517949063031,22.462202236094168
658.611309721583,506.64453360137355,12.954521134901459,22.739768956288408
658.8596072477279,501.49287823963954,12.71102629900015,23.08945209339177
659.0288841842271,498.63520359220297,12.811167558734198,23.072814865590367
658.7282798460333,496.26204795634317,14.139130244845454,21.74165202003085
659.1698562629891,486.4886828661578,13.704617519042248,22.273985532921195
658.994940349505,479.8859610182493,13.381838765089427,22.641672118142456
659.3086681833532,476.91720616206413,13.329944620830485,22.75362221442385
659.6165328762554,471.4884727796276,13.10123391559863,23.02431510692147
657.6158370054462,466.5375542222612,13.005446721212405,23.146985046361394
658.4621153127613,459.16419447772535,12.90601390018416,23.27966892904874
659.1484607239669,454.2638337786059,12.663592485999075,23.573934905839934
659.1845388565971,449.2185893640217,12.749140767786145,23.486601621971168
657.6881489755201,443.75854344846726,12.42884451065316,23.919671053177687
658.393234696904,437.2727495247882,12.424275284606006,23.918138211143724
658.7364866575308,432.5333264324695,12.462114245985493,23.870122251310917
659.1223127720245,427.25837890512986,12.590758407054686,23.78536898293116
659.2731127130971,420.4266157203765,12.781222524085472,23.569962399556925
659.2575086257069,415.2720707266318,12.665697131747365,23.754254566001478
661.829242806547,410.5166960411546,11.917697958757444,24.672857063481725
661.0357055019734,406.32392903431327,12.182936334765333,24.401453477982265
660.4966554272842,401.9945429096604,12.544432430169728,23.97230172368689
660.6031220314503,397.0897881814549,12.659658971345477,23.886948051435862
660.2793520929034,392.57339554102856,12.869007166338797,23.651371287000373
658.4361982044824,389.8162331265384,12.842954799519482,23.715123148451433
658.7868882652118,384.82824220980297,12.821488139268912,23.776105973743558
659.4906394166611,382.19166246641,12.805492508275872,23.869813994922914
659.8269237563809,380.0420941890066,12.916925656076213,23.76102971232733
659.6902690324927,377.8267655148475,12.88678571153397,23.816729022315418
659.8343554088647,375.62178964267184,12.785458976627613,23.940516482914248
659.6193766651876,375.5182843496774,12.95397016681299,23.77742287521569
659.4914483673084,373.4365121260094,12.945418233766512,23.79464554902269
659.3080293992788,372.96793665646294,12.994781655579894,23.76796899730904
659.0961961863717,370.8303363863964,12.937967023034782,23.84562114800727
658.897151573441,370.4439205641974,12.952211187832603,23.858940725564153
659.0069876345034,370.05917681082144,13.001116700995873,23.821008991841346
658.9019721851863,367.6957464643816,12.950893305949823,23.86527633907896
659.0732864789469,366.9604581716662,12.864198927060134,23.97837549798094
658.9324299435041,365.30238301031824,12.896552867086436,23.930344540540688
659.2469744453306,364.07817694095155,13.050546110213842,23.719171203352452
658.9463380055936,363.94625004629074,13.17723110216228,23.577868946521885
658.4844780499537,363.15893673752186,13.125200030680682,23.65365845067923
658.8579780289514,362.84822648774156,12.966747779289447,23.869489846541093
658.9531968003289,362.1695687088307,12.96977017947119,23.88551898354074
659.1280071150861,359.619976344651,12.879378047700328,23.97770946446361
657.4231216058569,358.78509677213856,12.826825638958447,24.015385551131153
657.9098859382445,358.1982759703599,12.793007412434726,24.032714331392974
658.2570779082831,355.8382064043593,12.790509360934038,24.03701360057064
658.2331378359439,355.68338956328796,12.714560878443343,24.138893356197705
657.9882742796814,355.82746840585156,12.833615586202324,24.037950611856896
658.3641200703316,355.00694000304287,12.744615776885826,24.162141806397948
658.1715574050529,352.35690387959664,12.668655907133589,24.247849047797196
657.9193202440582,351.83407853907573,12.782938495285851,24.116989037196294
658.2998925812293,349.28486704801037,12.728919246282533,24.17354094846513
658.2118970249047,348.9987897185365,12.61370468452172,24.30825443719736
657.924869773486,347.1284220032672,12.649262871879905,24.23379764514069
658.1122661013438,347.0490752014267,12.680181449780198,24.20577603337706
658.5533686360246,346.69673514946896,12.605756586622032,24.293984667890264
658.2389515423705,344.27916773723035,12.799219971050835,24.031902409390238
657.8014317341084,343.9737100267585,12.880013271618878,23.904188250789844
657.7070027466964,341.4215535246849,12.9019053594925,23.867613994500104
657.6723757486191,341.2908905358997,12.854857684976725,23.9323122955835
657.6733745940645,339.2651898407471,12.798371599676388,23.963685094732625
657.4717017784562,339.24038018498186,12.74114099464484,24.01915206615648
657.5332025131304,339.0303309422404,12.718769294562303,24.01523720520571
657.7052640748451,336.5220109738113,12.518161862293965,24.257674795262236
657.705040931118,336.0176158440712,12.626195949178001,24.157752381555145
657.4874538012889,334.19724389410874,12.605762854195234,24.154912506913426
657.3837939033551,333.97615589427147,12.590348869321204,24.186211994060496
657.1438583542466,332.2506156178418,12.603095743829059,24.161107701949177
657.7815547059565,332.65305923649805,12.718458097744247,24.003365855147216
657.5781806693143,331.10589053517197,12.711921034805652,23.989020863771668
657.0962217345609,331.43510632058513,12.66613097660857,24.010636149348628
657.5333228444861,331.3857911619655,12.597673583551996,24.08799616353219
657.6302929159629,331.3062821703989,12.44748959403291,24.277936850110414
657.5742113449699,331.1222320870938,12.577397601287498,24.132076834053933
657.4967053796536,330.7815298394241,12.638105082063717,24.079467116308187
657.3648152850229,328.80700962426687,12.642200440421096,24.076218203742265
657.6035097439461,328.80078130870237,12.60480517229577,24.130110411846616
657.7167593182511,328.63480913512626,12.399653494267408,24.393503084513657
657.5929332347115,326.9881409809758,12.391085529234065,24.378269007835357
657.7272850213856,327.35303483399616,12.463295639061961,24.26646017266325
657.7614523772389,328.0427147764228,12.691478716719072,23.967677661314617
658.0698342751326,328.07154108861573,12.726057730132005,23.893701319617758
658.4637991795173,327.64924078726455,12.728431032439032,23.85232715749627
657.9026658842381,325.90292704742365,12.88495932648852,23.625725177415404
658.2716190811493,326.13358796823564,12.857616115496961,23.59491972778398
658.3960417831538,326.64390136819196,12.856010271376878,23.517796724925653
658.5612739887742,326.5187417021929,12.88403573116095,23.45178791881073
658.4216597137845,326.59850163788,12.947619310604214,23.337753979816547
658.9782672436689,326.7192343236737,12.731546899532281,23.591338680899238
658.797388191198,326.80642807511,12.669678104754993,23.61743469388519
658.3647219636844,327.33876142674745,12.632706506475646,23.68838405468189
658.9580455716158,327.2203290191763,12.45831734343864,23.856782303321197
658.6581488786412,327.8352770550511,12.59877534263481,23.711682421833423
659.2587038144189,328.3760828005188,12.490384072306226,23.769528514325422
659.1743649319513,328.72414716307895,12.447668987557584,23.827958710065456
659.2567714669844,328.9566372059054,12.43273860660976,23.85537068755345
659.5955248668355,329.1840931353749,12.260214934024827,24.07940401236837
661.1412485909464,329.5604599128284,12.234869752114632,24.071801711657596
660.4538366726708,329.81440693254575,12.274703921726996,23.998214174565128
660.5442248260429,329.5949921996685,12.23367961555331,24.055019381944376
660.8449715659448,330.07188431747846,12.12413667748412,24.158161515991566
660.6981718030665,330.3889648486234,12.186082468199032,24.048800039044085
660.8329954260644,331.0377175326468,12.171539465958588,23.995046792922633
660.7117383404571,331.75402507357154,12.303922820475073,23.821209567899906
660.6737728794295,332.5469823042631,12.300121607592,23.770646502123835
660.7996875394629,332.7396389261221,12.172516696986325,23.89788098980535
660.5427313271905,333.0729491477801,12.16057787183636,23.879006215377487
660.6788808986954,334.27960648376256,11.569263732536186,24.5984451540235
660.6781624340886,334.592506494915,11.70180355152613,24.408951846730183
660.1247555255151,335.20720534419894,11.82248188588515,24.230963750327575
660.0387328631175,337.4779403117249,11.826022719231801,24.19481817898403
661.3139994887114,337.29574524075866,11.875682968562847,24.106282460034773
661.0715773011682,339.2725921449788,12.032103217739488,23.905317352232363
660.6615912273713,339.49167021859415,12.081596937923099,23.828324135728625
660.77642748097,341.1057093599599,12.161754440662826,23.77492107920869
660.8843833735905,341.71018904679954,11.63415044737026,24.414697634064883
658.68240275186,343.6048804775325,11.760197166753011,24.286252558701218
657.0777617382258,344.38976331963283,11.31059323821071,24.81904882518414
657.8147300996584,346.34507040716744,11.594150488123805,24.44946553390404
658.015220692949,346.2398426712589,11.768917625936856,24.248776808733982
656.3786940163277,347.8628144777048,11.259185325111496,24.848810025371048
659.0620675513701,348.5225852761501,11.526295505240398,24.55906645933365
656.7886119304312,347.94876639783774,11.812924230638654,24.210729198410682
658.7969944088527,351.07306339341346,12.02856064479785,23.955592524611582
658.8062278925918,351.73202220369495,12.144428509749531,23.84397468584796
658.8450112208728,353.7386293564111,12.254680037682473,23.74244942346069
658.6229403323898,354.7605585533123,12.364384235731976,23.5736673236036
659.8455549196559,356.84341705154924,12.39498013253453,23.550081178875306
659.4943172940199,359.3684243983483,12.382411362200159,23.53842183577165
659.038662599734,361.91625491080265,12.4073078322041,23.46555410386214
658.9211876787681,362.68538155930446,12.486251874365799,23.345139737942148
659.0743952641795,365.13778601031345,12.483205033544635,23.337424131975183
657.5579937123007,364.88817308711737,12.285915611820167,23.623375648466716
659.2142806125837,366.08765378973686,12.332611668660766,23.565417899614992
658.8203836069141,367.9141892828718,12.504834359943136,23.327052428252998
656.4731589902635,367.3379377538039,12.532155030317046,23.243850468345272
656.7042866318908,371.09036984315924,12.712793895889122,23.014982974662594
657.6507773921626,370.92683924268124,13.73087843064323,21.89983767365791
657.2825950280494,374.92991983863004,13.555865848116829,22.05596514753173
657.1848306038677,377.82196546417265,13.228739686256956,22.42619890483894
657.5487285592233,380.0555137490251,13.154564793478663,22.54188555733237
657.3330580896946,382.3431111632829,12.903853239440343,22.8359543778037
657.2887390772686,382.75114780783724,12.77912113482638,22.99515386339133
656.9062519977442,384.448787216895,12.827749089594459,22.9081691031218
658.4333796259383,385.53576534871115,12.8539205261689,22.85685440290517
656.1004676267396,386.9563589707714,12.93208421191358,22.715054470719974
655.9078781219998,390.4644677939412,12.900534993062493,22.74253847309265
655.7764867390322,393.6354938967014,12.675838251074827,23.002655304437422
656.3628995158094,396.23998465426297,12.494881372275401,23.246740138343814
656.054631178886,397.02546921784545,12.573530770903284,23.1727925670794
655.766959377635,398.34495437447106,12.609510273902654,23.111332133894123
655.390168273983,399.7797480632769,12.68374484689127,23.00076079326977
655.3385138243239,403.14276555894213,12.617844027505246,23.030433065885813
654.7496702138146,406.3100007176192,12.562005972339657,23.119798979763488
654.7173067080532,409.9873572969901,12.575726413404016,23.083619241584305
656.1724937169843,411.9036871173085,12.742522529132685,22.84215470745387
653.8477646484502,417.43624598536775,12.598336714784892,22.983646697287526
653.6849535365776,421.4203725232652,12.600225698163902,22.92931640820525
653.7568864523726,427.5324965629722,12.36357039542471,23.1591594008738
653.7119243075362,430.9775711339587,12.454676934844734,23.002990914570958
653.4824097469887,437.0522753019966,12.464236489594445,22.90226479132475
654.6604609577223,443.0792061418124,12.454435623760705,22.867590085264975
654.1976273785039,446.88782942276157,12.445079534001977,22.84408732448361
653.7166248344602,454.9022218625513,12.27182344407258,23.0147977604558
653.4148291010071,460.2700389278635,12.177666726774763,23.096029550852002
653.2094861972781,465.46426221786993,12.11239794200477,23.124775429945526
652.9870621242467,470.713452093894,12.001704989949644,23.213144754740735
654.8047690515306,476.0743624102054,11.470489591192623,23.84011810557734
654.427186585535,485.0955820118109,11.01651648740943,24.41254515908021
654.0504177230872,487.90571114840503,11.175041070672906,24.191368116055553
653.7839066543021,493.1210871681178,11.277424388310234,24.060549510162677
653.2743645935327,499.90091049719274,10.864213902686497,24.568999012901536
655.0106623865864,506.99676655671817,10.569294994283016,24.92385099602344
650.292066609759,508.1101544737392,10.684510839929956,24.74981931214308
654.5153943459728,517.5891958938813,10.41368144019522,25.045225012508258
653.8127961219454,524.8847715886479,10.652150583791363,24.7286831887099
647.5859170222562,527.1029779828085,10.14146271535971,25.356816508634616
649.1350250255786,524.880438335478,10.325426302755083,25.138161367260736
648.9806414071463,538.9815873321246,10.0,25.588924287053246
648.9848982926451,541.548230733227,10.0,25.81546691066015
648.7573579606227,541.7680765980316,10.17727041829251,25.58246312319831
648.5984583355905,538.6167675103256,10.68714860147658,24.865755088588116
647.9797090332548,541.6720359682893,10.928457135041922,24.520843172661042
647.6013459391844,547.2310446778893,11.059225238122758,24.30499021268941
647.2899056677078,550.3574152002909,11.126383484837966,24.157297347512674
648.3765819240716,560.6095833877898,12.374021439181774,22.713807301250185
647.3645216663252,563.7111359438612,13.331409786476959,21.623760279317466
646.6074368070042,566.3759927953334,13.854225933704022,21.025254900805184
646.1004256316222,569.6713042450634,14.348473787912715,20.436423478548715
646.0770435763145,574.9540770861317,13.721916591822787,21.028847271204597
646.1193011781942,575.7130611136495,13.130481884851378,21.601614890073545
646.1980247414572,576.7854741168485,12.636547435279773,22.101705656517968
646.2676415807186,579.6238128765149,12.307885010056543,22.42388277433102
646.2309602639276,582.1549871800069,12.060655180621993,22.670022536335086
645.7113912603924,582.8347004655701,12.828941158368911,21.803087001862266
645.6143209739068,586.1300338651076,12.620604615947368,21.974392153318178
645.2930378468435,588.4343196642787,12.497922213801033,22.068833975080832
639.486879470507,598.7461844048863,11.49847405863712,23.215776338348086
646.5678745901382,593.631002422831,10.813296182045633,23.986826909819648
645.3308554341984,590.1513922234951,11.686642340948413,22.972253801869165
643.9662488036415,593.5834679126101,12.936865404880333,21.513508421869133
643.3638457374497,596.5150101984514,13.551974951132035,20.80170186913795
642.6916256343023,597.2462479781487,14.088814540017966,20.174446885075906
641.5177981829745,598.1899127377031,14.616628057785958,19.556178931366258
641.5249080364803,600.4706399272815,14.813589797684209,19.33520201879295
641.0300619294346,603.8494327711148,15.276551116733064,18.81542932703676
640.703128520731,606.5388545353603,15.282177963933211,18.77141608266454
640.3599953820292,606.8872052834618,15.306922568134251,18.714706167901497
639.902490170153,607.8463118071761,15.469898685360405,18.496146865170473
639.8127210215946,608.5385526087363,15.528100701177708,18.392651332682984
639.7236266812974,609.5316371832456,15.679823732986717,18.234237038820282
639.851778412822,612.790472097676,15.958557191438722,17.940797499418668
640.1511192186052,613.5892358380692,15.864101131954449,17.99936695390471
639.6888367315487,614.2367228850243,15.769539690814842,18.04973597294008
639.790520533513,614.7794560467987,15.614872650495709,18.176244270210276
640.155337639085,615.4480227156824,15.672261685640041,18.07980676660253
640.7145520346429,616.008236253898,15.662850028237024,18.048689501763732
640.4161881166547,616.7501717436617,15.59704881290964,18.092368385097934
638.5485385914222,617.6690255529699,15.424447768388509,18.249520104288116
638.6327091008227,617.8448752817254,14.491901293807537,19.24174671889765
640.2659210723351,616.7620554787353,14.780503882002195,18.907127879138116
640.0062185397271,617.3550744887125,14.982232999075276,18.682933051761136
639.9616956683119,616.022027692789,15.223901233026986,18.39923330483238
637.650210600379,617.2109470312254,15.191092484005235,18.369568007857794
638.1661058764919,617.7374376980869,15.113024885575648,18.439639867227193
638.2747291440807,616.6822483354516,15.274682573840218,18.243036790510942
638.5001832969999,617.4081281561222,15.323304404586805,18.16956291481772
638.5968013357551,618.0818876566985,15.287571440227012,18.182927864852175
638.6907231648464,618.8374951268919,15.272130685482152,18.201124001964946
638.8078451318331,617.5108047881007,15.353869987344776,18.070151900158777
638.82774754478,616.108180838545,15.46760802279335,17.924447269363064
638.679644867412,618.8486002717742,15.447373123079675,17.94939529865656
638.7385636846286,617.3784004114698,15.41175159500164,17.98793549739966
639.0058666438117,616.221151334144,15.513889579795496,17.856914204724575
641.0535752905241,614.8799251268003,15.726259227898868,17.560314552608816
639.0421562868673,613.7592673137062,15.798587210188165,17.42980090748056
638.6072576992361,614.1052925933743,15.807307017191102,17.36541479497513
638.6554689758757,612.1249489160522,15.809204709654638,17.353273284568168
636.7275775692766,610.0454042202098,14.458330113185042,18.766945081343138
636.8824197730912,608.1566249273184,13.551138228749073,19.701982953319863
637.3401229871249,606.1014426722525,12.646372083796896,20.748463443599984
637.6062186376346,605.5919177760491,12.194999152762087,21.27332403322131
646.6753076683033,609.1340178055757,11.303231461297843,22.2970226863263
647.1484379927634,606.4859596507093,10.647849614915371,23.029394451076044
647.574707036428,602.185134692994,10.260686384773702,23.469518640188326
648.0992444443509,602.2859828476716,10.0,24.134269600749825
647.9730622756288,597.9953590977835,10.0,24.434918460083914
647.8811917069361,593.8792410675164,10.0,24.674296587573654
647.9773182037279,593.92645657075,10.0,24.94684839875642
645.9758962753222,597.3849466028364,10.0,25.1870438755078
646.2657721701071,600.0060173374291,10.0,25.516570554363188
638.1766699335822,596.0802269806258,11.438778813870114,23.90919836422222
647.185132654848,592.4219458487844,10.669762917237014,24.883986641088608
647.2958434019987,590.7519517968925,10.046566748281558,25.68881253440777
647.18545026211,587.8698917182141,10.0,26.1211632253644
647.1619356690899,582.445335019839,10.0,26.636306552229463
636.8045176592955,579.0288374376307,11.726325887752944,24.698422924836873
643.9964467988652,577.1493475226491,11.288028063935691,25.196301032082914
646.2930597811302,572.8604660861986,10.74350672358175,25.904074509842296
646.4274402984205,569.0508401534358,10.222315786447446,26.55875060785061
636.3905615750022,565.4525072973742,11.933596884407388,24.617236540921326
635.5847446655195,564.6274727833481,13.315196486134225,23.110961155216042
634.4472552076891,563.3133281016067,14.620366406071204,21.715042926688568
633.4852429969336,563.8378570161865,15.149763971732044,21.10920669639246
633.1690035039619,562.2036755747438,15.697495598518822,20.534480952416246
633.1026596203703,560.6846239372179,16.334593453764338,19.898143605138294
632.6642277322309,559.3619372074014,16.74525929231609,19.482088041028675
632.9630044732565,559.502240427739,16.818269388870544,19.427070622393728
632.945433268304,559.7902607175341,16.760244836509692,19.48392163816711
632.514958470349,558.079708605683,16.863123129052024,19.379540823112244
634.0586438345573,558.3289707827835,16.832290267227755,19.428685820012028
633.575795920084,558.6811700694119,16.77240056398581,19.4895559897934
630.6108349736081,557.6530995283083,16.85210129986379,19.405030825586426
632.6222317916089,558.0707883670847,16.837556469862008,19.4220676368262
630.0480625444583,556.2013926502933,16.987027452413997,19.295061073887798
632.0923557638658,556.2205724671813,17.040481743121482,19.19915823687721
631.8359845278507,556.3099825750406,16.94032753431991,19.19602958106935
631.0343979401357,554.910068161224,16.925830292917908,19.187118508113645
630.7527981361341,555.3501032501217,16.949877338302922,19.157348105918512
630.0252411764909,553.7105823335261,17.025094497602275,19.106217638771206
627.6158285090256,551.6840391700231,17.344382841413562,18.844020190447473
631.5580272938929,552.546741317289,17.0758118784294,19.151505500483957
627.2303146434907,552.1658883069791,17.24192214627491,18.9844570722132
631.1317811567208,550.5884284545898,17.254604773806516,18.984548943816115
630.7503297398315,551.0374881050604,17.197728330737192,19.064681040484516
628.6289465740443,548.6200829418262,17.175777560260798,19.119901237100713
630.3213414473626,549.0499662433426,17.21279557958502,19.086547669460824
629.5517122059291,547.2700680616218,17.113210526074894,19.20037969650707
631.0514487931359,547.0989786939476,17.124784238105384,19.17501539014937
628.5715069880243,545.0498173819649,17.227006124237928,19.121462995041313
630.2647442289756,543.2088477883038,17.22031098117216,19.178149935506738
629.7152243039511,543.5372896797066,17.209077112387114,19.238261570772806
629.8179424705804,543.5610553738915,17.13777621912042,19.351249856823657
629.5732460127695,541.5989111796316,17.219940724498507,19.323707619809348
629.290455116343,541.2809387639313,17.207450505880654,19.407535937957512
629.0965685062085,541.3047267832853,17.19694692027186,19.443611680331692
628.9296018521355,538.6408811358473,17.153469846385434,19.560842312366137
628.9779460453672,538.6274388040905,17.086909849519103,19.67217769762023
629.0935385175507,538.5549624254261,17.014848713297653,19.768350293061864
630.6934510951666,536.2526388574204,17.01875724069819,19.816856529414903
629.7814857784392,533.8930144915987,17.101964621856496,19.76637469312621
629.0554970973592,535.8002156362892,17.2683109234163,19.646463074903043
628.3500034220849,535.5562626675659,17.278602473183646,19.6567892994819
627.8699966292647,535.1081647991363,17.30628914594394,19.648993813959507
627.3913727369962,534.94411816245,17.283229887882314,19.717315770088675
626.8946567728916,534.8130180830324,17.21882051512708,19.8288664409515
626.435139257777,534.580918505822,17.169528261497238,19.91228707407295
626.1118943733968,534.5068310029064,17.212376043410575,19.89670520272004
624.072355744003,534.1591997303315,17.219784677320433,19.937648223105
625.836229267387,534.207690774969,17.344879913801222,19.875636473217476
625.3990713518482,534.1647987822088,17.450635514146715,19.814170536581848
625.0299959647799,534.3056346667017,17.436651786349287,19.894933482628325
622.6230643881971,534.3551303221406,17.5155243427436,19.90287290447775
622.8075384191717,534.4609169763522,17.656268651686055,19.830152386052436
624.2191948143076,535.2549909722379,17.711007380808375,19.821452617395256
623.835378711833,535.600584124498,17.6351834962609,19.96281898430742
622.3506804852408,537.0746654927798,16.520670437878977,21.228760900148657
623.8782712246377,537.6378504459963,16.644491482507455,21.161529649378284
623.2543240925984,537.9675798943094,16.776169325458824,21.06732877887493
622.5481791256053,538.7623358502385,17.04221449511692,20.845901178502203
620.7585457441602,540.3529534921648,16.208139258953192,21.78677435412224
618.9294988774858,542.1118919998047,16.597658277641347,21.353730960821125
614.9429982143354,543.1453356277055,14.611090626586337,23.648853707155624
622.4013911106387,543.0865812655696,15.384725938410845,22.89115959682136
621.8143550329294,544.0317251340887,16.173314828906232,22.123833023304005
621.4535076415733,544.7261056757819,16.59133422828899,21.744556588622128
619.5198856524,547.3401161959997,16.780795194245545,21.618478087401556
620.7223517641805,548.4083432206394,17.115088119839104,21.326093995855544
620.5880955137327,550.6973903554405,17.149171395409258,21.361697255092462
620.3734746993894,552.9410489976378,17.37117519929827,21.162601806787656
619.691969949069,553.3693541620436,17.49423106281586,21.084519155035334
621.5900974475074,557.3578431782729,17.675655318563486,20.90143350615224
621.1182997269443,559.1872916532949,17.80460052212946,20.775070678575364
617.9581733809785,559.5731697580442,17.862588008677832,20.7786910869853
617.6888690236691,562.5065273613417,18.020981197669414,20.68787767482373
617.8297949312558,564.8992748596155,17.859530802195113,20.90396387029274
617.6505200594945,566.8026137745458,17.914415205771004,20.887169654018642
617.2297675252728,569.124561685799,17.80682401175949,21.01128444781468
616.7648800837287,571.6517147412648,17.83763764883397,21.025679604125614
616.4296875739235,573.768535403669,17.86462545641605,21.054406004689326
615.9985464109271,576.3692867838174,17.778552405688238,21.171779987709286
615.594325405348,579.1370321891178,17.795926280154674,21.18212753312655
613.2380337977066,581.8243803712555,17.85659442204244,21.184899277981827
613.5911376429739,583.9821293713943,17.94706593024979,21.10536271492969
613.1572457750635,584.7874630554687,18.133896103810805,20.94120995325663
612.5322309885929,589.3231548750465,18.16235506575218,20.986056325087446
611.9894148412718,591.9167127532567,18.021326870358294,21.178450971346564
611.5324694110056,594.074405256607,18.129151754270858,21.09611678785771
610.8334349263274,596.5489716308293,18.15982794523075,21.11288732157844
609.9453173728854,600.1614868591375,18.120601893362352,21.186833286318226
609.7532882508044,602.2992779234634,18.21740651928397,21.12235173597473
609.578154620035,605.2496991564207,18.202453234100382,21.218433193552467
607.0925152599337,607.8504101740556,18.089020879473722,21.39030169707042
607.4461211121844,611.0618779691442,18.045773446517792,21.5116800145165
607.4391704276666,614.5104632605326,18.019104690569645,21.61355480374921
607.0954208723394,617.5146595694239,18.046158647510715,21.648051780998202
604.3292925129914,620.0039063579851,18.03072497466628,21.731701052844212
604.3315908015355,623.066189263182,17.88497068106531,21.94264215849682
607.286816998238,622.3316959025873,16.90372942733943,22.991943307300243
604.8793332874432,620.3874958753535,15.237915770590465,24.968326016339503
602.1880213184951,627.677687814885,14.768045468679567,25.522455038582606
601.7311621096492,633.1919868595567,14.432225345531045,25.880668205647872
599.4538036257755,636.3247396131396,14.24765922840908,26.068821756099158
599.5327025953482,635.4320047009085,13.658999249936102,26.78334464872261
599.6201631843314,635.1126446820706,13.28015608336308,27.233142698387923
600.6174101969896,631.3112008104674,14.132115724733953,26.243283706975113
583.7026603669542,637.0375532472146,12.794573606240176,27.857154837508865
583.6772537388914,638.493218972881,12.150803267566838,28.64605040834737
581.3417429459925,647.5087261087635,11.72470742935343,29.17464650340351
578.9770493626991,649.9474796410854,11.587495989830558,29.327509197365664
578.735794936196,652.0930704923381,11.560108504850653,29.34885848927548
576.3598768995943,658.699040818302,11.157470319631432,29.888807066168425
576.2633652863757,661.2844211925359,11.127845759927983,29.91795362055719
576.122599656059,663.5461534514127,11.192956146561789,29.835161023580056
578.5333399123194,653.6694948666371,11.683182177009714,29.196708783951387
575.8601846517303,657.5051214596715,12.093370757575162,28.5858660974554
574.167897606856,661.6654803736957,13.632166501262303,26.685543166868005
571.3262493959446,666.571632776145,13.504604673420452,26.686784542694625
569.8542227931508,671.6596348919314,14.772191890848932,25.147551513209056
567.480496288764,678.7101960781451,14.2609669401804,25.574584467624785
567.2813826526484,684.087527580353,13.142689686273389,26.76952168293554
564.1949122907164,687.2179758212104,12.866130326214051,26.972126654620414
561.4138937309683,693.0257810870861,12.946885211518381,26.687745332769026
561.1725422276742,696.4560583298203,12.889513333215112,26.52473399152679
560.0741902321212,701.8267826110722,14.41054497200707,24.706079771064037
551.9687013357233,702.4722398156464,15.73655305349919,23.30440478489251
551.9188687810824,702.0238906342854,15.767017371362158,23.2709010211114
551.900678338826,700.5351293879169,15.76483645351769,23.27343910642362
551.8745146260959,699.047798200818,15.763470722288607,23.27501035513323
551.4189640491164,697.8005467420069,15.759178642948198,23.28000416707308
550.9179185998272,696.9834926821462,15.755887122894125,23.283986287343637
550.4044638803108,696.2477221609688,15.74765282890239,23.29399414087859
549.864304399546,695.8695408011014,15.737441871761327,23.306527550673046
549.1384356829365,695.7300082831733,15.724740628146288,23.32187123967396
548.5561298301342,695.8228178364568,15.69394232055206,23.35823328599919
548.3400368469235,695.3388524424067,15.690539956942978,23.362240142977566
547.8451599174397,694.9615595858234,15.675065773307894,23.38052193063005
547.3553269158682,694.1518538371722,15.66369852039694,23.39419180786851
547.1959536528861,693.6864781215857,15.651588156874729,23.409112865277606
547.1295730431889,693.6447973889289,15.63817475170703,23.425060374664216
547.082919612104,693.2578498521273,15.625223914446996,23.44057920753722
547.0714039499004,692.4525683779727,15.608171595805173,23.461156069954594
546.9993722959614,691.9310905718338,15.595667002310144,23.47608796244471
547.1582528567965,691.4217620602648,15.570949911306295,23.504898279192545
547.1189954990615,689.9777678811794,15.55782581584377,23.520481823596906
547.0739879499982,689.0806690945284,15.545159403819717,23.535378826410867
547.1711279459342,688.2026514036188,15.538233171951873,23.543596215065925
546.8372272125038,686.9592905529976,15.514714636733736,23.57102717343432
546.9213850012756,685.71612292555,15.48150082458442,23.610185256622128
547.0420937801243,684.997353795232,15.452799876126392,23.643897042114673
546.8024030831962,684.1806838610139,15.450604171613202,23.646407337873416
546.9507156752003,683.1187315875602,15.447225435644885,23.650377325912245
546.7754713840403,681.9672168794681,15.44526755128057,23.65268748092717
546.8223544982192,681.0554310293761,15.442408695457118,23.656018683522017
546.7835664279136,680.0557925847722,15.438374216046435,23.660781703444112
546.6960726871148,678.7213763979325,15.437449883669636,23.661869440587953
546.7748209199368,677.9109016256183,15.434320686111116,23.665525031320737
546.7166950033595,676.6017767086222,15.431227837764144,23.669181836290782
546.8855577129526,675.0727199507047,15.4286058409814,23.67227335085936
546.7713485934878,673.3444191448335,15.427522638789881,23.673549120697942
546.9782979955336,672.5526256946699,15.421385795920083,23.680705581076055
547.1353854927512,671.1270411138296,15.419100628736182,23.68333372140979
547.4032331386346,670.1918711004434,15.418323645227556,23.684237364934745
547.3885581262197,668.5240972817247,15.414213488850883,23.68892987122293
547.625879129036,666.824294940433,15.408347888076007,23.695641954700587
547.5810877968855,666.0763974595624,15.39406775267267,23.71150365457032
547.7802881604266,664.9873095341867,15.354414180064946,23.75756867120001
547.4466540963729,663.7613656066758,15.347298369859812,23.765773378791373
547.216031153108,662.3499112119374,15.3241368016605,23.792978518747212
547.1493380294131,661.5476174766999,15.313538939886875,23.805142311777846
547.2624584061489,660.8089800639983,15.308659525507755,23.810754854237402
547.3030863599103,659.7185017778069,15.304197042770134,23.815825510863988
547.3704073004997,658.4102757789169,15.302422631974844,23.817865916160486
547.1923657612945,657.0434855887095,15.298600378058392,23.822180845143905
547.6252539913353,655.8570997295569,15.287126860729499,23.83509691159366
547.6619885528089,654.2289350879103,15.281237349918147,23.841816724519518
547.616058627079,652.9916748445303,15.259579976589242,23.866700990347507
547.7318872320576,651.9752189252457,15.250651704496454,23.876928254789362
547.395683933897,650.6719542204783,15.242358773554095,23.886403421236647
547.3013559085821,649.4099776185925,15.23888443735441,23.890368803429165
547.1648761353007,648.2235359556424,15.235383634357603,23.894362797511512
547.4462937167946,647.355718927017,15.23013335315225,23.90023847291872
547.2495240345268,646.2769803538403,15.227376991388665,23.903339589304064
547.3325363427813,644.9793353846346,15.221614929763552,23.909859376577067
547.4075456117199,643.9285388040935,15.214428790300815,23.91809020626902
547.5813707274531,642.8787161332241,15.205368972166534,23.928457088458753
547.547434915358,641.7398151624885,15.177665718200446,23.960367458884917
547.2725739741628,641.041517902491,15.142776065518458,24.000229133573665
547.2909262728427,640.0105271484254,15.086878377660156,24.0645039900173
547.2977581433393,638.7895146597779,15.065115061140263,24.08970176546901
547.2442898190957,637.3991044746797,15.041353326772885,24.116569155623946
547.0869444437673,636.348079849306,14.980745905194325,24.18583656700058
546.5814849372434,635.4155380777426,14.970831306753649,24.197256904026972
546.2278466784693,635.2529724650377,14.965507652735923,24.203232108556954
545.6526949869351,635.5575648735678,14.961204812697737,24.20811287901733
545.4097724111641,635.8294376685606,14.960514117052691,24.208730847324116
545.3350239149709,635.4830838146804,14.954329916564443,24.21557559665328
545.265706014166,635.0122283024597,14.952935647034733,24.21720121002306
542.429477135149,634.107138351704,14.895921721566467,24.285135079773138
542.3679368908762,632.978851378211,14.887630682201971,24.294733128016578
542.4207407331186,634.9457272651225,14.709438830594406,24.50401009030783
542.25879123282,634.4745792036147,14.68029612272199,24.539666339342176
542.1404486253406,633.700392131273,14.674644989981658,24.546156538560282
542.0719219399275,635.7983248426037,14.537480844623943,24.708219868798206
541.9801086920405,635.0562505464299,14.534705034437284,24.711407615198677
542.1185688307291,634.6515710950459,14.530777457398392,24.715846440642412
541.9288710809052,633.3435778257809,14.528815525634647,24.71810493275537
541.7243352896369,632.9611455534399,14.502490347469188,24.74927242066709
541.685972892249,632.0789462179016,14.499861683065545,24.752403191276656
541.5561070683858,631.3818276473115,14.496352427175857,24.7565902788603
541.5113206728406,629.8991569369413,14.494387385052551,24.75892448791568
541.4466305278095,628.7293638390211,14.490531311584716,24.76363104699158
541.4656843512477,627.5094873513503,14.485739330728206,24.769503693200846
541.4773446455329,626.1275044842158,14.479777471773547,24.776885259989623
541.7302937626437,623.8966956917765,14.461624999423307,24.799419745503027
541.5561211002299,622.038248959367,14.460675393554261,24.80052675326013
541.6240544086457,620.0338719780458,14.45306840573391,24.80957850070787
541.6262053744185,618.3394030333856,14.445392221719848,24.818686029615762
541.5167904234071,617.34279994383,14.440730052710174,24.824325618417813
541.4041476529928,616.0956900931102,14.43777452243381,24.827822902025996
541.3124933000618,614.7195556416965,14.4371425792634,24.828574270597283
541.1378046112557,613.301780758367,14.434536767292585,24.83165862702375
541.1176082211869,611.7436312487268,14.426901454598964,24.84066022580238
540.9069836618991,610.0434754299911,14.425271234910142,24.842576086525188
540.9083307985013,608.4506312068964,14.411079165192431,24.860120068221658
540.6067746350525,606.1811790047624,14.394156260976501,24.88108681227249
540.833848944222,604.1001614308011,14.381434515844521,24.896561768086872
540.3334762507233,602.7240280285308,14.37919144516238,24.899222440120095
540.2764728195478,601.2558155631705,14.378234098016328,24.900371577765306
540.193563419266,600.0053001067469,14.377250268751645,24.90155579375885
540.0184585749081,598.8811284469157,14.375744303332594,24.9033566596555
539.9340316346447,597.691349806098,14.374586574066642,24.904732483771326
539.9947874852547,596.1269781287648,14.368483598883023,24.91200848652425
539.7329412599988,595.0439105410426,14.367798107309751,24.912815397732224
539.7557928919692,593.6490943180561,14.367323328386828,24.913386058960903
539.8714857479396,592.7561101183259,14.366337865808237,24.914581943124393
539.7950356477811,591.3726212219257,14.364278521585637,24.917061740548217
539.8605594113792,590.1369138093024,14.36159584049982,24.92035885186654
539.6642331523353,588.5618051556867,14.358318575004823,24.924253670313124
539.361143554541,587.3142237328539,14.357604588792892,24.92512211099535
539.2088130153952,585.8902183667583,14.356613406304037,24.926322025467883
539.0671921312653,584.9689034748086,14.355638949416496,24.92750052209763
538.6902955275159,583.7135361024846,14.354147370690974,24.929375155509188
538.5578792012683,582.8167324847338,14.350609394829194,24.93373726237915
538.1966335019973,581.5201338465273,14.3490421652889,24.935631428669375
538.2462766958331,580.673314949943,14.346293762524995,24.938809374387738
538.2366503220984,579.237866119619,14.34394170008424,24.941624511689856
538.5897495848236,578.2048185501213,14.337655245862003,24.949320450245857
538.4227758193306,576.7549662847493,14.334871730409786,24.95275494429226
538.5089694576883,575.2098356329833,14.330763907806451,24.957506947592424
538.0982445868692,573.7807091831254,14.329545931510948,24.958921144152754
538.2164088053433,572.1877982652805,14.324593799785157,24.964569582778203
538.1918145257453,570.105793271151,14.314881667412545,24.97592921474454
537.9319156271815,569.554913120341,14.316856722077715,24.973734009086126
537.7681948141295,568.0677704252661,14.314804914944773,24.97609843213402
537.4708827476014,567.0521000150659,14.313172017036978,24.977937814393552
537.3104935843178,565.8021082521835,14.311361899848107,24.97997150151982
537.3054320008519,564.3462796961055,14.302962966256974,24.9895886089458
536.9470588372952,562.6479155152023,14.294021849160131,25.000051692889738
537.1383060068334,561.6852433633771,14.290222491420268,25.00455775973121
537.1619151953188,560.5629571237131,14.288609021425746,25.006403436233327
537.0146055881983,558.9621436227976,14.283883457605993,25.01175806486476
537.0038225719406,558.4930611770801,14.277487248799309,25.0188671720744
536.9258904252621,557.220764549904,14.267890746992304,25.02974803934179
537.0913059249125,555.9661381248698,14.263196336741782,25.035118958105272
536.9974649427897,554.9137276342045,14.261104726515832,25.037526285108264
537.0513470158801,553.6499398929802,14.257550644150236,25.041703129785105
537.3027639906032,552.7690099375495,14.252213478437413,25.047633093747233
537.1232077654038,551.6209366540331,14.251196125417206,25.048799611646622
536.9565779974015,550.1916344503932,14.246858827715933,25.053816391515753
536.7451482046221,548.7664803317197,14.245338259857208,25.055568587145196
536.9256051228807,547.9423882510656,14.241839205387173,25.059692494356376
536.8707386130636,546.7059754891751,14.229911046253594,25.073345530878477
536.6322963177555,545.9765619733772,14.208385531164632,25.097767235631036
536.608477457655,545.1385943160607,14.198370815168692,25.108988452287377
536.4649146740749,544.1282634185503,14.1911431058379,25.117226493569767
536.6016574024965,542.7730082581191,14.184419160558859,25.124877174310537
536.5492994382881,541.5429479994436,14.176553381438493,25.13383177712614
536.4951295108748,540.3114380706755,14.168532124862626,25.142962503116113
536.5098397438478,539.044079699399,14.161212275163056,25.151297991472976
536.4556530069492,537.8125946414982,14.153225136746734,25.16038946614613
536.573707902495,536.6385421622851,14.147081717906527,25.167373466244037
536.5464602938818,535.5441169930319,14.139988200744817,25.175446255006825
536.4474703887848,534.4776098911967,14.134061996376976,25.182188495557828
536.4005244148093,533.2482393624296,14.126379664960131,25.190931889594054
536.3492166770509,532.0183887381119,14.118668567224088,25.1997087417146
536.3480023267308,530.7827513175253,14.11137456938455,25.20800855771076
536.6357012531662,529.6786398642355,14.10617233180531,25.213821958446204
536.4679079455669,528.421317652467,14.08878369771327,25.233312954859144
536.5872023434729,527.6043839384546,14.083906129676082,25.238866841471797
536.4841278463684,526.3464485836882,14.075562653858881,25.248436863214383
536.4371073215433,525.1167515981597,14.067992893944622,25.257050204159924
536.4215576416956,523.8863005489574,14.06057892475999,25.26547770844842
536.4161220574957,522.5650834040401,14.053597820321379,25.27344654227381
536.325847255637,521.2388560479037,14.046135971483206,25.281977495086203
536.2159201368084,520.2082732026944,14.039770137824522,25.28909059418111
536.1701572287607,518.979702373741,14.032371071210106,25.29750845905799
536.1244356894953,517.7511238335609,14.024974322858887,25.305923388158014
536.0733017470612,516.5204702472448,14.017401710352518,25.31453829051104
535.8325301878642,515.5576545871514,14.012235263822193,25.320466603953392
535.7817630733065,514.3353069312492,14.005089386238394,25.328592701890845
535.6505728021681,513.1142392610325,13.996987447989094,25.337806632717246
535.5821250611916,511.75878758332493,13.988645558616595,25.34736144496528
535.5202552042,510.50011074646943,13.980932175733173,25.356162328988187
535.4702824071253,509.274905987863,13.973676007385208,25.36441338558397
535.4000080126348,508.23200751376135,13.967253764342836,25.37179589363217
535.3895334596644,507.0505518148046,13.95980555975819,25.380315716686134
535.3342007969632,505.93942557871543,13.948158406439726,25.39362935181306
535.273729261984,504.7475609775026,13.936842092600212,25.40641023957198
535.2010224298517,503.3865872653821,13.92826699317492,25.41623498505618
535.1627060083912,502.17055394099606,13.922143316778442,25.423226818078174
535.1082789881443,500.93953770308644,13.914688601099444,25.431703709943584
535.0189213689739,499.78442298720404,13.900534697742339,25.448050294876104
534.9784089578733,498.57110880075345,13.894203712520032,25.455244835608703
534.9945852691606,497.26376690483085,13.879823408401094,25.471695166073925
534.6505706937033,495.9953675285961,13.868881049382118,25.484334248667274
534.5854043011327,494.8460713063971,13.862656955837288,25.49140895853765
534.3727794906064,493.40209646929753,13.85476275255114,25.500454528504097
534.3182661382072,492.1711601599939,13.847458267478826,25.5087572580427
534.070846725951,491.6682654449554,13.839171901256208,25.518311853925507
533.9158294748064,490.67579801319215,13.829030278972485,25.529866747855234
533.8914961304258,489.68343722570046,13.822622391445321,25.537125911911716
533.8503942166461,488.4358496748917,13.815949710828425,25.544712607920108
533.7677263248564,487.20352112046794,13.809908878645105,25.551577911500328
533.6574426272598,486.04101102898255,13.80235508257521,25.560181830890734
533.6356671018885,484.81388212805,13.796805127078049,25.566494276386823
533.6192436567858,483.5573863564556,13.790581358897676,25.573582575557133
533.5236440271052,482.35236673730634,13.784434914418693,25.580564953885506
533.5619007345302,481.34185159690037,13.778105424899122,25.58770091516322
533.5771283809929,480.1685774971943,13.773276828620169,25.593204688610992
533.5877183971173,478.93531060039174,13.767678914554594,25.599600161293154
533.4488036285624,477.5061498202655,13.759792245829123,25.60855958661222
533.4499414091837,476.46644951575166,13.755303052829875,25.61372284899068
533.4358223310101,475.2126071368479,13.749538633153948,25.620294668871043
533.2882860014848,473.755635489425,13.738070236763432,25.633227927248274
533.0588849507254,472.439319449024,13.728776678072634,25.64378850345734
533.0428057144376,471.16586016037047,13.722541623379005,25.65090691368073
532.7512167901849,469.66118184875126,13.708266473722976,25.667333124626722
532.557451714175,468.3157418039011,13.699905436167475,25.676872996736588
532.3896107558788,467.0905363419486,13.677185249574178,25.702425112124185
532.0050721679235,465.45155503013734,13.647803610863896,25.7356813434585
531.953874005097,464.0141894445914,13.611700736172988,25.77597919736595
531.9908981208863,463.0470570832779,13.6050401301692,25.783496240282656
532.1279026537344,461.6813663571774,13.588493297778047,25.802194968484525
531.921361174149,460.61524517954314,13.55359022040993,25.84108977431453
531.6086923914727,459.45765967073953,13.517568416007675,25.88086825957322
531.6582040072448,458.43030090417466,13.459153966784587,25.94512658898287
531.6332787044016,457.1070872159562,13.441459337313928,25.964815417140876
531.5960780172521,456.0869551029558,13.423411240258496,25.984855548750794
531.6229333741118,454.80184899003643,13.41271888995549,25.996830698783942
531.3730993036529,453.8749652338587,13.379175501618127,26.034211034625727
531.2804880244532,453.09595374345355,13.364542836719364,26.050678491563676
531.3890987961737,451.91316562377386,13.343442464395295,26.074343891842176
531.4877298199586,450.75075904637015,13.329431276205174,26.089901446673995
531.4272247163057,449.6152717870274,13.316455889596194,26.104042650464
531.3774452949652,448.9385376939497,13.304711671030201,26.11709559728523
531.3997071933311,448.16738883230306,13.291752035479826,26.131637106436596
531.300609457439,447.1877033481355,13.239318082215267,26.189616091739474
531.5225976035763,446.3865690199574,13.22821262500648,26.20170435106203
531.5903805541534,445.2869210232528,13.217520123586809,26.213646971897415
531.1873818598784,444.1489173119272,13.194950960928379,26.239393326204397
531.545201666216,443.1062623982143,13.189367474370679,26.245529827137904
531.6128220349276,442.25428628565214,13.132312511333526,26.308888761933257
531.6159975014456,441.1037470440769,13.113024758021483,26.330262912732067
531.7831618135083,440.30628886852605,13.103391095205657,26.340992948297313
531.8551516156763,439.45844092407117,13.087410930705142,26.358365568316657
531.8110760032454,438.7661500065799,13.073389594577042,26.37381452690305
531.6576743352717,437.9800927322812,13.066881800715908,26.380989815017685
531.6968815574538,437.4940089254427,13.060423074451887,26.38813009638874
