542.5,32.5,24,46
549.9553920769443,42.669906256424895,22.89613112931447,46.97283053829767
556.3605081212942,51.70994419656992,21.931770965968695,47.9639788706541
562.1735914135251,63.99263171228059,21.325991077368883,48.580957812621435
568.1247285872067,74.00496229701501,20.87107104671695,48.849625882044194
572.6255835540879,85.28678475764553,20.614972303750314,48.836273929533164
576.4829496381059,96.00410066570691,20.644825649783066,48.46139171668189
576.8709138982452,106.86075343394256,20.371736694781433,48.5154163498883
577.2446472368152,117.20211410896668,20.318726475733264,48.27328681197387
578.9052890968446,125.69413428324958,18.448824558233312,50.5851925846239
579.7157889304226,134.99823775128107,17.554721415506812,51.55097551672495
579.6864264169258,144.97977434350767,17.270166335717462,51.68305041881962
583.9843648752702,152.32499610226856,18.156151487204923,50.3282983533242
586.2913991169246,161.56426417903685,19.860967376607167,48.08774590340089
584.1027770046094,173.50900860723388,23.790698229531642,43.669251996347654
575.2625484208537,179.43211161626607,23.542715303048805,43.762984523510355
573.637642056345,188.66410095167748,26.58998507142239,40.33226333712356
567.5182001644058,197.5698444560847,28.57260512239072,38.09660011218364
564.4659857600204,204.2545318617903,29.716209441568132,36.75428104112888
557.9621573529804,209.99452594500497,30.215412886507508,36.07648460901351
551.7716311379492,214.62100284281374,31.788277831828736,34.56666864985225
545.2421712848308,220.18925435111785,32.16308975760907,34.123792990726926
539.6996717570578,222.9488889962152,32.77855966123832,33.482402366456334
533.6215940630105,228.4303829925346,33.41139961964535,32.880158850135906
527.5970699519775,229.99236488062198,34.096746975012266,32.29412627780327
521.8393242677762,231.67371734723582,34.6665539104315,31.817325656709357
516.3743337764984,233.3350750377471,34.61766736216439,31.861469234884826
510.0186094966564,235.09765453257512,34.80097299277128,31.61985573930835
503.79681104000485,237.47575220759063,34.93084252722902,31.459557110163612
497.2695238382755,239.71844905207547,34.60749201155927,31.721029170553017
490.7647809689607,242.56421064887152,33.61930757654397,32.70260883264332
480.16796530644785,244.2142156357699,33.210361692096996,32.997097016347766
469.4829287716659,246.26688314885814,33.73800655426335,32.47992369709576
458.76380021637334,248.0369744138115,34.11736092437002,32.1362254945053
448.9232548840951,253.34389565539828,33.91570012408269,32.28107003067985
438.33955098094293,255.75670066841403,34.29116342660285,31.91260760291497
431.69037638137826,260.60729428702933,33.70155600646958,32.47404605995929
420.3645871622508,263.1958468657085,34.01981001235136,32.17730341328202
414.56590036168734,269.7825828830695,33.56080906361266,32.58665417824275
393.19144717827476,278.13110620709324,33.779350440203416,32.41330442960925
393.5155433124083,279.95236822857794,33.2546145010437,32.94554454298146
384.57921599148796,286.4647663581528,33.39152848126316,32.79347853895871
378.08812208676596,293.1791616353235,33.021516736263834,33.12881190124322
368.2451762457508,302.9949189844537,32.82147740327947,33.28240195456972
358.7572706980516,312.2933794821474,32.69095571974715,33.45894897676055
349.9673128343284,322.1028868354054,32.52758531438115,33.603753011089275
332.65236058032116,334.2130135625704,33.489639328010895,32.75180857775541
324.31796687501435,344.24626038739024,34.439224696998565,31.99464491468789
311.8091953882037,356.64932265504154,34.4608436746481,31.95996088536677
307.1732947826279,365.7113237234588,34.863110393307046,31.698265343380886
298.5690104043885,375.7375193438254,35.30057624451235,31.43615730577263
289.63257631022543,387.9890448374816,35.15714995346846,31.61558426951008
280.6938805410353,397.0482756863527,35.44683969436334,31.457581327261018
272.23442514401637,406.3821245575915,35.681206878782085,31.367012948797047
263.4774335614575,416.1699077419556,35.59892806575046,31.488784684316908
257.9323220807898,426.0977744620821,35.92580530870205,31.364874211593282
248.75950076850654,436.2128826364964,36.121921337199204,31.338494303804712
240.23684174844442,446.12391903327443,36.05273933154703,31.45459289696737
242.8506904734327,451.563180030949,35.41941844559634,32.00916683362501
241.11447743943162,454.8000581154981,34.63077140111072,32.707863114325534
234.5720626446023,455.6381156926623,34.28194525193881,32.983602308179684
225.00640907465186,453.28702695535304,34.14777425768445,33.090031358268234
238.11132751908858,477.8133243673898,36.71473561710202,30.702654887466274
230.16659881514127,474.78824774232186,38.28994493997467,29.30222277230662
225.09533633805978,468.6181363187609,37.20273928805853,30.37113290580551
216.79371129084606,455.0022238844,36.24977981827696,31.243678141959002
210.4704188736357,442.4840598893801,37.394360982958915,30.18238230692559
207.4063211690245,426.52256459503684,38.39643820904534,29.287955750836655
201.46252001543849,417.1080835908883,38.98541457017246,28.75612178440229
199.96587383815424,399.9594134912533,39.62526139480321,28.183936074248447
203.07070611658114,385.1990318148867,38.39567362780537,29.32988253245034
198.26668646279091,369.9278940701353,36.43034104817876,31.340200395610402
194.0420953380846,355.24116980105293,35.952319165511284,31.791081566221504
202.65492511604725,332.9002516401993,33.228267504483505,34.66512522435448
202.37499908310934,322.78174978158484,32.45996369515333,35.53886676506982
201.4740001600224,323.4722034882732,32.34670313373441,35.664371977005935
200.8163675204254,324.6305672879904,32.23807925277222,35.78365187726629
204.10889379081766,335.6976133787885,32.04148019556921,35.92352171654405
207.9015733568863,328.0824009375056,31.98520240803638,35.95062800322369
207.9707479113932,325.97390516926777,31.971556266725926,35.95972950597739
208.42038478910476,319.6966915239116,31.554983008214858,36.463350751157435
209.1386939708245,318.87943263573993,31.556392741928068,36.46134909543296
214.0197417212208,317.895035896597,31.17437460319601,36.85958176076872
214.479111792325,318.2479921161698,30.763692055286903,37.31898542651192
214.81971712278056,318.0423495243283,30.934951613511114,37.149694905620436
214.7447112078586,315.9057295111272,30.903350281195088,37.186337870865394
213.94595160616774,314.8412191706586,30.854565354022615,37.24305549508579
214.92301201678023,314.85276594249746,30.874679113791263,37.21258009217248
216.14097831076808,314.35645974709746,30.87955696778644,37.20553818991225
217.0155905385021,312.37319531079777,30.88025466865228,37.20455040182128
216.60773433576608,311.5426355494109,30.874990816800086,37.21083970723358
216.51782034803895,311.51373804879324,30.856445385128872,37.232678582762475
216.18539590789547,311.10795842787314,30.80947008672017,37.28851333491373
215.93281503602827,312.28093617245923,30.778919349909515,37.32175019803654
216.3863208910607,311.11992556818876,30.717283416135558,37.38804626123754
230.91886076279263,319.15734986766944,29.378768080020325,38.887246658247776
235.53425374174938,317.5064388828346,29.19136858145744,39.10274417456365
235.51055632657472,315.47456890837736,29.14780357973453,39.15451646448154
235.52077291307643,314.76024353973946,29.162943974926176,39.13593030619609
236.17255436240785,313.91649209364994,29.167940493987967,39.13006738607348
235.8610580235021,312.91548918722566,29.161070505669386,39.1382773271874
235.37965516085399,313.2561738301349,29.145558672200192,39.156783276926454
234.43573747346042,313.97809347525777,29.05261034604433,39.26349766614709
234.11735770494,313.6366247759524,28.456087913061054,39.97289940224089
233.9360318160879,313.4970383258755,28.217739441379415,40.25825693435322
239.74682205003566,313.41083976642847,28.044134132175333,40.45616141021878
249.80746798883183,313.0521203703528,27.720669021550776,40.84019274072697
259.2569478192459,312.51207703264214,27.068411554936496,41.626198294465134
264.1906724541815,312.46481510317267,26.74023459341493,42.00474686882757
269.9296573122324,312.22551171688,26.34816327666614,42.49041077640626
275.29480455233573,310.74689291948215,25.690102950207024,43.33719786499175
280.3613757495342,311.0438519380968,25.278341743249044,43.869290841747095
281.3818959163722,311.0497718959762,25.07473760876136,44.13408323494816
282.8127139324116,310.98409094106415,24.926834534522456,44.32411161616421
283.8395116169937,310.45411774289096,24.801446682028434,44.488219930673985
285.37657161614374,310.3718703574935,24.4821231887028,44.90528273778675
286.53458906549133,309.80060787166065,24.20325107076933,45.29740019249608
287.4222936042122,309.81485557254643,24.066493125911183,45.48597690507291
287.7908333002657,309.12700450667825,23.773379496657764,45.89921583671693
288.0383442472397,308.5568848534987,23.645024903172445,46.07738825426689
288.0188086177243,307.7733068424744,23.597290982488218,46.14565518768467
287.8380988809592,307.3302316330393,23.57666330945955,46.17463126964467
287.6862700807699,306.13602621072926,23.540744963507173,46.22497792053926
287.58479581499313,305.14899164126996,23.494609663154417,46.29057309095192
287.67589173809006,304.6391601757477,23.444202449762585,46.36292116355991
287.424933073699,304.0529921214978,23.36428564110499,46.478026322657826
287.3872883494923,302.90459605377544,23.29871558994471,46.57256869270645
287.4998656692601,301.51181453639737,23.21537689591516,46.69311173844897
287.6163728467854,300.8606876489457,23.178412871861052,46.745346678284506
287.72915443970624,300.27790936467034,23.10490453230619,46.851458342507826
287.73013391675204,299.9781864969766,22.993872505542623,47.00765008390726
287.4750087442416,301.1712896230853,22.916995939876998,47.11221059537706
287.7787138350579,302.61815665139926,22.708942630087748,47.39903426656286
275.7855613984577,268.64973058453035,20.792688222892732,49.944994371492015
277.12006954950783,272.3322247049968,19.358947189347063,51.95818377338142
277.4655029509905,281.15543635175277,18.46751308129366,53.20506721204715
278.17406088054844,288.3977621454756,17.476756369011266,54.64086964987009
278.5249800857131,295.97957185898537,16.7844905577651,55.67277825324602
278.89688285454804,304.1682582097728,16.27713187754758,56.48889844107557
278.44461133796597,312.48979785449734,15.929033590483192,57.05430570863325
279.2530933800317,317.68496998085675,15.400627464954646,58.00691132316296
279.2125245234333,326.74441318728253,15.161300775714295,58.53197060428117
279.01310097623866,335.3742911607959,15.058609056989276,58.79906058926127
279.10728351065035,343.3668307831887,14.948438181707974,59.12428598619931
279.0997044401435,352.04129212950147,14.859499097949707,59.405982342645984
278.7445016431852,360.13657686473505,14.913959390810435,59.41429974351668
278.3931308387013,367.9783788341025,14.940156512301783,59.50588138980373
277.93261234723656,376.28761647497083,15.079248505073192,59.35901522366772
277.8831419499561,383.8226305501067,14.96497123651802,59.71121302554445
277.72209840471254,391.32094033354707,14.904566499994084,59.991507101546986
277.55654541506385,399.64666640538996,14.902874922175872,60.220960109228315
276.82945477427694,408.33434877917,14.922772708800387,60.328408243138064
276.3207196156801,416.1727416331944,14.971630772328119,60.41696047911995
276.17305932868777,424.7567244031032,14.966523045216785,60.63370143649483
275.5049414037771,432.8669249945934,15.02364035713538,60.72971604025763
274.9946986757257,440.33206543761264,15.02368571161458,60.961735264082314
274.23162767095846,449.49555739675736,15.119644072085972,60.97237494198431
273.7451267415266,457.8223447222349,15.142117786113335,61.182245573011585
272.9580026783077,466.27370978950756,15.202165701979716,61.32042425194283
272.12155761155327,474.8169579327454,15.323169515374534,61.2991306784799
271.5248442112066,484.50445357315755,15.310233234135765,61.526804345165424
271.0899376721364,493.6973462556157,15.411493591729501,61.57774650405278
270.2770426779832,503.2250488313218,15.515172521800675,61.562307935892434
266.78650879044415,511.9167479303779,15.452317872562435,61.80802961082726
267.3734540212876,520.3485878035993,15.274005223070278,62.3886438402143
266.8373659822815,529.8488497796582,15.450101760829874,62.352086257725674
265.89437067915867,539.4985487452603,15.517493500612758,62.45830317942668
264.68930749745175,549.4716763043275,15.64573567060618,62.445046718518725
263.7292181244078,559.3484825179335,15.780886912726828,62.44175854057457
264.06607478420665,547.5828091099929,15.325210870589247,63.49205867981992
264.3165688608511,545.5392879812397,15.104923758521977,64.13409957357207
264.5316181884109,543.5246786635203,14.95784729850311,64.63673119958088
264.7454121844221,545.9981364158367,14.797063107540492,65.20369117941468
265.1445104060968,543.6510155440836,14.665320264120812,65.78260794886059
264.8545781129186,551.3086863608133,14.601370405935285,66.32375454324551
264.8826878841478,549.6330576364504,14.562350810044393,66.75434458207447
264.97180324046434,552.6678821888477,14.572434967411112,67.09510111311366
264.3544570365647,560.8435431906112,14.617233175839084,67.38525287972823
263.6325564624367,563.6404451669174,14.641163470671067,67.66291747112219
263.3058010010374,561.7784032008227,14.707552191549986,67.8311117968358
262.49656141230093,564.8107992264737,14.85619954472035,67.83236455296793
262.08870348363564,562.4341544915831,14.953888346787393,67.9920713925917
261.55283902077076,565.2752724271057,15.047673852106925,68.09903058227628
260.5646908461377,573.5845229430848,15.106640651583703,68.32185912490309
259.84262036449485,577.2420765299429,15.181556351273848,68.44646542927543
259.1063173448618,580.9429114906658,15.281149013350275,68.53620385591304
258.08797177516647,584.41851808136,15.307184749603746,68.7480966391851
257.19645615628895,587.9286311148616,15.352961367760367,69.00245391187326
256.33217015786477,585.8253705427433,15.403265170410089,69.24392435878333
255.55682705365965,588.8473798102282,15.518760939596126,69.38483948622807
254.50959028003254,592.42675877284,15.607217517169534,69.4769970883481
253.4404770784635,595.9632597319824,15.685355524235286,69.64217819160888
252.85035157234464,594.0601462787201,15.85982011755815,69.61148793619164
252.05923854701422,597.2188611192929,15.862257960211217,69.87855046161971
251.40763591621996,594.3665146415386,15.923480404149874,70.11081938682429
250.39017904801136,603.1510249850476,15.975503296222001,70.30541335434738
249.61881294079296,600.8002789242731,16.046699231934106,70.53511087064105
248.87565845217543,603.7547119620288,16.110373726785422,70.7379524825079
248.52846652265492,606.7934840980545,16.218865027728597,70.80538148850201
248.06813845948614,610.2462900551519,16.284410270353405,70.9071681796538
247.54857702801144,612.8413355801531,16.319341853891494,71.12799965696475
247.51053730697535,615.8693436658431,16.31619442959919,71.44144979036373
247.7489559675147,613.9604507376833,16.35539320175553,71.63735177751207
252.55598123878426,611.6899857938315,16.489066238623135,71.72715413607148
252.15620927904743,620.276601489817,16.564291057716844,71.92408189327033
252.62806693343305,628.7396431350733,16.562932335401932,72.30966318405672
257.6387982000279,621.4690896472786,16.695631255459237,72.35578457920188
262.4374414058168,619.5459336133333,16.87135509778772,72.33612818128734
268.00235654015967,612.3813145306036,16.92990602417039,72.52810400238629
274.290211303874,600.2756449601543,17.106824823157737,72.51396210995969
280.23610812525123,599.3699221066563,17.40012792112593,72.31045444209302
290.5898783708725,591.9932242262848,17.48489623725639,72.56439856556779
296.59066031193237,591.6537140798656,17.75005503427483,72.38079367673133
308.15967197411993,591.151411597104,17.931129228820655,72.31410612268525
319.4079799386259,590.0860200028817,18.130766122684733,72.18454504423828
331.26572301747854,589.5582552931667,18.39894161659074,71.91483981210295
343.10082117010495,588.933525990673,18.73376354559077,71.51069247913229
359.8782575212341,575.5019832369569,18.806145329416456,71.51022398571007
371.95507269980936,574.2117294138063,18.962605990942745,71.34369803597251
383.12475388727853,573.6102934081654,19.218550012488734,71.02014075171451
393.67412487784236,571.7489563058398,19.374175859730222,70.8427466732846
399.1032705886172,570.5127597542274,19.561294594430564,70.65136695508303
404.57121534366036,570.0004531650637,19.778802644463923,70.45524744450651
405.21393615419964,569.6666581431678,20.02778365941741,70.19681686604503
405.57987129192156,574.5302185064153,20.228136465562294,70.03513059542169
405.87042615242035,578.4492808410793,20.200805750569117,70.20538776966056
406.66993181362113,571.6972327896739,20.310345835027913,70.13150478464163
407.08875431095885,575.3656714686882,20.300997144101537,70.23870920990771
407.02453501315983,579.4732776424146,20.37705978978031,70.255466695829
406.88642278018085,578.4100611754602,20.547497686321762,70.11385134329984
406.5508703499678,582.720915711314,20.68133188157912,70.00245625932415
406.62760784654904,581.4671424713359,20.67463937604743,70.10470450624813
406.22208665264475,585.7045549514389,20.748499981133534,70.06196076857631
406.09110399927135,584.9710418492044,20.805440717653667,70.04538349556714
406.3974220483,584.350471561809,20.85362379245572,70.02637566432931
406.3430753950891,589.0164099456848,20.849873793325408,70.10431945321837
405.90504781857913,593.4312193724809,20.869434042780885,70.12958951564174
405.8090157390112,592.3559136561914,20.916978738735178,70.13871787975451
405.3384182466014,597.1693015671632,20.900449390745365,70.23897090455162
405.13396184913677,596.6888999615778,21.062485618072543,70.0696438247373
404.7195638031682,601.1900435777151,21.180871651511165,69.96356917028265
399.9070017015394,606.1498461954754,21.268871220979833,69.89037563977904
400.33756442485935,610.7023690298541,21.269688661646114,69.92399230927849
400.6820022418928,615.1226330860634,21.190481163222167,70.1056848084321
400.5845820126974,618.9990309926345,21.199457992629522,70.1769089041951
400.3806785419441,623.2507354738618,21.246243296219472,70.2089432477096
400.2339014179727,626.5799634076227,21.147958457152942,70.42676578060892
400.1905436287244,625.0832773112096,21.151721752326647,70.47405991137762
399.96164570564673,623.8901072100505,21.15183665785404,70.5270611377897
399.9606415880455,622.797638739654,21.205192618149837,70.48854598736548
405.41833741839497,615.3375950696419,21.191457108268757,70.5899268149386
405.4174391609216,614.0003199490671,21.26787306544002,70.55248360020121
405.5916006611128,607.6830521647859,21.475044313924663,70.32021218481592
405.5414998251913,617.6484228165746,21.585129742516948,70.2256696880014
405.51271238177685,622.5626408608514,21.702959761961402,70.11233102681581
405.6025188520407,616.6474608106549,21.736848110920615,70.09157113209156
405.7954338727487,616.8832440765755,21.744856147288218,70.09601128693785
400.5794462906128,627.7790756943004,21.746537274694816,70.12199789279651
400.41796168736244,632.5354412996603,21.81724770357704,70.06600896875902
394.6862655973276,654.0398708266993,22.249687430033493,69.49155619519857
394.6500896396091,654.6133701155463,22.60817391630744,69.05989149649844
394.6376659842874,654.5264373429462,22.85659404737584,68.75935220003718
394.6745602395603,655.2704480716839,23.174255465113752,68.35984709712294
394.5709501326403,656.0048057916442,23.411072434234892,68.03124930246585
394.44294281746187,655.2367466117101,23.62805270170942,67.72872423067044
394.83939287654084,655.4401604890282,23.533766763639505,67.83674625802423
400.2650919817728,654.3143597146728,23.306166923536882,68.11778046111597
400.0731790008539,654.6042221311577,23.157473366045732,68.28750976880931
399.83250316064203,655.3164038636878,23.069024371554065,68.34860789642339
399.73228104993296,655.3471422157361,23.045027541489073,68.33666665682215
399.7101551832931,655.5292150960274,22.99836203021513,68.36340973619953
399.91105396040047,655.2345701844442,22.977954600559848,68.34012349191843
399.93502464082087,655.2035387682181,22.976530216969646,68.31333997614462
399.9719552907182,655.2064878709926,23.034905546899456,68.22135727809088
400.1167923058798,654.9782408136625,22.92833050332115,68.29511733246353
400.3221376161557,654.8494319787574,22.90382797261691,68.26156824969723
400.3498637297656,654.5069957010344,22.84069502241919,68.293743182367
400.5926372663535,654.4839931124536,22.7935040805586,68.29841783573957
400.78243487907196,654.3012472022515,22.793963627021824,68.25030214819985
400.8452273063216,655.2280859392077,22.865244018222445,68.08598398157649
400.78586265999513,655.4434394928413,22.806283922481065,68.11020473599969
400.6212188156788,655.6232899770617,22.829488408751672,68.04577626688176
400.3044198682216,654.9222768101813,22.849166151478688,67.97785466649191
400.1665134132579,654.7814310553752,22.788653147738408,68.03207829645139
400.03482397987574,654.8736593350009,22.655339798106436,68.20304372735615
400.192884277474,654.6175256471042,22.47646356156877,68.41765644459332
400.1105237640356,654.2807695512583,22.509307911170794,68.33271634002821
400.47032272177233,654.3101355246185,22.406822691868083,68.42783699018663
400.48088013705245,654.0237011133419,22.376168003801133,68.45637229518867
400.1989227958748,653.9239390214792,22.217017905921104,68.65333918610062
399.9321470885958,654.1589211574657,22.036646521845604,68.86901709695454
399.9573085313515,654.271959737428,21.92969425053503,68.97872520676721
399.57330082692135,654.4437951506843,21.930485466775924,68.92869249041539
399.4162721818301,654.4329021140217,21.882976392193367,68.92026548339408
398.9339151430275,654.3217849880366,21.8744848437876,68.86666931749288
398.65896321353097,654.0336406734166,21.766344841391522,68.96727923460332
398.4121356401096,653.9255446984694,21.661098179972335,69.0631564076001
398.03375372292487,654.4218279156023,21.60564758019496,69.08863194167989
398.2590642650133,654.9755636870161,21.5883101528536,69.0141359533186
398.2726235555408,654.0072218540857,21.510122736838127,69.04577637481749
398.6464118980926,653.593670582949,21.428080846065196,69.10010124050865
399.10526967244454,653.8402262987562,21.321924974485388,69.1497181733619
399.0914552727308,654.2407890156234,21.257928627345024,69.17667601637609
399.4860148499156,654.337794477434,21.15540062135185,69.25869122247745
399.797903758494,654.6514092132346,21.197343684226688,69.14528943241775
400.37368906142495,654.4943075070863,21.254397441310278,68.99330858625336
400.9752969758907,654.3844200158078,21.13599151170885,69.09479462712903
400.36515189682734,654.9414617379468,21.188305171231868,68.99333735396306
400.5544936596939,655.3250088091851,21.386757029581492,68.68540961907156
401.32066207786306,655.017472525677,21.363659509229823,68.62050411344441
401.61516911542657,654.4734017147332,21.256256179294397,68.70523956830164
402.09149481329035,653.8694145609974,21.06694197848645,68.91638102817826
402.73196163917333,652.9625266950732,20.926776973914375,69.04920897941753
402.6732417480918,655.6183609560538,20.75454575225893,69.20247146865606
402.14588312405994,657.3752500498682,20.978744396997712,68.74050426087052
401.7176301556391,658.0706676047248,21.397244618230875,67.96459018453977
401.6717869850474,655.2534104299065,21.36092977614281,67.90124906161162
396.8056193608389,657.2667851060776,22.82590052260676,65.88272062029549
396.28031152024096,660.2146424124893,23.652086715620513,64.81089669350723
391.9307767902014,662.0205809835597,23.944227159586426,64.37630808362343
392.05761677420236,662.1868642762653,24.043340140068807,64.23311530433119
414.453589726366,610.9243929659315,22.664525949608816,66.06716284443249
414.7822140642396,611.4289724087466,21.667412245003355,67.40070229444972
413.92114561520276,618.3667007722202,21.096338398219228,68.2012146913429
409.66886348889756,629.5512350874867,20.796803567882904,68.56595457826603
409.2095749147183,635.6510354697509,20.466991352952483,69.02351743373276
404.83590049761136,646.5769275472798,20.164663292024734,69.44806994859688
404.50642483995256,652.5230273497775,20.14124775935049,69.45160036221702
404.1073512358234,653.6911682837169,20.20711942201175,69.31248159934914
404.00233550640087,654.369601867028,20.2169708271458,69.23862384263167
403.8638450626345,654.1863055648305,20.147244251414083,69.30664304247591
403.5624713370678,654.8790922419703,20.230659770479644,69.10642916619322
403.2700151364634,654.4829108153776,20.286522238731663,68.95294421006378
403.299141892417,654.2131518065271,20.13969933158031,69.1387295822534
403.15277846874653,654.276794282908,19.994473451841962,69.31151861077655
402.96972135879724,654.0534619819763,19.976178303702312,69.30150884545051
402.9746082360507,653.9493019064927,19.953817931353093,69.33085225200435
402.70970671881827,654.3454652928128,19.8993159774337,69.3783993893143
402.4256492415314,653.633008471783,19.764600378952647,69.53744782465559
402.1066598687721,653.4102108790001,19.7245809393134,69.57971038936213
402.18518397028845,653.5581546042347,19.552490111844428,69.80661647031101
402.00913588698023,654.0558035952464,19.549943142197964,69.77541872994857
401.7138325879626,653.7146319275697,19.548280915655916,69.7676843432293
400.68352318627586,653.6787139783178,19.631271368771557,69.65145730566562
399.852384844319,653.9024331360733,19.612958734409908,69.64471284544024
399.0829229817072,654.0732631982386,19.489071537964424,69.79350155362158
398.4968008722018,653.7430589182618,19.52352185839274,69.69056081891277
397.1052022412413,653.4308395679461,19.71308070020881,69.37626933928046
396.51729453731934,653.0663611472337,19.63409102000945,69.47011735216077
395.31646745674567,653.603858301849,19.64455870540298,69.46414498316149
394.0272005675043,654.0242778452009,19.602120088942577,69.52326104992281
393.57837203803285,654.3257750079525,19.5109542704783,69.61477623064525
392.38258230822805,654.1992421592682,19.558241089401957,69.52240478874107
391.259948995354,654.5048414876924,19.665390163346412,69.29179934235172
390.176135701835,654.0328409637507,19.684208509493963,69.23156023501505
389.5853099544952,653.9039681130947,19.68031289075497,69.22661366366388
389.0571608827495,654.0627445643887,19.526442434163926,69.42777387772156
388.0367994094855,653.5694931971619,19.593582993721405,69.27933181561299
387.47405800211226,653.2160150220017,19.617118381671972,69.20057985771363
387.2385850196604,652.9128868576637,19.474891517424524,69.37110453699083
386.5477451641086,652.9884781811865,19.529385120892588,69.2372189511054
386.40770572345934,652.8992163895005,19.456235164939436,69.28745483167859
385.9345681223397,653.0175951097373,19.475597821020894,69.2584722389509
385.31251520598414,652.9147061858943,19.4159995111615,69.33670528122934
385.1059317895722,653.1458947525457,19.37139349299515,69.37881709293384
384.5849699427807,653.4880380087945,19.20016620848975,69.65954754153384
384.5918125027099,653.634733079856,19.089292310409732,69.80913780807941
383.98974528408877,653.2472275213973,19.000641699167243,69.94761995618565
383.39015738295535,653.7975581509703,18.94691904676793,70.0587313773224
382.27316135787856,653.4329763839476,18.994789156308677,69.98023409326788
381.45642123516967,653.2295355735846,19.192100373444262,69.67145424787216
380.561650295856,653.1833526518541,19.151766902073135,69.73485176086055
379.75974151833066,652.8972964949451,19.082948186600838,69.82833263785362
379.01525477620794,653.0535400052403,19.03362962048457,69.89238016864523
377.5471467153724,654.1562860813847,19.209377974440226,69.59722820629021
376.89114859339975,653.9221405417546,19.20731865636613,69.51014281546153
375.9248029990698,653.2969192079989,19.129791463144336,69.56926172580118
374.8794737544907,653.2954235822873,19.01991203230444,69.6956685963593
373.71315956576717,653.2536967519651,18.995491898246343,69.75247767880023
369.97156174616936,654.2688499994846,18.767546427975386,70.06282722586022
369.86588383405694,653.6948322605398,18.815444322112114,69.98470444245078
368.38031814745756,654.1080818289417,19.05162229183805,69.63286990435024
364.6327216098245,654.7525170973977,18.890286417366628,69.79249988146873
364.1605895693278,654.0032854665238,19.05679529749716,69.56513044248709
360.4776264792719,654.4329931564719,18.885052295785158,69.72396981951852
360.91072972659293,653.8887988684812,18.93658441760963,69.6461934012599
359.48254379950515,653.5213967572815,19.199108997004956,69.2623538629781
356.01024595636704,654.7792384517762,19.08571747014635,69.32638906377157
356.19191717128064,653.9757778425894,18.903588672545148,69.65496243229919
355.04173580676235,653.7173654716361,18.970939917435654,69.57020816371946
353.7354870830393,653.5389186509245,19.017405193632406,69.50984300606636
352.4220622912971,653.8420182767101,18.963936421556475,69.67658653594366
351.4597316336824,653.6535412663295,18.76876498265069,70.08700000030382
350.89940345723545,653.3232434874894,18.861853114452405,70.00807006102433
351.0810789911185,655.0204016985543,19.394946903806897,69.21698006215793
350.0702414923966,657.9027224594546,21.149521000839037,66.97809346894635
348.9065465475911,659.8494004201135,22.50133985411117,65.26155997156334
349.0622233370252,656.9386121117235,21.574545370148872,66.52014973760487
347.90925054504595,657.1663424009087,21.55534499425323,66.39513462766041
344.3844212168212,656.8189040821437,20.988536651648776,67.1585003995019
344.77383691569344,655.665558515955,20.76262809879106,67.47085433076091
344.01197759345223,656.5758476103107,20.369974444079208,68.11387940018237
342.9872504254106,656.0019966298048,20.16447634943737,68.38264489163939
342.1573051631485,655.3375176674314,19.771528310042385,68.99418855647549
341.4187719886594,654.6312459781724,19.41933121030544,69.5655518488576
341.42379383301244,653.9636684845854,19.27365627324449,69.7859905446042
341.1415573480925,653.6312208904485,19.17581089419983,69.9428894717579
340.8324716525856,653.3192438168004,19.035596746158774,70.21264248103469
340.33701927609525,653.6041385137049,18.942457519494567,70.38958734873844
340.30966915482907,652.8797650556171,18.79977622089406,70.68192738548906
339.81240224529466,653.2100138884919,18.824448532547123,70.67788243513627
339.04068141680625,653.0634758591685,18.958804081316174,70.48654513819412
338.11837203463926,653.3276806988653,18.926427162933823,70.55240020451288
337.48091555016055,653.3706164261497,18.86562769902987,70.66107525575278
337.1822065434517,652.7982737596896,18.659089561439007,71.03129872324799
336.61717063871373,652.9259146672835,18.665717171352906,71.04282136477107
336.42460986373953,652.6068413638195,18.684290749337435,71.03043936194634
335.9525772505479,652.1668896708795,18.722428436848883,70.9785073348472
335.01355074748454,652.7075524724792,18.839046411084738,70.79529826063568
334.4840855933278,652.4291946558428,18.827359639663435,70.82120407421002
334.70847553667926,652.1859120588222,18.6886291377929,71.08051459441268
333.63045419605334,652.8219338706275,18.905642483069037,70.7999656264112
332.9700913014253,652.8675155785623,18.966925346871946,70.70344756674216
332.56385403661,652.9703283788828,18.919241135028358,70.77129168241187
332.0810141543463,652.9699406636568,18.91569859235058,70.76059817989996
332.0735345026587,652.7003654674608,18.781273471635455,70.98232779163325
331.69778439620126,653.0611401434743,18.987378906298698,70.65171108898025
330.8939004135024,653.0922645288664,19.09891281236257,70.46031325377434
330.44395762534856,652.7894725189661,19.03828002853231,70.53408454612342
330.4302448769031,652.378264281797,18.97408440216896,70.64068118479888
329.91097050161176,653.0360305027832,18.93672782972302,70.7043183261472
328.7166682197245,653.2546222614274,19.023333301395493,70.57190778191944
328.2581872233737,653.0712589227774,19.1581817420036,70.33399206801467
328.16794421951505,652.0848151504896,19.000915169078226,70.61446711697698
327.57818226147083,652.4996338117107,19.042880505721744,70.51208037055412
326.81803811004335,652.7743259834053,19.068078562376197,70.44292820632984
326.4640663622391,652.9233000334185,18.845427673314376,70.801989767501
326.40205238241793,652.1380026552084,18.7324251119215,70.98782950854805
325.81391895378835,652.7297806877812,18.826839175487198,70.858344869794
324.9333958071577,652.4968511274159,18.968426316526795,70.64854767186014
324.44243945805744,652.1862447617257,18.86902516623189,70.84518462737873
324.5039314257141,651.7618111756055,18.72062781086717,71.14741736396527
323.37445743228983,652.5647361630112,18.764194413819872,71.10668534436205
322.6128600063236,651.8287713787671,18.75290166065735,71.16715248666439
322.20911415485546,651.858986352808,18.72021994030346,71.22886554639766
321.35612819822694,652.3656462966159,18.68294148353483,71.33999956102636
320.51724192310843,652.337378706249,18.60830982082022,71.5048482351909
319.9989118334929,651.8242735129716,18.506847799085318,71.66857208047443
319.83115335155264,650.4811303617284,18.333996390048686,71.99229596497665
319.1770749776723,651.0467201278998,18.27304005015531,72.18551363894031
318.7038522723174,650.8552771960774,18.264846562492362,72.26874653870837
318.21330736759546,651.1942230896808,18.268407740249135,72.33900229874658
317.1724811682008,650.8669255068287,18.296635542251902,72.38352002371231
316.5887330071616,650.5974163967051,18.341071876308547,72.34778603238884
316.4825038518166,651.0633462568666,18.379946590053688,72.36559811697066
315.97763595667675,651.1329538345994,18.621700493469643,72.03679958545484
315.2630717970138,651.8521207313993,18.84124541111555,71.70889281383545
315.0440068824732,651.623042875114,18.76523207127058,71.85764689505076
314.40116180323156,651.8820500507687,18.9963968543876,71.54780280870077
314.08860174174873,651.983977583826,19.09682593206896,71.41143676311259
313.0690009412223,652.3150324004686,19.178248364039195,71.27105403612707
312.67746906801267,651.7411653918482,19.097889061008583,71.40968988118
311.54774148432364,651.800157060137,19.18311746752238,71.25724971413047
310.99351077532543,651.6856896469626,19.152391787969307,71.34736350485578
311.0670420875526,652.1330178737948,19.21329480572893,71.25212263957037
314.7783865674214,659.4639429454026,23.647581401411067,65.85359246553196
313.41896966280785,664.7983273396426,27.648796745214696,61.180207893360674
313.03295923582317,669.6949432769336,31.22430084694097,57.19691397272763
317.09668973541505,664.686959447175,30.554864349557775,57.85795456925649
312.2868938084943,662.2034950748637,29.80381830972251,58.7064298112242
312.56582955446606,662.3579979881741,29.386913426899355,59.07245165307917
308.6947809970589,662.3114850773577,29.201365812099375,59.15866708106202
308.8940999066027,667.5221737360001,32.05619960594208,55.93684325346217
305.3432429625156,660.4185148991514,28.775808620459078,59.88601178012607
305.9697195934961,659.2933895890657,27.040654378311565,61.96601927116322
305.6385866404468,660.6005990239408,26.46526178373883,62.77200245143126
304.1050472732327,660.0425980336041,26.46516083829649,62.783853063963576
302.7658259550907,659.9644501180297,26.306214243852313,62.95474941140915
300.93026752242565,660.2380678595725,26.109780259267836,63.084254217058124
300.67299268280453,656.7509278617025,24.387145652392498,65.12561375686553
300.7447266807678,655.6838202385404,23.036429803186795,66.76708044466842
300.78522221329473,653.9831718658563,21.79249823596625,68.38689640085211
300.3029836074772,653.0153126315315,21.118152176803623,69.21963783207188
300.08760322586505,651.5441035874431,20.511687335970624,70.04126353133253
300.4108924016321,650.8218840442061,19.934282394971337,70.84650967900203
300.3257921156655,651.2683813758824,19.706862646584472,71.1451983080382
299.7037152825086,650.9686074044425,19.748216515840106,71.02969018917328
298.8503205041315,652.1053242413656,19.77277023561156,70.9456817453536
298.43790096426153,651.8141218264161,19.767810557321628,70.89954504607394
298.45971585580105,651.8660989415789,19.670664155335132,71.0321883537427
298.0714498291627,652.5527137929706,19.662248336449938,71.0540178789027
297.3999553651822,652.2806344337997,19.805549545065762,70.86409753430569
297.2684021555127,651.3617533824514,19.806334194213555,70.84271888325641
296.40577559211,650.245504389377,19.818969327664295,70.83442674069745
296.0352701433641,650.038221376189,19.63628561456036,71.14697834465673
294.8827275466737,651.1701733155512,19.72360523825426,71.00897568816126
293.8301939325762,651.2818425649156,19.78861409204433,70.90861113069906
293.3639751520095,651.3628138763102,19.746510167868067,70.94598778114315
293.517050824705,650.6881993981038,19.72726834310327,70.93885916309299
293.3887849893454,650.5721785945382,19.507716735166404,71.30086938361043
292.95899680785817,650.5355969609393,19.414330282379282,71.45868011258027
292.33243549952505,651.3613774944062,19.210229602880098,71.79584721127297
292.0296357590758,650.4174023337158,19.041509315826616,72.12656896743755
291.51399280905963,650.1704524607926,18.953090969337918,72.30093438172382
291.498362479237,650.6619808675844,18.862367638909998,72.5059680117516
291.4951232377086,650.0774160229681,18.945013444662045,72.41451883021064
291.6211015903155,650.4997500631596,18.927854470490203,72.47985578284391
291.8167109302375,650.0422115002445,19.16351226407304,72.11450592960905
292.4177569338093,650.7008005985209,19.22653802140235,72.04249355794659
292.3135331774936,650.607586210634,19.403544214299913,71.76936879396732
292.7605219048504,651.7023934832476,19.376281237125355,71.85361374962501
293.1826841742305,651.8882279265131,19.593078758187286,71.54801175404923
293.3150617036545,654.3844217865335,21.142833687170274,69.477249409756
293.13525482595867,655.537992962163,22.41911186412035,67.82838033816383
293.88464106566846,654.0981195405514,22.180525937702186,68.13049737677595
294.29290580237245,653.6629485995395,22.007353383582874,68.32065400041108
294.79795982721214,653.2019709173928,21.910487733596042,68.38885675163681
294.92920826300093,653.2726040506942,22.062553862220668,68.06781494897388
295.1328443357351,653.1506714657654,22.333150619435564,67.61961356857661
295.35146147556816,652.7112949806465,22.324331727638253,67.55627859049208
294.6344486313557,657.0172338256162,23.545884902745062,65.86769067640097
293.9857072799911,659.0760609142369,24.604945882227803,64.36370517935084
295.3288692060499,665.0070113150555,28.688747419209363,59.531758811154724
293.77287848297266,669.2048838158497,31.34751925657053,56.43818837774267
292.89762314272105,668.5988819399759,33.107310840338684,54.37197600590946
292.66553887717663,671.3608965825302,34.478853217004676,52.795446234426635
298.98990096930174,649.5284706320512,31.04375684800107,56.823461129769626
298.9509057120581,646.2317026221907,28.73758112179623,59.652800992035004
299.30359653098014,656.374426022682,27.31480042322599,61.283930576550674
299.5695196430678,655.7252821576637,26.05090717766167,62.77591020099907
299.1248083125731,656.8991543429794,25.201819229977893,63.83345214247099
298.53897574760305,657.4875937403689,24.69485257738626,64.48289959872194
297.71017294095697,659.0576234957406,25.230549406765853,63.8900462513849
297.3370884055856,658.7128976356593,25.64684157778938,63.36263588906635
297.077063139325,658.5836112074666,25.59724205633256,63.392045739503494
297.2990280385214,656.361284989981,24.13598220747138,65.12747871875592
297.7753326193359,654.936801843054,22.708937925021264,66.88750367693162
297.78233543813946,654.0676119520547,21.747905319411867,68.09924614318011
298.39054087700674,653.38205745654,21.3301471502077,68.48696361084838
298.7828685376674,653.6152808125902,21.009030863014598,68.8136400247779
299.0585116883435,653.2219706615972,20.649193086256695,69.23811225046802
299.54383707857306,653.0241484344857,20.225321580738054,69.80183642363836
300.0607219602162,653.6284135791869,20.013742221390068,70.07021755982655
299.7529334541733,653.3959964643443,19.931174082337634,70.17101698779007
300.1937153491615,653.8151824736584,19.879348968909216,70.19952157133478
300.17018367615555,653.7238275815059,19.90731312967785,70.11336046549934
300.5308057109166,653.4553882785231,19.789656210729525,70.25126283488316
300.91445227285885,653.317458012079,19.73971756329685,70.26034892199908
301.00525123912735,653.5574315061705,19.696734017079965,70.27029480400395
301.0810430910789,653.1570283286434,19.664724822737853,70.29204836507839
301.19916445391624,653.7477926143711,19.88149360981964,69.86990812122178
301.34632713420825,653.4154856646101,20.01357502018019,69.56750395290695
301.56280097224516,653.8647108428821,20.231654427503237,69.12570886026357
301.26420954347276,653.7371453867013,20.17241371632249,69.08938229839356
301.39844265041427,653.7039888609005,20.10781510180752,69.0941327000893
301.6829358545238,653.549065139829,20.091537557800514,69.03380674755226
301.99612934911045,653.7473992112257,20.07008013501062,68.96487095916163
301.71114693236575,653.3180623874397,20.02724669493665,68.95777837948812
302.0660417315006,653.8441965723614,19.995583372206326,68.9321784390194
301.8116362562305,653.2137928338916,19.9327626527483,68.96882286053922
302.05488131832544,653.4452958417071,20.029452419667905,68.73819090208194
301.7667494235688,653.0079721739205,20.093678216703772,68.55969807423334
301.38946314457723,653.5567034511646,20.041474966352553,68.56872064814786
301.6698583326757,654.5491921192652,20.12997199278547,68.38399336535257
301.63322240464885,654.1341202145317,20.00638456360375,68.4955082318532
301.65794016530504,654.4641394693826,19.919677512855287,68.55322527825768
301.5588563528537,654.1332761139668,19.90472473685238,68.52215736809872
301.6111344794391,654.5206224770826,19.87059836757882,68.5236650555709
301.4356668274553,654.7354409625764,19.831740573573544,68.51524206907288
301.61576100546733,655.3267844414978,20.004002893513828,68.17814296084705
301.6966639004638,655.1826781292683,20.03379936339526,68.03480377122676
301.9678995366263,655.2951793017654,20.037904173776717,67.93553319245653
302.02009368442134,655.5693012747137,20.047911846802634,67.81589063072273
301.59932016132393,655.5194037769223,20.020402489360563,67.78227314595125
301.78947919727176,656.0159645597566,19.98927024185907,67.76614347214343
302.0024777028693,656.2734302359506,19.978090563885413,67.7331990596627
301.9929664656791,655.9098936826127,20.084630418980318,67.54377314766938
302.0678074654086,655.8625734029627,20.231237207840014,67.29022348875921
302.14417088921357,655.4678337591544,20.334291712749994,67.09371839136234
302.44604951850863,656.0305260903624,20.488757093720515,66.8267609554896
302.0574141462272,656.7196369646267,20.521186024242283,66.78214652297807
302.02803772054455,656.5557497855355,20.573280197198923,66.65280761516946
301.76816385654155,655.9829891684223,20.60974178285558,66.52638921411912
301.51635892377897,656.0113219474139,20.60423863463644,66.45881640661055
301.3268114729711,656.0066038484857,20.460820504292663,66.57476167158504
301.04231633151954,656.2430085830651,20.430168808455104,66.53176910411014
300.94318651308726,656.300040023373,20.450975046615135,66.41358069080036
300.83602890426874,656.5343377841377,20.49747420645085,66.26830862770386
301.07694017172673,656.3460642752274,20.490394352322895,66.21111863576088
301.46734923069926,656.1955464245265,20.441567346610082,66.24749108790833
302.03916090623505,656.5007857918222,20.43080227190571,66.21573185004397
302.8603702523796,656.591869316616,20.28823826349259,66.41281651897741
322.7623544955197,663.1196702840546,22.58947912779847,63.30720581029673
319.7699204923541,668.395626472898,27.208160038487446,57.821351591484174
317.44371327222336,671.7615846397407,31.418359304312443,52.98129240501575
316.1906757082491,677.6747473590592,34.16265926646459,49.925439492928945
296.47943240282007,663.1936360955984,30.78206436487153,53.90195759785349
297.4830299047148,663.1816428607008,29.353142359415024,55.55340979259377
297.83848148124144,662.9612010115954,28.331394308137856,56.66103855744716
297.2760912024472,662.9743354289544,27.598675266269503,57.40267436197326
296.9121225896819,663.39332520556,27.218612213327244,57.768066214363756
297.5405104688681,660.6547941173483,25.838889007952925,59.494642970560015
298.39088985028235,659.7479851357474,24.45746859661259,61.27838464946058
298.8017350036926,659.254250834394,23.5738723804624,62.40978650366752
299.5064643606842,658.5225896137667,22.798037624113142,63.400165936975895
300.4164603693156,657.7024120534484,22.271629119156636,64.0435189924311
301.0331233679815,657.319081302551,21.852958246965958,64.56629423204724
301.59582662583273,657.1700630239932,21.42939821163307,65.1359901932023
301.92453263873404,656.4825571338924,21.22968318991023,65.36759307886499
302.3085851039967,656.1674280044858,20.846308061993494,65.87874859142983
302.53836974480606,656.6316763366939,20.579136047001043,66.21156214677859
302.56654002409266,656.5594724763504,20.270930548499745,66.65031158065572
302.45880303704166,656.1378607904289,20.183089717570912,66.77692016968835
302.86418728345456,655.0180026796144,20.075879133280132,66.9558196264858
303.2570543718962,654.9128547047176,19.943721390055522,67.15352141565563
303.538294757862,654.7014296469957,19.884571802511157,67.27352942070382
307.91394012923695,664.7974253174564,24.468134232063417,61.85262572626707
306.4772800796181,668.7623755183718,28.469480339907154,57.29426062564475
305.4435365074484,670.2345033794114,31.473178414593903,53.81189500499827
304.4697390000819,673.8365954748397,33.764638317279726,51.17774674858998
304.3522641244804,672.7628937521358,34.89747708654144,49.90046161634571
305.745344031088,660.5312502123285,31.913368534393694,53.376945641150755
306.8472991899476,658.9002540465153,29.36349116230744,56.3612406480243
307.478880332947,658.6520010376755,27.594238116077573,58.44576377176011
303.6774568433784,657.2647049975828,25.773823452758744,60.70636509209597
304.33681127900667,658.9956372835259,25.587335207379574,60.97404849765728
303.98576710619113,659.5964357586975,25.65927472498104,60.954670933414974
303.84889620979556,659.4462758494452,25.776248717321902,60.873683805641875
303.47460086943073,660.2847647433211,25.651305493499127,60.90998383466243
302.5599811954191,660.8323553508459,25.4650528790895,61.00102326551736
302.47207585843086,658.2390335364385,24.135573760051486,62.51517796649108
302.65186820264944,657.0460774518888,22.83131058622077,64.07084356786427
302.41468618831686,655.6470806723063,21.903530540445885,65.2099843114012
302.71369513390505,655.1459892252199,21.193740268500243,66.13045092141817
302.73188799735567,655.5046395870377,20.706241794406697,66.75394631079692
302.6496648818782,654.9819585256735,20.505616639262715,66.97224433659763
302.7143795500177,654.8561162098335,20.319588062233564,67.16987925287773
302.6713945055391,654.791879325236,20.346843005155854,67.08228216144867
302.2014490646004,655.7012625547086,20.302618524865935,67.07166849734124
302.2615292791195,656.0201881081687,20.318872102180144,67.00343811891378
302.17288678631394,655.8917691238707,20.355276458370987,66.92322266935022
302.19004187492646,656.3371387910987,20.331858317516932,66.93552809512144
301.946204375857,656.1899820442259,20.309916642663044,66.93184158099933
301.6895866857001,656.2449566895494,20.265443282742588,66.98879046642628
301.2371648690616,656.569721784948,20.21638574433534,67.12350737598231
301.36315523445097,656.6299904249888,20.081265567178775,67.33750369789993
301.6722837951432,656.6071502952192,19.897842687661417,67.63234995434847
301.3285835814975,655.979781977181,20.071456977848662,67.38133569587828
301.5859468995785,655.840544504866,20.178356003536678,67.22503218858883
301.45487157862993,655.7777386276497,20.234012716405296,67.2072647613979
301.3089628511687,656.1182001902312,20.25193168900512,67.19852163320236
301.43269461045355,656.4529254477728,20.430380550653926,66.8888885633971
300.6381189933693,656.3134852509156,20.60651486950113,66.58210677096577
300.1316964277881,656.3813197866626,20.534520775848165,66.6194022276747
300.1306987656139,656.248984543356,20.39340680840467,66.76937104089956
300.0449926104769,656.2532027406899,20.23668201893569,66.93832864890794
299.7639654099124,655.7352632584463,20.151842680364396,67.00433150284127
299.3673673174669,655.1957269310763,20.060062716650013,67.08667019409181
299.27832924501524,655.5362561842873,19.956100798742412,67.22084789849279
298.86403123869667,655.2114853581726,19.91368632906834,67.2309581933385
298.8139752659297,655.6798488315093,19.938544862474842,67.13948453541087
298.7818913137731,655.3303320000016,20.022405832222766,66.95557272046369
299.05155333027403,655.2885851062307,20.07530633754708,66.86185236234527
298.416811268408,655.7352646589842,20.066991570211577,66.84142920759422
298.26560045620727,655.6378460427866,20.026495841698264,66.8678596852574
297.9698002687289,655.7073125102042,19.883360310530975,67.0471586310868
298.27316229885304,655.6228519894638,19.54934740808139,67.54669057368504
297.8293449419822,656.6346009841795,19.574930158016997,67.50573891375197
297.6501018093015,656.8499628635852,19.711507034478615,67.31586323426428
297.5448044053023,656.5133678957137,19.858194137229624,67.1001491349159
297.613612298046,655.5134049825481,19.970323303467104,66.96734423881978
297.58828877006636,654.8313467785009,20.03630099630027,66.86349027566786
297.7485340968402,654.2400731904346,19.989486648761883,66.90887345510403
297.8642994305079,656.1789236061107,20.173440707855455,66.62983261596965
298.43530336813984,655.6962958680294,20.37060161959409,66.27584549550593
298.5653091144181,655.9762193113983,20.23318839512938,66.37450357168959
298.5364440654219,656.0653919893645,20.270054149851067,66.26673007046764
298.29579851785616,655.9323425858664,20.230052558520164,66.30532595027975
298.5580630887657,655.6133534702728,20.26524810523095,66.25759637392585
298.3922796607657,655.8716565419356,20.429287836945292,65.99705837086864
298.38195551289124,656.4074257382958,20.55325920488926,65.76619229231528
298.59402996196235,656.6379014523674,20.497372359283062,65.77413376630815
298.985769744234,656.5816314042596,20.574703670632378,65.5894724078841
299.3732072230269,656.2838154516146,20.25711390863565,65.96050873664933
299.1667712413242,656.3931771432212,20.001345616113003,66.3271537482878
299.45589070083173,656.4946311768263,19.933784988418786,66.40693310669118
299.9285105521841,657.0406129926969,20.13558744097982,66.07912766424663
300.06649245623186,657.6311871443334,20.365730009532292,65.71708534375425
300.30692439107395,658.4264083817383,20.563614985902195,65.35674922270421
300.1400420353253,658.7780949538608,20.729279832082124,65.04252288326866
300.5659291164362,658.8263210209024,20.641035447387186,65.07964603962708
301.1101332755359,658.7846985030665,20.723332090010885,64.8764427158095
301.4389874793562,657.8299224524341,20.914912265172166,64.54876380091508
302.0818380336375,656.834454625923,20.85448059344575,64.49344863377756
302.6242854863843,654.8357048923643,20.354645569162436,65.17692365249987
303.5547303028997,654.0749709456184,20.057057737813153,65.56303845761296
303.80033232324223,659.948477955866,21.519160968131807,63.59581340806505
303.2663539975237,658.7708581581844,21.229920215661043,63.86011372005716
302.54431607534366,657.4491104126193,20.830288260109672,64.31374481413843
302.1433663930771,656.8685708231578,20.43039633817429,64.83114944062062
302.0439618517211,656.842257825988,20.32275290814514,64.94834528075597
301.58877689237454,657.0946973776246,20.255164684080935,65.05536483814257
300.96367292730105,656.5894214820885,20.186202139221763,65.13091036834304
300.49963131690566,657.0135158241505,20.156339536343165,65.1693564512743
299.60922577715655,657.3169759537909,20.257530588299176,65.02199360604855
298.9841607686611,656.7866807504223,20.168752409794507,65.12946682099407
298.6933073551428,657.2637223766097,20.164685530394966,65.09340751252044
297.7426580004123,657.5997779364776,20.509656896868925,64.57721210013443
297.0287473020846,658.0524532953658,20.762158383474954,64.17975315653547
292.81621520707694,658.2324082674941,20.63507661554341,64.29618928781377
289.34770968150974,658.6380726616177,20.49903144566953,64.3795456487595
288.9850976672967,657.9327975832255,20.667883964066675,64.0177801841678
284.68531506539387,658.9375897603609,20.610674646998437,63.99834461262705
284.1915350987696,658.7282901373053,20.59397058316909,63.92340285646465
279.4348452325076,658.8682558406579,20.705008473041627,63.68897152334142
275.25521614031953,659.3374174353199,20.477689241951428,63.90092261075078
271.2162543890689,659.3196449252349,20.305945576789135,64.06310160285035
267.26903361349764,659.6287174119184,20.26198638253986,64.00983002683367
263.6502319329379,659.8941581267951,20.33488255982135,63.800317917234516
259.72681975221786,660.276075138843,20.35491277377004,63.669420668823136
255.8861148163071,659.7326239953267,20.087607912467796,63.940682625541065
252.25327567745802,659.7436181152638,20.036758823527727,63.86255104221826
255.05609501154285,666.7312797667423,25.046917198204774,57.88930961029373
248.0314415228106,672.6955789922156,29.17136798975614,53.10323635542278
240.90927762085065,676.7847196144008,31.69422782187432,50.239243250395475
258.35198125122326,683.5186192411088,37.598363712984536,44.465091858460326
256.7826669623156,681.5329082562329,38.49421232063087,43.42740623849035
246.2984965479234,681.3712486887407,39.09489262695427,42.81964330360092
248.92492496302373,673.2507740027212,39.27888777505561,42.581298852397744
245.63907997016332,677.0728156143858,39.210453439792566,42.59079581781985
240.08319266198788,680.4285877911126,39.4005905210482,42.44251917219091
239.91212937421162,683.1235834596732,39.57357094625018,42.273876597581776
235.63602667115046,680.5762887626104,39.39386278578314,42.549584003182275
235.53527071149568,678.8589378817841,38.9525054710076,42.94533937468272
241.332222601555,664.1138901386093,35.27014315283357,47.05915693744822
240.4557444290911,667.8102945886571,33.630423621143905,48.6846128078605
236.9242412771138,673.6039236925637,34.97647330965052,47.135191628550814
230.43455747981602,676.3833351299152,35.89292319489553,46.13209146731841
228.89571316915314,680.0691943095932,36.41362691479306,45.56474351125202
228.52776090790894,679.0877674185771,36.55913300645717,45.40351425113964
223.0599077011744,679.0393565639042,36.56183408697946,45.38907643298077
199.90919607639506,666.2439508482835,32.271693158071365,50.325304886927455
200.7251109858486,666.4160637726221,30.78646458397153,51.95040028916563
197.96309206078607,664.0543582932492,28.36469974549795,54.85971026715299
199.73603040255296,661.9451249842122,26.185808144590506,57.51704469261525
199.86392341872224,660.891113333204,24.748978725792597,59.28369341853983
199.83762666354573,659.5280325207424,23.742397340859032,60.52699722009102
195.9795511249209,658.9554446019885,22.697823396746383,61.90618697266091
196.26915871328995,659.0604082965986,22.170333704439084,62.55007138392051
196.2516434446219,658.8444635588469,21.809944852765767,62.97805353141811
195.88366852198212,658.1339621289203,21.57765407933953,63.225456552060734
191.50188680631052,657.4480446311096,21.346787922364843,63.477293688680916
191.89475779024343,656.8453030037856,21.130949089798715,63.74815268862532
191.37737508553053,658.7375223151245,21.61101823734172,63.06176299134752
190.54717973302215,658.4039718176542,21.41992357076882,63.26437261894786
189.1606813182636,659.8987199339954,21.927065326357102,62.5225618186995
184.9933170763656,659.0910411432387,21.587588030123825,62.92660674857882
164.3998987683031,660.5704512239472,21.732497308602316,62.702311075610965
164.11289416629893,660.7177578923756,21.779070017783397,62.66062390957993
159.91068658445585,661.8817580088327,21.664079816479354,62.670242504485735
160.09497317710463,661.6978383417616,21.461330224917457,62.901677011390774
160.12469470329972,658.6982591553493,21.34345778233525,62.99374185928244
160.02873656664113,659.106384136702,21.293206314592148,63.10093163771174
155.83753247438324,660.9761132795251,21.11940970327054,63.146802693953916
155.67119022255213,661.8694787013367,21.046435723427493,63.10839600613827
155.52954327948737,659.6973889495114,20.767159097262258,63.479300563575976
155.9158488086907,652.8915672462759,20.317072675839494,64.08655516084289
155.71077251918757,646.2670140724789,20.111355792355624,64.34637603938175
155.50897884405705,646.2742085069581,19.899883409225883,64.64795702501678
149.87152024935213,658.019127632777,20.482260429873502,63.761973906435514
149.0394991811389,659.5546312590484,20.825693354378295,63.2567368031236
148.42904555068571,660.8259363315615,20.911956702969288,63.18073327507142
143.80418368940354,662.0842574413606,20.46943971050679,63.6965956140364
143.64600939474343,658.6772925381351,20.315426679639266,63.79420442897126
143.36384506853938,659.6952970508443,20.36471779542625,63.68504846427529
139.20605236480856,658.5316839281924,19.921717273017308,64.05694564902458
139.45210937766672,659.4829343828662,19.92808681573092,63.92047433600564
138.89129585759227,661.5306535446647,20.337075537341175,63.30815263914806
134.2864012323436,662.4696948923016,20.263558666012333,63.266509672611235
134.61752457654703,659.8056158448219,20.08692362497292,63.39147457985695
134.5717584236302,660.7508755222697,20.18350921165935,63.18353617283751
134.2224810287101,660.6771877797171,20.426995711265906,62.797780118121004
129.56615782379856,660.8362231696221,20.108119942439092,63.12969751274929
129.20123505196196,662.1300637681805,20.464924124541955,62.49713413732603
128.53416427273618,663.1509567487877,20.681833956347052,62.14409903918676
124.05111701017017,665.6091814954838,20.850168471713445,61.67371783269046
124.96757699381678,663.8011518485981,21.053620212336504,61.22969182983086
121.45411890313244,664.9744501234594,21.142213372770115,60.87232936995967
122.12362516374856,662.1849607479295,21.141571532346916,60.76694141798613
121.95835340869732,663.2050620449451,21.270701813341518,60.53007341772777
117.79810994029997,668.3446214872032,22.459204993117197,58.83181562482541
117.86076014442258,664.4062312673599,22.34271701518668,58.91800768560577
114.03556473804758,665.158555026547,22.086718591486495,59.12180011340605
114.5547225764032,663.2018954924326,21.943079242480646,59.25285566425504
111.07586049040486,664.832880768752,21.747279492510742,59.421811196134776
111.6848493361057,666.7899687505342,22.218735137367027,58.70838319933672
112.21998801547473,666.7350127636752,22.644467247661257,58.15355771005738
132.8574601277086,661.3680476016943,22.03244111401382,58.86473145748093
132.9513193843084,661.1777701648596,21.479938926335713,59.52232421991579
128.73251591154116,662.2072613912284,21.143309192793012,59.90324359594417
128.7623582455254,660.8494287580806,20.87807667052023,60.19346402085474
124.80880547363888,661.7909884553087,20.81731531671026,60.194923688860484
125.13070578456104,662.1049752354021,20.634065241512044,60.33217875778589
121.23298548923461,662.6992744263989,20.516929156749896,60.415266691328824
121.84656667599887,661.5774138032785,20.352197641833406,60.53125637590866
118.00001960087252,662.5596545221861,20.2688588010583,60.575775477873385
118.8065670548105,662.1111836233886,20.15473738199,60.610777427999096
118.7173573285101,661.1177419276275,19.90446574543749,60.90170029782312
114.85105080587518,661.6480371861677,20.016838102383396,60.68654021449282
115.18098321878537,660.8536997181903,19.87260936302692,60.80340027961324
114.92238758495444,660.635276756879,19.683180652737754,60.999236236697
110.85320806999746,661.6191606832784,19.462487978244955,61.23654913150239
111.62953921860604,655.4222632327007,19.178787706670203,61.61936056555585
112.2017255742946,648.7192765328277,18.862341213802743,62.12665900039711
112.21207000202213,647.3261632663855,18.30678280668905,62.967625127740966
107.60049828998527,656.0518562435141,17.86069100127058,63.71198654897216
101.78530115481298,665.9320900337765,18.458976964730404,62.80144496332039
102.96260838129257,649.8426441715161,18.33883407129578,62.9345717647455
98.82209602100883,658.741918745073,18.22355561498334,63.07559399824681
94.6557451155418,660.1168216310537,18.289659678114674,62.94550558582845
90.77828545342798,661.7448274275362,18.445868465385534,62.62345013910351
90.88259264478683,659.7442446797319,18.16897076319458,63.01961990717322
86.89126461647983,659.2836019642698,17.914508098800265,63.44425896363336
83.15509519689179,659.213424750802,17.755503573260775,63.71134226799411
79.72630426141232,659.5796714401253,17.747168238409156,63.72664661693247
76.19598738397505,659.7416313209657,17.719765932950438,63.79326259729611
76.80626528359858,658.7994432415747,17.632060303838895,63.97538660649596
76.66109279408775,660.2200464637586,18.634316365128303,62.569874141391395
71.53277298860084,662.2326763763888,19.431423238370197,61.418574811126305
66.23861537534047,665.2167181870346,19.780743866502274,60.88726067530821
61.42590300549951,660.1077705915787,19.28546300163098,61.63253776319268
52.96461384111439,659.5897674146845,18.6887771092098,62.548541035122895
49.35344071536582,659.7747696293654,18.26318749339736,63.225605320856694
45.22989355374757,659.1400320577629,17.709660783919027,64.12699305313481
40.57546714514952,658.379946074149,17.39845458774844,64.625920375244
36.224485159075115,658.1661740721119,17.055754176962672,65.22758428395551
31.492029989001555,658.1080181855854,16.880746189778243,65.55557146251094
26.816722832191083,657.7490747637145,16.720112868511492,65.91914400881494
21.771832115940533,657.5952121914883,16.613781668261126,66.15489279705915
16.599527608841633,656.8818951412163,16.54027315926557,66.33712878053768
7.0906941055341655,657.3178710628727,16.441309611681284,66.69095051014654
3.1630640786152355,657.4491886016742,16.114695390311624,67.45535698699447
2.390372579811327,656.8979587507766,16.00590906685926,67.7487803146975
1.3970371878480528,657.0084498373484,15.999696406953412,67.79362690003232
1.3433255375014692,657.8004152691739,15.982211118819922,67.89473114590133
5.360703848419732,653.051422145639,16.01766495383154,67.86712077431866
4.3775701236603695,654.3583010934391,16.14537504079381,67.7060825671339
4.2507912973508954,635.64602630236,16.181739343216872,67.79283689172371
3.3347432018993235,628.8777062460879,16.431879028344564,67.50178211138473
2.8951276772416232,627.3149140875022,16.64045286015737,67.25244629878017
7.681491371772266,617.8225066410769,17.85383634908681,65.69049300315427
6.8128810094175964,618.7658114018731,19.223660987341756,63.97680588418203
1.5192365396929475,615.9631535520352,19.014247541842323,64.30751964751748
1.5346899706812671,621.9490065028403,18.791554286342468,64.70549033587312
1.384219620011514,628.1903648723185,18.666046493486036,64.93205170360615
1.0749887657354158,638.4311637903269,18.501759681663934,65.22704421487943
0.06178257688207012,640.4500644880719,18.45536355526601,65.31282995088958
4.223023235011659,652.1415473877682,18.801713110588864,64.85427592517863
3.4551462163326203,666.6407805542481,19.110955311895,64.40758457085678
2.6629133209452682,669.8432367096934,19.136285427239407,64.36522347227684
1.785854457070796,669.1179089200709,19.157226804394785,64.33337480290258
1.5980293136217245,667.2903854835732,19.15654757988889,64.33187389109267
1.8553600169866105,666.0282863649678,19.1502938255372,64.34050029564683
2.077442602574436,664.0131294113768,19.144650575996224,64.34995782236619
2.5656316687911342,663.1952249059225,19.142214186936698,64.3541666917495
2.4238993906571,662.9238498630538,19.136846793970758,64.36385318696037
2.3123915986221473,661.3410366057374,19.12767586688172,64.38062496907972
2.2321885541265587,660.2316854881058,19.121688601337794,64.39167392027012
2.459141920137867,659.5010797185083,19.11823670043853,64.39810213903795
2.461632492086876,660.2783523980474,19.11038723644609,64.41200007829957
2.7568470112254424,659.7423971398485,19.102227032283032,64.42529681753662
2.7980705513179025,660.1552637756364,19.094472514320593,64.43904084660502
2.6711699682666143,660.5106126943972,19.08828862092343,64.44886320742857
21.968803512547765,624.2592967412389,26.211710497204876,56.71288579978014
53.96379488166504,647.2198150876135,27.371744543638293,55.11755558896468
49.87146184936077,655.322132127611,27.983992395356218,54.16341932696276
45.11859506201748,663.5528645777555,28.066288851512518,53.776897969154376
39.42315883885249,671.8476773169341,28.720716824575895,52.78105491572384
34.02171073065226,678.5055153730497,31.52216154866679,49.30955414223783
16.460374505626554,683.8694583449069,33.89386506561273,46.78442698758586
8.379795434538952,687.9168311725794,35.61958791268295,45.06739453567107
7.608276062904583,686.597116560363,35.66701260413284,45.01476257426698
6.458742848143125,686.9751704671996,35.80497840766394,44.88017712759443
6.302304838296028,685.0221660057165,35.82509182002209,44.857574533608215
5.1110625102621405,683.9632250341504,35.839836560242084,44.83969998412577
4.932009301758107,682.736475943087,35.844993715584806,44.83240943944567
3.7160307051423125,681.7250362613498,35.86239702812487,44.81019574338026
3.999361621039629,678.7740547022712,35.78449140594213,44.89986676253844
3.9172083926287726,678.0613693384519,35.78665081762834,44.89693901681911
-0.8494211059903698,677.7822561429571,35.81214499858245,44.861938736589806
-0.46149058613343996,674.8335914661134,35.65451722236117,45.04098491385502
5.771438809688846,672.233076126034,35.24255438103398,45.513332599171314
10.741343639342407,675.445266963755,34.50324234898516,46.333342365074515
6.12375482506971,669.0048882776244,33.61381956706913,47.364173742462434
-2.0079332991940273,646.7957187575222,31.055574874434495,50.42770778999123
3.2843589630587307,638.7977571984683,28.25775974003518,53.7816621809873
-0.4052207447265239,626.9606931293501,25.54156889010276,57.19066885926257
4.175908014377299,634.3331691652555,25.15278415784482,57.71365540134353
3.632346889518516,641.809300454419,24.887439824310434,58.038250199115126
0.09817977189945104,647.187076755602,22.443619480385966,61.45120803376079
-0.4178444435133546,646.2080717105737,20.31884356085452,64.76602976646427
-0.6615395773629889,651.4249276144094,19.21764559079134,66.5656401023474
3.6998255920638012,660.2135565777561,19.11666703721608,66.79838164159646
18.640399416349418,637.9682554861547,20.963113764255194,64.214200499604
23.477881061245863,644.6771032019041,22.52791373435,62.06432065801004
24.14618134658611,653.8255366766397,23.79122747603218,60.2130313299988
30.73229105833535,662.3097735812341,24.89497755784376,58.507597109738164
37.246434917318766,670.9733559672353,26.50617329172018,56.26080705544824
44.775749183513554,679.1009163126349,31.048590367851126,51.05958326864053
49.5415564823396,683.0350758755781,35.712460885250294,46.32586120581902
51.53023601931895,692.0100036811939,43.15652858436289,39.40100425944324
50.3380761520595,697.689637167324,48.827332560367374,34.30623552097813
51.07276745040176,699.0175709590292,48.86211823570129,34.274123154166396
52.19537337527804,697.1814438726727,48.84870074324854,34.28526549521426
52.50944189297641,693.9861746499198,48.8302005510563,34.301523964828974
52.614209774050224,686.386159802704,48.70182949168176,34.42134964925068
52.549267037906596,685.9973018255116,48.424483722504405,34.67555407466682
58.20428357165506,685.3754184265568,48.1583511448146,34.91223900631184
63.79053993704587,691.4252224887356,48.253930569489526,34.81114315002089
65.40362649567678,691.3694390565093,48.282379673220746,34.78188729096543
65.54934573159494,691.6349183034724,48.32435769313134,34.74010900429182
60.1492264776783,695.9263458465604,48.618587099096935,34.459314045374256
75.04668752570578,659.5557200833595,48.936755518178686,34.18925880908076
78.97471263311493,635.3164481418211,45.58083452623026,37.269193530780456
63.30619300401685,640.532163393126,43.48366968286394,39.19009991171562
48.485465955821866,642.5958402594813,42.25820903010839,40.50578654994623
32.977938963349125,650.1960404916375,41.560111083291176,41.284247894410626
13.020968165812569,657.646485118172,40.99796701552249,42.01639906950323
-1.6378532806767794,668.8958284159247,36.361126876274625,46.95678603661982
-6.162276312697774,669.8750531371833,33.40921763025802,50.41571645021231
0.18623220054996636,678.7089338577035,33.69971033124057,50.077342673966754
0.5884647634961659,678.069428976544,34.089958917086754,49.63675068591191
-0.06961206583134683,684.7002094342187,34.97766121646978,48.737934101922434
-0.34481694606943236,681.1947996232282,34.92254286071975,48.79820936660383
-6.260052801367195,672.6469258631225,34.20062924111508,49.66432546286481
-6.319060614761359,669.2670864475102,33.842927591568646,50.108368136100005
-6.466407185909354,667.0294356685029,32.77021436560902,51.469340594459595
-6.748687854189633,664.1770108639952,32.733402983358545,51.51673714332468
-2.037391085269757,667.5989020750361,32.282158208031,52.05469862917131
-2.7211920350682135,665.3405806420384,32.00422833406071,52.39046190227124
-3.5690851613739554,664.0558689910758,31.912987704500566,52.50209506785903
-4.324664478827074,662.2414446846994,31.673951909055546,52.80204882701996
-4.739354730536153,661.380661353664,31.228719747297312,53.403934726799854
-5.088625785883462,665.0252433172672,31.005721299653764,53.694053083376566
-4.959008109929275,667.7378040648194,30.546348123925277,54.27067871961969
-4.972745666359611,665.2120849853321,30.03583093818289,54.940699127281995
-4.959300711808828,663.7765786786144,29.98350948735533,55.007217121347814
-4.712168674257608,662.5469460285759,29.939267901085366,55.06450130608375
-4.5810594551316015,665.626807581793,29.6823893055887,55.3873230986365
-4.239168176260188,666.8515760844797,29.110687791268095,56.101762285737266
-0.2753571054093431,665.6820815602546,28.560913797912352,56.76905562495905
-1.3528716741623867,664.5545184117233,28.037873105477644,57.408670981469925
-2.095947678789887,668.1334868099916,27.573356541353128,57.964650963497725
-2.1397517202632415,665.1634149267503,26.927419022931886,58.81330112341297
-2.1088359542963637,667.6111106608836,26.477182793818336,59.37715629058337
-2.19825072610171,665.5818759982578,26.361973356229765,59.52985984396895
9.929179337158994,671.2359340697627,27.592205392794295,58.17767536447234
42.37784909984197,645.3582116072328,26.22992293529945,59.778571644512716
43.01000316784923,660.9729695872577,25.05052397760151,61.161081899062594
31.2977016420976,665.2987337200497,26.00485877959305,59.83682700231408
20.946543700674884,661.572956555925,24.82381856807813,61.35932707030959
14.606210921656896,660.7438321278057,26.429888674759127,59.28887099719611
12.872982574112706,672.5791943166342,30.475577108891695,54.6295182320881
18.793504966616865,676.9405783082453,34.07908856015047,50.77788643737284
14.739330623650744,677.6363825462986,35.89822263502924,48.80169819546978
7.789517359231397,682.1482161301102,37.18244884953688,47.31410900407327
8.212934324009922,681.3201139147974,37.4432710412338,47.027081732848124
9.42445675740262,680.434976380206,37.58586686239091,46.87898727039933
-0.6997266178508035,671.2152560722941,36.11057219016826,48.476280059074774
-0.847376838313,673.1000438087702,34.79625825883924,49.95186182794377
0.34748130273582234,676.1211676525536,35.1475121114767,49.55680471120835
16.39334724492541,682.5867257704853,37.155481154831904,47.565484923098886
10.114368745343242,683.6721475906696,38.90702450348354,45.80728641407983
6.691766491376093,691.8022294458635,43.18268851077697,41.84215043654111
1.1673565938609443,679.0761170414205,42.91962914778725,42.05750734076407
-3.125918791247212,671.3616391700169,40.7688599717145,44.30614234382501
-2.6253655268572196,673.7650544159602,39.33350276034212,45.83642189451062
-2.9626296469790425,676.2393197668391,38.739304532499524,46.46918859036628
-3.1876687766298097,672.105517146967,37.996584654136264,47.327456309511106
-6.612766419151583,656.3299273792352,36.27903663778821,49.45970197656656
-5.201838797289408,657.1440988246534,34.541235506498246,51.58820360629886
-3.5493830657165546,662.2149170955267,32.747813315470154,53.828652864723125
-2.302579402084117,663.1791557734261,31.53341512516817,55.34784525341597
-1.2563783229748875,664.3655166615926,30.551655519325504,56.55942089567737
0.40272351794966177,666.628455578634,30.162580007489833,56.97049946723423
7.727585873320201,670.3860425855623,31.905759578364965,55.09211048374249
6.436852127542469,672.7558664187192,33.46261392790688,53.40061502575707
50.191528498975416,677.0968197755377,36.51887397800974,50.1417067404648
52.93062493457186,676.2097572854402,38.816624862920364,47.71763530952691
55.731267630488944,686.8785458310614,44.097307969316184,42.95345680837244
70.96384066507439,675.0481602697571,43.579858585936314,43.37082354255329
68.64470355220622,677.1208823952891,44.07495864022487,42.82457405658035
66.2452482376635,679.6980361341258,44.70918449681888,42.230846832508036
63.78304520170297,681.3561424588845,45.04994951649384,41.881875231803384
61.992411276165875,683.0194397623648,45.66020215264798,41.40078490874804
77.04950718197054,678.7329142957716,45.23438962875838,42.026090041915985
74.62281950301755,680.2727351307277,45.13963056436212,42.188728616831014
66.98020258760879,682.7840335831299,45.38945542148579,42.030540205068476
61.524450772081096,680.4422128396551,45.73131030986539,41.86201646985021
62.76405450490037,678.7290788867424,45.837223522174845,41.82728798628669
69.26154797141405,677.9601068946948,45.55858428354445,42.18207238061418
64.88783670258532,680.2780612198214,45.97902336935866,41.95566337559432
62.129848061418414,681.9649862525929,46.4394581826678,41.61330721225764
61.646520798277145,688.1182482234943,51.21577505102188,37.74756486377761
67.24480716693081,687.2754676476103,53.1932135441833,36.513246102215675
66.47508277678696,690.346311534706,55.48811829523517,34.776519914022664
72.36663196200213,689.4780648366003,56.855222675964484,34.165375895301835
78.63288250631152,687.6615008829551,57.43628798596631,33.99209277468379
79.68137322440039,691.1365955806767,58.77173634028541,33.166409375944816
82.30844377317433,689.9905737962663,59.62742323803779,32.70543265820564
92.77586773788227,686.9172447840882,59.35905060464244,33.03686317401675
96.86353324160136,682.5152853388057,57.34696765933804,34.92898835578063
105.11560613852424,682.6870768504525,55.59111002009435,36.657819253843265
108.94844484306306,678.76182454387,53.2044796233458,38.95719691006838
113.61070929906911,676.9178240384149,51.111028859221875,40.93069940108114
117.64479548843815,678.6247062704074,50.00528695762614,42.03038555965481
121.39049914228005,676.2795760187561,48.7722343137912,43.21809975253276
120.4952242106499,678.377410330297,48.34080289004896,43.60585140609258
129.82364881822014,675.5364310090935,47.43054142820441,44.46398278180655
128.55051401820367,677.417688968325,47.070904112572656,44.76038057107665
137.22561387178342,669.1754474956107,44.573489515886735,47.36460972469628
139.1348705334369,673.0415400799925,44.57089487658554,47.34702988735353
137.10773691072467,675.0793100104406,44.805306432007555,47.06899492834337
140.03296665218008,676.1507017755279,45.16688785028084,46.72806159786824
142.81201853111028,672.8949217942596,44.964568508619145,46.92005244953438
144.0757831332047,674.2982452228316,45.14443223541477,46.77930963749534
146.03633252393462,671.2863399427904,44.79819807988578,47.099595608039245
147.1964500304564,672.3463753079654,44.706893778588416,47.18993642630351
147.40880553217212,673.3510299216043,44.561598233597735,47.348026128621704
149.1643595093248,668.3994140364249,42.305155177211056,49.79402876156003
150.39257648510434,668.41664970682,40.79155870238238,51.5462093897259
147.59871935139125,671.5077246742427,41.528491529073705,50.68497133918828
148.67715532302094,672.5873587191928,42.36834657556042,49.77338856251272
149.2055280558617,672.9595824595598,42.90255863227115,49.19318174006211
150.22776077552334,667.1041028805581,40.87694821335175,51.42667050011623
150.80630975644027,667.1687963187059,39.759992430053316,52.68732819378979
147.02252436127674,670.0128230533082,40.48374741685254,51.858149045568936
148.67957316886356,666.3131345038929,39.087190947957325,53.36056779326445
145.48781548930236,667.0892911015164,38.367441975262096,54.15914738022856
147.6008307723815,664.1048987775043,37.306431398117475,55.33378787465789
148.9751175504464,665.0268026661278,36.80406102611546,55.85569393217355
149.97047626615517,664.9936910911025,36.34367389502907,56.33224079147363
151.60497711672633,659.8135081958134,34.271623106362306,58.739304675466215
152.7159933706293,659.6681769369684,32.68933720490636,60.57655537560543
153.15820717372162,661.5542545799025,32.80279762734335,60.37054908609046
154.14254335955536,657.0699022955549,31.71730670842704,61.69760726959269
154.33842822696909,659.2894818785635,32.19257051480215,61.07676408639426
153.94057169864902,660.3080168591056,32.915865351101054,60.23567372049424
153.7374386341567,660.9782725457177,33.19692895840391,59.88093179793461
153.60968540160678,660.9043682016697,33.88660587824424,59.19900878322585
153.90125548706678,660.6931687422302,34.023142797969115,59.026909842626914
153.7446007337952,662.5593342550953,33.90778079548477,59.10726168394693
153.5484782404124,662.587370064077,33.90655454125308,59.08020432556043
153.124978266642,661.0030451785257,34.02322038568645,58.965045150053626
153.1822698886218,660.7086386986873,34.0439114476665,58.88308370949596
153.21521714839992,660.8377078187937,34.06584420827406,58.79441014685574
153.3044624163111,661.1296646433539,33.98153656608548,58.83407611905028
153.14346394945585,660.0939810845973,33.93940723474701,58.84753923151267
152.9162150842157,660.0972320454994,33.43519244701214,59.2746818726683
153.27777785557447,660.2210794616069,33.16273613332519,59.49259015362766
153.5186475358008,661.0482086653108,32.99689852915917,59.602065729259664
148.68109551538905,661.1681143680632,33.077757613012466,59.39481691489019
149.28366106185896,661.2173459772283,32.88831470099607,59.516250162100064
149.5929741781162,661.5319600976219,32.67156575253156,59.664306424295916
149.8622950062148,658.1452269591041,32.3877766594772,59.858423660346496
150.54971968326007,659.6720059617587,32.19021702973663,60.05176025304436
151.15727624260876,660.7752508310549,32.5620831810206,59.5846420526144
152.11389862273398,656.9342923886376,32.15990604963065,59.88336830558258
147.66128872288988,658.4190247079442,31.77154960877929,60.202649070259014
147.89949065710903,657.7641318098125,29.565809717010332,62.8026665712343
147.47333545784053,656.3871228482083,28.19762632205978,64.38916647476651
147.45350336840957,656.3085990473921,26.981722115797496,65.81273147714045
147.01498925857265,655.4016691442282,26.066956154601286,66.84965177216914
142.35345227573637,656.9795663097249,25.81078550662636,67.07312298797466
142.8310445143722,656.2281589380452,25.801536636311198,66.94926486737364
143.0694572662146,656.1749579043801,25.793499577622214,66.81874024495983
142.69015130782083,655.8814610351283,25.908415782320287,66.55343053812427
142.61734980391282,655.3499466009293,25.454133624444935,66.98448470940922
142.08570274724727,655.6231911211811,25.528991634908884,66.76998272206151
141.41032274359625,655.0536370137116,25.478215415938333,66.72386723838446
141.18123239969876,654.8663203082423,25.53274650537327,66.52305809675667
141.01296410471429,654.2494012935075,25.540110066873154,66.4079867481744
140.5837397051786,653.9196564787931,24.996898662010757,67.05890256703321
135.2973668388817,656.7989988790655,24.835349503247173,67.17493643256515
118.0615464127956,636.7685363760145,24.425959319042406,67.66572441474129
111.38594234720483,644.0431766849559,24.71716035488702,67.17375771592589
104.63019285637712,658.9350754808686,24.521440212702117,67.31847078999397
93.61926900098982,670.8602566251465,30.006470372817553,60.915414180759555
95.30783354636661,666.251470081405,29.92119661729955,60.82862973955604
130.5745533629745,659.5205009816835,29.097969691603296,61.824637953952646
131.55838651351604,658.801127894362,28.268898494737783,62.78828832008952
132.11606326313435,657.9065269494937,27.81531885595568,63.3117641203487
132.5731482153534,657.5422653405567,27.24947888301516,63.94208126517694
132.6184245914434,657.241341504057,26.787398250404983,64.43848792668787
132.35518711787228,657.8920046708593,26.474451984873987,64.79178319418817
132.2873014619449,657.0531804232356,26.26741314276756,65.0130609781087
132.33308281008212,656.6611278473423,26.20269740854274,65.05864658052562
132.09452318454606,657.010606522051,26.06608199708205,65.23825704593516
132.07813482277047,656.7916457142236,26.01250093338178,65.30045452476064
131.70015761718747,657.8947737712045,26.059610086788695,65.21632785110634
132.0274030520756,654.579030546711,25.826522684667573,65.47814724687086
131.60971998388013,656.0139787491303,25.994887275629303,65.24634359830372
126.6581058825921,657.35400700716,26.200985274958292,65.0279019294274
126.72038105088471,658.0769480771847,26.493370024623374,64.67991696135218
126.83826411543075,658.8461579374434,26.871638309822686,64.31645070152805
126.45552490958335,659.1650336748537,27.042620888597405,64.1385655120317
126.15024566579639,659.2602857382542,27.046223728702763,64.12753448732336
125.71375686741463,659.3454456081812,27.046009551574826,64.11222161809684
125.93437494391601,659.2246719902734,26.7640208863555,64.42805348939677
126.01844263655629,658.7775364433786,26.51647721307292,64.70442003930955
121.49583986775318,659.2319127134291,26.819674541450652,64.38870951523793
122.0682179740272,659.0782978680145,26.848750268599854,64.37537407178029
123.1173450917922,659.6441163032537,26.74470830285288,64.52657578429435
123.61433861831657,658.935714498479,26.665842864737154,64.65521525504975
123.98691790742556,659.2234252193762,26.80379898206817,64.52965530994248
128.99308953486164,661.69162543116,28.543800812340088,62.523145757422654
128.02230655526498,662.5139918470319,29.548161337687866,61.32192742176689
127.0905777655423,658.0065436432378,29.94075915112674,60.77973688477515
121.92197177971013,659.4073571594932,30.506877754260827,60.05033733029147
121.92391309276026,660.7198168107994,30.791092718368617,59.654715188781424
121.53971744501038,661.3197625547812,31.183983871294068,58.9960081261719
120.53229134507426,662.4740373534281,31.33472524372033,58.65641654908845
121.26467261904776,657.4154707589415,30.107799861367415,60.16429776204832
121.7537801932364,658.177555038074,29.154085503973587,61.35469400404587
121.40573478465645,660.1682940416891,29.729115636810178,60.57831605632494
120.88384333555155,661.802198309489,30.31767789531431,59.84397767453387
120.52515483929096,662.1252399247742,30.848196889464347,59.147022542749326
120.39812614181487,663.3898011717444,31.089966214132712,58.80211535604458
121.36898915633819,659.2834363868059,29.88665530711824,60.280217202227774
122.2018220491459,659.5970201262577,28.753179665564872,61.66213943165225
122.74717875890758,659.6453815276795,28.000118184241515,62.5826732463547
127.66514652851893,671.0055342562184,33.36666677587817,56.75786987973116
123.57774192830023,658.9598025438223,31.008234704342915,59.556389350055554
123.19835886421525,660.6618933638139,30.757948913529415,59.81229839496309
121.87223836834426,661.1422709986041,31.1962705041026,59.199819382897566
121.14485104385207,662.5876267188688,31.415012786334337,58.91469876268062
120.5351666600526,662.699521756016,31.65651067237583,58.59413457967851
120.26268686603815,662.9279134261552,31.913792257093547,58.28997618921295
120.32897160239682,663.4801623024169,32.07302620396621,58.04202036831863
121.7988792582512,658.4379713762219,30.746331328925837,59.61764367578679
123.18007813714584,658.4064495937217,29.76840901688395,60.839268020816505
124.10736794963779,658.4850901002974,28.91220093340013,61.88531680922472
124.59257503478585,659.2065766615548,28.506524679096756,62.40571901668116
125.13718601660817,658.5869932882938,28.006091224821006,62.991397007976914
125.91417485464123,659.2605477283437,27.70765153551026,63.33625430391014
125.98852189304878,659.6293833278314,27.46144513901112,63.612118246879525
126.29430355255631,659.5461038961738,27.16462614348811,63.96068743300404
126.66613182274716,658.378149192262,27.11928629641239,64.02035315415173
127.03080143632461,658.6733614184064,27.326961112588634,63.83444349144405
126.89931906806409,658.8284088688987,27.172785573869735,64.00216943391777
127.1432138447441,658.4070229765616,27.22517479629706,63.95807911942116
127.15911369438425,658.465530648285,27.439191208581416,63.73243179257504
127.5054154801223,658.3996089163759,27.56151348654302,63.64657394051345
127.74713916841947,657.9841547763127,27.579139828019652,63.64290275286644
127.92940950066611,658.446725071044,27.747459025377108,63.518545320752345
128.1763188246115,658.1169523081011,27.824649953806976,63.47795329103904
128.4840870604817,658.0462501023703,27.695046070643855,63.68577380961872
129.03537221638558,657.9006863117253,27.48008732681016,63.974079818783736
129.52848228089186,658.0172982124787,27.3703988583544,64.16103940765592
129.6002105869353,657.9226748892443,26.97666574032044,64.61408426116934
129.72070039438157,658.0628271920986,26.775242349327,64.85743656015822
129.9144405449755,658.6462830645146,26.75118596185643,64.88996827483707
134.6591291765044,659.4307490309761,28.37883407416484,62.95591870261072
134.01620270486205,660.861824732484,29.523405293473367,61.548258676471654
129.42796284695976,660.6885946079359,29.338724730957644,61.86156523517023
129.5273246668821,661.4599220416662,29.922484192004102,61.09722066662935
130.468734290067,656.493542849312,28.884386203320926,62.387744249091725
130.99137205115392,657.2118299433383,28.268264183134512,63.160031650470685
131.15630256983417,657.9941672182154,27.869773925645973,63.65040151332971
131.25628095571656,658.1698438826114,27.51305142469226,64.07670754113147
131.2693975162971,658.1969366417179,27.30300543195586,64.31328423877133
131.4969185767999,658.4289997523794,27.289503164761467,64.32864400606542
131.4578217488832,658.4625593666163,27.25553699473347,64.38399932879221
131.50449657114657,657.7871664269667,27.141372681819533,64.4878506749724
131.42599839757173,657.1846212347144,27.170143121285825,64.43030964315616
131.76802775778722,656.8925916790577,26.962282716475276,64.6582924543253
131.72722878860986,657.3287468502631,26.763713909644167,64.85147402666367
131.66853416979612,657.6662230366687,26.829820823374753,64.75758921595582
131.55431681125594,656.8621705509303,26.905429737890493,64.62894716098907
131.47779577356206,656.907009230925,26.931186437087085,64.586039911726
131.40950576200171,657.6176159221027,27.07444725473369,64.40904166017671
131.49549945693406,658.309233750022,27.187986587538614,64.28704565220312
130.19126788478084,659.9235465910477,28.487603734988355,62.66198506700688
129.60411535035962,660.7478001122074,29.562800495277102,61.33976732083786
128.88662143879674,661.4870434932564,30.372605332143415,60.31094100896001
128.43088650329554,662.005119254792,30.783570411409205,59.7711561655571
128.31943993528927,662.1213164156406,31.097510089350997,59.37242536705714
128.13644178936875,662.4345868769998,31.278284142889795,59.11339333258349
128.14021283722485,662.700608647797,31.50839990709906,58.816790477334166
128.27381378876484,662.3114348594046,31.711198956501285,58.536540608631
133.8167134889646,661.6206272665291,32.05487057203193,58.17778361344309
128.90409015108438,662.3688435770947,32.198503325673244,57.995014713396614
129.545118954331,661.0222055070949,31.221306996521857,59.192398328676866
130.54140512343207,657.3658190860059,30.531712577898237,60.05751740040816
131.33080488642395,658.8234842253366,29.554885095428762,61.219885352490195
131.44485107765178,658.6172224281562,28.899859334991913,62.020501911738656
131.53756169858656,658.2328008574304,28.5573063914145,62.45561438536065
131.4783208217433,657.6467913278087,28.05154798511265,63.04115097933676
126.7038299530918,658.4755516566705,27.80561261578721,63.338489339939
127.49740064389863,659.0637564537514,27.76340753349758,63.40029626513325
127.91372387094248,659.4985374720383,27.762272040465618,63.44773982710443
128.2983996758767,658.5195746521666,27.548250468667867,63.66271860367331
128.53846810593595,658.7843450585606,27.21164804537129,64.0083003976396
127.87532555955512,661.5939003626833,28.20076504063693,62.719261715511266
129.1511260168033,657.3488518321461,27.75000755570604,63.26363524295526
129.5127271772521,658.2793810902197,27.505118680853343,63.568175119294594
128.4799743619909,660.4340587508443,28.875648696827955,61.90491054397114
127.43576510228627,661.4658886147344,29.721461530049496,60.87459794601303
127.88824819346371,658.15112543369,28.9620231724541,61.83286156701274
127.85477860411406,659.1157833352153,28.31504646665862,62.6202987699437
127.90670221278268,659.1021259580116,27.84081336408274,63.18560832634911
127.77705243235214,658.6690406775249,27.435984561811356,63.64741877179443
127.86860013804953,659.2027481215762,27.260071255395275,63.91521837935072
127.78621042776543,659.4975476213801,27.145978126429643,64.09153900550207
127.72117658622142,658.6988159294108,27.027659381757523,64.23984419775977
127.43848298970343,658.8081736628219,27.044402806959795,64.22247901754046
