649.5,346.5,18,54
649.6420854286964,347.0438865043318,18.511070736921624,53.32681746927986
650.0295639022911,347.31083586426337,18.778145793135067,52.998739101255765
649.67264098917,347.42442830500266,19.079457948713518,52.568710464293574
649.6447988880125,347.6910839298626,19.165780232981454,52.487516061611906
649.8053786899718,347.4959264431256,19.155088945140953,52.55178468746786
650.2149379965144,347.6560610397306,19.21113668861932,52.50705402818376
650.8676153388453,348.0846994525386,19.372930307943022,52.29478022333126
650.9929355651677,347.37262878098863,19.738975543793835,51.788703346674055
651.44217407989,346.8927987254506,19.69796729820475,51.84187384707826
651.1751000653531,347.919983077733,19.868130504051603,51.55879806739438
651.5141681221044,348.4567169895176,19.936021502556173,51.42094757151531
652.6860168760751,348.31088675183133,19.901304697968694,51.47086133813706
653.4683115958327,348.64166941371013,19.902477301452816,51.45978152997394
654.169745354462,348.9201633443853,20.001710490294627,51.340971462841686
654.8425387934261,350.11471985598513,20.002498958550255,51.35949222107514
656.0058861975906,350.399168729588,20.088672649976964,51.263881728441326
655.9944781121193,349.7523348191435,20.230420688101997,51.06543738960128
657.639776477868,349.92932491993827,19.680373997803066,51.852379734398454
659.2269093977166,350.3628293921607,19.663620346063862,51.932398771234915
659.8304534441769,349.7614086261767,19.636852039214986,52.00245069138644
661.5233552141553,349.8620305132714,19.53725760570348,52.12247780028039
662.3162107054993,349.3783654628304,19.505278064513313,52.12173357941565
663.308879345805,347.9653395367246,19.37892835371086,52.29383950877562
665.186307681261,347.55548357571666,19.186631287443582,52.524123542398144
666.570555773436,348.4325544325284,19.11010044466169,52.55904063328669
667.3804809411869,349.07829121563657,19.102047441923617,52.48205414287598
669.4443097762836,349.83434141268975,19.026696423799237,52.648204896039786
671.2160506381668,350.1745955139343,18.962288701344924,52.81576952041298
672.4934574256467,350.8400958283677,19.086819542049895,52.726751709196165
673.7976016322865,350.41333226362644,18.98449087799206,52.99587597946764
675.9137760855406,351.3756321816401,19.091730613604437,52.84541030252843
678.0212408513693,352.0958027633654,19.12005049829819,52.852908279969895
679.8126586900432,351.85427604007,19.125342672436485,52.90053692187329
681.9677474722978,352.2390976951958,19.13054711171159,52.95253416271176
682.5860440674942,350.7414496541766,19.146315457344887,53.01178030654833
684.5625794875114,350.1045632955263,19.168984334794096,53.00917236569927
685.4779781841477,349.3897638059436,19.17371471919316,52.99196634455948
685.8795376598379,349.8810502328895,19.398141339139976,52.69097039830245
685.965784755107,350.862063403342,19.588395741693645,52.388192290238905
686.3843350404769,351.16352610070106,19.5654291726857,52.46291055225137
686.7902010991226,351.4698885986936,19.703937071378043,52.24384785995247
686.6486681324523,350.3224497123793,19.676281070877046,52.35934450045525
687.8614866852938,350.09774625999734,19.754648682067106,52.23881495092298
687.7339622559858,350.8152548713435,19.942906170171998,51.99609482925159
688.1947210643588,351.15867763312485,20.021589063450964,51.9082888006801
689.5315659051791,351.5581585077106,19.998552505665934,51.97516689049026
689.8280159232507,351.7525335820538,19.91675568235603,52.2102441992319
691.291065773675,351.59124915525535,19.97036393782183,52.22275276034635
693.0613115975738,352.05558623558875,20.08242036474653,52.1193207018257
694.257779015458,352.0715345213824,20.25200317195265,51.962718845404524
696.0091025738475,351.5415215330257,20.219707989606885,52.044340657803694
696.9999626475035,350.4352383623791,20.111837353441402,52.22325993870258
698.2347232715626,349.9437200865116,20.04286241765532,52.34957121492108
699.0510412401909,349.32549089587684,19.992502586279507,52.39661306844247
699.2178565982626,348.97784702103684,19.962354015206902,52.418778233302604
699.6975317153881,348.5226954791393,19.975023453349817,52.39851548305233
700.2451365949883,349.01823941938477,19.6633564464156,52.844817930015026
699.4283134571357,348.6304130258303,19.70817272791895,52.791134371928095
699.4672968113722,348.2475826115801,19.717327252790138,52.84782536896185
699.539081629088,348.480455114124,19.59822443183173,53.11664365494689
699.3406080331371,348.0923495073972,19.654334681537566,53.15904742382807
699.399973250223,348.44021479392393,19.73347468069636,53.15286546241555
698.9537454483793,347.86968182996463,19.879837309244042,53.07574489264583
699.3330419472761,347.990371101123,19.897211313365396,53.074404298222234
699.275631257272,346.6296307571046,20.015943532931345,52.99638332877301
699.410151915134,346.3313075876485,20.17767687612573,52.77081738884238
699.431227858377,345.5209504761833,20.22425800708418,52.70708432325951
698.4652199365473,344.45768054411366,20.269427427594525,52.61887079804035
698.5570104109074,344.1664944214022,20.423696870739114,52.37437838367701
698.6430069188816,343.7024707426975,20.493836682430434,52.178039192090424
699.4321167828989,342.8578483009213,20.377988542149033,52.25955022993213
699.5686730370289,342.43796211349064,20.351593054758343,52.188936936515645
699.5256557414574,341.039040471957,20.443782339098853,51.98396187355945
700.0431095475337,339.79822702022506,20.363209701235142,52.0634286093292
699.8655483173495,339.58277884463246,20.485064928827832,51.893470265671134
699.783075319229,339.04594974800034,20.363559078707677,52.102122429329484
700.2660226910034,338.11663652969105,20.473985460189468,52.00425012384447
700.3183043497182,338.28280220084116,20.548761268512276,51.9600992818132
700.2358090436267,337.912547849554,20.535837201644995,52.02568235906324
700.1008853259606,337.96337605412833,20.593658800866862,51.96793148749012
699.9351373676274,337.75383001053655,20.616325529186536,51.9658398395414
699.9179394501523,337.6623689080105,20.56341271143767,52.126476765707054
699.8785618853474,337.26493969946995,20.691600878686245,52.01890250265811
700.3064981559927,335.830174239718,20.486497809517726,52.34825035484012
700.2568205253395,334.3369457385292,20.366964057891153,52.57349429302406
700.6437810207635,332.08813964020266,20.164665140693593,52.87982040264103
700.2720324966871,330.6929153185422,20.127172601539563,52.91724685205321
700.832777516456,329.9100879592942,19.746067021497204,53.49266165231731
700.2259327017067,328.5854589358687,19.90272597320041,53.30965956733232
700.3209651625901,328.120013255898,19.94848636655135,53.21406906043717
700.4060851552762,326.59974517687095,19.86723353047742,53.33069054754713
700.3999934679116,325.22917638170793,19.671815626186433,53.580393563745965
700.5028526077192,324.22350077693113,19.627066991356028,53.70247792473536
700.2621181244593,322.67809768227517,19.675233555379556,53.68656414334423
700.1588945005589,320.6733349251421,19.70398934352469,53.68657341844404
699.9092313295023,319.61000701636783,19.832055251248775,53.538566264495955
699.8087450642856,318.37828437663825,19.696351899342424,53.748655802454266
700.3355114943447,315.0801273327215,18.348660342096043,55.57404627578593
701.0795772962467,313.56046366132915,17.41885957220399,56.90700147673252
701.5124347042441,310.36228634990283,16.912128868948717,57.71053116367205
701.7640992860692,307.51450106934067,16.55939915517158,58.28218176095969
701.2677070673706,305.36103468945896,16.38593944336061,58.62487921493695
701.9759016668016,301.6075382675756,16.443000070739124,58.58388793547377
701.8708663616154,298.57686076896965,16.614383250789455,58.37077784860964
701.6474400042925,295.57243255908656,16.69805017227372,58.326333410831964
701.93189714813,293.37074188292314,16.852068342522763,58.151566398138044
702.0445112252258,291.35508436192856,16.882566138333672,58.20707925697596
702.5861287981627,289.3721378960437,16.73913161253906,58.547328935419316
702.5238637235128,286.7771195531234,16.862629217887978,58.51192893379038
702.6062143850413,284.3913954274047,16.85536982381393,58.65674592530961
702.3475796974415,282.6849913302703,16.79561742138373,58.90997460412123
702.9623325793939,279.15425877079906,16.734194729187564,59.11637914567115
702.8198447040465,277.02107457075044,16.724943535435656,59.24085415892753
702.6154557159572,273.79403510666936,16.84890795851948,59.159399182060355
702.8849159611527,271.1630752546239,16.74149329722428,59.433261749615625
703.0250589575049,267.4126716673343,16.752697918934082,59.524338012940014
703.4334332118206,264.5682368915875,16.660267139775904,59.762383303721904
703.3471265297812,261.3653486516655,16.60673963221044,59.92513257333026
703.3557244313198,258.25403873521526,16.55009030031201,60.09481013022983
703.4188999524468,254.314737277817,16.6261132544348,60.058721119977534
703.4880887781625,251.398322765701,16.40634703263532,60.441522201552004
703.4321019365224,249.45560785608228,16.33057571102315,60.63829879012235
703.3898453634407,247.29308324717047,16.33708003408963,60.77511224821086
703.706629910011,244.2112480589583,16.430111230294013,60.69919770184467
703.8003273171296,242.16811729579416,16.35039129042208,60.917414374962526
703.5770610467453,239.97676939284932,16.557243362154672,60.74211343097425
703.667553486796,239.72340227845098,16.249405239536674,61.409239169303895
703.4461081140721,237.88090953826983,16.353854881287685,61.44748087525208
703.6700923565219,236.45489107545063,16.425567552069694,61.41867678412106
703.7537246607726,235.87493542826772,16.410762058358237,61.53607840346096
703.7609828087783,236.07457892522177,16.307840339480332,61.83037400394758
703.5004173775156,236.53560606691073,16.241004342665164,62.10614992076495
703.1958989148346,237.05041688001663,16.05932593122745,62.62614999579368
703.1424738881778,238.89398518237343,16.04803688148614,62.828498035016246
702.7714299344693,241.28198399834605,16.061363533161988,62.999873316431575
702.834193369898,242.77442775078936,16.088136737001264,63.10669065697347
703.0315519320593,245.86383214138442,15.957270510229101,63.59267918184409
702.260350371081,250.29142599832224,16.577204671900503,62.86101899482397
701.8782909611024,253.49756351229013,17.10625321857766,62.16633859045386
702.3605109145776,258.52642052010634,17.29596427445672,61.90756523339076
702.0073995989343,263.59521676205765,17.108818959595606,62.24524206711505
701.3632715193457,268.079651664595,17.216434659711894,62.156194993058406
702.1121848834508,275.5952238923446,16.92969122446288,62.65868186232733
701.2277238502023,279.3676275712478,17.02564812200704,62.65431697125682
701.1574385261958,284.9241635993311,17.218122196667025,62.447449138722995
700.7692538999838,291.51604390259695,17.321869662496816,62.34100386269662
700.6824616297181,295.2590078238467,17.15601108564801,62.640179341272656
700.3869458417955,299.7205088116678,17.14123279411116,62.716184590666984
700.6191322523637,304.66608853430756,17.0572083573553,62.89527374920826
699.9778378602224,309.1339275451475,17.004332187261454,63.09169487913972
699.7861081131825,314.6642051688034,17.090060550026095,62.998382826408
699.5387188714914,319.8524951622334,17.159066575093412,62.90990594318561
699.869322169094,324.91814416574425,16.802553052922487,63.5203615143501
699.863294501211,330.54234363729256,16.745161817516994,63.704495835413525
703.1289969718223,336.4664738966458,16.713761644666285,63.85911732049122
702.448044495144,343.45274451930817,16.815485528648736,63.81651820620903
701.8306910953345,348.6507260702652,16.736630531125627,64.02917860893369
701.8945115661286,352.6011375890579,16.50548712226281,64.5316510883161
701.9841651507103,360.3333896932138,16.52077849376311,64.57435665783629
701.6536222184728,367.51746460604846,16.645445085815332,64.4122472145522
701.4831811442347,372.78857562830206,16.85868566074337,64.13192607183944
701.1196136306472,377.0175457638563,17.052309645323284,63.81982263087016
701.1174183995968,381.82532980292245,17.159007464318176,63.60376589001808
700.4597681468774,385.0897949232831,17.15935917253099,63.59037911014273
704.0579274899065,389.0478002995149,16.872445241111404,64.07947394849944
703.4551324633568,391.2051110033298,16.940097629225207,63.93340780057419
702.9401885028393,393.23345213615306,16.95677000842051,63.88415561152685
702.7082066093396,392.95848214086374,17.068419025198242,63.64033226258591
706.4146892239003,394.0942429598547,17.5632120320084,62.9643665261315
705.0310916239105,395.63926103610544,17.767552465142163,62.64576444230981
704.6552279100724,396.5341457238938,18.209163452760453,61.9087574559161
704.4843148497257,397.3045716666284,18.53376352191477,61.337766243397574
704.053259141012,397.93930722563607,18.654819152732745,61.00684148492137
703.7776783472959,397.7751843170063,18.727548233841816,60.7654289035527
703.3154888661383,400.01242805328684,18.659959100854564,60.750207616752036
703.2409337952485,401.7486076352501,18.667350899734053,60.63348266531946
702.8537840394257,397.408776325854,18.799618860971933,60.25472987120888
672.1890584355302,399.43976639166664,18.799331451819626,60.09316492169721
671.4259497036936,397.3170566335501,18.78411415063086,59.9763579517242
671.2211881629404,397.787520161439,18.741979549479943,59.90841017927924
671.1570230077913,394.1478424229406,18.52527153518374,60.09403234557659
670.8831123271256,396.8854628831336,18.498469252163233,59.94554361101215
670.6281490069115,393.81446354415505,18.301146847219268,60.04688810653509
670.6465484328211,394.6723613743722,18.33863386768075,59.85601326729066
669.4764657844008,390.52975476077216,18.388310444581073,59.674822533309076
668.8842387515454,392.36105615600883,18.497123474258398,59.363474444450176
669.274286287546,392.92480968410587,18.776866101193523,58.83848189364249
669.2115211660865,388.62485396847296,18.56914379494102,58.91390392213724
669.2159071120215,391.0498090882092,18.639238906392784,58.69113658885376
669.6455708713145,392.05379143426853,18.466663826351947,58.79202809790699
669.708090861102,392.55373809668936,18.49641316045091,58.67305333547751
670.1216997160218,394.65659734625194,18.505681670971153,58.536800473559396
670.0837123293302,392.0185377086914,18.47105314908774,58.56444753493539
670.4138603236009,397.0420818422538,18.569097280861733,58.37187815819142
670.4111090560284,395.016647426688,18.570771107924443,58.30902943332334
670.9221753602391,395.7361066906903,18.578311837439404,58.27024904504347
670.7881319020344,392.09632470153605,18.517830950942766,58.3187010200255
670.6127611978782,390.02962537816444,18.52542716758588,58.296293602163004
670.7481832512108,392.6010558628345,18.539068281829813,58.26513984336356
670.7035252257325,393.6432367923056,18.541618842313888,58.24638791636728
670.8697219219931,395.75969552072837,18.568599168292913,58.19534568840361
670.6119671361276,394.1942676826138,18.608739644221576,58.13676731311894
674.609466715483,397.1636534083533,18.61295275052544,58.1109397016669
674.2083669204624,399.34366615616227,18.619008927976754,58.09059297039215
673.7508309584541,397.9803843971351,18.6847805270763,57.99819558337156
668.6359391216604,395.9038367141979,18.85421187522423,57.761954363247355
668.9905780117099,394.7205534197127,18.868767596464362,57.741512046806996
705.5971003275379,417.3414377038321,19.796378482386384,56.42761899736696
705.1510197644006,417.2344535253529,19.715785428229538,56.527686275624426
704.3845898053678,422.9407490891561,19.55727640880296,56.71980668061071
703.9469906817535,425.52757540508617,19.701720578596866,56.51037171156185
707.1987078110974,432.0400695958055,20.059420849022906,56.022576628463106
705.9329653497554,434.16598539960216,20.575309620354954,55.25183556652407
709.5818189415324,435.73813764862194,20.72324919964869,55.00888275877683
708.555453982933,436.3787993154278,20.521971300532904,55.23973176651192
707.4513622818661,438.8285892949729,20.583818147185962,55.14966203843967
706.8244733314266,441.12838024884803,20.656646479316453,55.04467708884991
710.3847095556467,443.64121955502605,20.583675118064686,55.12252888344575
709.7525130642185,449.9595242097883,20.87251423072011,54.72183380426795
713.3043665566388,451.61897119064474,20.680407358794668,54.94677023729987
712.7231092948946,453.6460856606004,20.35061636508639,55.311888583612955
712.2291774232478,454.64563766157215,20.05244957745026,55.647835879810906
715.4433652346772,460.9480782170186,19.93380543805089,55.719692554257435
714.5383288224209,461.27562693966917,19.870351808591764,55.76134610745332
713.6559720736759,460.8339892051601,20.21987639750486,55.23136636178031
713.4161092979509,461.24684880456294,19.93702757427906,55.546452407420375
716.4933854402411,460.11734678257363,20.197869119044228,55.15346317671031
715.585817382926,461.2379314748412,20.063539958863547,55.320999741958424
715.2604129222218,457.19258478798747,19.817336348514715,55.61755849881406
714.2762204808346,460.28212071849117,20.253726173229605,54.96356827232817
717.0028980225608,467.1365085053739,20.51838294585628,54.567964085281496
715.6035592437934,463.2673197774543,20.78293350639708,54.18044127256594
713.4364472100336,463.45703589443127,21.996300573565506,52.743190745040565
716.7541662522056,465.078407616216,21.923893685816076,52.71070220907921
715.3984930691,462.01545894355684,21.956993553919215,52.61914798197926
718.8104650634527,458.7347714097652,22.021437245267368,52.43060792657677
717.1504446817873,461.37158962221463,22.007320541709703,52.39097981390322
716.160737046883,462.93488255250895,21.98248075513712,52.3886033573062
715.2594657991845,460.3104676530155,21.983635463669,52.336630925458195
714.5686656545082,457.2354559597272,21.981713004074425,52.31723120870235
718.0478216961392,458.8759920463923,21.993618148748265,52.27971028964453
716.9669523461221,459.78830604648164,21.951408827847487,52.30328809429063
716.5500896830628,461.62283632239786,21.935811656121448,52.29946949916909
720.4393041496622,458.44919792742326,21.970201250144154,52.21610511480181
723.9016436881917,461.78228750428485,22.000207384266698,52.11540094810867
718.1980574266936,458.79983118860497,22.01763705600559,52.03732480230786
716.9148593723512,455.8047325005369,21.980398091982245,52.05245360926061
725.0973384101407,458.1275990563773,21.846503859176856,52.16263041731861
724.231638736177,450.14377343630656,21.626763041775206,52.32417890477453
727.8385516641147,452.0854793235552,21.63125278724865,52.293706020734355
765.3987570571751,484.15681550086333,21.380646383452174,52.424356725200184
766.2319933115547,484.0693841330755,20.82566483958245,53.0514680936836
766.7167155391683,483.91818092972716,20.30134581517768,53.68512504874312
767.311940966185,484.34482983747625,20.48309282758393,53.32506043713283
767.692310804079,480.1388661277075,20.193299165723353,53.59258535270302
768.373000664171,481.25679916309235,20.53066672279943,52.94546511437664
769.7971769920453,482.60572680488826,20.451642422839925,52.927582240986816
770.3529907357671,482.08345079404125,20.540623665712396,52.67742827570424
770.9249964388762,483.03096002874196,20.75558302079351,52.29116405969023
770.3524823040701,479.7613104842041,20.797900089691524,52.06880543392217
770.4562910024749,480.19961706787774,20.802434861036645,51.923511276832635
770.1817225515007,480.4559885903692,20.82806232017871,51.77138142893799
770.4264796885977,476.61546337036833,20.19636985324985,52.538883399396255
771.1008454022538,477.7295840487951,20.44767445098528,52.06266252079129
770.7294898360846,478.32936018454774,20.96456970600524,51.30450734997302
771.5927074401377,478.0582959133397,20.95823430468462,51.22683764934336
771.6938382306289,478.06318959936704,20.891443620661356,51.191051645796435
772.4092228484584,474.1519882070223,20.78276334183534,51.18703173914055
772.5271783820612,474.4953841862965,20.722565232608,51.12037777011328
773.1840913009453,473.6756193062748,20.5977307030522,51.149328516332105
773.3235383964465,473.9681683533216,20.66286683269422,50.97179315493525
773.6066141454537,473.3524863127888,20.607570532586166,50.96569972219148
773.8924732074304,471.8833311471335,20.516367590651157,51.006541009770494
774.1172805886431,467.71855442793577,20.50810740099863,50.87703091819769
774.3082947710141,467.99797657945896,19.991034983059777,51.498966906708596
774.4192735009763,468.40348286373256,20.18151371040268,51.17011240300364
775.0317970222994,467.9335772281104,19.49091082106521,52.03910747029609
774.8631502712392,467.47151879118434,19.90606917871363,51.45102029313047
775.2116090565045,462.81036713706317,19.95345030470084,51.27261883605296
775.5521702405214,463.76767808887854,20.22257242299912,50.800287596141445
776.1805212692502,464.29106832920854,20.311270818155272,50.48726359808262
776.5365721061297,460.8410312235414,20.417265305284985,50.183075075957404
777.11287716623,461.6594480451376,20.232568395476413,50.319076091387686
777.5830080646151,461.8817863754278,20.311174091381776,50.134501255806214
778.2211762132571,462.199247114519,20.203343224319575,50.12578349342506
778.1965500638704,461.3929832844727,20.173084126505934,50.12016127692309
778.2529243168694,458.07669040517396,19.37544856892558,51.100522971647266
778.0870803744446,457.75664982391766,19.552401171711796,50.84349164541321
778.9058208367343,456.92349981292637,19.00709847264977,51.55328469985127
779.2206124312879,455.81920788715996,18.368595061952906,52.35903878511056
779.1175942157288,456.423359452456,18.975643645504455,51.52400989143597
779.4078344085947,454.97361577742083,18.54812388804376,52.10183886862734
783.1911338766603,452.44091249970336,18.972103126503818,51.482967889577374
779.2695467293324,452.54409591381227,18.638648354692172,51.833225116268316
782.9041880926992,453.2308876400332,19.085254605009276,51.18946680287213
782.7124843804561,450.62092716578377,19.044840580215844,51.219062491208646
782.6023054275942,450.75893762296016,19.39095840045699,50.64969704937292
782.2282639962095,451.4614935591139,19.615720349911474,50.28970720446261
782.6517990855014,450.7589663032146,19.7589538665298,50.042761527433626
782.0732130860805,450.5140640752196,19.58633932629379,50.27444043982932
782.676621363986,450.3224658008951,19.96227416380079,49.64020191462577
782.2816591027499,450.42920017540564,20.159942795903614,49.30415949933013
781.8827664566977,449.89402846555083,20.2968265415297,49.091438911280655
781.6416681372134,450.4472845033393,20.401413033499047,48.7889426509618
781.8000640896038,451.66356849759615,20.51526644555745,48.53196732335202
781.7186369369679,451.6039731361306,20.582647625252385,48.36369429186753
781.7054322776754,450.8378728842614,20.699534581783833,48.05090942973834
782.3463518656516,450.64151222284255,20.58666706358443,48.06427186490363
782.8582075033179,450.82540660432056,20.548755816099167,48.046088930471214
783.0445072057565,449.77229571331503,20.557698229602202,47.91511045231998
782.68642424607,451.08921702435777,20.66346722734055,47.60836739192578
782.9556088989413,454.93403483641976,20.6212069601895,47.51613100257346
783.1862597661392,450.78068287168367,20.625240982333978,47.31743904276351
783.1264497883334,451.95539154771103,20.747662337390622,47.0406220553938
787.25184647866,452.72211659700895,20.60270296400067,47.1254101674761
783.0861295252284,452.7672253801507,20.50945806837348,47.12366360406932
787.1468684395346,454.19837432420223,20.393827216995,47.13583833406927
786.7747445847684,454.4938218082921,20.3302615205368,47.16670778735248
786.6618054277349,454.92416256911713,20.31262705512981,47.13213990696457
787.0006130170516,455.87789362836014,20.251940215500852,47.159857856494554
786.977766718448,455.7072176841647,19.75559842511936,47.79238299436863
786.7767536692121,458.4038131764211,19.810870687913244,47.714730416227795
787.0500430133321,455.40183529880096,19.854144034718704,47.5319019040426
786.9578169858369,458.1452773408498,19.821354429948684,47.57317743832256
787.0054940347324,457.9314642886061,19.927744754474276,47.3780396110587
786.9660377560367,461.9459363222672,20.03014112840001,47.1879775131885
790.9375180513483,460.5688093167941,19.856644553737336,47.36070214524359
786.9678456613581,467.4444194766556,19.82139998587856,47.371024145772154
791.0428967362342,477.4837067127778,19.682799148382138,47.48999567877677
791.2902810761793,477.9730296263215,19.616119908360883,47.53632944305896
791.744664440341,477.2324942500007,19.0630145424471,48.24255161534018
791.5283951435698,482.5183519035574,19.246519267676494,48.00101266168133
799.2380939294003,494.42850120952727,18.179285010835045,49.439167418882235
795.1204237762706,485.66349076371887,17.68431487703082,50.0947891253184
794.9353809626018,481.99338477549,18.078465201693643,49.562968459411614
795.099165314962,482.42970625956906,17.586753500900556,50.270447723690644
795.8047858374116,482.4922539530507,17.219688557685867,50.7675122946131
795.3219852700795,484.1037863358281,17.873787384696648,49.85167084906561
795.0884714441412,470.79081115731486,17.415952651777207,50.45740331058429
795.3231672446532,470.3382351931406,17.189926115016505,50.743578645915264
794.9446597122359,474.1496094414427,17.2043670841252,50.76134881462471
795.324197330113,472.0081816652901,17.11879697580097,50.88602508378774
795.6659440395886,472.2331651175272,17.007619011332814,50.96409262793726
795.7898223740667,472.9476020129255,16.761554692864596,51.27477562653897
796.1100290381121,477.3669183725461,17.57521658202093,50.21378229633586
795.7337574218818,477.48189001125553,18.21949402711839,49.287156029319576
795.764269560311,478.22433634910533,18.55558217940197,48.78677353695434
799.4362599371821,478.6283790532201,18.77496974612491,48.42715198589872
799.1893557520489,483.1095465506878,19.03408266691977,48.01469606505998
799.1572391787151,484.66938516029535,19.232982330964216,47.65779975061475
798.7439637363759,485.01689408688287,19.341545737863385,47.44491945828412
802.405519743952,484.99071480131573,19.362167987084895,47.335360834694406
801.8051760888486,486.0730904561607,19.326635652745242,47.28785639123067
801.9150710535406,489.8627128540466,19.384810613364273,47.1399370310973
801.9555382629397,508.7384184748409,19.681309256165758,46.67339212251648
802.1013682501217,491.7880407629994,19.667718181910132,46.599072778133014
802.2523093355484,492.2156757571811,19.737057702426863,46.40396988781501
802.2387455471784,497.2703528743296,19.719522021269903,46.22664156294183
802.5348311965369,500.6923784197493,19.533565049173184,46.44897478759316
802.6640500131065,500.82360952006115,19.499655162472862,46.45713472117818
806.3647096668951,501.51257596493616,19.01205932367607,47.055376782027764
802.1174265651136,500.60358047584333,19.30312001118673,46.559219334157575
806.6000056897218,508.8447054636631,19.154567329902623,46.74625227172599
807.3121385282255,507.75184696106555,18.47154805515872,47.646005264775106
807.3417407260719,507.9420596208287,18.594853200977767,47.463523945612216
810.7584693218494,508.4140846133284,18.00785453984877,48.17742758056975
810.5728515808246,513.1762150115851,18.240582506706165,47.75019742370479
810.3844087551271,516.1335002192367,18.390852490758007,47.47622625919517
810.2656135589191,515.4659593240266,17.671971380393188,48.40717866366718
810.1136029563565,518.9299156111597,18.031185391344906,47.894059580764306
813.6813729796788,519.4228199922629,18.27894326492753,47.538945684738295
813.490212156485,522.917328139205,18.571953810772648,47.148268948501986
813.4768130150926,526.6167383230049,18.177123022321773,47.639815135162216
813.4234505152871,527.0087319381056,18.572335605331453,47.07007800760011
816.4790869777861,531.3884839690527,18.966586361974084,46.48868311471233
816.490302429183,531.3672161828338,19.10974164761588,46.272869298312244
819.6397792723748,534.8269650874619,19.02107076381415,46.348965513714404
819.2002928567448,538.5217922355414,19.122556674717405,46.18644210744791
819.6201026904672,540.7504365299071,18.325020859265564,47.195498352090524
819.5004037691727,543.9820162143599,18.8340065464647,46.55852564013674
819.9689320922993,546.9819884241465,18.760599566521087,46.658225881513374
823.4119238105148,550.6733587540934,18.87286613771925,46.5219156186532
826.6440796205079,550.2767724907395,17.98586412619264,47.721344552860195
826.7416255079792,553.7243513318015,18.0914682175965,47.579990123910115
826.2249006296339,557.123460799361,18.386639466100586,47.174519067819425
826.4273060767898,557.4278081988996,18.632613302699994,46.773231117411456
829.5872213038697,565.656059514137,18.88020190066434,46.44152821533005
829.0748165393422,565.5413543866438,19.168852701119768,46.054085233164386
832.238996870513,572.3094840600033,19.233878879598542,45.939378544526356
831.7914340408702,572.069875965463,19.292571605076677,45.82693024052305
834.5759931713542,575.8333158027863,19.172187150718827,45.992094347157106
833.6866999046098,579.7037656754616,19.24453446072736,45.880941992553474
833.6141729091206,583.3821027579021,19.408832625247385,45.65194193045567
833.4917430762147,582.8200430724339,19.5463970833801,45.38983333603703
833.177238478966,582.1537997227437,19.527676583034033,45.380517319162465
828.2310672058162,565.6319745738479,19.507203081665203,45.19316099463962
824.3065526712099,566.151716726856,19.720520004118733,44.83856767411227
828.0022048554788,570.5357613863335,19.503706564230967,44.94554225133638
828.2872791849516,573.5198754856673,19.601676322548535,44.602342186061136
828.815158898667,576.9624283624952,19.67899165555453,44.38781920370656
829.176691561436,579.5072435682873,19.840683073924644,44.10588513459052
832.5846434331477,583.2268823029268,19.86473227621038,43.96861724783118
832.4282553937517,587.032422289986,20.030325041036583,43.68499231750549
840.0165399334794,590.2683941506688,19.28538704983785,44.555729527231236
839.7900310733941,593.0045211976117,19.290014852396634,44.42016395186959
846.7040257905096,596.4757884436408,19.252465977552678,44.32984331936953
846.3831160637872,599.2621677217141,19.24060004004838,44.27316514270887
846.8394419092604,602.1503280968581,19.571602242572645,43.82123671114654
850.7697438395728,605.5885843027007,19.56900485930383,43.75532219603717
854.468562833831,609.1115163738185,19.80322283544801,43.38202542135526
858.3397654375345,612.5023301176317,19.506571679249355,43.65738045097156
858.8047565063515,615.212932468788,19.597197966755772,43.461091253114276
862.2913118665671,616.3525441661427,19.9010986408254,43.02230062150473
864.4068455476852,622.4051784677412,22.45409747884558,40.120639577511746
868.6039820533366,625.8786342552116,21.90425014579587,40.71787883188598
873.0510855342902,629.1554798570244,20.85460333022054,41.83929176949605
876.635987011876,628.7774427738345,20.561884153430288,42.10160344274216
880.4509760051251,632.9145967936344,20.27608007516567,42.35716734375533
884.2107488507752,636.4463879989364,19.958551691146955,42.68269692884824
891.778289111869,640.1963146728381,19.949036697829037,42.59825123866811
891.6400604018129,639.9452473386452,19.88839793344922,42.561806741118296
903.226349068972,647.4659063568131,19.31814031653817,43.18441387568111
898.9681093320135,647.6666677421467,19.367389947315495,43.02745966156097
913.896307311463,654.8824580004593,19.059167892835337,43.36012513187411
913.236603320734,654.755430330687,19.091301752055276,43.26605525207376
909.1060723875042,654.6368777128617,19.065020593307203,43.19794760258287
919.5397466462656,659.4152900299385,20.78405589536461,41.1650492265164
922.9533497879337,663.3046011546251,20.41647628668057,41.54128365896724
926.6798650805833,663.8038257764673,20.2318630597796,41.6922044895548
927.9474649996355,665.3203098154162,22.335815748530806,39.249896208848696
924.3388426260943,664.9382527069961,21.552451097725104,40.04163132424866
921.3593369160641,664.7087814467744,22.23659021477645,39.2453393647877
921.360171972923,663.5809220607193,22.019467310798188,39.47080281920983
929.1808795766916,680.1132583280818,20.947951662281994,40.75339743536399
925.5707230818226,678.791447144379,20.457659507519356,41.300576626499875
925.6491274345093,677.038098771198,20.110945292793314,41.62246583387593
926.0533298574261,678.208804215136,19.837345565997367,41.87805292230284
926.2714413003758,675.6978000492495,19.06607752123471,42.819617871812625
937.1989498940576,686.8942465718906,20.439003754281526,41.24089184923565
943.5816867356843,689.4377378013005,22.073179691084114,39.42517918869464
939.4414494963606,687.4930232667488,21.67062404125239,39.84841219761727
940.196123623017,685.3008892178841,21.192850871672274,40.37582633340219
943.9216826314068,686.5085569160892,20.772194166232975,40.81381749605863
940.3136840768938,684.0804642193615,20.525067476888726,41.0668601511719
959.4749780269633,685.6307191380398,20.26625750033369,41.33197068849474
970.7289172100842,681.732597291698,19.87409606829611,41.681528590162664
970.3122358659945,684.8664086189203,20.835469625501716,40.55122216267724
969.1853444931182,688.0603603475482,21.822508234443845,39.41093690381629
976.9656214867628,683.7338039123821,21.287597595848727,39.945081764199806
976.8683125094861,683.1783028426726,20.52154436395469,40.72338481337655
977.1091795444582,682.092812025183,20.072388553717126,41.173080628348266
980.4875391211475,682.1483251860063,19.661500794534135,41.53357228680031
976.6454670381955,681.4594967347074,19.543663034473578,41.573644336225996
979.971379156355,681.1935891622194,19.13242555581443,41.95628187032778
976.0222866203087,680.3227102034114,18.950213022011148,42.1391856848555
971.9569215820304,680.2335258762273,18.723142614864095,42.39092468416041
971.6436013724251,682.8655977496372,18.641201348054825,42.468549202111056
971.4979514562971,680.2415355607752,18.441311283250467,42.718150821351195
987.5406316084932,688.1171257395159,19.983529714209993,41.017208119509505
980.8600352660038,683.1752009066463,19.31837428517486,41.7570148164986
970.3216664972921,687.6504104314378,21.728306555264343,39.145026171578806
963.4197930158836,686.2419374056736,21.66584448793018,39.14508150655441
953.3693205403996,684.3382474996301,21.557356836969436,39.18660695996823
942.8409714537851,683.0141636648481,21.429053636907284,39.30070914453184
943.8441935039481,680.3076396743487,21.39367696517021,39.34514435926453
942.7711901634655,688.6501233696533,22.280196255617373,38.45210525997616
959.3759908916554,685.9811181362234,20.55107690067772,40.37611092413233
947.4500004810649,684.7968471850544,20.0781408822593,40.79199953762894
936.0630313130151,681.4209769192806,18.707160776586242,42.378709589745384
922.1548446852792,679.8404830193799,17.56948206062266,43.68191681379456
911.3669993881911,677.8255360679458,16.818806230238266,44.542356857333424
899.7109462854819,676.0703316503636,16.057319296008252,45.4743119132773
888.1544182753113,675.1580902819557,15.513610332218681,46.15021302606224
877.195380907323,674.8529068286795,15.304348566119925,46.416515965148214
865.7870378719623,675.3993789619428,15.581598296509295,46.01105560536734
877.2081444325408,663.3440580248205,15.183213758115931,46.52406793249304
873.5018892468214,662.949082560976,14.83596184241486,47.010249957164845
873.0044724799503,665.3908122088078,14.570990292882279,47.397635597872025
869.6742313550916,667.8368663347801,14.192459156827036,47.96026119449933
869.7081865583131,667.3570756147997,14.045685822529988,48.16066959883847
872.6437243441762,669.8764659104058,13.840013140055454,48.481572998104625
872.5801467692651,672.574069703414,13.633889633871823,48.7853862746677
875.7558392476053,676.9436933782404,13.545841812506332,48.930802506863024
875.9680642924831,676.9455989931658,13.350396865797189,49.22087221649574
878.6958108296228,678.2543064608292,13.381630075544864,49.170151302394096
878.5808940629082,679.1855569045736,13.426294061177767,49.04477724214524
881.7257676557434,680.2769007761707,13.499806190998061,48.91542588086317
881.7772513421158,681.3688123012018,13.719614033163598,48.464092297468056
865.12490458381,685.5669057697191,17.632255852998064,43.96396105882825
867.2338909671388,687.673260827226,20.72516946939719,40.560632011567264
866.8753078535469,690.3187013693898,23.15521130121033,38.03975090816625
871.7682036056681,692.9821879721792,27.182266934419125,34.1409293101011
874.3065208887843,697.6204066537947,31.448852125266654,30.195870406800296
874.1024306741166,699.6210870649488,34.75046421811534,27.296608526295064
875.4194597037615,700.8999390997764,37.55723495902711,24.8770878119715
876.5241834708778,701.844174213796,39.62021546053062,23.160212993444727
876.9138857806669,701.9301761312437,39.63824230991594,23.144259989628942
876.8627468637628,701.4041433725143,39.64960211685962,23.1347887181471
873.2717293184785,690.7870019042987,39.08018666879306,23.695901564856783
881.1088014388638,692.1339856315154,38.19115385532944,24.57461959054108
885.0553952788975,693.8696400399879,37.74637048739579,25.018745372518936
889.0993910294509,695.3587903298373,37.318981079032085,25.45771831424333
893.1816205376794,698.573393951311,37.65983307484316,25.17505505094083
893.0500908977971,694.9842432795151,37.57003694045562,25.262453589204107
889.32665096464,687.4390033651478,36.84668975598851,26.060248862885043
878.5483577877567,672.7468570083369,33.142125749647704,30.163566234710153
883.3278685945962,674.1615133822804,30.105927469708774,33.64911192340745
887.9947755703156,676.0959698956584,27.17558308080072,37.12124999833603
893.1196897109764,675.4580934750102,23.853853954904913,41.128643893785906
897.0429092180601,676.052047274531,22.27076447381863,43.11828231906674
895.9472236594605,682.4075679219155,23.546956696021233,41.78177467755691
888.6805692721142,669.0936595258207,22.97401375409998,42.40864161012755
889.3713046416403,667.913134421608,22.2129467220753,43.30569803078748
893.7702221572663,671.0063838939899,21.799172550503528,43.84347181398984
898.3110071220156,677.5384423788129,21.674157033846672,44.02750566984436
899.0454950476487,679.4834687864665,21.344565929131946,44.393086685561514
899.6043421791206,677.4898284860067,21.27226358341681,44.51175332812218
900.4354143699243,679.1938113515715,21.386492349774127,44.40285271006016
900.2616212789211,678.2269142202022,21.500203555145337,44.308970628880985
900.0677689255525,677.3924211134032,21.405170720683802,44.4741899481385
900.7892281624446,680.1937243680677,21.41635333256241,44.401099658902126
901.3829499543739,681.8321057636243,21.3064572989054,44.47796025798679
901.6051335997397,678.8240112649484,20.99598543516223,44.83792118984792
898.1464072829451,680.9562902994522,21.123719917658917,44.70050698070358
903.0159873686689,681.6568733510637,20.948397751277184,44.95219615454193
903.31041043528,682.8262045683452,21.118376622155925,44.78786872287818
907.6101706687117,683.0348325306321,21.170578109638107,44.79435336408112
907.1011505941325,682.8584917957187,21.193246976696056,44.76810352015486
923.5686876691956,668.174875368031,21.025651769440937,44.85165259867483
936.1006387147925,662.3845292141584,20.65919268666991,45.25566434153955
940.7750380158564,659.4207814253547,19.872794902413354,46.29010448015168
940.9208358966945,656.7157620350441,19.55961272072254,46.71384708386244
932.3832021349264,648.9549596407194,21.007001101497398,44.97415655390846
931.4937341242827,652.2806883923874,21.480298690282062,44.42713878598482
935.643378770742,656.59852512749,21.934620961999794,43.88203767295757
939.9476062945541,663.848298751714,21.6393458841631,44.21017291962673
948.2578035315981,666.3391631994211,21.425241464396283,44.4735364161801
956.6958286975303,675.5779068161419,20.924399033532957,45.1269352606195
956.8920216546863,676.9379444194223,20.87133431530025,45.18480271152956
957.1221525623638,678.2721556159642,20.80733213563202,45.24571300391627
957.0675494907244,676.7121957709205,20.768359701487697,45.293837468860104
956.964624669,675.3429361644537,20.75490211601359,45.31368583676195
961.010384442978,681.0863344641539,20.717449226077907,45.382215699153704
961.2174933046239,682.3545896178751,20.7052688253072,45.40083491975676
960.6928657394697,679.3606984429027,20.69809003952377,45.41065429896806
960.2433170980687,677.6341245640423,20.684837144560802,45.427230458635826
959.9577768218913,678.9990392999631,20.65417203184215,45.46435874665136
959.2950084890118,676.8494812287685,20.639659192367315,45.48185820126607
958.8522330951297,674.0686587369314,20.619200723291844,45.50680961194208
958.5425619302306,672.1564542719359,20.60949464601239,45.518099368883114
958.345664215161,673.2563951337096,20.5593505393414,45.58441294257709
958.3649547976989,667.1783054502542,20.527689477249307,45.624154397500426
958.5143736020376,665.4307706028616,20.47321694976304,45.69476582698131
958.3055858532434,662.6789616425517,20.465293961786305,45.70438903477143
957.8745981325211,660.7535592659755,20.457339135897065,45.71319568764299
957.3530753717633,658.9075644291954,20.421622960596945,45.757199187573306
957.8185843717438,656.2641681765665,20.41270055742633,45.76718581514575
957.6559638858182,653.5331444977624,20.406293179515654,45.77518310866709
957.2293546955561,651.3946361336424,20.401368290024138,45.780942436394284
956.9077804409411,649.3527621384345,20.398639497561092,45.78434527300156
956.4429450443535,647.3996719534401,20.396036962432166,45.7872687498322
956.1766278071246,645.4982064478932,20.38766201077289,45.79749780131627
955.3030209889869,642.6524700740871,20.384075156669066,45.801972658455924
954.8112779019768,639.5602820904807,20.375563850296725,45.812569138058976
954.8289548689256,636.5380855247569,20.365862881929875,45.82457644339559
954.2266094702003,634.9774192370602,20.362776656065126,45.82834863213133
954.2010846297262,632.3735349914978,20.359023628685453,45.83289008010439
954.0871756864428,629.5466392549336,20.348930082270623,45.84548530231723
953.7909881609015,626.7175204001418,20.33307883406756,45.86525093167016
953.9126388308191,623.5007560588678,20.326861644546604,45.872961170919815
953.7071193355923,620.617240271929,20.312984367605235,45.89089158284064
954.1042247928802,618.2396593705715,20.29818351724972,45.90985162240233
954.2131032524132,616.3871908466739,20.288304994098745,45.921184916154125
954.6980975732303,618.1566699908342,20.265340638258042,45.94323555803984
955.0919501069092,617.3776731524526,20.40113384379612,45.78751833068138
955.3265180783,616.0026253385777,20.398055738024023,45.7909182015192
955.1391015680733,614.2093567051464,20.39516086250207,45.794501300061896
954.9037430331421,612.2562329188365,20.392157739455346,45.79817862503168
954.6740541994579,610.1298025589709,20.38968407821218,45.80112040707959
954.2895636399269,607.5939170328209,20.387087004563423,45.80434850207402
953.7792961500478,605.1090867417724,20.38442922099304,45.80764183945036
953.299243246488,602.9893155386624,20.354457115305248,45.84274269827656
952.7155930515386,600.8106409540253,20.348655841614626,45.849175481900055
952.4678063680565,597.9589797218703,20.342921959509493,45.85594566959896
952.5069679044504,595.4447401602235,20.338832426123986,45.86070786631758
952.5828428183777,593.5643268215467,20.336283246338894,45.86363788191286
952.5415259394124,591.1118231519258,20.33300869564439,45.86760895864255
952.5242168478036,588.5917968728418,20.329374715183494,45.871985514308165
952.3268444101716,586.3291336572593,20.326193587706726,45.8757484155049
952.0605588539514,584.0290616656816,20.32318746254108,45.87930235654574
951.7888246704701,581.7191567300058,20.320254984452824,45.88277826641067
951.5038187035487,579.3856947265542,20.31741239940517,45.886175261442595
951.1096490383211,576.733980386644,20.314734912767573,45.88956751090405
950.678641068909,573.7058387499604,20.30387379022486,45.90341084667969
950.1377414272398,569.596791647896,20.27058329943129,45.946254043728544
945.6899970196912,563.365569025534,20.277780755580782,45.92984415539587
945.4599493065275,563.1096003538993,20.523422246284923,45.638483204120924
949.7221257664979,569.4151303721598,20.488793485584818,45.66226222552235
953.7304565008523,570.8710326445278,20.488642026641884,45.65169159230071
957.9961678302881,572.1633366773117,20.462150817660447,45.673597742202325
958.0956196356921,570.8948055254531,20.436834275767712,45.67384535628329
962.1588139947198,573.4818232525577,20.420640717624266,45.6781131438038
966.3452253675329,572.5446824355101,20.383665826612493,45.700670153265
965.8562304192404,574.0867900740179,20.258894931418755,45.84389523345773
965.7493646027701,572.5623795068046,20.23137432084053,45.87829585854595
966.0821138235087,574.8996720790135,20.206445089415915,45.907047429826484
966.3646584951009,573.3832202388527,20.196408741913345,45.91845099952175
966.5468254643455,571.0992345402162,20.19125984342118,45.924230433598915
966.3122913948908,568.6058141639785,20.184439014816363,45.932542686471095
966.0708133838331,566.3663496775644,20.18199763846029,45.935456091519995
966.1126636479382,563.7035617533899,20.175040139307725,45.94252808320998
965.7988875092,561.3422732271158,20.17264165498927,45.94540098460451
965.5455921391635,559.1962661819346,20.170823550591084,45.94761586155749
965.1557183406512,556.8565285823319,20.169045595342975,45.94972146618901
964.6142874893509,554.5271064293456,20.162469097946875,45.95803734122284
964.0250625818459,552.3266364595387,20.160164012978143,45.96104570506145
963.3486015685971,550.2689402346075,20.158637720994303,45.962852682816894
962.8044339182638,548.7578282783447,20.157882197533564,45.963792968786
962.0461663596609,547.1461747693954,20.155271945209723,45.96704893649859
960.9394224094854,545.9589101754176,20.152516578501466,45.97029292433516
960.464802240052,544.2046779615166,20.15084509743336,45.972509354853095
960.4059151727671,537.6271816873776,20.133563868825025,45.994814334466646
960.1093385967545,534.8756814109532,20.116513575892384,46.015727275163215
925.7902736631695,543.5683932229609,22.367527964546753,43.42393997316941
925.9577686820742,552.076902579482,21.898844335977184,43.81781183935102
933.5304915609603,552.6510790370401,22.90536658052421,42.654793975316814
932.9696223293479,560.9431705150149,23.653102229456266,41.761142750019054
937.2514729402258,565.2831765485072,24.14042067627944,41.185064971059354
941.3416338848656,570.6255820948692,24.813777490307963,40.43933125565467
944.9635712666491,578.8016415999184,25.478102513880856,39.701841037365234
944.4289683407237,587.7584031248673,24.71736828508884,40.45087177469897
948.0532556538816,592.1017856997273,25.195216922323034,39.8313616451206
951.3351254637648,596.0980790332557,25.601304954534026,39.32926589145496
954.7253685541583,599.9127452890923,26.016443125248536,38.84999117244524
958.6672776104213,604.2093985440308,26.237756162014694,38.56900346444817
962.5516656611867,605.2507627705237,26.70653365698043,38.05321567670731
962.0231663542755,613.0734455125146,25.847065677060257,38.92206375473725
966.0315294627726,609.9553887544636,26.201661138227777,38.50447501177568
965.4415230881652,618.0083396096355,25.37553437061205,39.34624328434187
968.9440387966304,614.874280533949,25.82259750858304,38.77759185487381
972.9103299293043,615.6386404841843,26.200783370676476,38.33149329038646
972.4318376112959,620.2661957172774,25.338698263536756,39.19340438486928
972.6143876463962,621.2566333626264,24.704140465665752,39.79218021149613
975.8963591969882,622.1394118379284,23.99654349485261,40.484172356046045
975.965340445005,621.6707987527706,23.719219974916,40.71043688648056
979.663366866177,625.7994129686911,23.17748145981227,41.227452763111124
983.2462729665709,629.622047326208,22.249685864401584,42.15220377006211
986.2423371632441,625.3522112603379,21.851622183579664,42.47574087677794
989.3588558461648,621.7655489017797,21.693477815479856,42.58170948427521
988.9635445486484,625.2209131868784,21.496622094682362,42.72182224555973
991.8226572805648,623.740215881422,21.27214911040277,42.91054134225122
991.4869485824439,621.9621773368963,20.94392532660611,43.17829026052646
994.3191340614775,621.0928623361747,20.622272969765856,43.510770636191374
993.3208982981263,615.2830098241415,20.60840094483262,43.51033939927152
993.2901457514304,614.1050556533165,20.492302644431295,43.62634333723494
997.235866044986,609.5353355457436,20.42281344663279,43.70118356153608
1001.1616595372356,603.7786969094684,20.382845267065306,43.745033725321626
1005.0386757771106,605.5578794893029,20.25195264556109,43.91495912351412
1005.2247170107386,588.2187700379735,20.04788364668973,44.071789018604406
1004.9667280165937,587.6699700370264,20.010913398514024,44.07473302989809
1011.8869953611112,577.7152326253783,20.003588700934227,44.02217744242772
1014.9117187920422,569.9637358456249,19.86252282433222,44.13233443119467
1018.0450560092985,562.699127062662,20.559912034228724,43.32526545232084
1017.2633020606654,563.5683929881734,21.149259439074715,42.619409582819635
1005.8280665724515,573.1357770799731,20.502405967870768,43.37646039946445
1020.7422985861643,571.9797506693448,20.211274475235086,43.61133808034014
1020.6857762863924,574.4000249654722,19.960298160939658,43.82542930436949
1023.9862110141286,573.0903626692917,19.89150172640225,43.84430981828505
1023.8757342560375,572.3070480860123,19.831446522186518,43.84501422116437
1030.858349641245,571.5174709290144,19.680263565187012,43.960706778453776
1029.8203489551245,564.3270960809548,20.746119273212816,42.67972856929966
1046.3360940815376,559.3357626697724,19.772600974732637,43.9056290723896
1047.182204608373,559.5457040541263,19.165361243350198,44.6792743598264
1051.8013969370427,558.7628804574819,18.295040512707583,45.866005796174406
1052.5705602787743,558.564338753274,17.6869642355095,46.70684992746584
1053.17557918004,558.7478689645322,17.349120246302295,47.19191741460968
1057.6639598779084,561.4519223865179,17.070955804911158,47.544527485768874
1053.9358022487436,560.5180784113296,16.798516542824252,47.90787514512228
1050.606153399516,560.3688639553837,16.62583782755306,48.11158404357433
1058.4278238839772,561.0816252968317,16.347344041857983,48.50191138013331
1050.2772849531136,558.3499129519934,16.26440014455208,48.623175368058284
1030.150152503258,522.69267568969,15.81128284211472,49.33436314950103
1011.4897019475635,506.94213998591596,15.116364403943173,50.362341524212184
994.8853429586148,498.37359499031083,15.224172195073026,50.22515668937257
963.5770192209791,497.9298535222679,15.191531492854152,50.20023681679236
939.2506565316635,496.0781525601798,15.135108464503015,50.30294718403801
938.6260395044706,493.6693748640634,15.150163141333012,50.28383456174439
938.2761187312784,491.1826005286444,15.15065504591743,50.283129101265175
938.0467574858638,489.02856550836736,15.155434194775932,50.276881915409334
937.6660548123289,486.90626999727493,15.155871095114453,50.2762236662014
937.3564501109176,484.7749739262108,15.159813817219442,50.27104837897787
937.1030888326262,482.5636038458943,15.16546098680131,50.2636690251455
936.8657578541149,480.25779459264015,15.170852595274825,50.25665807608748
936.6124067816479,478.04640892836386,15.176478876370721,50.2493060754774
936.3591976614778,475.83496608940374,15.182085599472321,50.24197973252368
936.1058571092262,473.6235652987735,15.187690601718725,50.23465560043581
935.8495996137149,471.41291745836776,15.193112163176005,50.2275808054782
935.826886560343,469.9118164468619,15.199325510335397,50.219394930998455
935.4202327057909,468.5892474121941,15.203174427230152,50.21433001075583
934.660064026117,466.6684240056005,15.205233664629723,50.2113990346363
934.2440229197496,464.37918552097193,15.208735915110935,50.206873913439395
934.0198883278895,462.1694998558769,15.213563022386632,50.20056555994421
933.5852704158484,460.1543996705854,15.216735668883132,50.19638072621196
933.1359014092499,458.13635414164196,15.220712954197685,50.191145738108794
932.9182419285321,455.8955621312005,15.225965747325146,50.184305934681404
932.7175043992165,454.30036630029036,15.226610298677814,50.18353191084802
932.149324037535,452.39709925397267,15.226806952864914,50.18328852621901
931.9336136653853,450.8931686602907,15.22654481247127,50.18383908469192
931.6676297597891,447.90415388467335,15.225565560217762,50.185165945802176
931.2294996540226,445.62631550460964,15.226086435737038,50.18446052666937
930.8515659862596,442.8898059311858,15.226331503539773,50.184187799585146
926.6926876605106,440.86829417109453,15.219846516854123,50.19237693484942
926.4488567709424,434.0135817198585,15.270900517918253,50.12870575272678
926.0341874220823,431.66501142467524,15.285741685178264,50.10973849778688
926.0168804534682,424.93110614917435,15.367225678946069,50.01053626192342
925.5566152112632,422.6038872125762,15.372618633983002,50.003663462359754
925.409938870567,420.5571219693772,15.400072968474452,49.96708034707323
924.9247094208166,418.5878376254788,15.414115380281462,49.948580353153005
924.6932305618773,415.269718870814,15.414268154836861,49.94827315804534
924.83293550028,412.7440553501759,15.434221026892851,49.923527506450434
924.7391325779081,410.6661713437083,15.434315591457473,49.92339408734836
924.6674016529702,408.19221917016944,15.43157024283287,49.92643273084327
924.5198848853794,406.46320780626945,15.448725106129737,49.90420390796886
924.6950207635028,404.08797884938406,15.44843269091292,49.90451114119761
924.8137647257029,401.60435973938934,15.47561960887052,49.86861654105773
924.8744893840184,398.8183729973369,15.492197692017875,49.84708750364767
924.9610622212145,396.11159303891105,15.508795879181726,49.82447922668218
924.7734356572482,393.0713326184154,15.529933580573914,49.79826197715843
923.8416268994127,390.5201435248539,15.537592157646237,49.78852525797032
923.5699645277318,387.77668092003023,15.538270612136415,49.78762030556935
923.1749955858569,384.50905958106836,15.535724570066693,49.79056060388499
922.8333724448935,381.367627256523,15.53684659490582,49.78896947676102
922.9604165054811,378.54132298048563,15.536493956423264,49.78916418377354
922.5821430937183,376.3502694643444,15.561363724590162,49.75759495415409
922.2509957942536,374.6185827460438,15.57927167438771,49.733801270775565
922.0899188726908,372.19934769930734,15.577826000167962,49.73545505336587
922.0314448657701,370.765034858243,15.582859543217433,49.72869640474507
921.9558946757669,368.44416525888266,15.587807248072096,49.722203620280865
921.7812253897004,365.9881814006431,15.595617404525203,49.711948245634524
921.3201670659698,363.53398517569354,15.601605953021703,49.70413910404193
920.9599050761623,361.645872130242,15.611692277187709,49.69136849847279
920.1994444577848,359.75824402441657,15.617371771808612,49.68408701137803
919.3040717901805,357.95374879243394,15.617299250228696,49.68439126661828
918.5733026929576,355.7185110669415,15.62724189985941,49.67167618110414
917.9334152002505,353.60184271790376,15.627278935902307,49.671852860258724
917.5674168166419,351.5772092588345,15.626933698343402,49.67235793376221
917.2579888177555,349.9572602770783,15.63037668599569,49.66773904775672
916.6010658542743,347.94068708919366,15.636055513005456,49.66039718042301
915.4405470994936,346.52532679165074,15.64877798388572,49.643887579509695
915.196397168661,345.08452017988617,15.656428255058978,49.633675603911676
914.9214946033863,343.53283419418966,15.66392714123489,49.623672149966
915.0383878474144,341.7291645122809,15.670320206806824,49.615444783284254
914.6372984643729,339.6788655623855,15.67003603744197,49.615977451751746
914.1767646695824,337.61878794390356,15.67040617638509,49.61552102108258
914.1065014331157,335.5329118948854,15.681781975571457,49.60098571601228
913.874351464115,333.7041845930637,15.690875877005329,49.58896118795706
913.5601471264104,331.8312909193445,15.698037141640176,49.57899621033741
913.1014113637785,330.41908082066084,15.704756251246929,49.57075144112153
912.9356056092136,328.4183749222041,15.710519210772386,49.563322677121896
912.349865196065,326.6848816261447,15.720529981489442,49.55105740766842
911.7216688511344,324.71412682988296,15.729848782571981,49.53946584204979
911.6387807895229,322.9478961578726,15.74615006145846,49.5187531672107
910.9173265616834,320.5716461432541,15.752319191614212,49.51095971271355
910.6230293456493,318.32198831449875,15.757479339948839,49.504575258835125
910.5007919215458,316.4871637043918,15.764955034065066,49.49496994718872
910.6084895131412,313.7831871833279,15.764722917857313,49.494903446622274
910.4473044603099,311.67012989894096,15.763908592920787,49.49581450129709
910.2222224402922,309.59842276858416,15.7674478174922,49.491188467363514
910.0573694996747,307.21757511839274,15.766917055174401,49.49188981022678
909.5588058037442,304.21897935197364,15.76580373773052,49.49351068342755
909.0496679704686,301.53039375568375,15.762954683708406,49.497274512115695
908.8828366297932,299.19492361922136,15.757403546747241,49.50414322513449
908.5725959596152,296.4140007223036,15.754068098906844,49.50841951518573
908.2137766024467,293.5737957395776,15.761986082462307,49.498375951279996
907.8801606603458,291.2607064050651,15.767720016110156,49.49089859537206
908.0249274289577,290.1266460391746,15.778799971613706,49.476216745365896
907.7656982388175,288.46948979943807,15.779985462279903,49.47464964148024
907.3980268825906,287.0603118287586,15.782601243161961,49.471276638060814
911.2746780814585,285.5927479993567,15.83516556371824,49.40082220267212
911.5315271505086,283.8911793365053,15.843280043396764,49.39020578043488
911.2468156963215,281.3821173747133,15.842841420513526,49.39071581623198
911.0301978723123,279.1207303004787,15.842294192993855,49.391353753305815
911.1036920890825,276.3833787444765,15.84172993376227,49.39200205192522
911.2213838164715,273.68344841882,15.84143485717517,49.392210222159136
911.195357681559,271.61859360872194,15.845596661293657,49.38683282911064
911.2514634759477,269.30325103271235,15.848864042626662,49.38264172990909
911.1681233138194,267.1766541907035,15.85722177927407,49.371615653032016
911.5219964091599,265.63038531348315,15.861161305698861,49.36644804324545
911.3081152502348,263.1556534792652,15.86077240346604,49.36687225245287
910.9793359410879,261.2817326473896,15.862371475193585,49.36475277843239
911.0432793461902,259.28951567698783,15.864644355965202,49.36177951174692
911.0531604680727,256.9953026516203,15.868246143887543,49.35720991886629
911.1788164975603,254.76103652161717,15.87308209540476,49.35097973914476
911.3816325485718,252.89830081030098,15.878862679491231,49.34337435094032
911.1834730225734,250.67484999671223,15.882676890398852,49.338419364958675
910.9562161382837,248.64298119482834,15.881964565447529,49.3392602402108
910.7842907211477,246.29060512004543,15.881746991707246,49.33938821375124
910.532536354235,244.07835723689246,15.88599905505749,49.333825977585256
909.857768135366,242.40328602779175,15.892698397535025,49.32500967462582
910.0361217293046,240.50750061460036,15.900511044176147,49.31434728186184
909.9717833034114,238.83623623086282,15.905259371408768,49.308134279546266
909.8093811035038,237.28352004898792,15.909478341555488,49.3025589528664
909.9407869154245,235.40845103711118,15.913504195398303,49.29723790641419
910.161205582655,233.60914393451867,15.918044002174414,49.291176341793275
909.7242960491462,231.85187105231734,15.92245475973232,49.28533898661286
909.6206974443467,230.03545409930956,15.927990516680401,49.277946766911235
909.2070697964889,227.75084095087425,15.927184708575156,49.27886041882332
909.132405098135,226.0576690674161,15.929087917290937,49.27638306070913
909.156194547585,224.36719648168022,15.932688706814789,49.271633013140956
909.3906362806891,222.6426379688794,15.938659709905803,49.26368684065298
909.1086915766037,220.67485210782274,15.938407665764183,49.2639522521126
908.8341384269505,218.2105479457931,15.93795693486965,49.26441802856445
908.8660752782512,216.54096870474845,15.940812934323734,49.2607918674806
908.189380983971,214.24953717952715,15.940481334743142,49.26131801530476
907.9021592032989,212.0462464601384,15.939895701732464,49.262003744090784
907.5659473896754,209.80658506624428,15.939378001884359,49.26261444996987
906.8988476146367,207.54971844830112,15.943286280752123,49.25771336655076
906.6441315742849,205.33173383413907,15.947249396879037,49.25253192959165
906.3914260539457,203.12018521220966,15.951375719043947,49.2471313821602
905.7826458933564,200.6050513472134,15.956780817329559,49.240459014343905
905.0428375125136,198.33906957825587,15.963167693913983,49.23244977012395
904.7836227943163,195.282469158527,15.95867223025352,49.23846715316079
904.3812475283038,192.26176342618325,15.956748043421907,49.24127960356605
903.7331506884273,190.43628429001285,15.962126608199904,49.23422453209583
903.4580101535862,187.24572238518266,15.957271056883593,49.2406930950216
903.2053525492875,185.03311606470515,15.961405020631087,49.235282681472185
902.9351493380918,182.4816533121258,15.993657229593701,49.195097911362375
902.671326688904,181.07083407424426,16.001992947643377,49.183800577036294
902.4737238887142,178.82442108444803,16.00571205228972,49.17896353554113
902.2241389332061,176.61397691410698,16.00971855240391,49.173720627749084
901.9991730906523,174.5638223064556,16.012841452311342,49.16963779135511
901.6722555989869,172.15130046161568,16.012266788654177,49.17029250016946
901.457301449726,170.0795353999753,16.015653458081044,49.16588294144341
901.2047786143418,167.86684117458287,16.01967565749392,49.160616866471415
900.9522428101113,165.6540907286561,16.023689819951876,49.15536118941627
900.699685062263,163.44132662208185,16.027696490441688,49.150115190681205
899.9262171464519,161.27110604263532,16.031618868580413,49.14514552575223
899.2377508249774,159.3190172868609,16.03405159449908,49.142011359368354
898.8980764028464,156.8489361047673,16.037930921053206,49.13711728510953
898.5595281639912,154.2762628855388,16.03711909741025,49.1380831541085
898.3069587595251,152.06355629807624,16.041099966908508,49.13287041350628
898.0830873980553,149.6655311902359,16.04492985591888,49.12789953009641
897.6643148095168,147.24759098515477,16.043279483507852,49.129816546093586
897.640618156709,145.23069916486307,16.04760074427393,49.1240632337046
897.213585358809,142.70245527958076,16.046872255048036,49.1248845575834
896.9610408448092,140.4897610000893,16.05083415921522,49.119696315266296
896.7085003755725,138.2770639537178,16.05478845069289,49.11451789824363
896.4609685766254,136.06209128211475,16.058460181187826,49.109710300318156
896.2084359398258,133.8493893068305,16.06239982107066,49.104550801027095
895.7546966418645,130.95768129334536,16.057279211022507,49.11112089599048
895.7998768744123,129.0685729952122,16.06876851051221,49.09601302173675
895.5473334531272,126.85574112115209,16.072688294137787,49.090879192952706
895.294816268363,124.64303670696405,16.07660048701903,49.085755089047304
895.0423031112168,122.43032982488339,16.080505161106036,49.080640689298704
894.7897939763977,120.21762048411216,16.08440232698047,49.07553597530284
894.5373002835787,118.0048012070243,16.088292093085055,49.07044084875346
894.2388212616287,115.70428251109306,16.09164408220218,49.06610867274487
893.9471345185138,112.84025462652491,16.090225073658026,49.06799867039676
893.5992691563221,110.23912873645884,16.09688807667465,49.05939305917151
893.2083925733751,107.45806671786461,16.10204553086058,49.052926455338216
893.1882642604742,106.66590565949701,16.180318133210772,48.954872783384744
894.3784827284597,109.12940175586058,16.23134610774681,48.88349477599088
891.4467065681612,116.8110470373553,18.12552186431791,46.76444115910741
891.1287748855286,116.22583671645455,18.16259994840181,46.68331422591194
899.269815605227,114.5957738140259,18.20088441476681,46.61484558458699
899.5018519618716,112.99633425541087,18.20178169411509,46.61355561536076
895.1744787642414,110.89958588755982,18.204994008870326,46.61002514464194
895.3092070690321,108.89192278710034,18.20621612810771,46.608509933970346
895.4032651593981,106.99530751967333,18.167596145076335,46.65576688178823
895.2979610100342,108.71319865962049,18.21980186676142,46.57721240417053
895.405203103618,107.16043590211147,18.183869264076037,46.62037930140596
895.5715435840829,104.14164566555871,18.16020327917093,46.65017874576394
895.4626202735942,101.14417944053577,18.154188503835385,46.65788709378956
894.9148705025008,98.60153580107283,18.150358336015596,46.66269904236263
894.2598860977907,96.09623509280743,18.141165730335626,46.67408533285585
894.2317877546469,94.17738226585296,18.141955749331082,46.67299866269863
893.6843189379697,92.77090722904191,18.143722382204892,46.670321161400054
893.7442032591766,90.75752273984955,18.145334352045282,46.66773509065148
893.3629199843358,88.71194091156738,18.145462604455222,46.667550575981686
893.8582140879349,86.43550538223326,18.146252346971604,46.66635688397855
893.2925269982718,84.69513139961342,18.14844919437328,46.6635721820582
892.8199433455808,82.62172404219582,18.151982381198398,46.65868830756845
892.6315186150995,79.82555302593953,18.143022629238047,46.669831647759246
892.0483049375684,76.76796578801512,18.130547000634596,46.68539484125943
891.7035084599809,73.41263746053319,18.139121245673245,46.67356500025161
891.3115185556055,70.36609692478045,18.144358383411056,46.66359870084645
891.4613977643028,69.58731643459839,18.15181461354825,46.65120433224205
890.5890341271054,68.30111994387973,18.164717251483523,46.63481261900776
861.87737703857,99.88014252649714,18.642741816738017,45.933558377845216
861.8452153814035,87.45579940815838,18.04087903678684,46.74966900722289
857.7299246684659,88.36872996421721,17.792198110672306,47.0795462488345
862.2500704798563,97.29313854689727,16.969275567481347,48.11652276938746
866.1269421812755,98.7130933090863,16.833978037903595,48.2874422168722
894.0794729263212,70.8054231088602,17.755134199179437,47.06491411756855
894.6432838189497,70.51183781642771,18.117473203602696,46.57611691373723
894.8244753939973,70.69636821401892,18.567893679568005,45.969069792337166
898.7446867361767,70.03738659217646,18.699790598175458,45.79799039628972
895.0910992322885,72.35617897337178,18.870512931086385,45.576902864428845
891.7258770430597,71.34357826662082,18.998153125584032,45.40801987203174
895.7951704530341,69.51582602237549,19.149947737214656,45.230112666949395
895.9713447146995,68.52593494803483,19.26190366105781,45.08739868754843
895.8965882750931,70.02084662968286,19.273314500575815,45.065348523333796
892.0555612203704,68.6940802199534,19.385659309026465,44.93736359872837
895.9599337339328,68.3320036305548,19.387923212108014,44.928474239359545
900.0999447884619,66.96355037298169,19.41768885329386,44.88317874911942
896.2899334918447,69.18088376818821,19.455995385889658,44.85135495721103
896.5136627069278,68.07758651916906,19.44275166691288,44.89739909933805
896.8214699539293,67.883955790732,19.500133455487433,44.82950226296495
900.8335424935137,66.61313522987385,19.482609737097484,44.83181957791855
901.0411474776229,67.35077819736217,18.994888580193237,45.43162095182558
904.394738129211,66.54994531300005,18.995150991158805,45.413343697821865
904.0719588919143,64.44711212287444,18.761119431267474,45.710459577203316
900.405955054335,62.98533291547959,18.771244858501074,45.696091937992186
900.3582954323153,61.68795633544177,18.77086274332812,45.701988639403886
904.0317329024132,59.44012659626484,18.164774355561665,46.46357137940019
903.5167991582357,56.769753945018365,17.929205194594008,46.775447529824056
899.3783700733673,59.526125443192726,18.001152132336276,46.67444483651488
903.7015680742405,57.18710846013928,17.63943840445453,47.14774686139863
903.4528296760814,55.42203676478008,17.5883883772521,47.21359414959322
906.879869497043,56.68920598166831,17.455835834938185,47.37816332957104
906.2344177687991,54.54590135132708,17.296668433424415,47.59267433509602
905.9502016790448,53.10817514794586,17.21539407044106,47.70337888381098
905.663299627416,51.37490732772211,17.114648534473673,47.83326296061407
897.4403423262324,55.27241955396831,17.65680890252677,47.102556211368736
893.3813815275532,53.72119997381787,18.107074555060937,46.500211932033395
893.348671598509,53.61860162354508,18.247851693821026,46.320663481774446
893.4404345312399,53.34257327255605,18.39880477289917,46.124562444113224
893.5500994294752,53.00402797661073,18.525372949012585,45.96823943508223
893.8936446713367,53.74312815490229,19.117620944331573,45.11303272655134
894.3181311758273,53.168431592454105,19.39799144502454,44.66192264519465
906.2379699621155,51.90793943540293,19.479647185436207,44.53682360434705
906.090081182114,49.40483277532434,19.181764986871382,44.87994049658676
877.9038439501379,79.55062917345033,19.103059946428978,44.86944511244414
877.5481762961718,77.85357892977484,18.84776080201822,45.10119089207724
877.8425902406814,75.26920259197266,18.160807581895266,45.94813570635347
877.7773125807934,73.38842366803087,18.102441256387788,46.03382051308411
877.3995558640291,75.28792772690154,17.49280912583682,46.76593364931003
877.1862497354518,73.33350094698315,17.702794232217567,46.484635040872874
873.5756008249666,65.78928799917452,17.746798275722043,46.533545441189865
874.582054643227,57.75068075262915,17.056840167895466,47.548273285721024
875.1872484059516,57.86270087036483,16.51057385302138,48.43513965120181
876.0722632967213,54.90912755413149,16.07472943334407,49.17646473139188
876.6956584119407,56.23222462683374,15.904691031098963,49.55373145100813
877.1151017098094,55.92310268685833,15.906011475671555,49.66047944272577
877.4927387338007,54.554478005076874,15.831523918129392,49.84601343229576
881.0806947223492,54.281578187373825,15.887856432609338,49.9436132591043
881.0782619278194,54.22390625289332,15.809563379615307,50.24038190974541
881.0059312933843,55.189011958233756,15.706069218526325,50.599484053828334
881.407279168035,55.23576857191257,15.71769373547177,50.799294581734976
881.8771351130025,55.934031305055214,15.757879642644447,50.94391789722612
882.300837541401,56.197862906734116,15.655537971539122,51.25257992208259
882.8235937928501,55.78194223724368,15.65786439495633,51.29033879827583
886.7172951842721,60.15817347282511,15.683656363851991,51.32167168386346
886.7641140173562,59.6741236639535,15.869914778177668,51.14770160422661
890.5373687239993,64.56219797242346,16.630861381431842,50.236358208844294
890.172023353047,74.47700712460491,16.462703768519987,50.42386408050679
890.1019332775611,75.77729321033743,16.095284863724714,50.90063680345092
889.8572897358481,73.44132763192422,16.108051408820696,50.84695818091944
893.7264079689551,75.30089618492077,15.97484214139823,50.94057117601583
893.6929598725063,72.34785632894898,16.018455240128155,50.83762531422896
894.0298794805489,73.71912726413805,16.0847825093527,50.70130249711923
894.1064940125332,70.69868003665032,16.13543239943703,50.6368936645886
894.6249734602748,71.50658428107587,16.17478509224119,50.52266505645189
894.76641340695,73.0838192382412,17.018805633384503,49.41377362188808
897.8609536799453,75.15667325098605,17.708489239920837,48.53721799927622
897.6993078541626,77.18882221704183,17.99304321072338,48.092517740580774
894.4426313817071,66.7377731943611,18.32450185326625,47.761451952324094
894.3518968517158,65.65954218049147,18.58685542948795,47.587239093359834
895.2229277609713,66.08580351263124,18.042926602767807,48.298728002871805
896.0176497734791,67.9531156106551,18.3510297035685,47.941269124359486
896.300063873843,66.23182607068551,18.224858995239916,48.142017378493
896.420151946515,64.57975091205131,18.08616182888728,48.35785506987641
909.4366590354058,74.11048686679533,18.271050788312834,48.23324992064225
909.9501400550186,76.20328831699294,18.637313703692435,47.772188207533425
914.3124998672064,73.54972054728488,18.652691125215117,47.80833671310555
918.6594214628499,78.15019277780885,18.42185586086903,48.163184106916006
922.7619294240478,78.71659018150626,17.976767211269895,48.816637148985606
923.1207719969383,79.09630132594872,17.80005709972579,49.0976084510278
927.210855643284,79.66007309719375,17.680553983975173,49.29171422151077
927.5006068739096,80.2112228952451,17.564088655940743,49.48395109677494
927.6932028903054,80.84782823907817,17.53987302114035,49.550239525052724
927.8185149560588,87.33531972009933,17.53821173901234,49.519558168235
927.8236470459256,88.60507925233074,17.54436783983965,49.44189761474325
928.2501444064178,90.19258403300864,17.988500246502618,48.81541028735045
928.7071058541287,88.33273515891736,18.496300716864376,48.0878357348128
933.6762530943025,89.14298554024833,18.597767779790722,48.00193677974515
933.8943236118412,89.90599750068213,18.784700918640787,47.86002605143586
930.3760046876674,91.2947935119378,19.003557318623987,47.48319324904783
931.2744984119587,89.03176569828732,19.16748400502059,47.260887765661515
932.0609923147779,90.69523757275064,19.304394909633075,47.046474248210686
940.1350615391476,92.69558048716074,19.56500127290539,46.83499301686365
940.698516243818,93.94719097044452,19.651413549355695,46.75831027928472
940.983312033555,95.14515206830588,19.86802201642108,46.48223252020754
941.9264971339147,96.2645183419188,20.07366493635277,46.149308064145316
943.1933737974789,97.58709715015304,20.073997836641333,46.07368546469039
944.4409727650749,98.71449705136101,20.012640653097456,46.090032198147874
948.7800316934113,100.34412159011433,19.931148124488498,46.215039721974854
945.9625542324596,97.15416631978162,19.240176742528423,47.05364138278796
954.6517906741901,102.93720200890334,19.25756834576164,47.07771893032577
955.2757299620182,104.84718977506299,19.325963578584897,47.048924485500365
956.0854082299003,102.19557128457282,18.768666802914396,47.79091411769531
957.0132436683523,103.98613272133093,18.97693716632108,47.5706766258777
957.4081945696657,102.70714105279086,19.255136054535853,47.293829678839174
961.0286089548374,108.87974736557629,19.530567908124425,47.01388843083179
961.4072867118822,106.41344902961539,19.609805008685523,47.020925105195005
961.7953229128051,107.51476330732132,19.67029601521451,46.975645421014235
961.9510037831612,105.68247699304933,19.671635082550367,47.04029324677806
962.6038316303941,107.14019074300582,19.084599867191713,47.836334205040735
963.3186232309919,108.75341420163768,19.091706638873468,47.89548675791556
959.7562430887888,106.26112105549572,19.176966686768637,47.81311748379324
960.4642068296619,107.38571546140591,19.167201705403922,47.86505586733113
957.0702747910647,105.42096153345372,19.200685556462982,47.89317245545901
957.926570715149,107.57285715989094,19.198203299778502,47.949775203591656
958.4982382108165,109.17649358297504,19.200026003260152,47.94577326959387
959.003984941853,110.08081711710267,18.70644176998869,48.598349326796395
955.520927977163,107.80248890444417,18.762424244901087,48.5616238703995
956.4243421025584,109.43421380095077,18.804842853660617,48.53411119591658
956.2948991966921,108.1260050640017,18.916704227608143,48.40944910095182
959.9990296582899,110.35346649583241,19.051356741302058,48.27874451045322
956.341592125727,112.6404754274578,19.14490307107647,48.201381157700496
957.0086922671427,115.13076462840714,19.17565821350735,48.20359656378523
957.360810006385,113.55440186522138,19.18142563419276,48.2148669166643
941.6222681892672,116.22667330864525,19.243588461543588,48.13363780011076
941.8606407805615,114.36395831595866,19.363407810281124,48.00310503218803
929.5397770392317,109.30345142332499,19.61801409237924,47.69632054627619
925.8038220851461,108.48285419714445,19.95451846008429,47.306239011012146
925.9112967980071,110.79095406565776,20.13789328553704,47.10736429382195
922.5070545609669,113.71051876606415,20.19392681662421,47.04327790372083
915.1807321219815,112.18258543016702,20.202885400039666,47.054873821654596
911.4016259242743,111.01341279414353,20.44109047123521,46.80328259887431
907.4632432262243,110.0967444690317,20.644522222468098,46.583978334180976
907.6898274629733,113.03499447250563,20.68620149367339,46.56743316121751
899.8059103624885,111.82735657762046,20.850423748537118,46.38923885439972
896.4495161255994,110.32871844926397,20.867133921839347,46.36858317294129
893.0396659616533,109.53960428800983,20.985608015295497,46.241179762508935
890.2273134126232,112.62773964795113,20.880447085523727,46.38228708675474
894.4726905881517,114.2133064998562,20.656695793853633,46.691913242029685
891.0178104377944,111.97655112622064,20.50309349614924,46.918808102612545
892.1901752849492,113.48675316783114,20.33976505458613,47.14739121726755
891.9514338844567,111.108002562692,20.273759114650247,47.27919004641179
891.5387354164908,109.16179388513132,20.332722871203416,47.25917282359124
891.3899789180274,111.22289641687102,20.254939215813128,47.41378365137771
891.254976443973,112.97640954690206,20.18679604685674,47.54170421443574
890.9312912219236,106.98744280348697,20.169854843540094,47.62470495437872
891.0316884661333,109.13281407415411,20.174856269055468,47.65854594347048
891.2466707474339,107.7552470699005,20.161873463141454,47.735984916043236
891.4408497241802,109.99428192185982,20.217160033269405,47.69578809878231
891.6226544451852,108.69059965830024,20.18194935539294,47.789258783204346
891.7158969254237,107.3914203986258,20.132056753266617,47.95813579620555
891.6184543657511,109.71208064503801,20.145075271502414,47.99764006000345
891.6709443311248,108.36056469014443,20.12970966502671,48.06891089572446
891.443448744052,106.93333613699713,20.136140243659824,48.15614774330629
891.3463161348136,109.28540063621048,20.178041535964372,48.15248490088544
891.4206840303505,108.05411131048976,20.203752238277843,48.17430770821066
891.3633762804153,106.78739908863608,20.195512730499825,48.25673289196932
891.0804476414486,109.9399659303547,20.20464534088421,48.29886016052792
891.0714058328643,108.67781153219266,20.24125869728352,48.30354567728047
891.0283652074347,107.32113272429659,20.153908685768855,48.48983825439157
891.1045150932771,108.93468929611873,20.129356837219785,48.53993892262169
891.3069725831956,110.73914548861413,20.09595400218669,48.5986471965054
891.9015488369529,111.49865283910916,19.478012653901377,49.423022245042304
892.1397735665947,109.81780527902214,19.446336838826735,49.52693371386442
892.0763059327253,107.5410957184668,19.512034357853167,49.50121646336253
892.2431716637723,109.71179863185077,19.609825086330044,49.40881690795692
896.2870949031476,97.90114268500389,19.768384209080928,49.22119935829129
896.1111228916066,95.26084094895035,19.485689147823884,49.58339300602706
895.9091373231083,97.37299093734583,19.64115351528252,49.41957028601097
891.4851263008183,99.66881510033451,19.707487823351443,49.37491664616034
891.4114245916295,102.47345600422284,19.858238730081947,49.21771937970449
891.7788097790598,104.04412227272643,19.87260826019726,49.239428195923004
892.2611932789778,101.98178028289979,19.819656903671806,49.33877352582651
891.9168615416348,99.81867978615143,19.854736494118473,49.37561447293652
891.7732291877037,97.8592122324113,19.91104350017846,49.34064685901176
891.7291934575233,95.99877794660193,19.943036649483567,49.34626136225587
892.2623191763944,97.77437845726325,19.961620025812884,49.32929391103209
895.9668902610262,95.73600176553579,19.968809624585163,49.41555065905001
891.9814042027649,93.4057900988193,20.004769877399102,49.42884684099376
891.8296270696071,92.11216120687911,20.066508830017906,49.4109875422783
891.5739936238349,90.30436873772305,20.18745759607591,49.33787466564899
891.7707612309795,91.45911528324962,20.1504666976019,49.43641303821893
892.0433373629397,89.139471186011,20.32136648904029,49.26309156014977
892.6703285126658,90.59057793252114,20.34019059560905,49.235439376943916
892.6696496352496,88.05073034466952,20.401667577016575,49.17584565036446
892.64755192752,85.3824730393278,20.44756359168784,49.15388123806816
892.6905065385507,83.83502452264428,20.49065960804018,49.14171020960661
893.039497259916,85.79412054116676,20.50197170960231,49.15133980876159
893.0413058900494,83.62947047504083,20.513374599095112,49.141425139225106
894.2696276748135,88.14251911784935,19.76583640199611,50.08709241812224
894.0025476699967,80.96045886512346,19.908938622303797,49.95354656462626
893.8689557099823,79.24528286069517,20.133153654496837,49.68855984743912
893.9134985542914,80.59812264781698,20.068666838167744,49.80708853277805
893.6178075319958,74.2620562301116,20.120884697234963,49.84685900246613
893.9804845882221,79.93823115527442,19.987353805035248,50.06224768516053
894.0484972990705,73.57469212885708,20.06646813000458,50.01150419716269
893.8806463339041,71.6658975593326,20.148066697777093,49.98943436061043
893.952933877935,74.0735089185109,20.165344952963448,50.0266052694206
893.5328574036417,71.43065968657336,20.2692675877723,49.962457370228044
893.7738566755579,73.31682532086788,20.218549627083043,50.05906502452109
894.3055753844319,75.46725363046096,20.18924719335147,50.092571389038554
890.9978432884585,72.9129217775147,20.20602707438527,50.06203488435977
891.2450979290854,71.33784430832654,20.26944379229593,49.993225246014916
892.0686799823131,73.75683514234576,20.25717453371044,50.00726813318275
892.8293163179839,71.54257946198503,20.270131856189288,49.994882505989175
893.7518473348282,70.58454686484397,20.330024375151062,49.89522351814239
894.402097589753,69.17751025192656,20.433493153173625,49.77048973332656
894.6743153889903,68.02810601621552,20.606980361438907,49.57022756037
895.3634484281902,70.81267629941624,20.59192043118682,49.592638297832096
895.935729101209,69.80569489612056,20.690379023618178,49.43965683905785
896.2584661128908,69.14449524985342,20.763779752775875,49.352847953071915
896.6616392797093,67.94468720309168,20.85980816355404,49.22211693775446
897.2043428271171,67.6537290343491,20.92581546311722,49.1256790715386
897.7731001535157,65.98525162668011,20.995747027856975,49.02711466843174
906.2360823064544,68.50225632165703,20.959909903986578,49.09575782822157
910.0267009520227,67.08517364635038,20.91372586602359,49.19973123280519
910.0109616436018,72.97282112351607,20.582172529292073,49.627825446259465
909.7957615059548,66.86570337671525,19.948481598989336,50.47600163657742
909.7163811615919,64.68275247805983,19.969262944181565,50.50591300496371
913.7500856036377,67.71822207014016,20.01108982363985,50.463978871462224
913.2680413336467,66.26012151914334,20.17532450228985,50.36621460518497
909.274192962696,64.31913590776354,20.270701564930985,50.27272291443139
909.6731530462105,64.01427365052658,20.43900523384711,50.11422581216033
922.8965409946702,69.58462965783423,20.37939822120506,50.262173846983515
922.5452929576858,63.54561040958471,20.468228118378,50.16380262210803
922.2061999590254,66.8738590896273,20.66762976315776,49.98617136233411
922.0692390290733,64.98007493139787,20.65609761805905,50.05888734572415
925.9354574682665,67.45593590730056,20.712732299578757,50.07007413873078
925.4980974076605,65.173325851947,20.807915041049085,49.97547321596012
925.3258365511032,68.51363440617206,20.886248043235494,49.99690917757833
925.3617331384831,62.9956913245673,20.930277198592886,50.007451445829375
925.465399556156,65.64708504585022,20.300638600479516,50.84928537548642
926.2147693585648,64.32248775569083,20.483212033534034,50.693061226023104
926.2316726229675,62.41979105291358,20.78628720190652,50.365718425522914
926.5714411583018,61.62786217161675,21.043891788113534,50.11675100424817
927.1344788294601,63.80391890968687,21.09345237967303,50.10378509585694
927.7642690479468,62.26074479804996,21.213623505771952,50.01069353603445
928.7313816203404,63.9152505876264,21.17198936058788,50.069942578906115
938.1732550994878,70.62088918171278,20.99103361628223,50.40105506968842
938.7797081938087,69.0172551288882,20.90038036877218,50.6061795538929
938.8640122712496,63.633201180821494,21.074813127233767,50.44450172157171
939.8000984185164,66.79332081651302,21.15454954031884,50.36776554390815
940.41721964263,65.16155019549012,21.411992601773395,50.07167663039057
941.281078025322,64.28061207522084,21.518117517869708,50.002132806956666
941.8180374656308,62.74690545757983,21.528824835067045,50.03916936949395
942.4027891915201,61.87369375381702,21.602838662913427,49.95958970237356
943.1888094830542,64.03407820235117,21.528931619998676,50.073105492347494
943.6617648830006,62.71688958359429,21.590277924025923,50.00921074003888
948.4115784338885,65.40535743543418,21.56312110575846,50.09722226002241
954.3236622723765,73.06953554006476,21.324812727488485,50.396848190348656
954.9673087291342,66.61154222525712,21.463370324570448,50.265905460527904
946.8499799838793,64.62131963981726,21.409194196916147,50.34866724937334
956.3267756143479,67.1528010080817,21.49547605914788,50.21832837606469
956.654952124267,65.86044031994618,21.444551675383668,50.33238024435538
957.2764477992308,64.71060077622438,21.330187625718608,50.51911997404139
957.9965101350456,67.12790058947627,21.17288556303681,50.742380721988305
958.6392323175644,65.96845230716747,21.158573547967187,50.80158008773809
959.336011426449,64.9529732167452,21.224588599088317,50.75016417266587
964.2124671261952,67.8352075547823,21.1719831383167,50.85800994971669
964.7683269610723,65.9630708308619,21.1258464592087,50.93612734401441
973.7799627372101,73.33303140629636,21.08619650422323,51.018100838836396
974.2685400390927,71.20133454437934,21.08106103640981,51.0272750306575
974.9876020837139,70.21153756045192,21.09120881778051,51.02621297071845
974.9114785496607,64.08440952523758,21.114669411420643,51.00959024933805
974.9615857453888,66.82671544046778,21.133635468317724,51.03005435042671
975.4305721151329,65.4667202899475,21.14526789574165,51.03191287084289
980.097434123791,68.16022665715458,21.163932260383383,51.03015642686453
979.6992434937015,62.175080937685514,21.170295200478826,51.032422658283124
979.5331412333833,64.85662875697386,21.185036054914647,51.03920149709289
988.5944834865204,72.05899535565572,21.167690598933333,51.09658263383564
988.8518388659327,69.93662048012531,21.163398970434088,51.10500044519918
988.8980008913978,72.4796021509061,20.90077999393344,51.445702409728916
989.4879003673228,69.36346748368614,20.89510039537766,51.45858039819107
993.9258600573236,68.32643294014773,20.966120483760065,51.383331267036674
989.9597510201028,65.82485587983317,21.029858829502974,51.31985836206155
994.2534886974584,63.8800441251655,21.045756048644208,51.31612459448038
994.4418733832346,66.47985396091335,21.006266145866675,51.375038400767906
999.0371921858423,69.13340007981293,20.98907996429625,51.40394612863646
999.2326038528093,71.67634581827113,20.961108905733646,51.44446227501105
999.5653103471777,69.35487111978782,20.917929367409766,51.51402071128433
999.3783606136399,67.15788949879625,20.924872570704725,51.50998323610438
999.1479750930375,65.57619546015675,20.958581577302585,51.4657134993575
1003.7820430022964,72.80457276920332,20.983072139705293,51.44080931461397
1003.673039641024,70.91528832169001,20.966547921598043,51.46578524165351
1007.7621624019208,82.60384301904986,20.932040192773222,51.50831924903342
1007.8468590995667,80.44232454594423,20.91337457615474,51.532742646965886
1008.025603436445,78.13081935313257,20.771319455259444,51.71062554540661
1007.8781030650488,76.12431588199894,20.792523699276263,51.69330135287772
1007.4532877746522,74.00471969553907,20.727593068006723,51.776839295408045
1007.5927974800492,76.08262998319762,20.72504819267779,51.78712255996522
1007.9178612363829,74.88445299180503,20.74640735574959,51.758464192667994
1003.2789961491694,72.33114346586474,20.757008585779623,51.74851992438865
1003.0518162898168,70.69689723157177,20.794558447593303,51.70821193406652
998.033372682197,68.54416736828077,20.84567162261087,51.645835662113356
997.4520485644042,67.18252767672318,20.853410605075858,51.635843446412615
997.5958975807341,69.52798218786175,20.850649000486094,51.64203267929296
997.0579343057701,67.06867177008066,20.85180080828772,51.640721149437674
992.4586405067812,65.11516052077067,20.851126740921245,51.64674815512247
996.8550070273506,67.77882582245661,20.854599220412396,51.64433534502449
996.0364762453733,65.97769480707714,20.827483962658448,51.67901309958411
995.4845932002929,63.24388108820847,20.805440025696573,51.70746779257046
994.8519248710547,65.74414658841127,20.830656750090952,51.6779465234576
994.3315577585018,67.98471993050899,20.779162920196416,51.74483546090523
993.5786485149038,66.02276099964612,20.74632755683701,51.78441017535312
992.6892755468049,63.65790116828403,20.712421858818427,51.82632704648185
991.9856166810252,60.98286231477893,20.70106690952296,51.83974579887168
991.1569810156517,58.38451116721888,20.69189238894409,51.851403805356526
990.3189256192377,55.33702573294778,20.68181364949218,51.8635885906773
989.7438519463187,51.76251584706546,20.677523930205595,51.86884958863823
989.6514692213644,48.3406293061291,20.67691954581031,51.86945679602973
988.9985284573268,45.62655239491441,20.675492638445622,51.87081322847498
988.7834395583048,42.925734724228434,20.67432181464419,51.8718347850569
988.1918220910118,40.72400801598559,20.6767638214883,51.86696348306726
987.9454951493868,38.45681975288649,20.675595487750655,51.86772203593782
987.6392485523139,36.5135691122184,20.676961603363313,51.86549755967512
986.6758134181858,35.344795956224374,20.678310140242772,51.86394947125729
985.9884745776817,33.85806897550595,20.678748018890392,51.8630727690131
985.7861897980524,32.189148226877826,20.677201479983598,51.86574733511701
985.8147955871748,30.342109698679298,20.678024806040003,51.86395518413186
985.4497000748391,28.913074736101024,20.67952693500895,51.861730290410236
985.4904011850904,26.86597042761731,20.68131254793488,51.85864123892063
985.2103586301432,26.297252747580686,20.683957794147375,51.85456503950749
985.0806875885446,24.58546486544509,20.685300844608776,51.852189561331784
985.1043724608169,23.08567969933647,20.686042188638176,51.850894195688305
985.1380163494969,22.028452687223442,20.68796546959665,51.84808394913189
984.8704692446566,20.944620642598892,20.688601459272054,51.84695388326014
984.8029110470569,19.442272179598806,20.689120433779106,51.84582338234991
984.7698391511623,18.301264891827486,20.68977278020581,51.84437519505991
984.3767195642537,16.745566885789003,20.69010313577815,51.84324097566105
