711.5,319.5,37,17
713.1142210309849,317.89733993150503,35.27861289766876,19.20532013698989
715.3161892190626,317.0988308301525,35.11782227751153,20.802338339695016
715.6424085228509,315.7020925429189,35.33877226430114,20.97564913106406
718.925065481145,315.3391059915457,34.93066119901269,21.70162223381046
721.4925075724333,315.11347106583725,35.995977599246174,22.152892085227336
722.6166612482078,314.24353551222913,35.566109919107355,22.983543356738394
725.4655159111327,313.7074964763722,36.28532442059963,23.138918024546193
724.9560950403763,314.4222153485762,38.2342382347833,22.63955235280937
727.4482803635224,313.76263649630056,38.95434096180108,23.00796449514219
728.616382512816,313.6367372092857,39.5211529016125,23.259763069171978
730.8449481341582,313.45547427758305,39.96576893496923,23.62228893257727
732.944599003693,312.83454483801813,40.731884064279186,23.871064438031148
745.1855296598663,311.2845343691781,39.449423790982735,24.953746154924147
736.1901390708663,311.60009085577116,40.307942341961265,25.330413336268748
747.605890955293,308.83857411891677,39.041869348344754,26.745745709932457
741.8131835542576,311.5926347210509,39.28087819510956,27.426573208558274
743.2593829704634,308.727118931441,39.52754741880308,27.925824694269735
745.8363844182629,307.4334043187794,39.66515694164355,29.454931435905017
748.042940771958,307.42938154135544,40.67970583514955,29.462976990752992
747.6382053333621,306.14491181834296,40.388104103042934,30.930843827479393
750.1139257246936,306.2265159526197,41.03997159477759,30.767635558925893
751.350258729009,305.84010646531635,41.95110171806822,30.412522489558764
753.14929883927,306.1291080406673,42.896849863033424,29.83451933885691
751.8402834808214,304.50395221557056,44.37413205492737,29.662585414040635
754.3558992373917,304.3702794221261,45.143719597758334,29.929931000929592
756.7407252556652,303.8691513851668,45.078777429038084,30.932187074848272
758.8832206698944,302.2310811005961,45.56110261781137,30.63284063106584
760.2184287280423,302.13463271755415,45.27895296781908,30.82573739714975
763.010988234263,302.28065191509216,45.659251911590516,30.5336990020737
766.0827254650293,302.31493221763554,45.48559540382003,30.46513839698695
765.9135773026549,301.48701812006766,45.823891728568874,30.93075391342873
769.570938538694,301.0473436101179,45.72736453035722,30.607070387683876
770.5324195797053,301.40017694221046,46.196816136800436,29.90140372349868
775.4738132504023,300.93128230921474,45.84609583286992,29.647684609807207
774.7269345983625,301.0854759697849,46.157836298948666,29.33929728866689
776.2693988208671,301.4688386260724,46.61750647409691,28.57257197609188
777.9226191394482,301.689951225264,46.83768574984173,28.13034677770868
781.9956219981216,300.5373055517235,46.891294921653184,28.092891013601687
781.9506607559961,300.5984110269184,46.98121740590399,27.97068006321179
786.9517443121791,299.79622637743023,46.34556791643212,28.404234659326505
788.4912333896597,299.3952834844373,46.77255364938502,28.037465816007632
787.4565047362233,300.3815449401483,47.673172990822096,27.233780870021
792.0142572801011,300.3912585462968,47.90652246211121,27.214353657723876
794.747062121,299.8655640209853,48.29957448419015,27.094010367571684
798.9753031112001,299.49790655693744,48.0715995861503,27.829325295667292
798.7305514384532,299.9121564019045,48.561102931644314,28.185441166101626
799.2942572913871,299.7461772940249,48.631602083448065,28.517399381860866
802.8418633161814,299.8108893831331,48.76385525080043,28.387975203644515
804.3909535324293,299.49894652285263,48.074374371517905,29.011860924205415
806.356402979841,300.47871763296723,47.757399450602215,29.461601353248092
807.7278100335272,302.63308535404843,47.42955303909101,31.190285150738653
812.5133270733764,306.2645820150901,47.71041536979198,31.31621413645484
814.430725613015,310.3061375139182,47.58902086083161,31.897709136204632
817.5687214653692,314.8447057997415,48.78691107238931,31.54010146686847
818.485305799356,318.78009779553497,49.46910598857888,32.47309001985179
820.240403725877,324.35071664311226,48.52585035037837,32.8830832914836
822.1933954098986,331.44550264893354,48.448166600413224,32.73060987946177
824.8496444359047,337.93565384433316,48.22527381351303,33.74672196772032
827.7789967581011,346.6482723517809,48.79583730204907,34.323435725025874
828.7047371828443,353.12438429612894,48.24835155822362,35.715157998599466
829.8194411097201,361.29741109888346,48.6560879563747,35.191969904505385
831.630454803225,368.9296839549415,48.98259756858387,35.721572189266254
832.5794641497101,378.3065508702029,49.74424053868887,35.58547000027063
837.7927322900582,383.52432066223975,48.69169997787684,37.20221062747643
836.5578147870395,390.1125307561729,51.161534983914194,36.17247187426557
838.8459519350326,396.77762040315696,52.06632163839633,36.54494495646841
841.6395803122093,401.54095722880095,52.03942815151676,36.748907023259754
842.8635495406528,407.121423957083,53.77063469329515,36.73236022980253
839.4662478659028,408.64145132563175,54.889575344458095,36.53013684187348
841.3270615431273,410.34565136054204,56.89756458196566,35.986545068031305
845.1413298082259,415.3679539268226,57.989699314968526,36.11605640920333
840.7002303285112,414.6673358231114,59.512208107616786,36.04535458326965
851.2117703345093,415.3244957202188,59.3975126059445,36.224490825506464
858.1456234467948,415.5752514672595,57.48790898519307,37.217742156902524
860.1948905373192,415.8686523048181,56.35510009653923,38.11380312798265
864.4057950820691,415.76351664580983,55.33703815335005,38.32407444599928
865.0096451523021,416.6729445413846,55.59822029973533,37.97410094170113
868.9315189896893,417.2039773873508,56.55665826150505,36.91203524976884
869.2575627341848,418.3009327687192,57.36836862861557,36.181922343133756
869.6662087225579,420.2432785586374,58.01483399006772,35.22474543969367
869.544284149298,420.5263623502413,58.2586831365875,34.658577856486
869.3174933132749,420.9365748724436,58.712264808633805,33.83815281208135
873.0145894544422,421.18596826094824,58.53940763987203,33.339366035072075
871.4786974129728,421.37414104373744,58.74471280731698,32.96302046949374
870.8681189794537,422.3109628509987,58.53599225751183,32.519254271814354
866.5627074365069,422.3856510745138,58.63142135161904,32.36987782478414
860.8789955613865,422.3398876907967,58.65409137630559,32.46140459221845
855.842667895244,422.22376854946236,57.366823208026126,32.69364287488701
847.3296868552783,421.3715542446221,56.12900862954404,32.993165587766576
837.9009645100418,422.5570211756979,55.5036926331467,33.4054832523107
829.6338691135168,424.03151265802524,53.97710711463253,33.235081258665915
820.6750539069004,424.0968066097589,52.803290757995086,33.104493355198514
809.628213776095,424.48070330307934,53.39365247013493,32.33669996855774
797.5970012348625,425.07025739772587,54.67838008607515,31.15759177926462
785.3303443542028,426.6821492863852,55.10969135839463,30.61180827850146
772.7097682795928,426.9558913275082,56.30118620927159,30.064324196255477
755.3695699501957,426.60890792944423,57.373949463526415,29.413985656201774
738.8637838556847,426.2903023767429,58.012139924321005,28.702305856261635
725.0652692609293,425.7985852850055,58.69039132199801,28.339801150144638
709.4002474891572,423.87040653079197,58.980599819069724,28.147484522075345
695.0881532203096,422.5716198803975,59.24542087451633,28.044165681697734
678.0449953590123,421.2870770922625,59.51906738489251,27.908237720990364
661.7492880858739,417.855540913425,59.61154979848729,28.000699217689913
646.6228294667617,415.2435310895495,60.00863372293982,27.79638553566413
630.972573411129,414.4543746323075,60.04537171908716,28.015403923403824
619.6276736489647,413.0286571901179,59.5529898463917,28.13952334930968
608.4410377919585,412.3281393150721,58.82917296663349,28.181906829179432
596.9501614161998,411.5084043265688,58.88070474151243,28.472540278148543
586.8311546141309,410.73318987302105,58.79905404086068,28.66832489825812
577.6684286146586,410.4434950346146,58.128560137755905,29.247714575070965
569.3957820064257,410.1288140136518,57.0317785094678,29.877076616996654
563.8312317973594,410.03066107948337,55.99433284123829,30.07338248533348
555.2019341667072,410.6485754196723,55.83368647670707,30.177495468481403
548.3422173179333,411.44230444692596,56.15954818123859,29.929394613275704
541.7220209787877,412.04267179721944,56.000872992165455,30.068566699425258
532.0339669800659,412.7448108751386,56.617603860622914,30.004244052800118
525.6822690112882,414.24572577421026,57.1896131166228,29.698277961669156
516.8909383598075,414.18838744075975,57.20820594018413,29.812954628570168
514.6850767564207,414.5577809662208,57.55994378136097,30.427496032847046
509.0773281452318,414.0812928780972,57.822961721038254,31.380472209094272
506.2310622023707,414.7219123795121,57.95844145946213,31.48849624308896
504.80534651681313,416.0608652501541,58.02365658464244,31.596806747739855
504.7597922053123,416.51269991641334,58.11476520764414,32.089059205277906
507.1387380286552,416.2492097896165,57.57389413663163,32.61603945887158
507.92772657889844,416.8497220453535,57.40256982911289,32.821667740365086
512.2473735466915,418.3718251334232,57.208933334812514,32.59268071132102
515.3197167400598,418.52786738836767,58.06851033359472,32.280596201432104
514.8785268685419,420.99665202508027,58.95089007663053,31.56779740096581
519.4133982445744,421.774791859773,59.74477876440129,31.420607937271186
522.9548379242701,421.4719037530737,59.753132837935865,32.02638415066978
524.2395900330644,422.96064834038356,60.04115423329516,31.906420588997626
528.0341394751582,423.5535131994223,59.60678733290753,32.15163726768019
529.076177802743,424.5019393833527,60.38021469387037,31.683536907885575
530.6833897124039,424.9853120437899,60.03000404070703,32.1488981700904
531.8469557553815,425.7650098410587,60.57275114752038,32.02444217193707
532.3898252074554,426.5463480204297,60.92780555103245,31.90255912085479
535.1927519395856,426.45724537974246,61.097632884321726,32.080764402229335
535.7345028604868,427.0718650841855,61.46361044149604,32.30100439232015
537.009676486358,427.7315634536868,61.83055167555818,32.44025189621965
538.3434660074369,428.4652278231231,62.09583571976396,32.439354700528895
538.7306751544777,428.400124942869,62.791732579120094,32.56956046103711
541.4514867254981,429.01734218411355,63.28122246151258,32.81790423465637
542.662748748067,430.3956750218406,63.84718168799982,33.04972183082744
542.5169543316695,430.2888266726674,64.13877052079496,33.263418529173784
543.5525112562301,430.17074739584655,65.09666509434686,33.49957708281562
544.9012482013958,429.99285636309435,65.46445967034404,33.85535914832001
546.3866347059798,429.9103100521827,65.58201056515671,34.020451770143225
548.1101609535137,429.7972760276077,65.23241892591096,34.246519819293255
549.5946595563042,429.7393587041199,65.35838516170745,34.362354466268755
550.9621259314638,429.6264457863686,65.72610037492277,34.58818030177148
553.1082739592191,428.722508897441,66.11563506132572,34.83544383232209
553.397376459832,427.8928267451161,67.10801557281158,34.92422262426014
554.8199065185664,427.86221217780667,67.43635042165897,34.98545175887899
555.3676177250873,427.80082257784215,67.9335017873939,35.10823095880799
556.9747509032154,426.13004269583627,67.92321090300466,35.2458152509527
558.0790830072228,425.2292344679277,67.31875213222506,35.44322626953464
558.2519441381108,425.1727289741167,66.97302987044893,35.556237257156646
558.5078535633486,424.0911720963299,66.46121101997352,36.123779540282364
560.5513848781627,423.2512043664017,65.56965493090615,36.205961729858316
560.4222554562109,422.36435113093904,65.8279137748097,36.39366710572918
560.2674910561753,421.4601646147152,66.13744257488078,36.60902280328376
560.487680742995,421.35371325262474,65.69706320124156,36.82192552746474
558.7326664238278,421.21329544677735,66.01032683454326,37.102761139159455
556.9248127327667,420.5736210438948,66.41044242411142,36.77431404864751
555.2139254981619,420.71038922918564,66.61598937046563,36.500777678065745
550.2329663692144,419.8089440310051,66.93903036036869,36.69718852976157
548.6494813262883,418.8891148586374,66.87679777635267,36.92224553956299
542.7395158114648,418.2241423482692,67.37405616388489,36.63466589714002
541.31864046946,417.3203964704529,66.97590638085934,36.82220741925501
536.4323242844841,416.90067938543655,67.04485611997889,37.66164158928774
532.0996722654626,415.9152077930456,67.54711545832177,37.99997583412961
526.0908239845259,416.05511172762084,68.04424084475856,37.7201679649792
520.9329670197982,415.2282138028683,66.8213116125627,37.725586219962516
515.6713535924453,414.6258536163794,67.56219787566947,37.29991649434053
510.76551410083215,414.7470942727698,67.56933889294157,37.0574351815598
505.8783969383237,413.8129982113634,67.56323876022137,37.29557156141636
498.993536425865,413.9342390509081,68.26071263591493,37.053089882326915
494.914570583444,413.6813900217454,68.21774519005301,37.55878794065239
489.1665918259815,412.79914157179473,68.17639754108454,37.675098388568955
482.8661070290866,411.9841007567147,69.23044171530886,37.65561924450532
476.4152268885404,412.798227784911,70.47872257515175,37.69214796257704
469.90511322647245,411.92266386727425,71.71233290295488,37.759473369802905
465.2489321907272,411.89429489075343,72.50914545163877,37.816211322844545
458.82041794248914,411.14138199187585,73.35559274341217,37.606239805642176
452.44568689936136,410.56709444585493,74.03279233060064,38.75481489768404
449.55103522431347,411.47444375687354,74.55911406773336,38.69444347996782
442.9974610230738,410.805534480375,75.33911238427672,38.27124059211694
436.7705636230848,410.8588190165257,75.43670752277392,38.164671519815506
432.2523746942232,410.80838780407845,75.64927763834791,38.26553394471
426.14916505154207,410.4915776280204,75.46836388868579,38.89915429682611
419.48307008819955,410.4089092421891,76.35527878178586,39.06449106848862
412.5210541558232,409.52420048429804,77.72298773438413,39.04014816824868
409.86093393487124,409.5120573675749,77.60306723183294,39.064434401694925
402.44726026964906,408.44676732698997,77.93401188825753,39.38296414861233
398.5075646614195,407.3957410462041,78.52378862962915,39.662613091412254
393.82230537847863,407.0134594451117,78.71492099878225,40.427176293596936
386.8589751427971,406.74247864985165,79.67846211191974,40.96913788411707
379.850221238255,406.60792583757757,80.56848811833328,41.23824350866526
376.62360863210495,406.3523873285121,81.3425560030002,41.7493205267962
370.46085828361544,405.8348129516695,82.18873177182807,42.78446928048143
364.4385241471514,405.67314346810696,82.57257477996299,43.1078082476065
361.0986172545972,405.6788649430324,83.38837213334162,43.0963652977556
354.78751856190775,405.65803752048726,84.21182540778602,43.138020142845846
352.81706613943146,404.3491685155944,84.19421027912992,43.77649816582728
346.70906869769783,404.2338108729118,84.47020847815773,44.007213451192484
343.7815608001127,404.1562332637475,84.33115420708563,44.1623686695211
336.43038668971997,404.2894946940911,85.04296572180188,43.895845808833904
334.0310254390283,404.15182638821824,85.83265313623764,44.17118242057962
331.02908305435835,403.9679719596001,85.77398143252043,44.53889127781589
325.46481359856347,403.94401550241463,86.77090411573286,44.58680419218682
318.4057978761072,405.1621681892176,88.63823195843534,44.192282752282566
315.19166812086263,404.9594395256822,88.87948360056166,44.59774007935334
311.64647671854686,405.09808403756824,89.75121702914709,44.32045105558132
303.9337110907705,405.9246500219062,90.61086660811819,44.74815932641709
301.36726215511896,406.13277360406397,91.54211189043471,44.33191216210151
296.8840679658763,405.7613264491326,92.079657217125,45.07480647196428
291.99571235853114,406.617484565034,93.34450676140483,45.4904556577641
288.367113978461,406.4262640607482,94.14071401308905,45.87289666633553
285.656216366213,407.5163678915588,95.21863626049674,45.86462549325854
278.7534808243628,408.49412432858793,95.898908084829,46.09664582909501
275.0316980892144,408.5026860424715,96.73798047008296,46.07952240132784
271.1196660746896,408.5858740086735,97.921724534911,45.913146468923856
267.14270991120026,409.8739891738817,99.19226759243301,45.56470589499298
260.91329730874213,409.91735849768025,100.45015593443657,45.47796724739588
258.1591373705176,409.875521627738,101.44457990495258,45.5616409872804
255.5771988813627,410.84080552505117,102.06274420356289,45.903929532503746
252.59858028591424,413.27524157651226,103.44429785791587,45.61074096612545
249.0187303063548,412.7475787426971,103.69581509061226,46.66606663375576
245.11787093196347,412.56990616014,104.52273127983551,47.02141179886999
239.95263049087478,413.6435852848462,105.48049461053705,47.217232937326585
237.159751002367,414.74462231171896,106.34521078887916,47.37568028291782
233.47194682001071,415.9561318397781,106.59325855482993,47.328514759720186
227.05751855649982,415.86633061536753,107.52900535918266,47.50811720854132
225.3655319709746,417.44376637951143,108.51762670528124,46.74859750520531
222.64417071758015,418.5774179833244,109.16779633301712,46.87757073710594
221.09653625646845,419.8451216942343,109.8551022254747,46.75012634505201
216.09595403948555,419.6307535209729,110.19366914151774,47.178862691574736
213.0381497694114,420.9377619983263,111.45301808136136,46.9929755370203
210.16760470366088,422.2300226191107,112.30801821151344,46.85149929612605
208.66107181847315,421.9207300341295,112.8681991356865,47.470084466088316
203.0844177259275,423.12103530051684,114.13372240660786,47.54142016185625
200.11720120097402,424.4584086004267,115.0851818502571,47.35816036516526
195.7818306329112,425.5317042980913,116.25004179245025,47.71352936781347
194.53226522481768,426.55805211095316,116.22409278921832,48.185913561508876
191.74711977158802,427.3914447646961,116.72818035894883,49.052229922387475
190.0320977741236,426.59357454836174,117.60247187005743,50.64797035505612
183.05838399769203,427.6557438676507,118.56672785093498,51.120266030875314
180.10305202025586,428.66807750245613,119.23952744107206,51.714530943632056
178.79189973973527,429.3253008789943,119.22266753009768,53.039248662571346
175.64956259138896,430.4222460179397,120.18282021580166,53.507619190174935
172.17847470824387,431.8343382351168,121.75614368414452,53.367860904794476
168.9657109234816,431.53397076236047,122.77212018329803,53.96859585030706
166.28744699126617,432.6911303300236,122.6684805873796,54.38436044515554
160.72821131726198,435.8124275619279,122.84334523429672,53.61356933189252
158.1266061130927,437.2549781942203,122.5968399792907,53.45332589898009
155.50348904432178,439.9964211295858,122.40615164129476,53.40736250378687
153.00651982780084,441.12920126103654,121.97031282041993,53.8566908678438
151.18619442629233,441.0962696493029,122.89447297667081,53.922554091311085
149.45529116700294,442.39541500068685,123.62523393109029,54.05530895270245
142.9605395431315,445.0750285996713,125.63884379640831,54.184028445945984
142.90927241106147,444.6667215230063,125.74137806054839,55.000642599276034
133.93356970958772,447.2633374906273,126.94500448367853,55.39000365730647
132.36189388506872,448.1669351283275,127.27275846643785,56.398406048184654
124.98345182468493,449.086227130415,127.83907943113772,57.39793467522323
119.8731009872125,451.5408839570114,129.46807359659294,58.21642602835702
115.37065416201708,455.65655572964,129.7671903797645,58.69085935031909
111.84165100225383,455.7800189628913,130.99600160420744,58.44393288381656
104.34700377175722,462.8161746069288,131.34480546654027,59.012112194401894
102.5171780196136,463.0314068744629,132.06131244679403,58.581647659333754
93.00893390247762,465.8000507391022,133.40196132330726,58.936306382641376
87.40025684160196,473.6739955333304,135.70435033575114,58.04669197636402
76.52838639992788,473.49493113718466,136.52300654502454,58.40482076865551
72.7382145703506,477.9921711657105,138.08840652014618,58.43275623765332
67.90916019014841,480.3206174888169,138.65471957445777,59.837060728835745
61.13982659713045,482.5149843324076,139.93887923878884,61.575580802506735
54.68272104192728,488.91054971238844,140.40152490813355,64.34890684387202
43.730758744064744,490.84595248563784,140.12720977245087,66.8147412206325
31.504220372208792,494.67548402385154,142.12852348257684,68.77786230145614
18.222287269529588,501.9875212653543,142.52632987485134,70.50757520162799
8.658275326908438,504.53987671987863,145.12140129224898,72.01604527971725
1.9568642425095106,510.1430912133888,145.04146962554063,77.66305858707968
1.4836125634857353,506.912648777407,142.52117540827356,84.12394345904326
-5.2777678860824935,514.4711796695627,138.34657998143766,90.24370926589867
-4.808343068093123,511.1843786403414,133.82786474293448,93.23744572181678
-9.074038549914874,513.6899322518706,128.1131773570459,95.34937767352442
-8.107015555346536,492.02717262680216,122.66950502656908,96.5593808275795
-13.262194637535167,494.42287101338314,115.74838077428132,98.66057702108344
-13.306443525444372,498.03462690531285,109.08920425724553,101.55857667650524
-19.93296496343215,505.52404460575235,102.44169980504002,103.16353071577709
-18.113103637297485,517.5916621157683,98.80197715277069,101.69340429794886
-6.451977700599933,533.3004337215365,100.7383292572069,95.53446506424379
-51.905425259385396,526.1605296197163,103.81085051877079,91.27044205243396
-53.5577219763436,531.025695419227,107.1154439526872,87.68122855313905
-53.25376118675297,523.0695516053437,106.50752237350594,88.27429093063469
-12.21986354818533,573.5220702614591,104.10550745179259,91.54758177549382
2.207788854181551,564.1884863749328,109.1254059557052,88.6578019884988
3.134206812016835,621.6212605822675,113.49361788677236,85.77111481510835
-5.52028033742814,583.8463415595385,112.02003723024902,89.32115886481546
17.597102228174776,553.6555984132901,119.60193443842377,86.38892475804097
55.66137673379771,444.0192181137782,127.5415721410233,82.55765138570587
47.72061027632415,433.53050619883726,130.2645647638352,77.2179946313173
38.516006887006114,440.99007074199403,135.7112335820667,72.02076901530725
38.35814052104266,441.3673629166816,136.02696631399363,71.26618466593204
35.51376051634932,449.6251158160221,138.49134001662597,67.64822409426834
24.25683281043237,450.7557768286831,141.81715127362008,65.38690206894633
25.215101153334004,452.89180109712834,143.1076935260515,64.32193247029053
26.350033022799764,452.4707279520912,140.83782978711997,65.16407876036484
21.14005269260855,454.12829491289244,141.6909887946228,65.03787872305551
23.316294247257474,453.83807514862474,140.53763988543105,65.6183182515909
-18.27765019491656,544.3053976275605,124.7578673362627,79.42649095321941
-9.349902894634155,546.1558987978015,116.48925990851572,85.31237578555522
-1.9256889034027296,550.9950875611707,114.31476324226611,85.1394467459768
6.231755274386643,552.3918118763663,116.79546916877155,82.34599811558562
6.0763400005218955,563.0067277773509,123.35496561491735,76.7378310596574
8.00485161057874,562.733954219329,128.8867880456546,74.1537629587508
10.93417586367626,564.5398022170747,135.70138811024825,70.5420669632594
7.646187042075638,568.5617307015889,142.2773657534495,68.91250740986254
19.604619568731664,567.237024273919,147.83794064365105,68.28664916036713
20.2538238044436,566.9979695281919,153.2303321219199,68.76475865182155
36.44611948112809,561.6667913092533,155.16713372995943,69.13069720127599
41.92350402182885,561.1177046653359,158.07906928977744,70.22887048911103
51.22971745621366,560.7219694188143,160.63602498384247,71.02034098215414
56.73938831080689,560.641259770155,163.9336349392876,71.18176027947267
65.78304733998863,558.5535069513626,167.62549015878727,71.72740370408013
75.69448920353392,554.6457559616138,169.96017681328294,72.15704888971572
86.29971649858365,552.7389787918297,171.15545765664098,72.23631399037421
95.11773019501067,548.5486964319048,172.2842696408677,73.11094295939176
108.46067552914371,545.7770764769457,172.09178566097887,74.86941048525591
112.76428082620713,543.3809400647172,171.11070690942492,75.84861738842672
126.42604793291488,538.8989512397579,170.49988864606308,77.18039048118683
132.586067962788,536.6905290493089,169.67176344959188,77.76659657432646
142.78555331115982,532.4799856448201,168.4171957457358,78.5299221861491
147.88029136989684,530.0940560234143,165.8756841915983,79.47779914729246
150.03879747744259,529.7857297540036,165.36214543564796,80.09445168611377
149.81203699011908,529.3977682333737,165.81566641029497,80.8703747273737
149.9037352648534,528.8255012471657,165.63226986082634,82.01490869978977
141.87922705801344,528.8306954345387,166.30537937934204,82.0045203250435
139.54883316070845,530.965676371583,167.11252548051266,81.58820014439452
127.92485534652565,532.9037014192565,167.21117401706817,81.57036789768213
115.96874773379669,535.0759708842627,167.96729141974086,81.08517860480073
106.16055644921688,537.0174699580633,168.27386322112082,81.06414261075543
92.15964953276854,538.7651827634999,169.21317722143183,81.43478840453731
77.61396085781548,542.9723841014395,171.1009575116415,80.79284203142858
63.73588544909245,546.1043923212986,171.53906990834935,82.33397942620701
49.44858100347801,549.7844469603953,172.56297244353516,82.84550053545465
35.53728291217679,551.2032712815494,172.6679688254167,83.96750900753494
20.99558523926663,555.3645038314264,173.88648531868466,83.60643786565305
6.059720165258227,557.3150461246972,175.8127391886918,83.69756417596994
-7.266518860993443,556.1782258197744,174.3119362164049,85.97120478581556
-10.483025635945268,556.7647818481145,168.62646726684073,88.83758689562472
