303.5,665.5,22,37
301.3069107448911,664.7390448210302,22.621389677754372,35.67871780296396
301.21050175906373,664.6417378259144,22.814207649409163,34.96099475239478
298.7700048851913,663.4471799491929,23.17117819492916,34.63569658450302
298.87629562233826,662.4968703470753,23.86445437130441,33.81874283673065
297.85285830833527,662.0861051979244,24.101310990130724,33.73526413044269
296.910215349226,661.6240260062323,24.171301389782418,33.75177475454351
295.84488869938616,659.542014146554,23.574805393854405,34.27959941308945
294.31434815366543,659.126920542858,23.007144161190702,35.10978662048167
294.6866725705942,658.6309708500899,22.262495327333113,35.19143355338526
292.62237145521397,657.9021983384989,21.895893354966752,35.749937735941835
292.0318534632296,656.7598536861157,23.07692933893555,34.42970582780141
290.53944566655633,656.4320050076781,23.358164028446076,34.18420955006463
290.3236292007244,654.3026624636738,23.789796960109953,33.9320910364003
288.01313905270814,655.4576403941219,23.883321028895665,34.33860891185217
287.6291549404894,653.6528473828254,23.738111858591154,34.29548535547702
285.7859541987646,652.527625069735,21.96375496546502,35.635803585561995
285.943250224864,652.071467098184,21.64916291326623,35.64745080721234
285.5993358758132,649.7776739487801,21.441440240351145,35.75728025093737
282.5696464596777,649.8888102379774,22.13870150529423,34.64132141132144
282.86487045331285,647.6246123245643,21.548253518023934,35.614766150939474
281.46234520718156,648.1106712176208,22.566573657075267,33.74928318822078
279.46085670635546,646.9794047872214,23.03962317254497,33.36437043438281
279.0415854536959,646.6357971318708,23.87816567786414,33.167062064053255
278.77128924969253,645.2271551736708,23.523390448291025,34.19361070529357
276.8329586425276,643.6816347579547,22.874863086267787,35.4745761061844
276.65000963738447,642.8320249592357,23.240761096554042,36.260278354684495
276.23782749235085,642.3862950597118,24.065125386621233,36.220338708743526
272.5067755087582,640.3308438029181,24.915445119992626,35.608538198178024
273.0238215557036,640.384456779201,24.830760429673163,35.50131224561243
271.5622942541898,638.3663865691021,24.914647841861626,34.80550734774472
271.06925119548185,638.4906766288882,24.96348927796868,34.55692722817247
268.80076619840986,637.3099999641544,23.894775574746248,35.0497193251847
269.5082941799149,636.8829673871622,23.403814487250592,34.979689603654634
268.3050282830686,636.3747049637994,23.06565820095905,35.08131842371871
267.687259639167,635.8492046390445,22.4795962766832,35.221519467189225
265.79747430578624,634.580554785762,22.64667445507105,35.04944980747373
265.82684401243955,631.7562419359272,22.587935041764453,35.27805512837934
264.4322481204032,631.571141138546,22.659785063375693,34.7424761356544
263.62563338279807,631.1758736522689,22.475110195770178,34.63405893680066
263.6297491381111,628.7435819740853,22.466878685144177,35.02740951413828
262.3600864951242,629.2078678220914,22.306192008482693,34.99884180567107
262.76659272926463,628.2359146123147,21.49317954020178,36.04585793545452
260.8762510296344,628.2892540367613,21.678454857358943,35.93917908656101
260.3660611525206,626.0716636287908,21.79844517284342,35.872412708786854
259.11454302148655,626.5739285805439,22.49864923556678,34.86788280528067
256.703746712723,626.5546203765215,22.82951904739607,34.00835465218587
256.27774680989296,626.5859976009814,22.790772785932234,33.94560020326614
254.57451157333077,623.1049693835578,21.751450631959294,35.57270548559655
254.6479809055611,623.1865551417503,21.604511967498624,35.40953396921142
254.21909486168124,622.3187934865699,21.57102939518247,35.36254795942052
251.25289933163168,621.2293089223199,22.163474366975283,34.871544043767166
251.12718568344178,620.5248235605491,21.52230363180547,35.38791673575922
248.79645577274906,618.5261076123169,21.736018216154378,34.93760339518711
248.5884840897581,618.3421664799114,22.15196158213626,33.53263806972908
248.18575748740935,616.3881237023768,22.085082622567423,33.07906280346646
246.432625525731,616.602816830821,22.133735179825305,32.64967654657813
246.00128892820607,616.0790151090099,22.137660269097516,32.83853188442277
245.70983891251785,614.3683761233491,22.720560300473977,32.81318226131718
244.06449725222134,613.8306552890099,23.398456692578897,32.146765977670455
243.88421871110324,612.0259539833584,22.01499098034808,34.012145794506495
244.52015339549413,611.216926326898,21.62036713360721,34.752955585386474
241.13439431333927,611.0567462500381,22.21980342158198,34.19158975677268
240.67445578584693,610.6001433356607,22.25632758970587,34.22144269866662
238.75246717480462,609.7902515815589,21.678256206390508,34.95681648579024
238.59176318970518,608.50236173327,21.113922949843314,35.7611137288759
238.28658385575037,608.131288456273,21.724281617752908,35.615046910253724
235.0885167343617,606.4265299660574,21.84608601865782,34.54289971791905
234.54071082465856,605.8975258554756,22.059327968346647,33.83616819964752
232.8938363233136,605.6472111656075,21.85169320672354,33.46145163830548
232.39604078791953,603.762583495589,21.981021240918444,32.89939179537656
230.19109367451196,603.2872252586451,22.091056101350908,32.9901363959878
230.11173162670732,602.5575366830739,21.386615624398328,33.58634897456831
229.28234772038005,600.9259801958777,21.324643527150602,33.40798212915618
228.27102411089757,598.1162434260408,21.63396323920782,33.03080939465305
226.2108354535547,599.3130935191042,21.473478284548165,33.20562657013352
226.27451029752143,598.5184763214196,21.3461285966147,33.93874234114057
224.91500884495318,596.9177660212554,21.47024193537117,33.6803101862956
224.78246671368996,595.7492152433302,21.735326197897614,34.29106200279488
222.68649250189023,595.5390468528603,21.543530258421505,33.83464991111956
222.64532328851936,595.544631915893,21.625868685163233,33.82347978505431
221.3967304056725,594.3782756187918,21.519294079803828,34.42035213188791
220.85580352827148,592.5206687363075,21.726085016588804,34.63531462478811
220.2558127419909,592.043923645457,21.162583678977143,35.588804806489286
216.6934337736392,591.8804345490925,22.082020380142538,35.029308536998556
216.9191685677564,589.316223634426,21.63055079190813,35.689758339973174
216.29051146061457,587.3500495084006,21.096128610871578,36.03863380138357
215.35361629357496,586.7205778203408,21.185850747073573,36.405543078564534
212.3006297856276,586.1535826520065,21.897831706275497,34.842537386886846
212.39306653669976,584.242076681149,21.71295820413114,35.114682497644544
210.4327612281017,583.9554495657908,22.078848197319854,34.79925657235908
209.77515345791437,582.8934688287806,21.613862734921035,35.14301704360611
208.09837867799348,580.4288028362515,21.417659893649038,35.63515852727182
222.32967704205967,585.8777422495727,24.156440379757893,33.651958904698425
206.08884099174892,578.3397853583335,23.068272064630058,35.11847792403513
204.7628597485741,577.6148862844988,22.986031404967086,35.65687502303395
205.15247032823572,576.5084933838016,24.043020697886156,35.11534514606481
220.82912191510397,579.0527064543419,23.29851852609433,36.519694975093756
205.30739959772035,572.4758964040503,23.445742230920068,36.565827408428966
203.9865899409405,572.9745927905519,24.208560182721005,36.50783531630519
218.07469498514388,575.1891481638247,24.56974889057718,35.88371107592796
220.44974068803344,572.280578471999,24.558885810060655,36.01377646926428
218.84804636515108,573.4494257297137,24.91339531453358,35.575334714696126
200.48325377657974,570.2183823072249,25.58585251044648,35.39531903681536
194.82129056316987,568.9508054935593,25.4231130553323,36.01602835049101
194.85590225282183,568.1391788940268,26.317833313061428,35.71139427548991
212.67174534627503,568.1249821564512,26.725402576461654,35.73978775064127
194.64390597020144,565.9539608939373,27.460053076824614,35.17613190736566
207.80831303142142,563.0570222952107,26.728855268214843,36.04739058292854
208.76937893303597,562.5918753261258,26.778474680915725,35.99180891313347
207.8077155565439,562.8355899417455,26.730115911641867,36.490222443022944
192.27318876587216,560.4109710088619,27.027784297659522,36.376333664382955
205.5644300744687,561.5681598204054,26.33539944050579,37.049275013608195
204.4910749839264,560.1679185829646,26.49288446443675,36.865919752759396
195.54576529313726,562.6006558543972,27.4782314273338,36.97258415656499
202.40848246826403,558.7876422077672,26.911611891085073,37.513095780745545
202.93930693773294,555.4940840006698,25.849962952147266,39.04460039242634
190.18302242214924,550.7651721679996,25.945861247173667,39.35242259275611
201.71788975017097,552.3374761172463,25.379634022549205,40.299361499975255
201.4568195179962,552.9613116098687,24.874152877695,41.10693373313782
197.6601681135464,551.3236791353522,25.24918999298915,41.288656242054316
199.7769748430821,550.6454613119386,24.13617999747796,42.64509188888165
198.1743169232605,548.9919571582981,25.258442968956594,41.785994459833624
194.30517382499966,548.1727729614154,26.710127662867805,41.32882901939539
193.11210872467075,545.5970884109144,26.965700398102413,41.15380445683953
192.4479801100074,543.5416648732286,27.227042571882407,40.996991310024136
192.8621825552238,543.0792460995422,26.3986376814496,41.921828857397074
192.03285800418328,541.4953424947113,26.988339477422315,41.882794148733936
191.93997607833978,541.5943363328352,27.17410332910928,41.68480647248621
188.72118262719653,541.3140829309433,28.219909819979588,41.16695719398654
192.33339118948305,538.4178983670971,27.52313645468817,41.51962318894433
188.3148467895762,537.6709260623397,26.906723589739883,41.931880090363876
190.0766988090709,536.4851027036196,25.53821450670983,43.22592932982431
189.5927146107243,536.498187794063,26.506182903403037,42.12585266551524
189.2543653145131,535.194210661585,26.109082503050903,42.58620894492222
186.43276025814714,532.9413025588151,27.456262346816313,41.72198731425369
186.0502940282438,532.5402579902423,27.137580037351434,42.524076451399374
186.37867469250682,529.8212313653823,27.5711422095226,42.510512197633176
184.9367659345379,528.749552566569,28.260237285737666,42.45914735553714
184.42935389288652,528.9281977394777,28.16699635606794,43.209922022692425
185.32512777738933,526.2481857972969,27.49323628303788,44.098795123151874
186.03849354585566,523.72338204636,27.186330735302956,44.669098668234604
185.38871490211073,523.8212950926653,26.239533930980414,45.59644962153047
185.6148812868729,520.901532104208,26.908161926963146,44.710211005402954
186.02799892004722,521.1270445838185,26.081926660614496,45.37828986374653
185.16439179882337,520.4906352100465,25.57903389147142,45.53605510549485
186.74406358166652,520.0616498705665,25.746219856442515,45.28518260756924
185.24061837418145,516.3487103450201,25.429187759380206,46.063216634596955
181.40088184767987,515.4347036391628,27.53826178957788,44.5489906326283
181.0654064351773,514.4179811995612,28.209212614583002,44.32782976837422
184.91774866522536,513.1906719843423,27.315986376759056,45.64720516176648
184.10806692401871,512.2478838143775,26.65550066065402,46.39285690243727
185.32454441211436,512.10983320587,26.502188804444124,46.66895811945201
184.15891966729075,509.18847462338647,27.692130515717487,45.6638286141761
182.334869094774,507.49461051548246,27.900695694106794,45.61202086333988
185.70682668484758,506.6705330298686,28.052280173406885,44.96167594808521
182.5924838283768,505.7204782261606,27.428418276785386,45.71969428724087
185.2652202696031,503.54348428922424,27.797443457098126,45.50208371090134
184.16389576374607,503.49147967348614,27.708343800490162,45.6060929423776
179.9172402652311,502.279701382804,29.326105473442986,44.59187486170317
180.0586925058546,501.86691972238896,30.201040872934485,44.25959830179481
180.43502504385813,497.6013766221406,30.615747537302056,44.61908231966866
175.76935756197355,498.00992414949144,31.689472516420164,44.98164583420299
178.26197911252052,496.3273342703914,31.515726968954212,45.94107681558887
181.1443267594064,495.9537666544717,30.60900051111156,46.68821204742834
178.3726591026982,492.3610000302505,31.309628423144765,46.609684193795935
179.46701316111142,491.6221390336977,31.563215356234284,46.86625866194351
175.41977705074018,490.4832374337253,32.28237955257482,46.68562585375438
175.50199764629065,490.1474986569703,33.3563468271144,46.118694941623865
177.5055979852591,488.67578639165686,33.09175010449153,46.56705016870802
175.5989517497359,488.0425315425877,33.15512057508123,46.58358586669418
178.41235511115775,485.9246652433311,32.53338626621146,47.06551415472695
179.36618730975795,486.09480437421445,31.8740143242022,47.973528348151476
175.93677754258593,483.67636862750663,32.47765732640841,47.80625861585675
177.76227020782076,481.842699775755,32.60228975357284,47.69797856172592
176.42279766222146,475.65981110171606,32.7632899463746,48.73300386701786
177.45325936835155,478.6291424523598,31.979597710475993,49.180497047538594
176.93091570642625,477.35343159087614,31.7533697910413,49.19008828393524
177.8419959779136,477.29044881390064,31.198493726422523,49.3160538378862
179.5295822135317,475.5978372322664,30.343110795024664,50.18148746131634
177.93175475571968,472.06641730165643,31.021873434123357,49.69365049296032
178.5765559529863,471.6367106453016,30.99485044750256,49.29048439775747
176.55138027490491,471.3573153477927,31.276895892917672,48.59317302252611
180.1307280686156,470.45036075455704,30.370121478461307,49.15669797440428
178.8441273349212,470.0886052526897,30.456074813515812,48.636584911971845
178.70349845102177,467.58318498785115,29.500032677876195,49.93552573133356
179.25377461299968,467.69981436424024,29.640042027405315,49.70226697855534
177.6433975212984,466.77698045665704,30.38187821282544,49.069016795739365
178.0195676391932,463.4627029683136,29.629537977035802,49.48500706359795
176.8089472549511,461.8531873503855,30.814728672121667,48.99588807925905
178.12634751416226,461.21624031610986,29.428608618555785,50.269782147810346
177.68468085328428,458.7173158190506,29.067623724384468,50.290358278219614
178.2171222529072,459.5870811814727,29.241250085151552,49.789336713388415
177.10947659552093,457.9361660878435,30.222526849304135,49.38912324878692
177.30034636218943,455.2975879075247,29.840787315967127,49.68783880227362
175.53457439464958,455.48548245379715,30.88706914131623,49.312049709728726
179.39446294229566,455.27074275591855,30.694999894533822,48.48691113073427
177.47778373308603,454.2760931518832,29.572099968821053,49.23714575277201
177.12135014749515,450.2224210688208,29.05357391627402,49.95613057652379
174.04608038250575,448.8416589739321,30.27085897468018,49.017713912621744
175.39109263696687,448.36005369634694,30.06060026382874,49.980924467792065
176.54850569386642,447.09640089298017,30.24717252682501,50.00683169773029
173.41937664281775,446.8322312402385,31.488514447493817,49.280941957856484
177.97159151461707,446.0022244398665,31.23363157084141,49.67673457760828
173.90064238814762,442.74999717162234,31.780271829817153,49.851807452460704
175.79430751779933,441.93731248670196,31.825876609485277,50.19953180931088
174.14265953085737,439.11626723383455,31.278338400095492,50.70717673734748
173.66388133093872,438.41750739814074,32.235894799932815,49.54066640441619
175.21575843494622,439.4159177747471,31.693322929079503,50.105027988365194
174.70625362487388,439.39613447461556,32.712332549224165,48.864615504926945
175.17006214424234,438.93991062217583,33.06308076260223,48.498697957691434
175.91711808914687,432.6142881738351,31.568968872793178,50.92054976574644
172.68033816172786,430.984307569709,31.59212860400027,51.60035092454626
172.66525165643696,431.1281276072352,31.622301614582078,51.3127108494939
175.6297256322402,429.9679270853328,32.177493634211174,51.03945590480436
174.602365170753,427.6999339636155,31.62809437754614,51.66926187877995
174.19533001808787,426.0111955801877,31.13992174014264,52.442252760168145
173.1887622149767,425.6003890673338,31.847533893677255,51.95834233318817
172.96882898954462,423.7533637330242,32.28740034454144,51.72166340536965
173.28203656516632,422.7331884408106,31.660985193298032,52.44791647052748
172.2855051024755,419.13157935883265,32.339650274935394,51.76474757201753
172.0132143353273,420.09804150407933,32.88423180923181,51.14744065120783
172.62997490246033,417.99478921334037,31.65071067496571,52.72295185845773
173.93120013096387,418.92615156274087,31.684897423786204,52.17854576257046
172.30138823280572,418.4464285700369,32.32294367876023,51.8272029773072
173.54242909123246,418.13331094700123,32.47340215435983,51.13716812715209
169.68549203225555,414.55087288274984,33.64490095242696,50.451193871790935
169.01288298735483,413.71616364810774,33.67239924433978,50.80289254318644
172.0654468354618,413.33666394807426,32.86112602028138,51.5618919432534
177.2220222351869,412.8518925242712,33.11850916167944,51.210118048253506
171.77937734365224,408.8735777163147,32.120672530015085,52.56501076709232
176.34645389731358,409.2842112250012,32.25368989191044,51.74374374971929
168.20238040188391,406.3225449537565,32.77549417085571,52.41162872157062
168.6329503091343,405.4919154896153,33.24694413347476,52.74029787273331
168.63717667840052,404.7965435130128,33.2384913949423,52.78563927520531
174.18804694455844,403.92337586392034,34.25020069999486,51.84009683175283
171.916354665278,403.4486276861318,33.3989474531268,52.78959318732991
173.41221590127756,402.6413852491394,33.1045948263333,53.05539313871194
173.17516331295784,401.0369800813119,33.57870000297279,52.22102666945812
169.4918241605115,400.57015234558503,34.22948029822585,51.811502538984016
171.13897837279814,398.59017138152905,32.283056998080866,53.07569421823941
169.68709507257813,397.33090103939804,33.85259882865777,51.591560592912174
168.72590059831802,396.9147850196404,34.436679635980305,51.085484491229664
173.18169455665048,396.9233580066986,33.567554753858616,51.068338517113276
168.4899687327981,395.0992467349288,33.67106425810854,50.73944299917234
166.58443627070045,393.5206109603802,33.51466549771516,51.25173875854369
170.0384607502161,393.00874803087765,33.244506315133776,50.94788666225887
169.83224610118123,390.9894810546751,32.33841935701995,51.030871846113286
166.979314756388,390.39309081720745,31.52115219347786,50.91902635042291
169.48083420551117,389.40757607075415,31.675131211062993,50.311546885413705
170.10479412784605,389.18882747961726,31.709973977004978,49.46628145707574
168.86484835601465,387.9762309212729,31.648470304022595,49.350079357119384
166.8992910211307,386.7782405462167,31.775796215513488,49.21020093504709
165.89898667145303,385.74148134159867,31.240484363602306,50.01575906864988
167.33344319844522,384.5403298162461,30.91368591983104,49.875947509141795
170.21728527345746,383.79684980652223,30.19994645307854,50.09942135777153
171.46143357295003,382.655150497115,28.966461778478063,51.12800805220133
172.27073909747656,380.04107193602687,28.597051906544053,51.359360465901396
172.83071317434107,379.23819970103705,28.72343854490385,50.47243535170348
167.60188882045048,378.8905291396807,29.298161303808424,49.93241073080654
172.57612167232963,379.3179685221693,29.24651076622277,49.077531965829436
172.59666255818576,377.3755133715753,29.205428994510527,49.29186546285514
168.53150276686682,374.3793403971816,28.75362057005885,49.15411997800725
172.5590120408078,374.0132451370794,29.212928953313696,48.66997807947773
172.78645322543028,373.61473123498615,28.758046584068737,48.2501096226528
168.75171379293954,371.7708700175666,28.40669681314405,48.328905499246346
171.28195255534575,371.93308734744625,28.139058745549917,48.00447083948711
164.0110315891273,371.1146944761869,29.6033898705846,47.26352734429636
169.80874684541956,370.09871677613455,28.830361118415283,48.09299365991046
169.68476722659344,369.2740328189578,29.07832035606755,47.33864439229369
168.90165460552225,368.2342787803352,29.44974911741898,47.02855950795696
167.09679226581787,365.97350210488025,29.470266201182714,46.76450273134018
170.32386001071632,365.5882398808712,30.172927959468538,46.34222763801124
171.3004517444559,364.7514146348755,30.61618044963752,45.61944217235441
167.91159098360728,363.93070495475695,30.225494819029826,46.06612700720747
166.16654983433403,363.44076380157384,30.130724567509223,45.85105846355131
159.23617798873644,361.22048887414087,32.09003046043698,44.34088941928356
156.1261388575914,359.8974488096594,32.31128444947375,44.587439838945244
159.87092212133908,359.80740783027306,32.06455521066745,44.76752179771796
165.45171727141238,358.2852396131396,31.75527796555288,45.400233108644485
159.68228266111666,357.88875164714625,32.40155628113806,44.98292116229709
165.25789254433346,357.04811201940885,32.18191578403953,45.44958049895679
164.65753286147526,355.2660175913999,32.16456370058849,45.35955500747248
164.76984302974265,354.3805857504472,31.939943364053708,45.913995431031026
166.22564011056755,353.280077312615,31.470546951102946,45.672814557996375
165.71395900741769,351.54619134896774,31.28421100769789,45.51149203617649
166.6493527923585,351.2055245159255,30.617604893833494,46.19282570226099
166.05936397134775,349.4328267915738,29.390822598811894,47.33146121392123
145.66658267171044,345.56445808541355,29.378485509580408,46.66863104331396
145.0282324461726,345.01854410625856,30.65518596065607,45.380801344484276
164.74129229142056,346.26542889515815,29.366346577059495,46.46240179545687
167.30008484735643,345.0541619981251,27.808386976362158,47.69839375246487
166.8622139945635,343.2167681720528,27.50540447841064,47.8370087939973
169.73095252901538,342.49875766008506,27.646150820798276,48.097385135674436
166.78903307832155,341.44023077082556,27.620531726767958,47.850655716026225
165.19262915886407,339.67468240663055,28.45774026458625,46.67055384222279
165.35929617665508,338.7981746402575,28.1244062290042,47.2491701356706
162.21893842809357,338.4609723190928,28.518149849327415,46.74618040264013
140.24952576654357,335.6619157878939,27.74834823208083,46.46157939393963
160.94202911163043,336.51076927764257,26.94003163445187,47.08254041973056
138.50072622518474,333.79714737154376,26.782709422551747,46.735434490288156
136.07703706866417,332.4773258119796,27.041860590607065,45.93390725067714
159.92272368131063,332.8846555740293,26.072302851311264,46.25880420184607
136.55903600289207,331.04526097035085,26.554630659471748,45.42588145323436
133.1580971124901,330.09403964740267,25.490118561843083,46.20455411649759
131.00573354906425,329.53188833865244,25.326019765691285,46.21165025324717
130.1627386093392,329.9431204551321,25.89749998930112,45.38918602028784
126.40167321737817,328.8897189850876,26.74712524460342,44.15973619606697
126.33431661935303,327.97056044674594,26.881838440653688,43.78166494866777
123.75620917087161,327.2888798841495,26.513922181406073,44.04019984261853
124.0346597468349,326.70716331578956,27.05950600941599,42.99866301946542
123.53424679003427,326.10293901573755,26.96421543571159,43.11099513226375
120.16099875648631,324.3551483650895,27.133522092848658,43.31798172858029
121.07851748999555,321.61050043337644,26.40061398338426,44.39876016179003
120.61191464958293,320.8344497258262,26.22791219716818,44.84495410984921
114.72846024693483,301.7634351980265,29.117888214532826,41.93116902126502
112.43138912962084,300.4985077182394,31.483381073720352,38.889400542238306
147.04373739216405,320.444973856308,28.660531530154216,41.05097135439719
118.07947409575144,301.2161970135115,31.915298722960458,37.95646789597595
112.87145727426166,301.7528127840854,33.5368195417523,36.88323635482807
110.25244463426866,300.96064119723144,35.44885230001481,35.141587006812536
112.40080438826249,298.97962780708696,36.71042193564945,33.54532464347924
110.55512795560985,299.61134378246277,37.08344785122253,33.388001675971786
110.0551946448095,299.9683145410186,36.97390939856613,33.783465233117234
110.93481854325722,298.4732430376753,37.44267389263826,33.43158980335254
112.61066906258668,298.5776677034456,38.553705604706586,33.22274047181182
110.18400644008716,295.98743861083346,38.88879863169733,32.75540838452587
109.48603536603136,294.410364279366,39.157519634382865,32.527893611182655
111.69506098082684,297.4764612864603,40.37795123297082,32.03418242517292
127.95416988864048,309.3133048494431,35.18263972014972,36.82185603129706
128.33158991879498,310.5195346659339,32.16008845011573,38.944818817765494
128.02877516875134,308.72697645967236,30.528743541191012,40.29296082127665
128.744031506321,308.5591584225705,29.09823086605173,41.74124617730141
110.96103090208142,284.86155661995934,31.33028395580383,39.13552760443304
107.87786115359526,285.7634090178164,33.064644950201014,37.33182280871894
107.28810602256729,285.68949803487016,34.244155212256956,36.37154827492537
121.70536678192748,306.9107232142005,32.096005363630375,37.29445188016709
122.32150777443609,303.7039635894877,29.771727167786047,39.339986286284194
115.96188175672157,303.4164808438209,29.4618273823615,39.91495177761779
94.8044352788148,301.1109299874878,28.1990037159373,41.25772474361625
119.42909461911574,298.59518169977997,25.775091903990308,44.11129541816425
111.50669397160235,300.60413952949574,26.345030025732342,44.45762637967118
113.85908841076744,298.34935068871187,27.16945978771151,43.43798542092952
114.02077849907467,299.13167838613,27.950604496106983,42.97785491110323
115.28477748709908,295.08065463350897,26.53330523314528,44.415710137822586
102.99495948108915,297.6517672653897,30.053352542138214,41.490283684906004
105.74120880692216,295.7015191754071,30.176187138618157,42.02157991598355
108.04913271877275,293.54027132191186,30.092901501290918,42.94465398319353
109.05024608232426,289.56449365771493,28.09067477418791,45.16752186026251
107.02944630170653,287.69054294810456,26.40322645914635,46.62380412897247
97.01704390812702,291.3209329917435,29.34367359826648,43.91885274783814
97.83960775222334,290.2241574354301,31.142601126726646,42.66834864381225
91.82473528527677,292.05298306653907,31.584057176566773,42.48718404681012
91.0240788489109,292.04671350098494,33.18537004929852,41.33641051304753
91.1137134941315,291.1490050089089,34.17791578382088,40.78819744727252
89.89381452758789,290.85159417417225,35.43829295315264,40.203598352990404
89.73591647743675,288.37479889997775,34.563469269729495,41.58532955020298
75.81451750129267,288.82071076977553,36.05206256973726,40.693505810607476
86.76722235780491,286.39768416141754,37.09939251556047,40.70740330967119
83.9113981741393,285.0161308324437,36.68616848560481,42.24553548816149
80.53626465345558,282.98154563710983,38.46744379855903,41.345714150416
86.02006125411398,282.7969662670745,37.55341685280256,41.71487289048674
81.04961851219319,279.21934333575075,36.26329781742616,42.630671798013
80.20108088621363,277.9046790886049,35.47754767740883,44.01858759631658
63.11613861566886,271.6986061103573,35.894733678348636,43.92973409349713
82.08881623064377,275.3774742742568,35.61393195323889,44.104908466666075
77.56498764012672,273.0757810658397,35.88615634007325,43.693761858243356
77.13582941476483,272.771440391706,35.492754526847214,44.3024432065107
77.94528953505205,272.542492850157,35.12853550114699,44.760338289608704
72.18663205347566,271.394642071876,35.34361015887632,44.54443088941008
76.92620553172031,269.4384581931133,34.656405006688935,45.94481527427767
58.30090381068976,267.98329827471775,35.18736554223488,46.32274594510212
52.128393080118116,267.39282567147876,34.726129716691105,47.50369115158013
51.889422866497945,266.4406513206603,36.495113601754454,46.82595293757112
49.80975773523498,266.0452690090238,36.72558719628833,47.61671756084411
45.30276692345762,243.10767192975078,36.46139130821048,48.42647809146045
47.66592113122677,262.25900751335416,37.06905420682139,48.795098951835385
45.43702548261392,262.115898561302,37.479739286939925,49.08131685593966
59.44498438762387,258.19881670843756,38.02596144873742,48.75486914114935
52.33639630907477,258.54231908193475,38.60300106369818,49.431878048368716
50.4172834091132,254.46810087057497,39.67372392344846,49.277805650569775
54.72263860360234,253.77196099793616,38.05685732266956,50.67008539584745
53.39270753769192,253.3527987539477,37.92923834284107,51.50840988382437
53.04640648658787,250.12311170456093,37.217437879134444,52.35017371893901
56.34683018822041,249.813128807246,36.23847701677255,54.375611148794704
53.64714010773719,250.8527185062432,35.958540035601395,55.13609032186902
52.55547000164122,248.0683340397903,35.28869727855444,56.42508480091641
51.2112185237841,247.96761477266548,35.10781881629464,56.62652333516604
47.706893647358896,247.3859308641512,36.3778112599616,56.35522682489873
48.344552987414275,241.12312103530454,35.102492579850825,57.26591692030621
30.497645921046356,246.56878404440744,37.581681760421574,55.039275672230474
42.7643882365397,242.35936334380526,36.28189283815924,56.19758716445854
41.40482212755933,241.04380486331485,36.10522017512571,55.932899244445
37.18168678733437,241.68380040932084,37.346559396061096,54.652908152433014
25.243141758953428,241.04993270444717,39.58783402954347,53.03586817240972
22.762080235610107,240.36433716447596,40.185579998783055,52.95226689320316
19.329016374616202,239.12056636546296,41.19855223395054,52.51323074781904
14.106968351901312,237.24417853476467,39.85797280673773,53.31983754105498
14.626911315949698,236.21009963441287,40.28162041387304,52.46092827129437
13.857478663296266,235.64839949315368,40.36312503362216,52.126967868255015
9.95240901766547,234.40841338855955,39.45173305803564,53.153351532968614
10.656986985400003,233.5227840218678,39.49692877202841,53.47025861689023
9.091062298984003,230.54839924993567,38.24904814819671,55.03929816409078
8.977294657992697,229.45023328654446,37.013436422809136,55.77248308350305
9.815277394556624,229.62815278507995,38.24489219465389,55.416644086432065
21.15701835723756,229.16617590974602,37.59302663934267,56.34059783709995
8.443345828372813,226.77071407309245,39.47020054688167,55.243978722859495
7.250171693827646,227.17246576570506,38.88378548398339,55.926857003628555
12.407018608618948,225.21833274931288,38.97935733831979,55.374009171876224
1.7158801412906115,225.1197894123411,41.118234967801456,54.09083436080632
-1.653025953639382,223.49253817247708,40.37668758391628,54.35359301103626
-0.41881047313194486,222.18215727867263,40.88375748775717,53.99885393378942
1.3754489447798548,222.29720503078792,41.767163225741925,53.768758429558815
-0.9015840046302976,221.94907154146208,41.81663347887056,54.46502540821054
0.49376739920817414,221.2071229317967,42.05187505221913,54.435950437028495
-1.033760706306328,220.6557532743967,42.074208879221764,54.02232855981537
-1.6338915573058337,218.03455657383944,41.76406645264893,53.22310544664245
-2.628595994641639,217.97821310319534,40.76720082822041,53.335792387930645
-3.7658628292206195,217.89308713306986,40.08447708520358,53.506044328181645
-1.9608591667973982,215.366996764028,39.41461519245268,54.148006918122064
