572.5,312.5,22,48
574.4882534353051,319.52168262098485,22.439419519631763,47.03804337265883
577.0873773304327,326.7988021700597,22.625435429485336,46.48288989479259
581.0363874519211,334.3454840015081,23.30329387984934,46.39731394524243
584.5439944776022,342.34758828002646,23.865439935729803,45.54782560269101
588.4899924000551,347.91480091788804,23.531397234943483,45.21047624713852
591.9938768031709,356.3901988556255,24.00667025415777,44.2947699976191
597.5412426782594,363.52959050287143,23.54878080341178,43.843881692387754
602.9207128281413,370.9220159536879,23.281857229969766,43.747854207605045
609.1386643631889,377.56321853035945,23.36450594195108,44.0272134848449
616.0471220460994,386.81205946638585,24.22997421983326,43.358140323003134
622.2065480978604,393.1343524652965,24.555155135920902,43.35758734479108
632.462223776639,401.3596528486188,24.168509783452507,43.854107424537276
639.5454941422422,409.40752816961594,24.84124787792238,43.65758409576762
646.3902871982851,420.09464170667195,26.110641911096643,42.584830075936935
652.0952436209432,424.10125658944213,25.440861322197357,44.23771934117188
659.8511125131613,431.58426154674066,26.238216974529188,43.40625707177375
666.0998350139149,438.5734623226545,25.713178621883184,43.57706337769092
674.2889720032224,442.5870203362758,25.566118572991456,44.20659477963402
679.6724021983687,447.63177769986595,25.688614521584622,43.91750075745098
684.1043273761065,450.74360771289423,25.518534030010784,44.214168129320846
689.3364685053789,453.99464954086636,25.936663494591127,44.24153150725152
693.5816736591808,457.6134293602237,26.212088608136007,43.57834843439828
697.5244614233841,458.7680392792873,25.96016906528044,43.45017316357139
701.7383750141465,458.9808895040878,25.122904611666236,44.10883881795755
702.0110318656166,460.1673710094914,25.65755663289282,43.89580725548407
705.9076516042984,460.44885008337076,26.551305419697588,43.33284910772532
708.1837451621582,461.3821520722691,26.369423754009837,43.651397854944584
711.2183065446144,460.32513713378853,25.771608185758986,44.67116629257329
713.2620165098954,459.7462317839077,24.982112396831702,45.82897699233487
715.0491425955638,458.8285795474798,24.716823395990247,45.458306018193795
719.3139408463632,458.81260266744255,24.931111704055816,45.49025977826824
723.2956128145662,458.9585035192299,24.647601683575438,45.19845807469355
724.87644274728,457.8363436892041,24.749851516163922,45.266837936067766
728.9552223239688,459.99955181692485,25.318100369315914,45.30332568389113
733.0936478979055,457.18361952286216,24.747962269248497,45.43039523786938
736.8409244963487,456.8432861402962,24.905153686138757,45.01795562960456
740.4417183888587,456.637803875279,24.24178673850359,45.428920159638835
744.2616221238342,456.54832407902336,24.192912762008035,45.607879752150225
747.5928328862032,455.8482442683499,24.04777969292418,45.921824630888075
752.3782188858161,454.5519850631245,23.18372007259216,47.42600399397709
756.1477803215569,454.62803850122725,23.312800999019252,47.27389711777169
759.323990233098,454.8789758882233,24.628693819308637,46.7720223437796
761.999023900976,455.60807034893327,24.832727753271513,46.424653676303336
767.2701844008366,455.84513866242264,25.382501846412502,47.059726558610855
771.0259527453669,456.29979154935273,26.894816139904897,46.150420784750644
775.9073134919676,456.95221688489715,27.394639559994065,45.985852881805116
783.5982703383024,457.2357608112288,28.060769862209742,46.5650538859195
789.2222900022819,456.3117274829898,28.474157361491308,47.24697785967343
794.0893029384164,456.3047123652551,29.38948596677506,47.26100809514277
805.0182559909038,458.5164478578385,30.30999337963258,47.63299258741441
802.5425210817148,468.69933682026635,31.601924695226856,46.784753344070666
815.625575090425,473.6808228604321,33.6943823944753,45.42221430794269
819.7317727649311,472.354994032404,34.17951332080537,45.588864456758174
829.93563201022,470.9328156121605,33.81944961322202,45.92726444937095
841.030530246903,477.7435459106331,34.16978982103335,46.08033182425626
848.988271823794,477.7857634909849,34.638165644421576,45.9958966635527
861.3685843993021,482.13042725183084,35.211033159441556,46.173291574973454
873.2428142790166,481.41476942753627,35.7584991944553,46.325874287012915
882.6570678806189,471.65816796637955,36.27978982762781,46.48927937294893
893.5903366142571,488.39831457329814,36.52971768055116,46.83416841353481
906.0604244735694,474.4877049338363,35.175075071119295,48.4492397933557
917.4469574713784,478.7244928376948,34.71899688271251,49.16501190625503
925.285677293001,469.7672151298603,34.83477692173993,48.65414435927264
936.7853892561517,472.020708512533,35.42031403644546,48.07798443409505
948.1375745640929,478.09182750042794,35.00551426602595,49.0472587203422
958.8339062920377,479.75140206009155,36.03652956062853,48.366189454014
979.3719162203347,500.7977976744183,41.35743366039626,44.71656378920344
984.4026965815517,486.059842286432,39.42730057722084,47.087715767647566
990.3244248443949,487.3827500517631,38.472686754623716,48.525216250643936
999.0015106997101,488.8008247076421,36.16384499710949,51.16009601274625
1007.6927348501325,492.3233378999701,35.22261177670692,52.335677168311506
1011.7576747119907,492.510767164549,35.326356997497314,51.96081863915366
1017.8742027370264,495.4059132824429,35.40842117989164,53.0122598658469
1019.4270207263648,494.6057159539895,36.45939115413637,51.84158388747251
1021.2281015536737,494.20101596578934,37.01307453313167,51.26570218600185
1022.1463275675108,495.4540061721018,36.56230235363506,51.53108146973181
1023.222530848017,495.398052974636,35.79217724429237,51.64298786466334
1023.0866274250161,495.1700952435787,34.69272059238208,52.098903326778014
1023.3466780363133,494.55218688501924,34.17261936978765,51.97481189989283
1022.9892769108349,492.7237114764097,33.538030298397715,52.932980072417664
1022.5140240632954,492.4428167581159,33.13537823228126,53.49476950900518
1022.4528639014844,490.7907171655634,33.257698555903204,54.089363237967845
1018.5093514868913,489.47382111239546,32.95034740839301,53.991696685404925
1018.3452721898298,487.1840117881787,33.27850600251625,53.13489616744057
1014.1864291088028,487.59220857909264,33.48521516894271,52.31850258561268
1011.9706273368615,486.6536625457048,33.887585735322375,51.509439334053326
1009.0758063620721,486.9005484662486,34.32659646285416,51.01566749296569
1009.6173886346976,485.6699428659294,34.580964691981194,50.80181314484824
1007.4667762778685,484.4917338028924,34.86659706868489,50.48116971295278
1007.6786426447394,484.5518717818492,34.44286433494318,50.360893755039235
1006.0154434366585,483.91994440201194,33.78046999335566,50.295150928797305
1005.7382204586888,482.7674712288351,33.01729156806728,49.964848512695426
1005.6687905783275,482.4364398614699,31.856177259333265,50.62691124742588
1002.3752596114433,480.92912852469647,31.99068877624944,49.770003670861435
1003.4593720860249,480.17206000630205,31.102400509821674,50.00420402491509
1001.9764185101952,478.7725931731442,30.262602522584878,50.266000931966936
1002.2458432503727,478.45066370335303,29.723753042230207,50.90985987154915
1002.3893891934596,477.7894682864081,29.436661156056353,50.97343549920316
1002.2713089694149,476.7345440051662,28.417927238466223,51.82838969600768
1001.5875389288032,474.8563185276334,28.535262158927654,51.83422516878677
998.3803540900992,475.70568083978105,28.688158234154105,51.387795264927774
995.2786384957456,473.6618692630869,29.898359728549785,50.48218872400459
994.401695576137,473.847215804636,30.396829222331963,50.11149564090641
994.3810823393019,474.1044429253457,30.438055696001996,49.59704139948686
993.6709933130351,473.8280652827339,30.606899279876224,48.898462216051016
993.1800494608063,472.50492838909383,30.345045662195787,49.05725335905562
991.2579678100527,471.00660689130586,30.464052284296514,48.328739675224995
991.7907310598616,470.7620701442162,29.398525784678647,48.817813169404246
992.1181542474031,469.41369482670746,28.74367940959568,50.29233813975898
992.089588170966,468.20732838963534,28.80081156247001,50.23898642233564
991.2702586529439,467.7669602941686,29.20624881491284,49.886500829667796
988.6094565488133,465.81697188279475,28.353527614221324,50.08188240704391
988.0761796209792,465.54179892738205,28.1967844392392,49.408931287219204
986.2239273028841,465.7257879289812,28.26927864687783,49.04095328402077
982.346715052321,464.79103506152114,28.7850158747478,48.4975632611888
980.27155371976,464.4105880314908,29.314008307480993,48.05134724378653
979.9303151210671,464.54241274138417,29.996485504866804,47.78769782399983
979.2316968177612,464.40414068257184,30.176811141518684,48.06424194162443
978.5413109281374,463.82748095703425,30.333516853271874,47.99349532520529
978.3505944188988,464.1958515192498,30.714949871749038,47.25675420077412
977.2821280314338,462.92470807148027,30.409936433296586,47.357094882930426
977.7007386347613,460.9560965558695,29.572715226641584,47.64216006749729
977.7458157944394,460.8954059008267,29.482560907285325,47.76354137758305
975.4375436212067,459.167041643121,29.2673949416039,47.59648715888433
975.5437387242014,459.0185762965446,29.055004735614506,47.893417852037096
975.4171658759551,457.2760062666743,28.105477247942826,48.973211543449196
974.8956139441831,457.11283430847124,27.945916134871414,49.29955545985533
974.9245501297065,456.85366246048545,27.888043763824427,49.81789915582688
974.5047793121098,456.68410359276356,27.516114000722286,50.157016891270665
971.3307300376284,456.4919235882084,27.813523200540605,50.54137690038105
971.3572966094099,455.72283820490316,27.760390056977712,50.85865858023485
969.3481921061048,455.0484015234895,28.10460826550983,50.98286834370293
970.1496406704454,454.32216897619355,27.73408644576141,51.20295812936184
969.5359336946165,454.04865156209314,27.732209419781697,51.74999295756264
967.7711129847431,453.4753495433004,27.549893726252968,51.65927795738974
963.7736838009697,450.9358288771532,28.1476017666127,51.80688573822597
963.7960730004186,450.0628820941537,28.102823367715025,52.30751127975731
961.3364768777896,449.2299055636526,28.014496113259362,52.721584465830965
958.2142825196642,446.15508259108856,27.976572533312726,52.58891811476148
957.8927626984503,446.0496495895459,27.365752721818197,52.79978411784685
954.1936177601453,442.5628986507815,27.285261668164832,52.2945050651124
950.9799400346612,442.4526716088719,27.524335161386517,51.27730275738224
948.5779931635799,441.55285381779504,28.64784199454285,50.6233470668651
944.0236093710689,441.2046676044982,29.102405786535556,50.08340466588318
942.3821746977294,440.11943921118245,28.677187911950643,49.78180330500527
941.1934631608202,439.4631376905401,28.605913699361935,49.8700577030864
937.8925823011299,438.7201784741693,27.860991087253574,50.13152874724648
937.0496722741246,437.4775368896105,27.11551929348576,50.18552006858585
935.4004883311616,436.2319176365431,26.802758477950675,50.269339440413475
931.2278277564773,435.47586316093316,26.750974787605777,50.581861985959904
930.9061568197327,433.4394832147792,26.19101969942122,51.04473099324683
926.7902836429184,432.3658288187682,26.019515694398322,50.79111111136845
926.5763188517283,431.79284248681597,26.44744527677863,50.743297352667966
922.4472200599098,427.82593142518317,26.302461772980266,50.27393838849818
920.3441546627159,427.6396477414066,26.935399817255202,49.455441506013855
917.9670138458724,426.866341478726,26.93022193778787,49.81218915308633
913.6743181905047,425.726439934753,27.15036066173959,49.70192007337984
910.50246791269,424.1967144314962,26.311013503524862,50.36702184194526
910.005951821666,423.2897052863683,26.111466462591473,50.98846090921987
907.2235533158364,422.0571547178391,25.684927743789267,51.05702775409365
905.4882914910828,421.5299221709437,25.57972821847021,50.919585122942436
904.7571628562231,420.95808685709176,25.853909711557606,50.87517997401439
903.6150080115149,420.89655761589046,25.75389520219294,50.99823845641693
902.9856866092246,420.30273448802524,25.820299606789284,50.993646312163236
902.2048765952346,419.8938342629894,26.18860139661076,50.6181285240764
901.5691024285061,419.1697167849849,26.265988504158372,50.87220225417596
900.6694368329222,417.83478210549504,25.666871432902624,51.14362335073237
900.8046449059012,416.86773972183863,25.396455286944594,51.88484427594763
900.2569831730934,414.4664022603025,25.29275559275675,51.89142655980669
898.8967793820893,413.770732487782,25.618524806735138,50.88812773681775
897.0075318279467,412.3720415652614,25.83216271566252,50.12065238250099
894.4194444837921,412.20309193059035,26.28546208822275,49.27783282290591
894.4870606488294,411.13837610419677,26.150229758148274,49.05502317603313
891.7214001142609,410.6868669301107,25.828941228749542,48.787519604498094
891.379401100953,410.1683500279451,25.351865808659753,48.66347996212393
888.7553450821562,409.5987545071852,24.84471674131622,48.65161878265626
888.2076875893732,409.13731397530125,24.797890156012315,48.43235827555432
886.6124922193432,408.66982995791307,24.573927515117404,48.22920851667901
885.574931597546,408.31497952904397,24.38649919102962,47.80763459057607
882.4743213492156,407.5870170352343,23.856568149776965,48.141700988543185
881.6222580867542,407.6453565892605,24.44310481690269,46.907432022693726
878.1119236894542,405.6828494307853,24.80605132714622,46.3939648167396
877.5273691167071,404.1995494441131,24.866860066506646,46.035663571682576
876.9090120163712,403.5628433592246,23.895446792806794,46.20501200427374
876.3040972344492,401.18360438957336,22.92552006521206,46.60397736069886
876.4513514400251,400.80618062405,22.631011654060366,46.27986248262438
875.6242300343607,400.67638052726534,22.147023993793542,46.53946267619372
874.3015701189898,400.6102468778325,22.663367059877366,45.60724159273052
871.4835008683488,402.593848465336,23.00030427585105,44.81955918890861
871.7279295320008,400.0981558751241,22.511446948547054,45.594463046132724
869.6001110158953,400.23233135058155,22.538998911618528,45.32611209521795
869.1577749246866,400.16470840584736,22.370098343937304,45.46135798468626
866.4799957665348,399.7897228560081,22.46253536398411,45.15870482511349
866.677415436688,398.44212968691716,22.06769602367794,45.754293323350616
865.6041624847167,397.9683309961228,22.110897171829627,45.650238327043844
864.0781578116829,397.46720288971426,22.01025377676416,45.6016102928167
863.746729324669,396.0949680197364,22.673110750791913,45.20080603450663
862.4109968675642,396.13571101411407,23.236457250424976,44.0652608384631
860.3701244186882,395.33447456627493,23.129788714692587,43.57352701739912
861.0290055677984,392.3214724134983,22.85006490023988,43.371300420344454
861.1247252978395,391.968610573323,22.658625440157778,43.046762298040655
857.8948465254325,394.2102011647868,22.98517585749454,42.65238586676449
857.6432616208762,393.7162673187642,23.48834566660724,42.61825730640019
856.293113833334,392.32481109864807,23.09835934595955,43.340981816144435
855.6614860260024,392.3122337378933,23.327538113073118,43.366136537654064
854.7304513179932,391.95890114136694,23.11285833180454,44.07280173070673
854.393683186712,391.36266268832435,22.741303786824176,44.22018782924897
853.6741487866082,391.6778993638046,22.098650615754416,44.63057546392709
853.7342082976785,391.4326543463295,21.97853159361376,45.121065498877314
853.3663536279987,390.4600571977344,21.673385193156086,44.98454831643306
853.0027521147165,390.43994553128005,21.367029241718164,45.02477164934163
853.088003446945,389.4493515853281,21.19652657726129,44.94833617751337
853.1412518397133,388.49526262097555,21.090029791724636,44.807065080632135
853.7333103364185,388.50752815104687,20.926720883473987,44.78253402048952
853.7010497302725,388.06932519944434,20.991242095765962,44.64134028985031
852.3290765762814,388.10820136803807,20.68517900677537,44.56358795266284
852.4026002531064,388.0710740699852,20.538131653125365,44.637842548768596
852.4723575638856,388.91692090342906,20.39861703156695,44.96354697543299
851.792393342524,390.13364217480597,20.74755698692138,44.552081407416914
850.7664628655947,390.1575538777828,20.777189448226224,44.50425800146333
850.2066262537513,390.14160797905225,20.885926877705593,44.53614979892434
849.356035090639,390.4499763820634,20.56051073581046,44.93271222696187
849.0332543948509,389.49200327134224,20.192693801126893,45.835280122144184
847.2798437179478,389.63229343737396,20.6394586689268,45.554699790080775
847.4101904152539,390.67872371536833,21.402565901264673,45.509440487992336
847.2875960709711,390.1120144488063,21.647754589830406,45.606364400649
847.3980222546355,390.10031995384213,21.42690222250135,45.62975339057735
846.4398026051441,389.4584181644398,21.265997547301303,45.874884982290496
846.3014262882044,389.17113617630366,21.54275018118082,45.41001937643699
846.2401927136918,388.9330857273875,21.665217330205806,44.848629523215564
845.8158045465576,388.5501871454485,21.482560815174516,44.58299383779382
845.114224219661,388.1784340368309,21.861342583388605,44.30212116944979
844.3960626337769,391.08542007283023,22.270813577273998,43.62240998686478
842.6336305965768,391.6475349646597,22.723741710447236,43.52215885028144
842.464413624748,392.29625687167294,23.062175654104898,43.255023398844415
842.4433519544868,392.73024864126444,23.104298994627307,43.419230899833096
842.4981557838861,392.5867453424857,22.99469133582869,43.70623749739058
842.5112046305729,393.1500468056756,22.968593642455108,43.61730579907841
842.5504740665929,393.7146116320569,22.890054770415084,43.52409138700399
842.4638696368942,393.4732709148968,23.06326362981259,42.97357737763463
841.4347477293405,393.5437859457734,23.065376708942416,42.83254731588147
841.3975364193078,393.60917995836553,23.139799329007833,42.70175929069711
841.6925023006837,394.03019367628775,22.54986756625611,42.885102048609795
842.4884568456813,394.3471032465038,21.975914302849475,43.269238734766304
842.6491148967473,394.78731888434504,21.654598200717643,43.40251823770977
841.6476271427498,395.88727349507644,21.637355880799873,43.22282684415986
841.6553514571362,396.6692279405323,21.621907252026947,43.67327775177387
841.5618788059708,397.10551148963486,21.808852554357813,43.814215525707084
839.2462151272659,397.0452791767064,21.346155383240117,43.934680151564095
838.6833974327599,398.2703913000441,21.459249031107227,44.522081128323684
837.1990863577523,398.84915876775625,21.358618168037875,44.38763053059414
836.5435946791355,398.8347444385755,21.650229930198265,44.41645918895567
836.6495279468213,399.93854219740456,21.438363394826723,45.283446078912846
835.9128428423868,400.2649798131741,21.877907676033338,45.66439677503591
834.7773269921036,400.55029254354946,22.054862423389686,46.1408097908902
833.6601345269363,400.4190994046795,22.17510911301651,46.40319606863009
833.458863958379,400.94874939992417,22.577650250131143,46.40688632511542
833.2969062999706,401.102944394078,22.901565566948072,46.09849633680777
830.4599291517911,401.4243654400282,23.219751098897206,45.45565424490731
830.8204041270636,401.65894243860987,23.566037057638408,44.98650024774409
830.8885573718333,401.90547205382865,23.42973056809919,44.493441017306466
830.5414299211124,404.54023150337594,23.06726588766395,44.50752002759661
828.6031774646247,404.9376418313232,22.74099650062457,44.76339294670571
828.2902719602558,405.2724541152318,23.36680750936226,44.093768378888534
828.2354673683982,406.2427630313921,23.476416693077404,44.25267148427013
827.71508087759,406.82234809431094,23.46321024510651,44.1474807880196
827.3910465487764,410.0610587365156,23.059073995070023,43.98328894959158
827.3247352448064,409.8866145561955,23.191696603010058,44.3321773102317
827.6183015261278,409.5194347776947,22.604564040367467,45.066536867233395
827.6565590538291,410.6810380095387,22.528048984964812,44.84514527044996
827.7637837682821,412.26274059044607,22.313599556058744,44.820765918494075
827.7631782137714,412.34676565761737,22.31481066508023,44.652715784151525
827.911883889009,412.9667461883623,22.017399314605044,44.45259046867375
828.1249024580528,413.6593994363896,21.591362176517293,44.09904147885767
827.6822977480535,415.9696921250181,21.45737094234273,43.555258718293075
828.2123814936368,416.2556326392554,21.406130417683958,42.983377689818546
828.4086018991435,416.71281248097904,21.01368960667057,43.06869113223562
828.1588563180495,418.5157046607741,20.5190638129301,43.43937459635857
827.5787230987128,418.60387147989155,20.688411515776284,43.263040958123646
827.4408285223085,420.50013357212754,20.964200668584915,43.435712144825416
826.1889894569031,422.69477092343544,21.470644289191164,43.04090646261903
826.1155652355012,424.08750077386463,21.617492731994922,43.260342436513426
824.8418563471919,424.798213676691,22.15013951992991,42.8463021252024
822.2917225387362,426.4196855081152,22.197856313364703,42.63488895644002
822.8193318252662,426.7230263793492,22.150864399011347,43.03643387267854
822.6588860586847,428.88080484665113,22.471755932174354,42.774131265409515
822.2445769296321,428.97576410296836,22.28539197452575,43.59919496852898
822.2418648473372,429.6764443560014,22.290816139115492,44.24561373766882
822.4897967769541,430.8434555266911,21.7949522798817,45.01196803204892
819.9235977489146,430.72081820151914,21.746985678875348,45.257242682392814
819.998238591977,431.1415723501144,21.597703992750553,45.45455356301687
819.9949914372901,432.6018015517107,21.604198302124367,45.651388512187104
818.738970638109,432.9148661770212,22.032079199150903,45.02525926156598
818.1396619929726,436.02670023291125,22.19031103226958,45.0439038927112
817.3703324952512,436.7924851355546,22.68556721173039,44.55573690340653
814.442535002875,439.5155987960696,23.317052764871107,43.288797127666
815.3686893674284,439.6203351097832,23.538855225596002,43.07932450023881
815.2027974403152,441.4992590143003,23.870639079822496,42.43476013680423
812.0625617762573,444.1997154031437,24.981623081669554,41.169437220132416
812.2988227553917,446.51718279516194,25.543022830758346,40.67018926552628
809.9852134939067,449.23241892023606,27.062534419023777,39.38332626165102
807.8153563708473,449.9891506815386,28.27659496821851,38.911747304687296
806.8104907545303,449.46375398909527,29.231561102887373,38.907775591608655
805.0295917585149,451.4464599456901,29.582302752384834,39.223772135130176
805.4201829423106,450.2447489372958,28.801120384793393,40.54629666446803
804.508172991209,450.1944814270008,28.448815445194658,41.73499410595906
802.8429195426559,449.5774939758677,28.47843845594018,41.8686743794384
801.3522630120424,447.33193933571386,29.254151762983646,41.948584151379116
801.6408126495692,449.8227690225816,29.79389134015115,42.551119038748205
801.2843017398312,447.48312086261933,29.37205863098167,43.825851772737145
801.8551551643202,447.08676777252015,30.524533756376876,43.471466965748846
800.5459492403371,446.227549158574,30.82129853507238,44.02908065900577
798.5352728619723,445.6884408183758,31.320203117299457,43.93314794790142
798.3908215530635,446.2985990025281,32.79002910761429,42.71283157959683
794.7254058554881,444.5589096237278,33.00215115388882,42.632855662759255
794.7816497085738,446.4894798339746,32.88966344771746,42.33777342622578
794.3016654957388,442.87624709731733,32.667286012174664,42.47016373226182
794.6563287408993,443.0292120118309,33.13870616132485,42.16423390323457
796.4780218055082,439.22002479596523,33.04654512049162,42.680158158196726
794.3452516998598,437.05111633123647,32.55155904155192,43.447580369976784
796.2218734615706,436.4304772989792,32.3795887687107,43.49510068429784
807.1303315735493,436.8677386161982,35.58768310122707,41.428910880503956
795.9814424695223,432.3202889567577,34.85770173371306,42.03989877680737
794.7487207557272,428.5522101647743,33.69415131659652,43.52773328626285
795.3883754898213,422.91305377548747,32.414841848408216,45.09704483579739
795.2088235039782,421.80122928296794,31.557377718278715,46.10412571902082
795.0765440083651,421.2467407184284,31.82193670950509,45.99546253269454
794.7158438649001,419.16483663082715,31.322958497002,46.498135209597734
792.8632663631853,419.16894614331574,31.36904355074773,46.489916184620554
792.478770804008,416.65160898884744,30.917703723403164,46.643266710761395
792.0780404590565,416.3457511836952,31.719164413306054,46.039842250129624
791.9970632683797,413.76281267320576,31.88111879465965,46.32832528782883
791.4754475452165,413.56892410581594,32.924350240986044,45.48972233895851
791.3246660196008,409.1794130633102,33.225913292217435,45.652463504684405
791.0987908736407,407.33059449083584,33.677663584137676,45.635142294561696
790.8532440050434,406.79867699646974,34.16875732133232,45.453510497831644
790.8640337773552,404.72354233992064,34.14717777670867,45.85155486668386
791.8722385650677,403.45977939914314,34.64366241914238,45.86618653038019
790.8767175489347,403.12616238648496,35.369915979231294,45.26863208351934
790.336471102886,398.0003835163892,35.18290467934692,45.38015628785564
788.5940151526522,397.73236662444316,36.13548398983505,44.65002377675796
786.2999727933574,396.7725562305245,36.91223387166717,44.028754673423705
786.5145106213234,395.1382151412181,37.75658716185564,43.47715001367526
784.443168326576,391.50268847104184,38.063837157377016,43.07733416608096
784.040186621726,391.7588575051092,38.869800567077085,42.56499609794629
783.9482947129102,389.1237850078156,39.05358438470877,42.70671055645401
783.263148191681,385.8376729359718,39.13663507662338,42.84272294742321
782.0336448848675,384.5002490100814,39.01427436920483,42.93620347815868
781.9616295908926,382.63498975924983,39.15830495715474,42.79615444276415
781.3275952695149,381.2767486945867,39.13607010383343,42.932029579937094
781.2234908977365,377.6277227126038,39.34427884739006,42.47768945891902
780.4807746708242,376.3685528161622,39.54141260038325,42.41943185013943
778.5876008568907,374.18052804332325,39.45619120801737,42.92391237558472
777.9384462478027,371.5416991003693,39.457463336244544,43.01342190169741
778.087057947169,367.97614556352363,39.16023993751203,43.65226776308134
777.349993652073,367.3634680261211,39.33071428726533,43.573968597447816
772.3102831765884,362.61763160361744,38.9688714918952,43.929535664408185
774.2280316704267,361.2762521913565,39.048081255609105,44.00248998800306
772.1735724541304,360.34726823924365,40.54239753338586,43.24585573741286
768.4563053312252,355.1779587662645,38.741633458223305,44.3491763623982
768.8879956356963,351.03608658520307,37.87825284928105,44.78629157126344
767.6657751756107,348.602283984514,37.72135983949426,44.451228912725725
767.5735224893037,348.02260435324564,37.905865212108104,44.317617096744286
766.6245746602666,344.6680641915269,37.21601408811828,44.55733046502101
766.4329252628077,341.9211385200687,36.31284172724299,44.905297184764635
766.710259397093,340.0419198100701,35.75817345867236,44.83202926499162
766.890090257946,338.20863606451076,35.39851173696641,44.697223748980534
766.6430485477731,336.4296311227063,35.892595157312186,43.21834040987482
766.7005483886023,334.18915013391296,35.77759547565369,42.72128073509179
766.827199929631,333.5372797049645,36.75928550266315,41.55503537485572
766.4929335646179,330.89727182030623,37.42781823268915,40.67146039757428
767.0761668567723,328.62152892569526,37.490996330697236,40.304367457528684
767.0657941148845,328.2463856991521,37.511741814472735,39.82973036736132
766.9938411237454,324.2736881403091,37.65564779675098,39.25025125177909
767.4736848498461,320.3538408004689,36.69596034454955,39.82363733027023
767.196092743131,318.4593420490688,36.0463632060772,39.99829077736234
767.7958469787202,316.13592125407155,36.04400398960519,39.85653534853114
767.8568559053527,312.6129372633198,35.92198613634024,39.73306106225925
768.2437839050748,312.1930905259143,36.33917022873426,39.38171444523218
768.8968443694278,311.5690283432202,37.41747769549807,38.24541041515059
766.9916329375711,306.8868698955011,37.65332942581037,38.077537621519646
769.7854228525787,306.7651232526834,39.22139400715755,37.12842350526141
769.2725948465903,301.7935988459156,39.04480363528167,37.453501247975176
769.7981909993388,298.9655891805123,40.40287643300472,37.08635782073214
770.332951880277,295.36306407983614,41.77340156742989,36.97126733317956
769.8955941749123,292.1926852925425,42.64811697815938,37.11454034458987
769.6615228015326,290.0211274323129,43.116259724918706,37.69160932358831
769.7734622972418,284.8222503441426,44.16422855193247,37.914580952470295
770.9412509263766,279.88231753099365,44.41193650072756,38.752948354042275
771.1736598908587,276.9474923726364,45.256043570205065,39.38689867698943
770.7180470787896,272.916203349526,46.16726919434342,39.4565265396441
772.8453886954803,270.10913766002017,47.30206793806353,39.68117594155398
771.8422904039844,267.95733051991954,47.93976464183423,39.87929058409168
770.760016999098,262.46403717345964,48.722791331427295,39.81371631557339
767.7432323275747,259.13519872785264,47.79381137826954,40.90135376982397
771.7291053752494,255.12782702740682,46.80066281632455,41.937499637310836
773.0844922268893,250.83008767420796,45.486815749160854,43.54834516312897
773.7642544960916,246.7849089911745,44.127291210756304,44.62847534681161
775.5908730989826,243.93186733045275,41.871777041153706,46.14138955971655
776.9954586231217,240.38543049384648,39.06260599287536,47.69175788741912
777.362994221171,237.87624886397657,36.96301497745472,48.61656168919263
778.6872359185288,235.06958951807076,34.31453158273926,50.19613304291646
780.0567866999077,230.9170198451452,32.90041852889752,50.551341335271644
780.7111269723363,228.84662653374147,31.591737984040293,50.7716344966514
781.6408208787269,224.9453521210773,31.02058901083401,50.844750284529695
781.939848232039,223.6986264338909,30.422534304209933,50.77873529623106
782.2450688721248,220.02726730243666,29.812093024038298,51.778078613740675
782.4234512697208,216.38898260272418,29.455328228846348,51.415507305668385
782.3149265508303,213.5336216301449,29.67237766662733,50.81741291337054
781.8834248333876,212.98641048605108,29.278807758601744,50.65526185864717
782.0017842962467,208.67378263061795,29.04208883288363,50.54801546540804
782.1860286171656,208.18263286232923,28.673600191045725,50.288419358954826
783.1216999981789,203.7378615002483,28.034051543775828,50.555403279819615
783.029938106475,200.89019777151967,28.21757532718363,50.126437107605774
783.2354391790819,199.51948522842912,27.806573181969654,50.42457457466859
784.1749275380105,196.7416007939765,27.146642517313282,51.10415923077121
785.098720405994,194.74555732300206,26.516828476658226,52.66070278209597
785.8254633751615,191.49623072054777,26.293122230671468,53.01045752526326
786.0352991458577,189.5077800948957,25.873450689279025,54.52530048030979
786.0499885971783,188.1705370099832,25.84407178663785,54.708066427811985
785.8489468710052,186.29145825501908,26.246155238984215,54.72218849045241
786.2792362860141,185.9969900877875,26.640799393238453,54.05590184064342
786.0415675154845,182.73220905234703,27.11613693429763,54.323734572014004
785.9636649885516,182.34008377827004,27.27194198816356,53.84348689896747
785.7223994985445,179.36033443546773,27.754472968177545,53.50219786132256
786.2622074016238,179.51004410165464,27.938327354494774,53.20277852894874
786.6132131411845,178.69762290642655,28.498548444972048,53.56538834980606
786.2980783530171,178.9971439945416,29.128818021306827,52.96634617357594
787.717210672791,178.225370279451,28.848832425235074,53.23075408201916
787.356479992594,178.41277492368636,29.570293785628962,52.85594479354843
787.8720680012706,180.4809999082493,29.82415418758265,52.57460408234313
788.1101710063895,181.71388714006503,29.34794817734494,52.679217052277025
787.5495126540983,183.50379523912662,29.19062860276143,52.935309691650886
786.8742700689647,186.23697035626824,30.54111377302857,51.308168546142554
787.6654048729189,190.2402074426373,30.23739496130632,50.97299915052058
787.6080528087335,190.43614497505075,30.352099089677083,50.58112408569371
787.8987083874395,192.71889685835356,29.770787932265122,51.07380694162546
789.2444358330598,197.92838792986012,30.865467187833275,49.489137807833075
789.3926844668068,201.82797720323526,31.825871237809935,47.97446584843664
789.8896422059668,201.3745097625893,30.83195575948992,48.881400729728554
790.2211801099827,205.72547362282089,30.168879951458262,48.91027463804613
790.6970895934664,208.5296860164784,29.217060984490725,49.484683612898095
790.9529273743859,215.24583861012098,29.93446560639276,48.34318026302181
793.4582132050809,219.69275036873756,31.04472940703227,46.79435930022433
794.0511734733255,224.01356166016336,32.297855329728755,45.469876094929425
794.9920552507012,226.03714118499357,32.85666975465239,45.08358401478149
794.9840010967807,227.7697571513865,31.649154110127608,46.51284789145777
798.3383567380497,233.92399673918416,33.51768945493572,45.232257236735634
796.4810047459794,238.520840844542,34.75895037432454,44.69561975265122
796.4417829186451,242.00550348597463,36.08619846581097,43.97031665387494
800.0988936001957,245.73678224761184,36.327196080022546,44.06297810791311
799.7754007721527,249.52608227814866,36.9741817361085,44.07150281507397
800.6735685251277,251.48280833314598,37.7280180909468,43.983308496261714
800.7171467954196,257.6585722476754,38.926711102757736,43.20442663875577
804.8559813175115,262.7860287346357,40.992762747486765,42.000269267633776
805.6865073821901,263.3232506962963,41.94561622927043,42.232778149883075
804.3313270640739,268.79860820991127,43.33033478789897,41.88719974348554
803.8407630336151,272.1218542536966,44.311462848816404,41.950509198491844
809.0423312311532,272.8713216422172,44.77495881674987,43.16823251220303
807.3603450938572,278.54578648554394,45.36918237066125,44.283172068612586
809.7969650910617,284.1475570701686,46.143231194590285,44.37420853603917
812.6241565256195,286.3873373571355,46.190462059503005,45.59626169613382
812.7668750672148,289.86128564178273,45.90502497631255,47.32108099324785
814.7047234108215,294.46173853266936,46.43358422389758,48.39677239267191
815.2895412583597,300.31516197107754,48.25057140170625,48.636417007394925
815.0604457132322,305.02783589666313,48.70876249196135,49.89150339771665
816.6796534177777,311.4129905353877,48.57581141217832,51.09578360215333
817.9345618352232,317.0062132675232,47.635500572834204,52.46538610225835
817.9753054592295,322.8818430357291,47.55401332482174,53.32159139496261
818.5368776144511,330.94486130395217,46.4308690143785,54.662927083347384
818.9010707933775,337.435074734558,45.70248265652582,55.99887383525073
818.7421518075173,344.26518187543496,46.020320628245976,56.734545098588185
818.7213683205471,352.807374573268,46.06188760218662,57.4260080439433
818.6921463013744,358.12289282250657,46.12033164053192,58.18587748294174
818.2463642302143,367.9886735807841,47.011895782851866,58.132729285309246
818.3883631162166,373.5963478730398,46.72789801084731,58.49190770342325
818.4004737281465,381.3433107188501,46.70367678698761,57.88770516965231
819.8212087873902,389.13150083562016,47.15171172338556,57.114097683095736
818.9539527612725,396.64932059877094,47.24611738627769,56.83941566088217
818.9836115684416,404.2486628981618,47.18679977193971,56.37733823000026
820.1412330315642,409.9176232651033,46.50088186736363,56.444692647802725
815.6115008596089,415.1401914684169,44.22525814543559,57.33464430701427
818.1502595667514,421.1772214626512,42.33980880139718,58.02885659953137
822.4142545347003,426.9400455313022,41.690688408521716,57.53362582246075
820.675401725192,430.79343622508406,40.49559366203995,57.61484504406069
822.0203842601653,435.4101218817307,39.344783458829255,57.61640293118218
822.8238452270673,438.3044822547144,37.73786152502517,57.90830158274859
823.0622904859429,443.14762725036996,37.260971007274165,57.209063771578954
823.2241871844376,444.0636776154482,36.93717761028455,56.85636516153462
821.896234396115,448.50066528071795,36.655657760950476,56.7946661089331
821.5220347150641,450.1665827811713,37.40405712305202,56.38901167272252
820.5257508042582,453.9779084306309,37.92715279087297,56.11372114275822
818.3987808755055,454.67327937268334,37.759035775509545,56.19699821627624
817.3399412218929,457.0916210819189,38.40423230858282,55.77776312026129
817.0768633260486,459.44978696406633,38.930388100271216,55.492007718165766
815.5025712885126,461.6904005128618,39.11649712273095,55.4544931994933
815.2671217896615,463.0566480982142,39.58739612043327,55.689478740773964
813.317272367531,464.55734779730017,39.00192475310122,55.678192816997324
813.1515317495647,465.4595369014437,39.33340598903394,55.35904686578333
813.0384558911489,467.89639562527793,39.55955770586537,54.94294313525392
813.9882718587812,468.2794396605458,40.626507245193004,54.17685506471824
814.0554932606417,468.29583030398373,40.49206444147183,54.14407377784235
814.7754205061423,468.3125775426234,40.53866098894224,54.110579300562996
810.0295561939577,469.6532876096624,39.62346599331385,54.4025659150557
812.4406931465614,469.41727323413284,39.22962711399813,54.87459466611479
813.9362239072484,470.08773091130024,39.19222018416494,55.010506607550354
814.1950885365229,470.9629040943471,38.674490925615785,54.738429827610496
811.9601696087776,471.2025969919076,38.74746397410312,54.25904403248941
812.1131646860716,471.2542329801359,38.44147381951498,54.15577205603287
813.091065171376,471.9972184311744,37.93863808585459,54.12276639090428
813.0927573422719,471.5872721612879,37.935253744063054,53.49848452885051
813.2173841590069,473.0546591331893,37.686000110592786,53.43306501125281
813.6119662100459,471.4378382158909,36.896836008514924,53.80754921940191
813.7726581841417,471.36455958266384,36.575452060323265,53.95410648585607
814.4048523964763,471.63999556981156,36.73014361058105,53.40323451156069
813.7587712173921,471.8334555069839,36.60896704805639,53.01631463721593
814.3096249073161,471.1868586576874,36.91275633575839,52.90401166825889
814.7098297413394,472.1952945607411,37.52116821932068,52.29596141376051
813.4478200462204,472.73557520750836,38.63553705899845,51.21540012022599
813.0406413650219,471.6699055636509,38.038390383968505,51.935235370514164
812.7765501077366,471.7682681477795,38.56657289853901,51.73851020225699
812.9608934595557,472.3037342247774,39.616226429106554,50.66757804826127
813.9141469094113,471.85474940816357,40.547973096478145,50.146420897947365
813.9567366108575,472.40064202639167,41.88905079709362,49.05463566149115
814.467717811169,470.57145071918836,42.29816061225582,49.8508738443279
814.3034675920303,469.78510685253576,42.62666105053314,49.97361476556554
815.373331209789,468.94987663727494,43.40118210599739,50.18695105059642
814.6091080745214,467.79318940727546,43.456768357623346,51.02746549168616
814.9112514416171,467.8661765330487,44.339227712460826,50.88149124013964
815.9534338960959,466.25682873161844,45.25217037904825,51.10287926745499
814.8563701430348,466.01399591367067,45.92959501432642,51.58854490335057
815.477168259595,466.05649900658113,46.223070952362605,51.503538717529686
816.0425542466093,465.02883182292004,46.630738949683106,52.020433113502904
816.1267087902694,464.02381444710767,46.4624298623627,52.47748585377977
817.1500155945473,463.63073489290736,45.97320514289146,53.26364496218038
819.5581335401669,461.46685253719363,45.84216035924038,54.46794893521587
818.2821854463026,460.44910711482095,43.65937865820683,56.503439779961276
819.972610591303,460.0125506167853,41.85265008856773,57.37655277603251
820.4024111241397,459.9414948637552,40.993049022894496,57.51866428209263
820.6496130442548,460.6383334828244,40.49864518266424,57.67088585350152
821.0471849998253,459.8086045095946,39.7035012715233,57.790291361515756
821.431593964975,459.66686171863836,38.93468334122374,58.07377694342827
821.7912815579465,459.6699720145149,38.21530815528091,58.06755635167514
821.3085607963943,459.65432335275864,37.67256323777205,58.098853675187684
819.3661246774101,460.50748231113266,37.05860285085327,57.89214663340205
820.2162595023945,461.30399937865747,36.84459497773027,57.78537427519825
820.5494346737166,461.406216762097,36.17824463508609,57.58093950831912
820.0496478351715,461.59209849304125,35.71094469271973,57.20917604643066
819.998634552684,461.7858156658761,35.81297125769474,56.821741700760974
820.1885191124717,461.9579546768579,35.43320213811944,56.477463678797285
819.6611052217867,461.3961971631518,35.05013415194626,56.16308293866627
819.6283190693551,461.6279590424244,35.11570645680929,55.69955918012108
819.0127161027289,461.7209118982145,34.92596438191526,55.51365346854084
819.1038608293762,461.8133755323816,34.74367492862051,55.32872620020673
820.037859808723,461.85068540662604,34.28484875118541,55.25410645171779
820.0363525818542,462.0323368558453,34.28786320492297,54.89080355327923
820.1352384496199,462.07999367660227,34.09009146939152,54.79548991176529
820.1265538261439,462.89478735739294,34.10746071634364,54.55614856375526
820.3671521358614,462.812624498695,33.62626409690876,54.7204742811512
819.8259965329496,462.1297966281653,33.32723819842832,54.70479291790682
819.8980163643834,463.5086519064201,33.18319853556099,54.69923071883274
819.8483276442832,463.54665266975894,33.282575975761205,54.62322919215501
819.9927500040096,463.6991523710645,32.99373125630829,54.31822978954389
819.361296860938,464.40820227491736,32.891936813202506,54.26483071108764
818.8625699293282,465.14480650960587,32.5271994264871,54.15381349164531
818.9906009191114,465.84996748661774,32.27113744692071,54.09788362481646
819.0060802515362,465.8685550649645,32.2401787820711,54.060708468122876
818.4355862063214,467.43280242914574,32.03300207104631,53.62854334266919
818.534014583502,467.5471692804829,31.83614531668509,53.39980963999494
818.0949143014753,467.90905939427915,31.382829551961326,54.0075457411795
818.0956064091962,468.52814323347485,31.381445336519537,54.10225583152483
817.6101281273376,468.58257683001966,31.0181426146107,53.99338863843522
817.6498251836462,467.995630365265,30.938748501993636,53.840796637733
817.0708001759755,468.67382153910563,30.773922128614565,53.807290678772276
816.5833891237424,469.08171790191807,30.429161847123645,54.31108033910442
816.5824811439348,468.98425965650415,30.43097780673888,54.5059968299322
815.9436430590463,469.1474208845817,30.38456495508658,54.17967437377712
814.1634969560347,469.43407748673843,31.307908886668372,53.60636116946365
810.7766025533259,469.6775017999102,31.453418762758375,53.119512543120095
810.5008781956265,469.9689006402493,32.004867478157465,52.53671486244193
809.6287321169401,469.6031513981811,32.42764830310679,51.94670201415489
807.2613998765036,469.7890808936507,33.202879216191704,51.57484302321578
806.3186868498033,469.7493502371023,33.76108345530156,51.6543043363125
804.8104966909319,469.2617949014004,34.10201334812112,51.291689795254754
802.6843538677535,470.11512834750624,34.34043747582571,50.92297674259368
802.7860747544219,470.81586490510665,34.1369957024891,50.857870914280426
803.1509218866363,470.5396873130314,33.40730143806008,51.41022609843091
802.6273531518177,471.7032797280401,34.454438907697266,50.41120700282771
802.4736879218765,471.83025719695075,34.76176936757986,50.157252065006446
801.9235950290241,471.75788488467214,34.53015343297012,50.30199668956372
801.2506896047225,472.60773020080313,34.54580962501056,49.93246071386423
800.3929303815797,472.8399469637813,34.93648979664961,49.46802718790785
799.6424430831503,472.90375951292486,35.1131934173233,49.34040208962076
799.6044043071083,472.31311306662474,35.18927096940737,49.19644349417126
798.9727515004125,472.3188390716203,35.12825246961991,49.184991484180195
796.184713248002,472.32032662849986,35.41174377142822,49.18201637042101
795.5923575325703,472.130442359888,35.26868981793953,49.56178490764479
794.6095216613687,472.5198485226495,35.90319765364913,48.78297258212167
794.4406340190714,471.72829035840425,36.24097293824394,49.03631005466327
790.7510208578298,472.0339057659107,35.58521076669396,49.764243988655934
790.4040351915048,470.83644972013724,36.27918209934392,49.48027415137037
790.5569536412405,471.12774899509526,35.97334519987255,50.244212149123285
790.8191054074163,471.11786390527806,35.44904166752107,51.61708127276505
790.9650166677995,470.52402805472093,35.15721914675446,52.80475297387928
790.2724625851391,471.02404532873635,35.164086651325974,53.182959086597705
790.5212596420639,470.67483979352966,34.66649253747642,53.881370157011105
789.1721981670812,470.68367832132554,34.592170878199134,53.863693101419344
788.4818226882952,470.774840922792,34.5882057471946,53.681367898486464
788.664942972674,471.59003622794825,34.2219651784371,53.43289557949687
788.8476308916003,471.54351833998015,33.856589340584605,53.52593135543309
789.2407253414992,471.47819630987397,33.07040044078673,53.65657541564542
789.4203348752416,472.2929129687797,32.711181373301905,53.38326805421389
789.4492340072007,472.4329930308739,32.65338310938357,53.103107930025544
789.7046072589271,472.5921879037053,32.14263660593093,52.78471818436273
789.9766619385518,472.5137548965406,31.598527246681456,52.9415841986921
790.0081836351951,473.3679594481859,31.535483853394965,52.55386598330755
790.6382618847312,473.534773762644,31.589186637470846,52.22023735439131
790.8387836849098,473.5530949657219,31.1881430371135,52.18359494823545
790.4673545722181,474.5734463242567,30.628510105063487,52.747874546033
790.6765405230079,474.4124300704345,30.21013820348385,53.06990705367741
790.8055484988471,474.9480478980516,29.95212225180548,53.29775740325757
790.7237923415225,475.74604917158223,30.11563456645464,52.999825248160995
790.9970365554288,475.95693564272165,29.569146138641955,53.87449488999428
791.108660626898,476.3395380986355,29.34589799570381,54.40935209447649
791.8567630458355,476.25682082520143,29.15382583503672,54.57478664134464
792.0286597746209,476.6997379297158,28.810032377465948,54.99223160708554
792.0482644190632,477.05162467106214,28.770823088581146,55.59197688266045
792.644366863804,477.206188664026,28.890273098665187,55.28284889673271
793.1278189269467,477.419741515013,29.232538402201246,54.855743194758674
793.0220857649541,476.9959659918621,29.44400472618647,54.39452936212652
793.4740418230697,476.8636908872705,29.845685877759294,53.35348630350578
794.0615119156024,476.5672042062482,29.967827991177778,52.64937736706618
794.1079662159885,476.74159500367625,29.874919390405417,52.30059577221017
794.6368606341124,477.2486299798145,30.099129384080918,51.286525819933686
794.6038160940763,477.5949889671428,30.165218464153106,50.593807845277034
794.4943637858165,477.8790117271916,30.38412308067272,50.025762325179514
794.6124692775514,479.6885797097915,30.147912097202763,50.17707840855372
794.4228632114784,478.7106605932887,30.52712422934875,49.622735307831285
794.9831982667325,479.31628731594276,30.65966890913468,49.66469665281727
795.3918089645992,478.6876133221642,29.842447513401268,50.922044640374324
796.3660763303385,478.63530024522777,29.154917741613275,52.28767575393745
797.1876127245929,478.9334498903587,28.78140539740589,52.96093690797731
797.5036291511835,478.1847349625182,28.14937254422456,54.45836676365827
797.5524958973907,477.7161401585796,28.051639051810376,55.39555637153542
797.3972460774469,478.2134061966576,27.065767475640605,56.993766727494204
797.7628622586052,477.46940296556096,26.334535113323966,58.48177318968749
797.895021742226,476.92308019841596,26.07021614608216,59.574418723977445
797.8006352704688,475.9283392751926,26.258989089596817,60.24121867219101
798.4978475852439,476.09723566352034,26.200234098224378,61.23909553371345
798.0603658236894,476.999463370856,27.075197621333523,60.78371487850876
797.6894731624832,477.8608085936693,27.816982943745902,60.41893240502865
797.529754073356,477.3070233090253,28.13642112200023,60.160879393324436
797.108871520241,478.4656721718104,28.978186228230214,59.2110351936063
797.0421093967782,478.71472577529585,29.111710475155746,58.71292798663545
797.5311383145284,480.4997680085656,29.49693645978737,57.86941116035995
797.7855733370145,481.7999265231298,30.345655369154642,56.62668308557089
798.6987597147747,483.62841292285214,31.227122546164424,55.677550218656336
798.813656286059,486.38082415438316,30.997329403596147,55.59260127890566
798.8551371508629,487.2910967289623,30.914367673988178,55.121854832112845
799.3894180161852,488.8544504904501,31.187232378346142,54.67800017914222
799.7784428273561,491.01775894583983,31.748680740350352,54.369877221401225
799.7835038193996,493.0070422889216,31.738558756263586,54.42466048839958
800.1433262642743,494.9973986971267,32.36400554902555,54.479222719523634
800.9248835013594,496.650919030032,33.5138478574153,53.885138836273185
801.177695940487,499.7414862595242,34.375206132511565,53.17193699069293
801.1055960569246,501.51884656699764,35.8901336847454,52.358671945964815
801.07069424587,505.3004183894544,37.343619300276764,51.71393826816144
802.5379316823684,506.14399551084404,38.602872074043226,51.42469324096999
802.3557436647143,509.2906829413283,40.38140579494028,50.78794912235643
802.8677571591135,509.23785905873,40.79077647070848,50.89359688755304
804.5691197117193,511.3581058973734,40.271361986879896,50.97806914234059
805.8933499549659,511.9223574350882,39.0574253192419,51.284089885766164
807.7029755249783,513.952161997682,38.27705405059324,51.48280056764318
808.9182100379986,515.2134957180073,37.25629630665796,51.77955569120317
809.2383751854719,516.5533679209766,36.61596601171151,51.89474779351207
809.6651322570413,517.8278229563581,35.7624518685727,52.12317373104837
811.0173117211507,521.0463804838611,34.43611002610285,52.57614410478693
811.3984180589034,520.9485333948671,33.673897350597414,52.771838282774816
812.4348931652224,521.5345803579578,32.95396631359408,52.9527635322282
812.4920839457889,522.2611786459794,32.839584752461214,52.84323291892278
812.5416784379371,522.9491057822703,32.74039576816479,52.80748974772622
812.7451088619654,525.0325052662035,32.333534920108164,52.65442866982143
812.7083320048712,526.4948804520805,32.40708863429655,52.38726661190073
813.5538421778981,526.8166830992095,32.042112464008596,53.06970549340853
813.3748428684664,527.5378959448269,32.400111082872044,52.957357613676564
813.4951038569902,528.2394185257546,32.15958910582446,52.88874300759787
812.9697083339095,529.491375302094,31.881019203749112,53.04355135139278
813.0724438631723,530.9931936158613,31.675548145223225,52.69386118586057
813.1537129521927,532.4997785705914,31.513009967182654,52.31730022060134
813.8603465533787,533.6117740683518,31.409702256610924,52.71322820868082
813.8367298760634,536.1531912260357,31.45693561124155,52.886824443257524
813.8883815017825,536.6216754341666,31.353632359803314,53.267342386872215
814.0544739571983,537.9736933506903,31.02144744897162,53.2060977696456
814.1389747780212,538.8787244013123,30.85244580732585,52.71090102362695
814.2407964610845,540.0936258430988,30.64880244119915,52.89040675635884
814.2065444909888,541.4943618099636,30.717306381390657,52.696673271067475
814.7953568745907,543.2329496508613,30.84183708428644,53.12596399957059
815.1555853797747,544.6664263809474,31.4320142920102,52.880278975582215
814.9624304750087,546.3721301369497,31.818324101542416,52.1028079112822
814.8458405564559,548.6219914768056,32.051503938647954,51.53880224662904
815.0539353275258,549.2216121617118,31.63531439650821,51.64697005713751
816.3735330321776,550.439666191698,31.600182983545754,51.81492599350628
816.2996032036677,552.533157111382,31.74804264056542,51.53977841371591
816.2819247630056,553.301720464134,31.78339952188989,51.30497991566739
816.7244140745049,554.6261173985142,32.19783923357189,51.25502271626836
816.6770330024485,554.6881122682894,32.29260137768461,51.13103297671803
816.4511439817508,556.0355460407405,32.74437941908006,51.04687961095034
816.6864864312427,556.6516205940504,32.27369452009644,51.12638457813567
817.4401237092993,557.3982211162025,32.071390950142835,50.938154519991215
817.5480267249613,560.022228959925,31.85558491881868,50.885212142548184
817.6812160047588,560.07464659936,31.589206359223823,50.78037686367824
817.8333931141756,559.9565970738165,31.284852140390214,51.01647591476523
817.799800479579,560.7256876904265,31.35203740958351,50.765032631378006
817.6588664538175,560.6877888309597,31.633905461106373,50.840830350311776
817.7589993606186,561.074644364668,31.43363964750411,51.35709893623954
818.2640377709232,563.17570456779,31.717881487148063,51.037934510754795
818.2245891805024,563.7657290355796,31.796778667989592,51.152217516746155
818.4220691512757,564.9282702800605,31.401818726443217,51.42185970648775
818.3925179943421,565.1529321696139,31.46092104031021,50.972535927381
818.2573177452762,567.2910873142903,31.731321538442245,50.56335002006635
818.2547428297798,568.0251632449268,31.736471369434845,50.382666108897894
817.6699996676165,568.8196083395371,31.621104322590377,50.07862929084851
817.6973627305238,570.2189984003395,31.566378196775645,49.836599465643175
817.039083707096,570.2339757162522,31.609097208359962,49.80664483381777
816.3892532821731,570.956650952422,31.634652247135712,49.63540017254816
815.7576131017962,572.2685386503323,31.625961979829057,49.555566032848304
812.5303097510551,572.3776180189477,31.72741732323096,49.33740729561728
811.8250337589294,572.5417073075799,31.868910708064764,49.00922871835296
810.8141473063201,573.2059857951875,31.357682224139467,48.94717243770968
807.8669260438593,573.9569449501421,30.9669424700983,48.70229058359306
807.9261931360184,574.7360414947523,30.848408285780224,48.390935001889076
805.5659041891533,575.4220481959202,30.60820589381899,48.259116670975935
802.821891364625,575.0804444418587,31.159414444963588,47.708119904620915
801.7753474053965,575.8722338802621,30.78219422846262,47.359695095292984
798.8254186515979,576.018697747635,30.563859677841165,47.06676736054747
799.747435494042,576.639136773647,31.151033956766916,47.04149329043004
795.5921163427498,576.678844370885,30.88663719456549,46.96207809595395
795.1174039627978,577.8380287635077,30.61664991603805,47.082533387571885
791.4585311566389,578.4132818200262,30.634070404716297,47.14874812847489
790.8629491661068,578.4532753207106,30.607229950602225,47.068761127106065
787.2486573278487,578.6170385767177,30.537670390575805,46.74123461509183
784.9613952218383,578.6754677137228,30.271058008160054,46.62437634108153
783.5433741439418,578.9434118223372,30.698927980185545,46.08848812385288
781.4645854732056,577.5578604951074,30.043850157882808,46.453263196424814
780.5934234494935,576.9472042549045,29.390714606443552,46.47684587739909
777.9029759472717,576.1002012028363,28.83578046908167,46.983686153174496
777.0669343157223,572.5544412916779,29.32243805954363,46.96265193967
774.5924189930619,571.93800010357,29.49833594082189,47.00225112487527
770.2960506803487,570.3948671100887,29.71330615535681,46.49804579288436
767.9207555203627,567.8812003302111,29.692377735161145,46.753860612472266
765.0267424462091,565.3967943144493,29.49861107751541,46.93723839923347
764.2948826821689,563.0092244017093,29.76647392586085,46.92895150577412
760.2526672313651,559.7353894262086,29.449378279178784,47.47553106513979
757.9855518267175,557.5675559015724,29.171321457182756,48.20198239094383
757.1339826371495,552.6525048366672,29.66523181405978,48.3582603426838
752.7417230953147,547.7688435075992,29.910670816070983,48.366634336067236
751.5915064097279,544.4532084610225,29.762869027911815,48.877316530888656
749.9134809734695,540.0717965608119,29.431174601093993,49.03540129952903
746.5511416373489,536.77638262705,30.02578049874122,49.49615639245883
742.2343277607662,531.8814828660169,29.959147982617132,49.34280132105138
741.6072605357912,527.6207515751546,29.97379453341853,49.18784860873521
738.3119777434395,523.1511004567533,30.377231917156553,48.227745723992825
736.2540946312927,519.260567528815,30.803393973234527,47.39973518736652
735.4420810061249,516.471210636286,31.2028287593295,46.85548665122216
731.3912789462023,512.7756098185149,30.742938977216657,46.908264942228776
728.7666556039696,509.5968369034834,29.91113064303468,47.18475575364451
728.9734768277012,504.58768619593144,29.497488195571492,47.5513303899321
728.8108261620696,501.6041269410023,29.822789526834804,47.49339367379203
724.5721943999447,498.9772384064657,29.832842308835854,47.90876460443735
724.5775992091062,494.76233660714144,29.822032690512756,47.82673805919433
720.8756594122893,491.8590181404794,29.938496240513025,47.5605282894906
718.6927006222812,487.9067950620995,30.66678273729803,46.9771685853772
716.0523104595538,485.1935280099759,31.083658776643023,46.32382233198711
713.9228245264493,480.81755218202676,31.703347027094033,45.371017679197195
713.3248557993885,478.88251767979744,32.89928448121556,44.4051305086128
708.6741019154307,474.7124375388829,32.48865943885395,44.24717458144953
707.8948884100439,471.6495404580496,31.637313931985563,44.34853744901064
705.6975360351746,469.8109716588731,32.45471537329638,43.25593730279335
703.5482955084778,464.95878953421607,31.99617040033411,43.44624949939595
698.9978870737656,463.3675443729654,31.619836973691093,43.07480846087179
699.0723784339071,462.47348235702566,30.298023801020094,43.690102040363556
695.1491620958237,458.4207276217047,30.021755476314205,43.67291051013271
694.6317571661529,455.1351587077764,29.901007954278125,43.31070404972294
691.9013068627881,454.5887905620643,29.62143257143533,43.255345143232724
691.660582475622,451.3962917091116,30.102881345767706,42.78454014913158
690.5527794549052,448.98956186908913,30.0315239868994,43.02407302857311
688.1085009974263,446.8279276290898,30.33638377905551,42.76364438576974
686.8040050425983,445.19720258960245,29.50433011295397,43.73106408090622
687.068131896809,442.76236873924734,28.976076404532694,44.00929151531213
683.875309324393,442.39855954197833,28.502136377349537,44.73690990985021
683.8124178286138,440.0113183781746,28.62791936890816,44.92633305918552
681.8093124950917,439.5271760358683,28.029315801964735,45.89461774379816
681.4638644405442,438.0070270055198,27.564585810659764,46.62366360369504
678.3765566161213,435.12599603441936,27.945999459936353,46.5925235463266
678.2394886051565,435.12806943552874,28.22013548186598,46.58837674410779
678.5152864157806,433.47943495971657,28.837714852013427,46.37812072154511
677.8953955219607,431.63190259852104,28.901074894533124,46.543920208576225
673.8574428373117,430.46772215468786,28.71725619853123,46.512359934728295
673.8004754648263,428.1383378732286,28.831190943502257,45.2891129226123
673.982314132697,428.5982390068304,29.627546536439993,44.36931065540864
672.5676486589853,428.4559837136283,30.137859138129055,43.49431206894561
671.7425008735859,426.5782893603318,30.63337206566718,42.63057020249585
671.5083162731426,424.54155336883883,31.10174126655378,42.10448583840598
670.2113841035786,423.70108776244615,31.39641747294275,41.48622891845241
669.9170413094896,422.89160564874953,31.985103061120785,40.815182637793825
669.0665700494918,420.8815062557302,32.54169463127051,40.25797762444936
668.4858254113261,418.7299466188041,32.558343498001925,39.98173525990204
665.6852474406211,418.53247142521593,32.45516421204317,40.376685647078375
666.1570842297929,417.8811481520424,32.65675161875875,40.534071208366306
641.7119003643816,407.1251574672561,32.05664564342815,42.48005134527361
637.5057614028586,403.33365249185596,31.101456578009657,44.20839442828375
637.5929977519592,400.0799380961372,30.926983879808684,44.80840845879164
637.6058269331986,395.8140520479475,30.901325517329767,45.026530394267986
637.0286421734847,392.04588267242275,30.865164795916677,45.41968770027286
637.4716624228402,388.44142660178096,31.17498175790432,45.453455077365135
637.9622427760452,384.7409539544104,31.39531934440441,45.645410614645016
638.2466488210428,381.1802869345746,32.03454734168168,45.51850413068195
637.7089644509896,376.7434325569958,31.893231941346713,45.87542390275046
638.21097814833,373.07681992829527,32.10894915146345,45.89018153136604
636.6667247929073,369.18997955779946,31.52686523153899,46.322681010817675
637.3259149593042,365.0444907300584,31.428913936225577,46.07065540393678
637.8142395419799,360.9531923787009,31.667272919485946,45.74819506637056
638.7473407159844,358.1423119137372,32.229248837319666,45.299510331691025
638.6275059150879,355.1393462731925,32.468918439112514,45.2225411941762
638.4843128406853,351.40208943898676,32.75530458791757,45.3808988978054
638.4933336331395,346.49937187704535,32.73726300300918,45.37458302447921
638.7150056647919,343.3425634906454,32.293918939704625,45.55781707503198
638.699555967286,339.05432795439384,32.324818334716326,45.58340297767945
638.6109640819632,337.402118762992,32.50200210536197,45.22046724098398
638.5745869501715,333.1564694371897,32.57475636894534,45.17266133138953
639.0761007642378,332.0747027522296,32.792072565044876,44.89550705284497
637.8496463463318,330.1644267143793,32.805563693115815,45.05693256693383
638.298449825044,330.11728662526383,33.13033719132134,45.151212745164806
638.3119598163426,329.5761547972349,33.10331720872428,45.00433515843277
638.5909627749876,331.57810288354113,33.77177833752732,44.67984012409988
639.0592541143998,333.5393917970373,34.067665015139404,44.45467036641682
638.3813215431585,336.0332761616211,34.18966564058269,44.402359705406695
638.2832710834521,340.41050407909785,34.385766559995574,44.29328561531631
638.3413959531197,342.78141500343384,34.26951682066027,44.497791261941686
638.2877848921742,345.9405429742626,34.37673894255132,44.36859906466756
637.6811005410018,347.80251028837375,34.35252186583659,44.357421773623145
637.8324981584233,352.10430274929456,34.049726630993845,44.41298194223874
637.7547449755951,354.0411597942973,34.20523299664999,44.238075375680744
637.7260017303369,358.33724530411604,34.26271948716654,44.275498280455594
637.7175278573493,361.4764013204295,34.27966723314163,44.16872090386742
637.7819341712218,363.968483209298,34.15085460539678,44.1163623968099
638.2848319746381,367.76224147748974,34.3751132747838,43.90917151774511
638.4207872298248,371.9675380809101,34.10320276441052,44.11232730019567
638.6247227709622,375.50780744933616,33.695331682135624,44.40708865190044
638.7642451022338,378.5805725249058,33.416287019592474,44.39687850675743
638.5719845030831,381.92355549334957,33.80080821789393,43.822663225340165
639.2099448517004,385.56312705719387,33.74475467302291,43.862723011832934
638.1249079383115,389.6952302475275,33.4756973937865,44.1354755022153
638.0984079235508,392.22983806394035,33.52869742330789,43.94361064361548
638.7220814446846,397.5173588627371,33.49862746942996,44.32406284152992
639.0498028990451,399.6078130728731,34.06577085452512,43.8109133027065
639.9828093797947,403.87466585493496,34.64776109615922,43.84521894954918
638.8734007347659,407.9291072400898,34.39860517047303,44.374242434342655
638.6867628429457,410.0032960950393,34.771880954113655,43.93994868390234
638.6740029730879,414.4168397294075,34.79740069382913,43.775028872532204
637.5534742793305,417.961352538341,34.56777768382828,44.09804444721154
638.8905438844697,420.88761478945725,34.366752394781614,44.428304748057585
638.724490779121,424.21492369946304,34.69885860547891,43.96536368520845
638.3266244672727,428.9909607563856,34.25793522088866,44.30653763765913
639.0392988628791,432.0216573873897,34.06728962543807,44.41866035446201
639.3804915146482,435.9572617431884,34.6182131579847,43.947304659372875
640.1350121618148,438.17395863961946,35.579311241339106,43.21911993304231
639.9309139063636,442.7801523915164,35.987507752241434,42.68296104282202
639.900895595783,445.9055953687164,36.0475443734026,42.62098904832831
638.8867668303106,450.3898236667521,35.6002162404701,42.31708227582775
639.0186431104951,454.01164883345564,35.33646368010108,42.42885427767733
638.7203420848585,456.8567631032386,35.93306573137409,41.632132536215934
639.2345618792873,461.9049538265667,36.1253007655138,41.30114807353773
639.1079378497922,464.5860832550303,36.37854882450417,40.81342068146664
639.1889818019296,468.2006776395664,36.21646092022937,40.87495130972043
640.3017517987572,469.5661842319589,36.41788836622415,40.57090556458532
641.9447918304717,473.1382887987222,37.97973179811381,39.48660080020707
640.1976071153098,476.3345376720285,37.81444759499551,39.19352577599787
639.8021837169786,476.9675910814077,37.392619018442346,39.14009433045493
638.5401938431297,480.13919522185904,37.50627669803424,38.8226912198166
638.8475611128038,480.0033586638022,36.8915421586863,39.09436433593027
640.1689341041199,480.09734941348984,36.64180164477682,38.90638283655507
641.4741877596248,480.49880059518904,37.600099001995474,38.103480473156615
638.6283011031574,481.27984432101215,37.33099348993128,37.73356878651035
639.5686271852129,481.69491128153527,36.63245616671498,38.08554970635896
640.2769848260415,480.69918449433567,36.392346764951284,37.72379152097121
640.850919837814,478.06213011234865,36.41161293693409,37.1622193073067
639.7204216090039,477.1655947471852,36.35535348843097,36.63803413151029
641.3536351296269,474.5441706208604,36.53742648394327,36.13338232289544
641.2949845888518,472.3586818895451,36.65472756549368,35.92668873044249
642.2814461126917,469.69553196572514,36.96780462654738,35.537988306248586
642.733784438873,466.3630554669456,37.20489597961414,35.352333271231714
643.8984235222327,463.3038044824286,38.30323906275636,34.61559274054215
641.0118400298556,460.45142152531116,38.33660158686001,34.58055419412664
647.4844947984659,458.3131647520143,41.462182405978865,33.11746404202782
646.079783196714,455.6252719771732,43.09896240253134,32.630033556952654
649.0847836939151,451.09187656327356,45.417073462722314,32.17898203664501
645.9196034919385,447.39439822992085,46.87730892640367,32.26875129294252
645.3345373799957,442.934917779928,48.04744115028926,32.500184310761476
647.409622516586,438.5238578248825,50.20999785096046,32.484486457460136
646.033914219544,434.7532907626953,52.9614144450442,32.25697355272682
645.8544224142747,429.832153234574,54.65248094891694,32.774668355630894
645.6972420504455,424.89114808144166,56.33282766824753,33.0947767201903
646.8433202849321,419.01323306958625,58.229785283305276,33.67963585315181
647.6370137996428,413.464636934995,59.51124948410106,34.73584881657481
646.0482267834198,411.0710904327448,61.21749373929791,35.10895248932764
646.745399605632,404.7794387676022,62.829062493261425,35.66859822606055
646.1291909706249,399.0412780620317,64.06147976327557,36.39060568598479
644.3027818044043,393.934793211422,64.58060567687801,37.20249813068822
645.0013263588609,390.6434147048444,66.36015802229713,37.43197223517922
644.7723141421798,384.52171027324897,66.81818245565931,38.345373189253756
643.8439472353164,379.4007739739997,67.03404255601107,38.742003507502126
643.4178332611339,375.94154656088085,67.88627050437628,39.0572542153795
643.9580662139988,371.6077374301994,68.47458623487219,39.38096429561305
643.8478627857738,366.2536398151685,68.69499309132225,39.99120094732507
643.5359265713025,363.6225586305548,69.3188655202649,40.163546751093094
643.2997146277298,360.07841504691226,69.79128940741023,40.41671206737392
645.2670342361716,355.8338537353316,71.01688349473017,40.30544585019596
644.3014033974667,352.93359586134534,71.21179611980229,40.896914441155864
643.641623867892,349.53965088886355,72.53135517895186,40.6876819687432
642.5777587441049,345.565380303512,71.12856845914895,41.575189204692144
643.1149250909978,344.6912389039949,71.81377696348937,41.56393080560048
643.1583314308126,339.22714867877374,71.7269642838597,41.87500977032394
643.7486414061093,339.17758458168936,72.31984284500925,41.9741379644927
644.4294277904584,336.3164756105486,72.74224463259299,42.34443223792837
644.297389003378,334.44535587067344,73.00632220675347,42.493643639350026
644.3997578681245,330.6383740188685,72.80158447726058,42.89576920344524
645.3355118263254,329.39957606652587,72.73680122238993,43.566640446599536
645.40649542558,327.38715594242194,72.59483402388068,43.95729821990302
645.1424444045241,326.014895692725,71.30137327667272,44.88025592997703
645.4489916539417,325.0087882404541,70.68827877783748,45.07470508214645
645.8352547312857,320.9189353369093,69.91575262314943,46.007015641831
646.9167628732201,320.5075766932654,69.56855889419118,46.82973292911895
646.2648111616337,319.1751959989376,69.04818362282087,47.670215623231265
646.4012275088695,318.68906236207147,68.77535092834931,48.6424828969635
646.369443788727,316.58603167379385,68.83891836863422,49.16396060071401
647.3433066983291,315.50749735077966,68.74303674247413,49.46918505369837
647.3764267741643,313.6549939747117,68.67679659080359,49.46336487502865
648.283019275405,311.92221864531797,68.71792532926128,49.22028805193807
648.4601985759681,310.91146293297805,68.36356672813511,49.39086085953703
649.1855232298973,309.41236355204154,68.7612905388443,48.69231338427461
648.1202826683254,308.76620179957337,69.04887122932283,48.14173645654577
649.6349956750355,308.22274378509064,69.69577403658778,47.39048807516874
649.4774419948421,306.86393186634,70.01088139697454,46.43712297349724
650.3660071906529,306.38645851157514,70.05815941429282,45.56766127408733
651.08216847911,305.1496576413832,70.43647591227038,44.41998486468721
651.5366799711493,305.65438688100267,71.32457810683324,43.41052638544831
651.5764154742635,304.8432702505813,71.24510710060497,43.23932602623728
651.7277833446194,304.0326409448704,70.94237135989317,43.07121706336157
653.2632008526515,303.5295933447338,71.4355908124619,42.295285029318336
654.1449245743453,303.46799358629164,71.44842238880052,42.41848454620261
654.1855924813124,301.6933372122953,71.36708657486638,42.41069544399076
655.1545114182799,301.6749430690108,71.20645892188396,42.44748373055988
655.9802393097431,301.4595793402204,71.33044608667339,42.878211188140654
656.0980964162769,301.2935398609625,71.09473187360565,43.21029014665649
657.0236317814374,300.872539378288,71.03029961068447,44.05229111200541
658.0779136625079,299.66235504164376,70.72156771370149,44.67282792013598
658.8698107525977,299.43311519046296,70.94339590240247,45.13130762249766
659.9088773780642,298.2087365366357,70.68187646961789,45.763451112003665
659.7869752792562,297.844026204059,70.92568066723382,46.49287177715704
662.294867109788,296.76304698528014,71.42712456485533,46.815754361819685
661.912866071291,295.2616269020437,72.19112664184948,46.11463227396607
662.5259877319934,293.4644887433324,72.81661724306554,46.00544074614663
665.0445354330994,292.82606647084964,73.35732131625555,45.42301879931149
665.5925614716591,292.39572852471804,74.11884871155699,44.426115219153964
666.1645175562633,291.8797837245284,74.82708808586182,43.6058532760202
667.7510977635563,290.409642165586,75.35155342396408,42.84851064121654
668.4964368438694,289.7863352588237,75.7046155681887,42.25138414989023
669.4085510118991,288.30979951690443,75.71919082009266,41.52684845780211
670.375194412589,287.5917203180245,75.61256398389074,41.13634689038415
671.6720976276299,286.5367023539133,74.83717149256603,41.427968879849644
672.018580635589,286.5268573987501,74.14420547664773,41.44765879017611
672.4382887664732,285.33897863366207,73.30478921487956,42.021369892121385
672.8070793358395,285.1202693759877,72.5672080761469,42.45878840747015
674.0658674135982,284.7949486658269,71.84548419941872,43.10942982779167
674.3513847991392,284.5368094370295,71.27444942833685,43.625708285386466
673.8617953115101,282.9346590477804,70.4573216807247,45.03370234101434
674.2269193523211,282.297042391565,69.72707359910248,46.30893565344512
674.6215398319421,280.74662588956335,68.93783263986086,47.59175727387612
674.843046625095,279.3142558015482,68.494819053555,48.629099268446275
674.9736357832622,278.7333897108625,68.23364073722043,49.79083144981753
675.8452017926036,278.5329227216775,68.34348006650816,50.19176542818765
677.7062143201673,278.3548443568508,68.3438890384029,50.54792215784103
678.6180420082053,278.3755542262541,68.38729471102569,50.50650241903437
679.419157346792,277.5934021570199,68.65210619761214,50.20376439374307
679.1976138630737,276.7971211089715,69.09519316504857,49.9302257796226
680.7147076538603,276.3520262825898,69.79766886448533,48.952083791881066
680.6647878705978,275.62346701469875,69.89750843101024,48.546344713647315
681.4601001760888,274.40582902197553,70.16454943045898,47.26628947823251
683.1383913963739,273.9312369142149,70.48895532104962,46.374979528173284
683.8671652737526,273.49894859629075,70.86196353732267,45.40900019299126
684.6085558985354,273.81096476765237,71.19921967624282,44.784967850268
685.3900645954068,274.25995255062827,71.45084458169218,43.88699228431615
685.3767579651036,273.4400405067391,71.47745784229846,43.72348624843713
686.3137055151057,273.5840847960372,71.40454047941924,43.43539766984091
687.3179458325438,273.5502367435739,71.19110356190407,43.50309377476738
688.2552841537347,273.5718677706886,71.10942882489,43.45983172053806
690.6888925347648,273.7377425791582,71.61538210761266,43.12808210359887
690.5949678893272,273.73534957231465,71.80323139848798,43.13286811728596
692.2792668232294,273.76820375192455,72.02640146089726,43.06715975806617
692.8106046607202,273.82939177745845,72.7618219549198,42.944783706998294
694.3925597283535,273.018109381059,73.21183693440457,42.76038594242148
694.8359298452694,273.05668737699864,74.13562273711923,42.683229950542255
697.9907512167442,273.1064672989181,75.11766375743468,42.58367010670323
698.4522304272303,272.2799852572309,76.03048200165273,42.400857524887456
704.411132073429,272.2356252605972,77.03584544202634,42.48957751815486
704.9855285719146,272.29231728637086,77.74958362630476,42.37619346660761
708.5321309317472,272.07573281060496,78.1408887992531,42.80936241813937
712.8941548424477,270.9601497757349,78.83835141028712,43.156226401392516
714.397203920516,269.9325699600028,79.6332909298259,43.31086719501903
719.048539175439,269.7901555908016,79.90505977814016,43.59569593342149
724.2913550395097,269.83094660976303,80.9620195853561,43.514113895498504
727.8787879774928,268.9708693884319,81.53895393133503,43.29631828267454
731.0269930517613,268.6058696138449,81.07067691891933,44.026317831848516
734.720237776704,268.57874377435314,81.47745836962025,44.08056951083202
741.566780998403,267.41063478033965,81.47107063334256,44.4615448264133
747.8419262717281,267.18458882788445,80.69076133267968,44.913636731323656
755.0438420152665,267.0375229333433,79.99194090097077,45.207768520405864
757.5775810718849,263.01052255648904,78.82952785961118,45.45163913035992
764.6856305134719,263.02003197199764,78.18963049213963,45.43262029934267
769.2923767175569,262.74287823458803,76.69471868045531,45.986927774161884
774.4145870363059,262.6289929312481,76.03431902522443,46.214698380841796
780.4864925601579,262.75618358353137,75.35536383249973,45.96031707627522
784.5246465825239,261.84148415156807,74.8646985934818,45.893305238773365
791.331875207774,261.72587602817254,74.46602412804799,46.12452148556443
794.6567184857113,261.47159102211907,73.47405597626027,46.63309149767128
802.246573180442,259.75817499568694,73.3311977752117,46.30071075343233
805.096325194647,259.72842669478564,73.24741142990055,46.360207355234934
812.3389626734197,256.96124359348846,73.73532747172871,46.27962693306421
817.9394843423843,255.83579012713056,73.79985037551636,46.65293949216061
825.4473143168445,254.89477738347372,73.862687554498,46.650152838486456
829.9103568518457,254.04051231065995,74.36512865568763,46.47297774987565
837.5558646932167,252.02567129654938,74.19608357674197,46.72216712714772
844.2613900046865,251.0097215359793,74.02830768822321,46.862170257656395
850.958080987214,244.7164061524105,71.9853163866699,48.09841036129225
860.1649000653847,244.4771919519089,70.50702873984304,48.5768387622955
872.4316879479194,244.4066924092126,70.24925718491222,48.71783784768811
874.2354823884891,239.5680607019903,68.50747904526406,49.066047554675926
886.7272577815003,238.38930682537782,67.51169081706044,49.57834280345336
892.7980276437982,234.09988270334173,68.23981070651115,48.96457703749226
899.5379274069106,233.92381738488848,67.63642510184734,49.31670767439883
907.5249718503281,232.30111781203223,68.18745270137359,48.88985871203109
911.5930453302686,227.55311090634638,67.40116630998156,49.19854681279151
920.5126511083174,226.70547485975135,67.86809088105007,49.063205293264986
926.1881483906045,224.73891359437215,67.52994589437887,49.32537796472229
930.8588256879374,220.99269134954477,67.36184165987693,49.47922216624593
939.1578486520328,216.52363666237085,67.27538605053037,49.24422580790255
945.07980343283,214.9805306683575,68.23765160552605,48.67153061976069
950.1533505116425,212.24828621844898,69.0983497963436,48.63212334535629
956.3474972773737,209.25662280618712,69.63910032735308,49.07443128596354
962.811820377367,209.55346775660416,71.61028313365752,48.480741385129505
968.1127002310619,206.64745404041167,72.30296911398403,48.64554597365629
975.0467197968001,206.5467095098513,73.59949110687056,48.84703503477705
980.5360911411742,206.4096576790293,74.13124854033616,49.121138696421035
985.526958312982,205.07496238900546,73.80434659865915,49.859562796081065
992.8470238932779,205.18242747039255,74.67073483136451,49.644632633306855
995.502715522323,203.4941808673197,73.25491091921126,51.07334616648424
1004.2831618386784,204.49786978797684,73.24509386865185,51.016087834297934
1011.3310300797926,205.226452784475,72.79253562562752,51.507947304045075
1017.2899711290416,205.23636973353507,72.57645463767383,51.488113405924906
1024.5843557835651,206.01748361344784,71.61461120375112,51.87258934254575
1031.0081654736125,205.71054650201614,70.39773634812848,52.48646356540908
1037.612686442506,207.34973524687496,68.76892383045572,53.06816254906283
1043.3185807644095,210.4514229174545,68.84537863969773,52.60890893442827
1045.6676413129658,210.51383107101702,67.96403438472856,52.48409262730321
1051.7183552420847,211.31702141811058,67.22000986377884,52.77061248933076
1051.08924146856,212.49313069516268,66.59204964063196,52.30458170542258
1057.6083489475598,214.6319252417415,66.63687070683278,51.765002904893635
1058.4566507467114,216.70463340022866,66.80118278242155,51.34141793570362
1060.1399652844611,217.93071371085418,67.1476073304939,50.74578412623855
1063.2874342533223,219.09422524616917,66.4089438458243,50.270852539959634
1065.5491465040689,221.8714174453454,65.5516753346275,50.21570212705117
1067.1905827270862,224.09592584206274,65.90701231599095,49.40489476101456
1073.3441638611114,226.25072539656696,66.27881545246251,48.71785719615528
1074.0752259307972,229.0964945323076,66.62237587076245,48.443372597688864
1074.0772015679966,230.10983157011657,66.61842459636374,48.22309503693867
1075.7636345737849,232.88928726538916,66.8509950038457,48.07233827498169
1080.192339473842,238.5477114106265,68.81618047108553,47.57808525186053
1080.7164260455397,240.34465642772722,69.59334350826704,47.634867578813655
1081.5504417932984,242.14192233117535,69.7633110304216,47.71633380726064
1082.0412089490278,247.41135619315514,68.78177671896256,48.22892909708489
1082.5311975735365,251.14446900353312,69.63736751149229,48.10497564251679
1083.619756421198,256.5512676222776,69.30669213073818,48.370032292439745
1083.648917105945,260.3626144191315,69.24837076124408,48.13065692079142
1083.783776806419,267.87820591435394,68.9786513602964,47.82742994373187
1085.1730396687553,272.14892494530164,68.03203648213248,48.44554611438066
1085.2504981092688,279.6907062559601,67.87711960110515,47.98436489489056
1085.3259137812202,284.1512644213849,67.72628825720288,48.15252107982423
1086.0840461638306,290.4445955512273,68.02836648018891,48.294259737592526
1084.7525728097517,298.25173293007214,68.86606303266606,47.28198622534913
1084.941105352966,306.9637779095635,70.31018825599281,46.24860905416084
1084.0817127557775,313.55074174635905,70.20320578355536,45.85505504826722
1085.1884004640283,321.957219374099,71.62504256600707,45.40055468807523
1084.2894349665266,329.29817129080175,71.59165560489274,45.36919450360823
1084.1350117585662,337.71866802108815,71.90050202081382,45.00084390637115
1084.4839281444677,345.4616635512083,73.03141016272991,44.144780155884504
1083.7472810689912,351.2499197914526,72.67348178116055,45.38682540305196
1083.7499761620325,359.71074746092575,72.66809159507841,45.08601996705967
1083.5958340585016,368.02939322886505,72.97637580214008,45.02343161451194
1082.8090109490445,375.3920855277041,72.70483835041519,45.05951638194762
1082.691910443187,382.828586738378,72.93903936213025,44.920412511359515
1083.4487738337082,392.84316856728094,73.2682083992992,45.163102853877774
1082.5562919745814,399.9816020183747,73.2012878965798,45.701309719473045
1081.6872903127019,408.3552376505469,73.07937166091203,45.693314489971556
1082.9607700204897,416.2953807708377,72.39037645007411,46.53470609203299
1083.0472710227425,423.7936093132917,72.21737444556857,46.43214880164785
1082.304530832994,431.10914437111,71.84542208182418,46.66054063193896
1082.2606943811916,440.5309447915981,71.9330949854292,46.37363698786655
1082.0339501744863,447.3458686973197,70.53438716793521,47.56135902366117
1082.3307913881306,455.47950971678415,69.94070474064658,47.95269489927291
1082.601176626555,462.6496864562437,69.39993426379793,48.400330593064965
1083.1257320043565,473.01627548874234,68.35082350819475,49.84001482424851
1083.1036832863365,480.4111916482178,68.3949209442347,49.89464113841009
