724.5,440.5,26,26
723.4303707228148,439.7626334015198,26.320360916574984,26.474733196960358
723.2000525144962,439.98603743881426,26.780997333212298,26.85934303875956
722.8019240242979,441.49578995365476,26.732524769226792,28.063485730988297
721.5823489999228,441.2385288275418,26.58307784201103,28.578007983214203
721.528470958516,441.1394852103326,26.69083392482478,28.776095217632616
721.0620367297812,441.825901375664,26.750361769128112,29.149944113302162
720.9746051705057,443.4852871240598,26.925224887679207,28.471523583869676
721.0930053527823,443.94817742868815,26.688424523126038,28.418047745432908
720.3075383778381,445.11169956918405,26.523935294923138,28.69413823157776
719.7383620311329,445.6170795243217,26.79287994544545,28.55278636419056
719.945506345258,446.11203416264703,26.378591317195287,28.434352214790394
719.7621135779341,446.85574550055173,25.882332678399138,28.67301788586886
719.8848998957583,447.59064874309934,25.636760042750744,28.920928048232042
719.5645303760831,448.2592487670175,26.277499082101002,29.30130187972705
719.3967123968546,450.0971395525359,26.613135040557985,30.000184336082718
719.2786897635966,450.08116532667424,26.849180307074043,30.03213278780602
719.2337480752543,450.49689478255425,26.939063683758512,30.096091905390395
718.2155358912582,452.2501745073602,27.1797933178972,30.180921923485432
717.7435263905293,452.71129862750206,27.22080311625961,30.161682886297587
717.54359657793,453.2952227113853,27.620662741458,29.897199170851714
717.5229596318945,455.6097648458699,27.66193663352895,29.796193464638264
716.6189887896592,455.44736177069996,27.660485570275885,30.120999614978174
716.6816848683596,455.6528027199807,27.535093412874858,30.619856089093183
716.5119101401065,457.40353771417494,27.87464286938124,30.780401372585064
716.1086732150873,457.88130210861016,27.75769864621814,30.748290656915998
715.748854664823,458.61096072168283,27.556282553126366,31.13107981801133
715.7913961460561,459.0139499611662,27.471199590660166,31.248883028829255
715.469162061103,461.67445592892113,27.19142058439762,30.549106974163614
715.1276149810052,462.2759556236156,26.96559953715952,30.255022792208315
714.4263399712893,463.4175303538578,27.467409711001388,30.674092868493585
714.1576658543834,463.343729116081,28.004757944813367,30.821695344047193
713.8865251145172,464.64803622991343,27.620904156117952,30.99148692166488
713.9459040494748,464.78159556381655,27.502146286202695,31.647016400987354
713.5434518862418,466.4300754905835,27.376139665717847,32.07370033525805
713.4484373490377,467.81321332832164,27.566168740125974,32.113885606000295
712.7063229068362,468.6366350036247,28.111236668790614,31.406203211132492
712.8017324332692,470.05957685313405,27.920417615924727,31.37108961200208
712.319881700883,470.3356004043177,27.95078996330079,31.752371627031078
711.8262568407689,471.19382166583745,27.998309040357938,31.915390390333826
712.2352995174325,472.6512559299906,28.123242256331753,32.77259613923083
711.3146303350837,473.60467448746164,28.047999507302386,32.782340138015655
711.1152763679983,476.02621401478154,28.446707441473386,32.72542358754282
710.4424000179602,476.06204179825073,28.82970880362606,32.65376802060441
709.8130075622216,477.99140514710115,29.12071829418086,32.6661430065924
709.1167817733964,477.8183301663915,29.540548992650898,33.01229296801167
708.8500693222614,478.1079131066357,30.073973894920698,33.41783183828107
708.5911416549608,479.53847397673593,30.591829229522155,33.55528278183272
708.7684352489227,480.5493032340922,30.23724204159807,33.55346668002369
708.722651492248,481.6581859206757,30.328809554947547,33.34417864286128
708.5455401897344,482.91666486740706,30.683032159974857,32.83210691623797
708.7846960747221,483.8408202480464,30.204720389999522,32.98398667506666
707.6967052204334,486.51176394784056,30.390987926831034,33.61124179071616
708.2575123768984,486.3886866860054,30.276963743713708,33.85739631438635
708.3592815328208,488.18767376168654,30.073425431868735,34.297807647282326
708.3516346537793,488.50621414896324,30.088719189951597,34.673901210473645
708.5382092133236,489.61144788523865,29.7155700708632,34.50192283778189
708.5683051219473,490.73367938449206,29.65537825361566,34.27865305119114
708.4971114612326,491.32597060672805,29.79776557504512,34.1002474123829
708.2582695413031,491.63881571261186,30.27544941490419,34.48025468145393
708.8618933470111,493.0402942892902,30.087439064631287,34.73500931152661
709.3451149674962,492.9092655074502,30.141165633479865,34.99706687520666
710.4274167568232,494.3971170121167,30.02673425282056,35.09662216286533
710.4822155136987,495.1955915200404,29.917136739069278,35.54924798259307
710.4774553320908,495.0409759540017,29.926657102285056,35.858479114670516
710.483546503213,495.3579331700227,29.91447476004088,36.259497649965724
710.7050687411681,497.8944993019488,29.471430284130527,36.390922899281996
710.5162890321878,497.6164245478999,29.848989702090996,35.91130200966518
711.1042089301417,498.20935113430704,29.70764432319944,35.75994325386696
712.0846980780657,498.5915660899905,29.806433283212314,36.02539697043024
714.6390855605986,499.57233697798836,29.87548139376387,36.13498442468153
714.2804054327493,499.81224681402523,30.592841649462535,36.69353055864913
714.1697486050209,500.70972795574386,30.814155304919165,37.015645278392995
715.2676155650805,501.58152953782786,30.75255966498959,37.40618039441447
716.3494751784723,501.57688261931963,30.73301370657928,38.48756086561763
716.7853311447788,502.1261758559191,30.949678148738585,38.47735076719094
718.5611624532482,503.56293432356597,30.673209061758048,38.879027361855805
718.5640452563231,503.65694275254174,30.66744345560838,38.69101050390432
718.9866730624756,504.44247840627975,30.912618289857527,38.21036964298243
719.2795438135333,504.9494775376196,31.413910047911138,38.283404640471616
719.7446459989585,505.38533288749755,31.57996755893675,38.507955822591775
719.9529599541225,506.331922278398,31.163339648608662,38.819572933578016
721.3770251274193,505.9992539368999,31.616538455583516,39.484909616574164
721.1980771138726,507.11300521588646,31.97443448267709,39.493391986148474
721.6503952951437,506.73291194475445,32.19371743584823,40.25357852841254
721.5238251142622,508.1487490454707,32.446857797610996,40.839311821519914
721.3239651885257,508.27835897764487,32.84657764908404,40.58009195717157
721.2559924092769,509.0004940316039,32.98252320758158,40.29054286248943
721.5690369619747,509.5985969602658,33.50890496142876,40.24680786440826
721.576859378801,510.62137874912366,33.4932601277761,40.52183422636653
721.9294303881891,511.21248998179885,33.95239554063871,40.50388919265497
721.801963743025,511.59107914470104,34.20732883096695,40.91811544405424
723.4101225798889,511.56136442107425,34.53670286294245,40.9775448913079
723.6454764678734,512.5825264607686,34.06599508697352,41.31145850023528
723.9706828944749,513.435145935811,33.415582233770586,41.97756905629171
723.8656350860175,514.0469365844641,33.62567785068544,41.93936588378105
723.8989842082606,514.6939073088979,33.558979606199365,43.02182200373153
724.3271733757581,515.0327028639203,33.90629418854685,42.34423089368659
725.0365811797345,516.6004510457033,33.68643475559297,42.8056030551178
724.7424523226551,517.3335400864096,34.27469246975162,42.541882007419176
725.1477121356104,518.4907032095443,34.67212996082697,42.643469995121364
725.9478781200223,519.1410216521313,34.287747592920404,42.55878271086481
725.7680894388777,520.1683297559238,34.647324955209655,42.9210223332622
726.0618985370979,521.3144395508467,35.27951709316709,43.06842341221202
726.0877948018696,522.2976308235669,35.22772456362382,43.56664211249333
726.6059974492138,522.8559080713526,35.43043697662618,43.68920532461284
727.1063801768094,523.448648869441,35.673951980396836,43.74800418739808
726.8758674444624,527.0246801845989,36.13497744509069,44.090677486449934
726.773287311671,526.841461456331,36.34013771067371,44.4571149429858
728.416075948974,527.2602608717825,36.866934842310435,44.89030758083032
728.1996770024288,529.6681861783408,37.2997327354009,45.21831585623871
728.0379400814599,530.3928603019015,37.6232065773387,45.066967745222335
728.5241072773115,532.1664825485028,37.95175991835975,45.42238645019263
728.8609109293938,532.9774548466332,38.58981292801235,45.11210216774879
728.7467329476401,535.0220366274125,38.81816889151962,44.97435726314018
728.7332942822942,536.3583495677453,38.845046222211565,44.9390847878081
729.3874413480913,537.582348600202,38.855314396803934,45.12821133526842
729.4598610067969,541.4155019373085,38.71047507939276,45.39182010039488
729.4837792762697,541.1512984511331,38.66263854044719,45.92022707274549
730.1161269607793,542.953559460135,38.728730385017236,46.30806669550958
733.3610704405207,545.2808855724226,38.928001831657475,47.00474119583292
732.267601378344,546.3569217679989,38.41138720272905,47.556221557962196
732.2358066729076,546.8752773909704,38.474976613601754,47.87141463521374
733.7476494588956,548.7148721968707,38.16683366880112,48.26553896417575
733.920937581646,552.561787650792,37.8202574233003,48.724598364497254
733.878884191297,553.150127831232,37.90436420399826,48.90812188672835
734.3394837134724,555.8181704116345,38.34754256950426,49.02954636535031
734.8906673517344,557.7288821137995,38.61861937859959,49.32845521787797
734.5790360645822,560.5260065239838,39.24188195290381,49.26390077265843
735.734126321053,561.4685557553349,39.714813644868755,50.161914514862936
736.2259608746652,562.7689000750552,40.14413360621261,50.38720401255868
735.2990861956318,564.6263723859192,40.574475816520575,50.94248083410719
735.350979507232,567.3869955368733,41.909587052813656,51.176825970172025
735.8249354079529,568.0254434857593,42.42578574329767,51.36404056432613
735.62127926878,571.6598144020827,42.83309802164361,51.47193556884024
737.1738665803164,573.930855509294,42.69504343889735,51.38053341490767
737.2892630660672,574.4155023115017,42.464250467395665,51.891165603393596
736.864348984,576.5118783520772,43.31407863153013,52.15058425418641
737.5592933741345,577.2700100184165,43.42595939893263,52.13609046917961
738.3147693189583,577.6811598084109,43.41835807963224,52.817141459537766
739.2005553143647,578.1155913685136,43.160497745903555,53.46198999641666
739.9437271693292,578.7192814192324,43.193604464755296,53.77406032375993
740.0452461195713,577.7775212820784,42.990566564271134,54.13280502683679
740.7758524100889,576.3004912693709,43.05633755368187,54.0328979113598
742.3898723407997,571.7810375216283,42.8813367484417,53.91268823830109
742.48877393874,568.6033077795933,42.68353355256113,54.18079367076654
742.5834091075561,563.1933544659389,42.49426321492889,54.34156394008414
742.3885433866876,558.7545212117999,42.883994656665976,54.0865240271215
743.2829163256454,553.556197596321,42.619793847206026,53.81135577889029
743.2505320662765,548.1938929172675,42.68456236594374,53.923672506732856
743.0375894326502,542.202732648337,43.11044763319629,53.75548521835904
744.0862079533763,536.8230542133037,42.5363537943599,53.85283967011494
744.7431929049204,531.5256772732149,42.73770633104944,53.840336471848225
745.3087435565087,525.3931905075633,43.125004488398666,53.9581143189441
746.217291297757,520.0640546056073,44.36088217780829,53.9309800211842
747.0107482960364,514.618921545804,44.32003621469126,53.99876990669813
747.9803872546295,509.01428604157576,43.927209230482205,54.382884384314465
748.0811963949692,503.48503032278285,43.725590949802935,54.61939639468065
749.0159274073856,497.71935660361777,43.402491622894615,55.32620494754029
749.8772639461987,492.49233626112596,43.231763821814326,54.916628696701366
749.8901314608872,486.20165979264726,43.20602879243743,55.15475664302641
750.6859642570158,480.42573228270516,43.160491995153755,55.8837100980954
750.8158863411986,474.0840142760593,42.90064782678823,56.11490197007726
750.6146044999182,469.3977257897701,43.303211509348955,56.152531248890966
751.5263546216449,463.62708308790144,43.042672134553,56.75309057202551
751.3943723709948,458.2679174592805,43.30663663585332,56.49629997616274
751.8377478277483,452.4404722964499,43.9881504442956,57.17333724817742
752.9483185085722,447.77142055372997,44.946424602412755,56.97319417432251
752.9950560766421,442.1795127963859,44.852949466273074,56.9413489237117
753.8677093360881,441.1478400885687,44.70787441076375,57.40446287596326
754.700247972721,437.0883684094032,44.64775478218167,57.49861801087573
754.8299231117651,434.357877600663,44.38840450409337,58.14334391362185
754.9479527134554,433.1675803834295,44.15234530071281,58.91290165322326
756.0022056668429,431.9056259836486,43.66274749645888,59.8179023502639
756.798310030677,431.7835569846911,43.69518294293127,60.06204034817891
756.800140631511,431.7212027744879,43.691521741263415,60.18674876858532
757.6628765423518,433.26967899480445,43.59676386243231,60.3512242136529
757.6320364665348,433.1263376268123,43.65844401406605,60.637906949637184
759.2569215027592,433.78388003809846,43.68269738321605,60.95983384786413
759.8616101091602,438.82797342947924,44.115609166175304,60.725381039671674
759.8436630784811,438.7544022149735,44.151503227533595,60.87252346868319
759.6329143024842,439.7404268198956,44.573000779527376,60.54914710499099
760.3688883321076,441.418122328185,44.751733156317655,60.49511696048673
760.8288784427658,443.95089144247527,45.48454135857324,60.387944002622326
760.8680695101195,444.4154640350047,45.4061592238659,61.12194717159204
761.7754856425594,445.64456945598533,45.2643647215087,62.009811854675576
762.3826427162089,447.16911204463526,45.73425424218056,62.32913401331814
762.2080694774952,447.93311965088105,46.08340071960815,62.49788046776925
763.177594129246,451.8379857522259,45.84940118142092,63.21339709165197
763.0593997314056,452.6271268524647,46.08578997710164,63.3471886186465
763.3549980671398,456.04816877425566,45.494593305633316,63.37704852998831
763.4046352761507,456.9592349924928,45.39531888761165,63.26363838603763
764.1987729949577,458.79877467326185,45.51241419073121,62.99530050596718
764.0645481297519,463.6743034623615,45.780863921142995,63.46361619319486
763.9896332837026,464.49496000797643,45.93069361324158,63.5370451039996
764.0564877537244,465.311364681607,45.79698467319793,63.622553831067584
764.0646927351622,466.68042280978676,45.78057471032241,64.31927027693197
764.7962012795047,469.34330300622304,46.04525771837062,64.17661017425905
764.5424658700848,470.07496093079067,46.552728537210186,64.44319058120317
764.4949660716659,472.5562417224868,46.64772813404808,64.70747377139034
765.2291252276981,475.46642993239954,46.92725987912613,64.1306475229924
765.8447226799036,477.0446418886279,47.43975467089675,64.4616030028992
766.5846817092836,477.805634341077,47.71695832780857,64.69673981367268
766.2597630211787,482.90405266822336,48.366795704018074,65.09133427653597
766.1916348293646,482.2928023489527,48.50305208764655,66.31383491507721
766.0053801908647,484.0176549202274,48.87556136464637,66.46951583369011
766.5981835795657,486.63142990802703,49.50112199169929,66.675468071456
766.5176978194772,487.2902497636363,49.66209351187622,67.18237632380149
766.3737416290978,489.8675244407046,49.950005892635176,67.53250200120091
767.1447758379086,490.741904245039,50.252868504882045,67.62867342240071
766.9612922045616,492.59250407854466,50.619835771576234,67.63018101790396
766.8558947939158,496.07496098058067,50.830630592867735,68.09479486509701
766.8091300520538,496.57382447068846,50.924160076591775,68.9649692432895
766.6214369480133,498.70898046836226,51.29954628467272,68.45998959723676
766.7280738177817,501.35286512250843,51.08627254513601,68.81561117061008
767.3419730539381,504.0140289208852,51.74152510032866,69.1424366563728
767.5053731998233,503.61367828511584,51.41472480855797,69.94313792791152
768.1657600630018,505.53415880142694,51.99952180588087,69.91331834264898
767.8197052213751,508.52632559331295,52.69163148913442,69.6730807279295
767.6401545924583,510.47203237973554,53.05073274696784,69.62638453247041
767.2579468338868,512.2202669775861,53.815148264110974,69.98493399715665
766.9609945442816,513.8878425338656,54.409052843321334,70.5406743498408
766.9979433780675,515.56384420462,54.335155175749655,71.11588743379396
767.5778476597334,519.4738699366585,55.1465300390535,71.18056967625908
767.7633601806726,520.130698240984,54.77550499717499,71.85230603512521
767.8132159711498,520.9139105019193,54.6757934162205,72.27548174480452
767.8482036187452,522.8330388049296,54.605818121029785,72.42607300720991
767.6983620864024,524.4838666392563,54.90550118571537,73.1155676944297
768.011252680968,527.3534614384025,54.27971999658422,73.40930142842456
767.9388294357084,529.1037946761617,54.42456648710341,73.91903756734848
768.0034309411537,531.8025645588532,54.29536347621269,74.56746323660495
767.7955397772316,532.5613195499849,54.71114580405694,75.0730015875649
767.6059949005413,533.4014166782224,55.09023555743762,75.43035393455865
767.4295475652356,535.1672444898792,55.44313022804907,75.99708460557618
767.3418574302509,536.125903497825,55.61851049801847,76.14335451923901
766.08982360222,536.9685832166974,56.05389143124859,76.52668180432588
765.8963879967109,541.683534798007,56.44076264226661,77.50503158177384
765.973972601235,541.4704185722625,56.285593433218565,77.931264033263
765.9614401467079,543.7230050433224,56.310658342272816,77.63962764889538
765.9968605113334,544.4120801098861,56.23981761302184,78.36423473391162
765.6446400426298,545.1857253978891,56.94425855042897,78.92952238878118
765.2251709182186,549.305142728214,57.78319679925123,79.22160936823487
765.0858617536695,550.2757981251222,58.06181512834958,79.43124076435535
764.4468407422394,550.9937354481306,57.18116002146631,80.15406324808215
764.6346030390345,551.8533809734978,56.805635427876,80.58995374065513
763.9350006054452,553.0309413264013,58.204840295054474,80.39042301501159
762.7284903817133,554.0790525246348,58.442260246000274,80.46980111506234
762.4818195086746,554.9223874571247,58.93560199207784,80.96383604641353
762.360799137625,555.8226841034503,59.17764273417687,81.35954511475649
761.4487381318673,556.7323869150445,58.795483407340484,81.74642082992
760.1517735153828,557.5917969490293,59.18354451938694,82.23346888287281
759.9957604512574,558.2934628921264,59.49557064763789,83.04976865334106
759.8452720560346,559.0846442434812,59.79654743808351,83.70453971641773
757.9477397328033,560.1676573484951,59.087601954549065,83.79051857138836
758.1605709989581,561.168932577195,58.66193942223939,84.02959398661685
758.0289771546481,562.2592793400785,58.92512711085918,84.08711595288035
758.1292789562166,563.3095845080786,58.7245235077223,84.22993528745975
757.9024798921215,564.3712891775543,59.17812163591247,84.3488015358332
757.8284114506812,565.2875839957329,59.3262585187931,84.76777217817911
755.6287305848728,566.0557080885379,59.20494522062097,85.4918615074636
755.5471106724087,565.9650979060915,59.368185045548906,85.67308187235656
754.3155199189243,567.131738685877,59.5566626296724,85.61450423563055
754.0266719584629,568.1313892272045,60.13435855059541,85.89213733449496
752.832038323624,569.1139112519245,60.232957210885104,86.21776189444299
752.5896738699383,570.2416393822343,60.71768611825662,86.25952246842093
752.6513378923693,570.0198096614906,60.5943580733947,86.70318190990838
751.3317905391667,571.1240010305912,60.922934377923056,86.80531757358392
751.0959697000603,571.0777809730048,61.39457605613572,86.89775768875697
749.9992220313709,571.0029915284474,61.26140895664324,87.04733657787162
750.0005101884921,571.9651497388064,61.25883264240085,87.44974880224962
750.1172355042156,571.6075204192741,61.02538201095382,88.16500744131412
750.2357755632235,572.6130480138545,60.78830189293811,88.4936684327011
749.1754149040925,572.5753992461289,60.56826970084816,88.56896596815218
749.0726422498929,572.3385719426514,60.77381500924736,89.04262057510726
747.498665144855,572.0866997630735,61.57297880192369,89.54636493426304
747.4059888326666,573.2737951493208,61.758331426300416,89.5417913228973
746.9803511563937,573.2913520170487,62.60960677884633,89.5066775874416
743.5508307749844,572.9516850629317,62.310192651300554,90.18601149567547
743.3874658571237,573.0070155556209,62.63692248702211,90.07535051029708
743.4756793109468,572.679301811685,62.46049557937601,90.73077799816876
743.6283500364201,572.3941872070114,62.15515412842924,91.301007207516
743.7184897224064,573.617014130206,61.97487475645666,91.26106418006796
743.9154526150343,573.6548227683122,61.58094897120089,91.18544690385554
742.8854768920122,573.5086759849486,61.2464504135781,91.47774047058286
742.9554389963583,574.8088191688505,61.10652620488583,91.27075057488021
742.9632834858024,575.0611773652948,61.090837225997646,90.76603418199147
741.6983332198522,574.8650740271815,61.240733685419414,91.15824085821797
741.4573949339654,575.9654737663795,61.72261025719301,91.3458359924991
741.2936757273671,577.2700335746988,62.05004867038943,91.13593118952953
741.1211607695176,577.2670067097202,62.39507858608867,91.1419849194867
740.7637512015015,577.0071841356283,63.10989772212076,91.66163006767056
740.4349251331139,576.9253365447662,63.76754985889599,91.82532524939492
740.1659228904213,576.8855209420707,64.30555434428122,91.90495645478596
738.920661678972,577.891499978303,64.34568651077625,92.34338863872472
738.9248928815565,579.2753303833675,64.33722410560729,92.03340471815932
738.7628126496337,580.4243752714166,64.66138456945288,92.18816899672507
737.4641180958898,580.5382207866338,64.79822998138387,91.96047796629071
737.6016094468729,580.3637482986599,64.52324727941772,92.30942294223848
737.61011042234,581.3230103638732,64.50624532848354,92.85099480726934
736.4064748275687,580.9548295569386,64.44552087444899,93.5873564211386
736.2569085630146,582.2307788032393,64.74465340355712,93.51356361435516
735.2837391178402,583.3008868583123,64.20905303298753,93.85528676512742
735.1912521555029,583.234829998786,64.39402695766238,93.98740048417986
735.3685457724454,584.2102569857431,64.03943972377732,94.51983354945955
735.2113778867541,583.9734278033892,64.3537754951599,94.99349191416722
735.2296752986917,585.1113725597711,64.31718067128458,95.21538384990701
734.748830973721,586.3834135313996,65.27886932122598,95.17181778883365
734.6476494582728,587.4788857781795,65.48123235212252,95.49666881203737
735.1039546550356,587.4915593392011,67.09266607462794,95.47132168999417
733.830380524666,588.8785969662254,67.08952222359508,95.24753854771758
734.6640207817559,589.9836415131101,67.9690982963788,95.58430604091147
734.0533929801273,589.644386574194,69.19035389963594,96.26281591874383
733.6385049804182,590.867652412792,70.02012989905423,96.41311132600438
733.6823728593686,591.8503071667151,69.93239414115348,97.0605457789031
733.7196863720866,592.9175420071161,69.85776711571742,97.5471966375776
733.4184365967213,592.6022339425342,70.460266666448,98.17781276674151
733.6775067527975,593.7040877149484,69.94212635429561,98.6208399269857
734.2763639521812,596.2745479730058,71.38932450424359,98.76974450830164
733.1018246101804,597.2471875403274,71.06741973195064,99.49544882995289
733.4288053395688,598.3228004243018,70.41345827317383,100.02090916651268
733.6246070407927,599.7562034701698,70.02185487072587,99.82796501620288
733.5431304972077,602.3846510490554,70.18480795789596,99.90003806802018
734.2606332443817,601.7706649289389,68.7498024635482,101.12801030825322
734.4045293250424,602.8005251342629,68.4620103022267,101.73135532339609
735.2624917407445,605.435828019749,69.41346310333354,101.7955048174461
735.4335383956754,605.0513046730429,69.07136979347165,102.56455151085844
734.6220368145832,605.8634110454673,68.00434175057092,103.63036997109486
734.7120981329366,606.8750430942583,67.82421911386395,104.29541850627683
734.7286246709174,608.129464819599,67.7911660379024,104.48186491080776
735.6111792492997,610.7770283282761,68.72359149616533,104.58180712350858
735.7769955963698,610.4156373450385,68.39195880202483,105.30458908998372
735.8308080308054,613.1894797473077,68.28433393315356,105.1966906343757
735.4630008650597,614.7340103108842,69.0199482646452,104.82410949596145
735.1752600463611,616.4068343390846,69.59542990204224,104.20160856545729
735.9613908417422,617.0000274793002,70.74653134730124,103.01522228502617
738.0766145504314,618.4968977570727,71.96525145066873,102.74606548985403
736.6623643397816,618.9819603237308,72.05308852655205,101.77594035653772
737.9145222426271,620.7311081592406,72.2762149044518,101.00508686910891
738.9279163340468,622.829260956487,75.68832101238561,99.52822842000275
738.4882222955206,623.5536862857676,76.56770908943801,98.07937776144139
739.3880678535713,625.3581248985295,77.51314501608124,97.21562757866238
734.2523136643094,625.7390360377676,76.79562384310645,96.45380530018605
735.9007965319272,626.0136745717289,76.22260115993062,95.90452823226366
738.387232463289,626.4547487787919,76.66218857798074,95.02237981813764
737.5847075708094,626.6310387987709,78.26723836293999,94.66979977817962
737.9661492179808,626.2845381754935,77.50435506859708,95.36280102473437
733.6965558563854,626.0397126530156,75.16880865820669,95.85245206969003
739.6561235245894,623.7093352057118,74.0029510759535,97.8248875257591
740.8534003191751,622.2581566176711,71.60839748678188,100.72724470184036
740.59382375268,620.4464887753825,72.12755061977211,101.6463358300643
741.7948658640219,618.6973096312724,72.4521744502988,102.41798606507402
740.9199300304081,618.7349389357172,74.20204611752649,102.34272745618448
739.7035150087202,618.7351850151906,73.8634873676394,102.34223529723761
738.5026189951474,618.7878921460928,73.49946158844378,102.23682103543352
739.7122533258305,618.6223184602959,73.83842735691348,102.5679684070272
739.9837928461363,618.8034287131411,73.29534831630197,102.20574790133682
738.9831327547024,618.6986164540631,72.54226251916302,102.41537241949267
739.9188349281183,620.3635073958416,73.41603744930146,101.83076981290603
740.3358887104001,620.7117189070815,72.5819298847378,101.13434679042616
740.4283665312902,621.1447015583786,72.39697424295768,100.26838148783186
741.7648027065894,621.7791955776113,72.43437065342182,98.99939344936655
742.9284715576833,623.4801184934951,72.79866180015678,98.28917646652184
740.8250785053123,623.9147882208019,71.63182755030385,97.41983701190827
741.4215070571738,623.7686882767362,70.43897044658064,97.71203690003976
742.1255929504367,624.511075215028,71.67012392949754,96.22726302345606
743.5079012803928,624.7777555676186,71.54248066489743,95.69390231827484
744.6210602139582,624.9550612437193,71.94293185502303,95.33929096607338
744.4194044576453,625.0747951040544,72.3462433676489,95.09982324540326
744.4891100499909,625.028540627374,72.20683218295765,95.19233219876403
744.6297117868453,625.1584130953559,71.92562870924891,94.93258726280035
745.9442203551398,625.0372489057606,71.91804793960247,95.1749156419908
745.9592719054765,624.9698882545306,71.88794483892903,95.30963694445079
746.5585238975555,625.1848469140866,73.31600703184664,94.87971962533884
747.4051912566667,625.1082913571536,74.26597618873234,95.03283073920484
747.7413884997718,623.2550931150188,73.5935817025223,96.07812346031031
749.3492727613977,620.7689814343688,73.04393672071768,98.38422328016284
748.4120505236029,620.031931379018,72.22610878971838,99.85832339086434
750.0215188070231,617.7488036654362,71.7084149006027,101.72333614030353
750.1828175735076,615.2549247094522,71.38581736763383,103.99013003023512
750.8649670298552,614.6710967736608,72.77138642530764,105.15778590181797
752.0350706792701,612.5263694130801,73.22158502764147,106.65683472181549
753.3119839075517,611.6155926201353,73.48822911764395,108.4783883077053
754.4016121301374,611.2437197612893,74.16131341989335,109.22213402539728
754.3431370464154,609.3240194603676,74.27826358733729,110.18683193675375
754.4807534348646,608.6902340460849,74.00303081043909,111.45440276531914
754.6563759274386,606.9163553347448,73.65178582529087,112.09649651899838
755.7238415902982,608.4129828623118,74.4263187872476,112.01270575154025
756.9786055978449,608.3281525040926,74.8378840352154,112.18236646797862
757.0932219229707,608.4925491283957,74.60865138496388,111.85357321937246
757.8940986843209,608.9311482547236,75.92862947744806,110.97637496671676
758.3576064906057,609.0684657815473,75.00161386487838,110.70173991306942
758.5808849154982,609.2114910030139,74.55505701509327,110.41568947013616
759.0078425143971,611.3181628787224,73.70114181729554,109.10155279186735
757.8572442540531,611.7601684457676,73.13708244467537,108.21754165777693
758.8456671181722,612.1403831061507,74.00282576301797,107.45711233701077
759.0329993236361,612.0942413981892,73.62816135209007,107.5493957529338
758.6376401469372,612.0750037687827,71.57821921626005,107.58787101174678
759.4256583195855,611.792418304525,70.00218287096345,108.15304194026234
759.7469890578953,611.3798034930365,69.35952139434373,108.97827156323916
760.6682444470956,609.184638493454,67.51701061594318,110.57751200271831
761.0482572192136,607.0979301875689,66.75698507170733,111.96686070754976
761.9848597013249,605.4196454689893,67.67572577123637,112.5314844809572
761.9820759194705,602.1652004718569,67.68129333494524,113.40868562945604
761.6094339843056,599.2434464845445,68.42657720527498,113.5942143490613
761.920327145799,594.539410717599,67.80479088228826,114.46932495335363
762.2233155973821,590.1216544491728,67.19881397912187,114.76430486523394
762.0426121157102,587.5316391488907,67.56022094246585,114.26237607251036
762.1859357451792,584.7151167931943,67.27357368352779,114.2161483834631
762.140535052503,581.899478815427,67.36437506888028,114.17921640348924
761.8611081301638,578.9726180500293,67.92322891355865,114.36275705373095
761.9560879405691,577.4051104320184,67.73326929274798,114.65051150498718
761.7711282434832,575.7810979024115,68.10318868691968,115.05020840522292
761.4022319657774,574.2933474496833,68.84098124233118,115.16519041665774
761.1788894932137,572.9869849109435,69.28766618745895,114.9032294275686
762.533939031506,572.7908233276611,69.45588730995976,115.29555259413354
762.2632778761379,571.2927372898956,69.99720962069581,115.40472881368788
762.21055421916,571.3239747154878,70.10265693465158,115.3422539625036
762.186086221209,571.5506114471939,70.15159293055355,114.88898049909122
763.5454751678674,571.5667218310325,70.3254697457329,114.85675973141394
763.6569503818065,570.0400679303226,70.10251931785479,115.01496854373923
763.5208296749269,568.6709395649225,70.37476073161406,114.85951849696482
763.3611317712387,568.7218811000416,70.69415653899047,114.7576354267267
763.227491264017,564.2983069056904,70.96143755343385,114.90532937799182
763.2570469670097,562.7904377265056,70.90232614744839,115.01455579265121
763.1430019698666,561.4438438034582,71.13041614173446,114.80059497196552
763.041692428236,557.2661642085006,71.33303522499578,114.43259472257952
762.9227793539228,551.6833266762798,71.57086137362207,113.97550109847316
763.0205099479577,547.184502226091,71.37540018555234,114.26459924089022
762.8853059362391,543.136188659288,71.64580820898958,113.64954620337599
762.8476035627082,541.9557404850295,71.72121295605133,113.11120942954281
762.8063866261781,533.0545633405279,71.80364682911157,113.5588993972984
762.5814761274619,530.2212706242484,72.25346782654412,113.42444368344897
762.5789629768506,526.0132023106976,72.25849412776677,113.12247347959871
762.7097697426551,520.2779826572059,71.99688059615745,112.98651537695214
762.4304457339738,514.660379768385,72.5555286135203,112.64096198277745
762.3679561282743,512.3159703937023,72.68050782491922,111.53108013202208
762.4682747222167,503.84355583292404,72.47987063703425,111.16713596099565
762.4353982497646,502.6268262573341,72.54562358193866,110.7246041219608
762.3670308371926,495.9574500413189,72.68235840708259,109.71112565210484
762.1525058398514,490.81297778210853,73.11140840176486,108.57006244631904
761.9545051231111,486.39434323555076,73.50740983524562,108.86492147998158
761.8763313701334,480.7087673053406,73.6637573412011,108.8021558737447
761.7048508256556,478.0252639736212,74.00671843015647,108.44890755131442
761.5351998080307,472.11263484999637,74.34602046540644,108.83220671826587
761.3644487723388,472.2514699884235,74.68752253679013,108.55453644141168
761.087412460377,467.8828563124835,75.24159516071373,108.67170251569686
760.9938681562671,466.5883948461692,75.4286837689335,108.37633970783173
760.9064088718234,464.99395646070894,75.6036023378211,108.68229855849006
760.7318832432481,463.87177371250584,75.9526535949714,108.03623553458985
760.5584759944567,462.4942055096099,76.29946809255438,107.9049432499734
760.6040550682638,461.0979239258499,76.20830994494004,107.80734408821891
760.6890425027929,459.5201307385953,76.03833507588207,108.07574732917695
760.4879474699937,458.0235484323755,76.44052514148038,108.18047239891368
760.4430056218644,456.48904269688194,76.53040883773905,108.3528280678855
758.9416958087077,456.64932472281276,76.63228360909397,108.03226401602389
758.7785979892026,453.85709789716674,76.95847924810404,107.82156999180184
758.8129195257,452.49517976679977,76.88983617510938,107.64564949544317
758.5980348219656,451.13219625546816,77.3196055825782,107.4756539135677
758.5166713790858,446.79902175522335,77.48233246833769,107.44062807977967
758.1318384917256,444.1208221501214,78.25199824305821,106.99182127658686
757.88703247667,441.20243993709704,78.74161027316933,107.01171577468702
757.7118139500977,438.56365071115465,79.09204732631382,106.4557592352939
756.4660517766937,435.46371992148926,78.6695136388406,106.82750474606212
756.4157845612533,432.487699294861,78.77004806972137,106.95397253546199
756.6086758818625,429.80262741600745,78.38426542850293,106.4914035586161
756.7447274576098,423.9525091871705,78.11216227700827,106.57962459811563
757.039840338577,422.8482370553919,77.52193651507366,105.88828711173035
757.1620478445825,420.17872671954996,77.27752150306287,105.4679060063758
757.0884809737165,417.60242542930877,77.42465524479474,104.88189333927814
757.18988982512,414.97773560680196,77.22183754198784,104.40563846748336
757.3559499927877,412.2203153426748,76.8897172066524,104.2159689410542
757.0759197317229,410.8904124314264,77.44977772878194,104.0318447124728
757.1019663820921,407.5528346895628,77.39768442804366,105.0063930982875
757.2025951359387,405.93454997669744,77.1964269203505,105.37869527769504
756.675122825965,404.6219939019902,78.2513715402978,105.13718484984514
756.5341749013066,403.12381787424226,78.53326738961469,105.25329767765746
756.4474267345978,402.93398921045326,78.70676372303232,105.63295500523547
755.9194635178351,401.34990746152727,79.76269015655774,105.9058834090056
756.8257727161624,400.0358549878705,80.86673102206184,105.61732909416014
756.6364664418929,399.77129079505704,81.24534357060087,106.14645747978702
756.1440978737547,398.4596751702752,82.23008070687739,105.82515758124424
756.4193607103999,397.9739963027807,81.679555033587,106.79651531623324
756.4229424198693,397.94656302740464,81.67239161464826,106.85138186698535
756.2559764989248,397.74378981521085,82.00632345653696,107.2569282913729
755.8549689329974,397.7158592534865,82.80833858839198,107.31278941482161
756.1711913605787,397.1423685157005,82.17589373322933,108.45977089039357
756.0777065634633,397.2008514596052,82.36286332746018,108.34280500258421
756.6221977709939,397.1865909532001,81.27388091239891,108.37132601539443
756.7808322024837,397.08181499464627,80.95661204941949,108.58087793250206
756.5540408514394,398.7348971288337,81.4101947515079,108.25162004942408
757.737335666713,400.1845750830133,82.02291827873331,108.33157729883743
757.6999791073741,399.9261455454414,82.0976313974111,108.8484363739814
757.2345661792749,401.58326637081916,83.0284572536095,108.5338330094624
757.1358073525817,402.9307928783174,83.22597490699599,108.84881673200208
756.9939520634133,404.26141514650163,83.50968548533274,109.20563602872353
756.7810614924026,405.7236863816606,83.935466627354,109.30922850574004
756.7288822023679,407.269789180027,84.0398252074234,109.25368096423277
757.7695547385963,409.06452183527944,84.99599108763034,108.70172660639136
757.5878046172389,410.5880960185604,85.35949133034498,108.69921955702725
757.6498490151375,412.36439614218955,85.23540253454789,108.1971312015458
758.0471243778876,412.2383079217659,84.44085180904764,108.44930764239302
761.4693675163323,416.61144634540824,83.6598699281734,108.79828738913116
761.0489049186581,416.2419041912367,84.50079512352173,109.53737169747419
761.0808017426624,417.9022922821356,84.4370014755132,109.26594889831887
762.2760823053015,420.9424036742127,85.09060913050543,109.2740636747059
763.6654265136037,422.51556347869507,85.36685277115723,109.18267612299718
763.4164168005676,424.06947132838525,85.86487219722942,109.13288813269932
763.2818439560589,428.8124720406786,86.134017886247,108.84296837605363
763.5938665984709,431.56175482346146,85.50997260142299,109.47498837986797
763.4833027161194,431.4819341570496,85.73110036612584,109.63462971269163
763.7086418753759,435.7602488654987,85.28042204761303,110.29058949147918
763.9695064917836,438.28552871858255,84.75869281479763,111.38714177892429
764.4830032257981,439.4214632549768,83.73169934676851,112.19705905804787
765.338216693489,440.52810432649056,82.02127241138672,113.06111752343652
768.2077628350171,443.59923778678746,82.40703243081416,113.0437029053262
768.1584854031602,448.3465317610394,82.5055872945279,112.75460446707854
768.16216085319,449.2870904090836,82.49823639446825,113.93921239442244
771.5116213222219,453.51437117187,81.96647763289693,114.73539413358846
770.9762637191252,454.89265950931724,83.03719283909032,115.06571989920536
771.1153807349929,458.9649969229488,82.75895880735486,116.24960745629122
772.570400456429,460.0817762611263,82.97179822660989,117.13892764206336
772.4546455127711,462.3994816992879,83.20330811392579,118.78320733599895
772.8559564848812,467.6364326893423,82.40068616970555,120.98341974263855
772.7967865634815,469.051971192753,82.51902601250474,121.34080143610558
774.5097077949488,471.7894032828635,82.2889883002347,122.2575467572134
774.4550449788755,475.77944839520234,82.39831393238124,123.89484038241645
774.5903290641432,478.01065739323366,82.12774576184569,125.89689820953288
776.0480991524266,480.9869200013003,82.47000546351052,126.45997274986235
776.1520358917675,483.5962762511062,82.26213198482884,127.78516569610235
775.9130078599129,489.68589578994107,82.74018804853793,128.75933725973627
775.8135127717584,490.78281285478107,82.93917822484696,129.87643485355912
777.5389457137798,493.67010343207687,82.81929867181407,130.76382636098737
778.8549454897645,496.6545487704252,83.52955982839491,131.4794571013913
778.1890195038873,503.3167715860345,84.86141180014945,131.61442262271157
779.6339395683931,503.63268918208615,85.36070486291972,134.37172062239014
778.9580378563612,508.6822442519024,86.71250828698336,134.5889098493774
780.3286847313456,513.4794031760487,87.43582728590727,135.38843024776247
780.2266941344665,516.2025582004455,87.6398084796653,136.91946050782417
780.0534070818868,520.5376869811248,87.98638258482475,138.7942440364278
779.631117370973,522.4469994174876,88.8309620066523,138.5244894391185
779.1445982036103,531.2202341060598,89.80400034137782,138.77279735883377
779.2443079204565,534.1528115948676,89.60458090768516,140.06549025699127
780.8379785064583,535.021543504101,90.01220061897669,141.9229873218194
782.0851295641272,540.8066464836244,91.1474781060239,141.24152016992815
783.534753342916,544.2575597388055,91.88658116417298,141.6163948910188
783.0796861416619,545.9098689474026,92.79671556668109,141.96808062460036
782.288000169576,549.597958404143,94.38008751085289,141.9454098170184
784.024855765424,556.6542087839836,94.60914428359705,142.64398091509855
785.5746733682271,558.2109529466479,95.22658527760566,143.24756878938467
785.12479657448,559.7049749832765,96.12633886509977,143.99593953458708
786.6362519335808,563.2318378604601,96.86604892582307,144.467455338069
790.0746272197207,565.0371606110157,97.5532984950637,144.63880990771796
789.7325649565591,570.2403431253222,98.2374230213868,145.62040390704345
788.9408530529047,572.2073577220569,99.82084682869572,145.50848888896917
790.0913813636397,574.7596976767672,101.36645902702506,144.25047779934778
789.5048237184367,577.8736331609799,102.53957431743105,141.87582286783663
789.1317967848728,581.2150430315957,103.28562818455882,139.02958209142804
788.6235729091069,584.7570892177491,104.30207593609065,135.75108400262928
788.0152728940533,586.0725508918887,105.51867596619792,133.12016065435017
787.4446510349453,589.0860623366772,106.6599196844139,130.8449400713884
787.3130803342922,589.6255537812967,106.92306108572015,129.76595718214935
787.2612659638567,589.9224900127173,107.026689826591,129.17208471930826
787.6678325916234,590.1706265702858,106.21355657105747,128.6758116041713
788.0100522556664,590.373433147574,105.52911724297164,128.27019844959472
788.4698463103111,588.2010110878178,104.60952913368219,128.93752042874357
788.9996663445244,586.8601926941492,103.54988906525571,131.61915721608074
788.9927371731958,583.5981047243031,103.5637474079129,134.44648454399055
790.9194539063747,578.465591326929,103.45061015615718,137.23091890953447
791.3271548834961,574.5613802629209,102.63520820191431,141.2584252453061
791.2314866451474,567.1931917233436,102.82654467861181,144.5084457716269
791.3632563008559,561.9874792395578,102.56300536719468,147.1574966969361
791.4650894938969,553.2845006860941,102.35933898111264,148.89585929445843
791.6158471288546,544.6145790091624,102.05782371119727,150.47661830914677
791.6526180533236,540.2596554092923,101.98428186225924,151.2692580177708
791.401477983521,536.2480708582365,102.48656200186461,151.3537881646753
791.762137645997,525.6157985257364,101.76524267691244,152.72371276485728
791.2206821006328,521.7558743998151,102.8481537676409,152.4684346394874
791.1282495616558,515.3704743287195,103.03301884559482,153.2341192577944
790.6472605110187,507.3701422766424,103.9949969468691,153.1695917940109
790.8224650201328,499.03620202508614,103.64458792864083,153.71233815274059
789.0198553857881,494.9467723758146,103.21616196251813,153.8239069816593
790.5041905318094,487.27932296527393,104.27570487244951,153.0459529948449
790.5521664052244,481.2838822770359,104.17975312561957,152.9346160002696
790.158730194796,475.49753272451454,104.96662554647618,152.41489959201235
789.8886667062258,469.5446897877517,105.50675252361673,152.21259458959352
790.9374148792301,465.72458769591833,107.45113205478845,151.76904701889978
790.4502990927239,461.935174935506,108.42536362780078,151.21334234255102
789.9337581306745,459.86631972260585,109.45844555189953,151.27615855939993
791.4411607874126,457.79991879247297,110.53647314128602,151.31612751680302
790.9866004106805,455.5040144031387,111.44559389475042,151.79679392639574
790.5077828468834,455.402822238295,112.40322902234438,151.99917825608304
788.1096161216863,453.03142896535644,113.04743417174507,152.58983650096664
790.8927022554577,453.2565417977397,115.82458380399731,152.1396108362
788.5355466587043,453.0828488166554,116.32868552514711,152.4869967983686
790.0636174510474,452.86298432005293,117.49627682122895,152.9267257915736
791.4741751837986,452.6051496256006,118.92464360239657,153.44239518047834
788.2775240649263,452.4422838915201,121.03732105713155,153.76812664863934
786.2662756594018,451.7495442124823,120.73985388351099,155.15360600671494
787.5611185161281,451.5226433676836,122.48648878951218,155.60740769631224
786.759550025829,449.19207574941316,124.08962577011043,155.89688353380788
788.6051664768687,448.9631978491976,124.80051050758374,156.35463933423893
784.9678346294027,449.20140671138347,127.6545106652448,155.87822160986727
784.3690230081963,448.94592915026436,128.85213390765747,156.3891767321055
785.7731364437587,448.85628580718725,130.5306600355374,156.56846341825974
782.3932554932815,446.7779249656088,132.7738267928953,156.20858995781984
782.8999694669002,446.2321728895585,131.76039884565787,157.30009410992042
780.7633644890878,445.84420988498266,131.48591922759837,158.07602011907213
782.6788827937144,445.6012600145616,132.2101040587742,158.56191985991427
782.1353688140559,445.58915121980675,133.2971320180911,158.586137449424
779.7468869255281,443.31970407122407,133.48182401035916,158.53275996180162
779.8072365073311,443.3951898616118,133.361124846753,158.38178838102613
781.8433469390252,443.4195282975942,133.87905453158834,158.33311150906138
779.5493175527095,441.18803012628456,133.8693771419365,158.19837168939728
777.9997755180055,441.0669985117604,132.3729601749172,158.44043491844553
776.2424818458014,441.0446546598414,131.31241092324427,158.4851226222836
774.5386940292167,438.67390269819236,130.1612640525663,158.66790404173435
779.2349706314188,438.6967704784548,129.8546088923059,158.62216848120943
777.361047799695,438.62051759373287,129.0651638720141,158.77467425065328
777.2586868739589,438.6816908260412,129.26988572348642,158.6523277860367
775.2753837259766,438.7121837085365,128.7081902917472,158.59134202104613
778.2397619382232,436.4712117327516,127.29771317834104,158.55500666152878
776.4046010296722,436.4238616710183,126.47315056172148,158.64970678499537
781.1554179467882,436.3727019476286,125.9374568441984,158.75202623177475
775.3883290190191,436.0899517832223,124.04409316714413,159.31752656058737
780.7724561443099,435.8925014850951,122.18331052274311,159.71242715684173
678.5062178752559,505.0395365908452,118.53131709566168,167.59043160175122
672.0927970953295,518.2943221307675,117.89036327806747,172.50571640261592
669.5942688012076,514.8246291229774,118.33451787047238,174.89220042235706
669.1756518694997,511.74669060785175,119.17175173388809,176.45185817109353
666.2517789391121,508.99351026813315,120.38590683485515,177.32462809072268
663.4939321586625,504.2139270226503,121.23473142706816,177.5500566443157
663.1993828003563,501.6534306675241,121.82383014368054,177.9867181536921
660.2960162644144,499.3126844202436,122.92989326957888,177.96754070226754
657.4990760990682,494.81584972281894,123.80508992791556,177.52384275240593
654.6200044378782,492.525876802211,124.83678488267938,177.3773402260056
654.0515914226796,490.64546626788973,125.97361091307646,176.39689870533118
650.97493769863,488.55053765908804,127.38175925303082,175.8415968147897
647.5846585303921,486.7169852764915,129.4024163973449,174.74880038782092
644.4874162119454,482.3598098663821,130.8204452236871,173.91023958693745
644.0903220061927,480.2645068775397,131.6146336351927,173.313946304024
641.3008326058957,475.5070459909801,132.40282595385008,173.24729511327095
638.3886597313194,473.33261052255034,133.42454029057572,172.79353463770346
635.5359841967446,471.1884516783789,134.31753333547553,172.26949430179644
632.4671770821201,466.4960637528367,135.63626233803666,172.01649969950535
632.0731789595228,464.29883467788466,136.42425858323116,171.57450837771327
629.0310320244021,461.9959733746351,137.66608128197748,171.3377598127172
626.4277624274476,457.0822484303136,138.01364636147895,171.4472614725458
623.4911200647072,456.96121462196385,139.02064660971695,171.68932908924526
620.6316626240467,452.92631707012583,139.8532572056778,169.98651562220135
618.0790482597515,450.83125623868557,140.0848917248164,169.30304307562986
615.742774444176,448.5447597526638,139.89062317795285,169.0092198696588
612.8849177454256,446.741699131396,140.74717842720096,167.75618296394163
612.6988107686891,444.8574384734894,141.11939238067393,166.67104057969124
609.7731164411191,442.60509385120224,142.12786500464864,166.33281379310029
607.0257059374981,438.06400291368686,142.76877787520652,165.70717939476282
601.8803475890206,435.70304980887977,143.350434103193,165.57455536989272
601.5068175119395,436.0418800938719,144.0974942573552,164.89689479990852
598.7225176794464,434.16488426237254,144.8027973838109,163.78758992437656
593.7326565887184,429.51804929265927,145.06773665808538,163.36647695662185
590.688751145315,427.4617350627581,146.30045336186464,162.62401123339635
588.0070221286269,427.7743533332447,146.8006573992402,161.99877469242327
585.0997481306221,425.7654153601449,147.75369488169673,161.15514012506958
582.4310112201712,423.4903122401084,148.22760725685384,160.84178491939807
579.7952433952468,421.59487498417366,148.63292193008638,159.76643845465125
577.1718514751916,422.25812879408807,149.02381419623924,158.43993083482252
574.9153415576336,420.3051020661633,148.69545298103526,157.5046032403522
572.3333686987964,418.57860583379244,149.03784947845315,156.13604648483738
569.7483743453076,419.3262675373745,149.4022750722436,154.64072307767324
567.3409140309033,416.9693255351681,149.42929466023946,154.56670604127314
562.4572214834179,417.70880454738887,149.62234438570096,153.0877480168316
