115,399,24,12
116.88309067042482,399.79085342864823,23.79042578633998,12.031328136113647
117.42521096142156,399.78607702285757,23.77170191462791,11.990681271389862
119.5454230369412,399.92282469002555,23.4695159075095,11.867539592272998
120.10250214953355,400.78415127062607,23.395580088712144,11.946655091617346
121.28241454721989,400.9350543902374,23.36941398856041,11.803339167474386
122.1178957615431,401.02966439263616,23.33969692505681,11.679728044090801
124.34594294774301,401.513421858635,23.096656255965094,11.79991526720632
125.8922170706706,401.67581840981893,22.6397762878504,11.803131025188172
128.14956196944047,401.3484441429096,22.109299842514005,11.81304343124876
128.25711890381112,401.5933228417228,22.003900675544436,11.777800805322284
130.5658823638642,403.25394908126907,21.686868903143335,11.647156350826918
132.1972428795926,402.4731578581142,21.438963917447673,11.735041730829574
134.23465616382077,402.75313151947194,21.379046616416844,11.702609759886373
135.88865854790993,404.15330093806716,21.073667790468775,11.60158098701173
137.1606092589624,403.8375039874813,20.953880595658752,11.530316440154929
138.83284608258182,405.47975181941104,20.706081152292583,11.308877960514756
139.71260813317954,406.26094142538165,20.679913169299343,11.192097708496341
141.6705422854202,407.16156973520634,20.428565366908494,10.982866607264288
143.49172691511384,407.9875253299261,20.324061507835555,10.79535642452343
144.06541190622497,407.6298387936166,20.21584677044059,10.644917612739158
145.93978111222418,408.92137886205444,20.21544085889994,10.564139168826102
146.07637603621242,408.50920524118635,20.168512149839458,10.474254692975826
147.33662808830093,408.4617181126422,20.204810318459053,10.45044464163066
150.4591451574291,409.98535921815665,19.789680736477113,10.439562748747477
150.84921649193376,411.298306233465,19.756950987465956,10.46418403604765
151.9545693328409,411.3642972210526,19.698464839572015,10.362719298133324
153.71591957416905,412.8182545327724,19.60927275306438,10.331561342784491
154.91874164138588,412.43684766795946,19.679820854577397,10.315845905235172
155.78485810782456,413.8107559125091,19.821760013184093,10.15724517159854
157.78574772054233,413.92504884327826,19.905292677396965,10.027006854730322
158.29941954606818,415.33044875111005,19.671120134114272,10.0192244169201
160.47174060767495,416.5110465572224,19.646255022772095,10.016780101692493
160.59953021613674,416.25172055792063,19.383483073082246,10.0
161.15312421111852,415.92620114516467,19.126070278240412,10.0
163.4236178385787,417.40413421592814,18.87233449579324,10.046104626447914
165.5220745113162,418.7172732753679,18.809378059497938,10.0
167.54122647198173,418.6155031872913,18.596287808897458,10.0
169.54765854566776,420.2001756383106,18.585617589290273,10.0
170.16408872971982,420.1511632455513,18.523587947809677,10.0
172.3189457376169,421.68114986550063,18.77535159314835,10.0
173.49243579897055,421.35673388373107,18.684561770428868,10.0
174.1926690184267,423.04115589987487,18.776128574695882,10.0
176.73628843382383,422.97046163957566,18.753808738805184,10.0
177.84520304032077,424.25317099969834,18.57998110509594,10.0
179.2207271954731,424.00190609972924,18.444154772025193,10.0
181.25578245828976,425.1571617750451,18.301834649757936,10.0
183.54333496003557,426.45743245165795,18.26877285534229,10.0
184.78278555421306,427.60208028834313,18.454479191859082,10.0
185.4499041228555,427.1730300786872,18.467750961892378,10.000516300468849
185.54826196381748,426.7434048084542,18.482645433285796,10.0
188.39733503144987,429.9256421951577,18.567041049882608,10.0
190.39168563885863,431.2631588606164,18.8356831273014,10.0
191.52070422049815,432.16314364039005,18.850496715899254,10.067433113220364
191.8610162186378,432.02043542915857,18.71809824166125,10.07012321803916
194.61012596907668,433.4685535928008,18.779943533416564,10.104300852165293
195.5159092275205,433.1223426808899,18.763255618556794,10.147131349273426
196.9846895095202,434.3562667313652,18.723948733832927,10.145568477052086
199.54318829253629,435.90957076708696,18.750684669235056,10.065409370681229
200.6357401518455,437.29534440463624,18.705300198434575,10.046223154771484
202.1017993402618,438.62393280094625,18.537475253837716,10.033420017470718
203.76452114899715,439.6077903388068,18.58099797738572,10.0
204.71365567989483,439.5492886817083,18.61862853087815,10.0
206.81767973621086,440.7132381713018,18.494709274904995,10.0
207.74863145215596,440.6405268004164,18.33954956020841,10.0
210.30578236940812,442.26113959248926,18.24043022082128,10.02686871707801
211.81184248869636,443.64710187854746,18.05405842584834,10.086297094104111
213.94333623819648,444.66627657735194,17.952705848875674,10.15633397464766
215.07874514873325,444.7517232650856,17.830359383240385,10.079468237615622
216.74107012768386,446.15794083382934,17.71490718496746,10.0
217.72737022840485,447.57375773694366,17.585308229977805,10.0
219.34615895826556,448.71228691842407,17.452838077690423,10.0
221.2057270041651,449.93333145882934,17.488093417699787,10.0
223.2144989708188,451.0827468326315,17.40623750319127,10.0
224.1810714193628,450.8809864660725,17.354727914368937,10.0
226.46737233177168,452.377060665749,17.514668604352238,10.0
226.6964733267553,453.71462227310985,17.941168820042947,10.0
227.7103896150345,454.7801324268803,18.204503025863694,10.0
229.3270510509262,455.94868816342205,18.256148768658527,10.0
229.70154903877668,457.24516846146435,18.407400545624057,10.0
232.58965337178554,458.28317238297313,18.408088833189066,10.0
233.4102664772334,459.4126871963963,18.484077921899697,10.0
235.31901191205895,460.66818376260466,18.61544459810124,10.074892869170174
235.83138808556936,461.472058194402,18.852415173405582,10.190619104185414
236.76043474698938,461.2886817847594,18.801643399027448,10.09827221348303
238.76170493964875,463.35925577487797,18.914821378424257,10.0
240.43166660522962,464.7036170801148,18.924435181433097,10.0
242.0133874764292,465.66990845189224,18.79776545174453,10.061585657209525
244.3950912494132,466.73634121227224,18.884342074782783,10.16058983402041
245.77290832212654,468.139573687727,18.943807645542673,10.154528001244365
248.32440047847325,469.4468983111192,19.01718966204234,10.14424243434585
250.25679334159503,470.490030163794,18.926495417961277,10.199213603721581
250.64440272504575,470.56965821861036,18.98913854662105,10.051990800151078
253.7559557715267,471.8180038584396,19.150435682418937,10.0
256.6631461364662,472.72068485151976,19.192446382441013,10.0
257.96741256610784,473.90474065672606,19.419941383799216,10.0
260.03802864863707,475.01565288547204,19.67828445220024,10.033352086697533
260.99621684505354,476.0644069091816,19.786218171366833,10.070231293993242
261.592800095045,475.93583498429507,19.441313742993454,10.0
264.0003816457883,477.482916216366,19.360953364437705,10.0
266.81925355866775,478.6678960127756,19.206842103223483,10.0
270.0640331876872,479.644094328396,19.069382740661926,10.0
271.5368051855817,480.4593326364732,19.061120830291568,10.022806979884393
272.52127688610335,481.3391321701929,18.85705510621205,10.0
275.49910212538316,482.35977278184146,18.57999635586298,10.0
278.0227445611404,481.5897685731187,18.00012300244532,10.033135525065699
279.91841337942236,482.85600791405886,17.740223001303196,10.0
282.3282231916785,485.7766011757776,17.728126627370802,10.0
283.9121225375878,486.51816384028643,17.46523563895183,10.0
286.444344844871,487.69802443217486,17.402068471132214,10.0
287.6762450613651,488.99138466548175,17.51398930202953,10.0
287.45663616323833,488.72178430389613,17.497242115773506,10.0
291.43144791295083,491.55420107673854,17.561752069717603,10.0
294.00592757991484,492.70163101982325,17.58200698444687,10.0
296.27027562956965,494.1099603874609,17.56450129956587,10.0
298.82478951047585,495.0626719696447,17.64214956314411,10.0
301.726408660311,495.9309929711744,17.859857289322274,10.0
303.3703920244616,497.10293735098094,17.91342994395565,10.0
305.44742641706705,498.5021566255018,17.89987314833825,10.0
308.14220823611475,499.55163551401347,18.156008534443252,10.0
310.5322353112962,500.7346550328657,18.32574533867026,10.0
311.90765783021607,503.76388181280345,18.237911136477983,10.0
314.7783526273372,504.9062392814085,18.50745303408762,10.0
317.028201790017,505.7890604836866,18.69583406587512,10.0
319.241791823643,506.72109092306346,18.762708792934745,10.0
321.62754832627206,509.35816924176726,18.98919593263506,10.104524068616564
323.87016235989705,511.9705317100788,19.204214676298143,10.195924048070154
326.1497765465117,511.2480352903416,19.03684249661136,10.164763156198406
333.7528538034443,512.2977969823125,19.206309778400474,10.006776198800656
333.4612466313795,513.2261799676344,19.55098113363379,10.0
333.84945866043074,514.6081999291952,19.651374182731804,10.029525588581919
336.0682991739774,516.3594252144603,19.597902788512123,10.074586595657918
338.63972984528,517.9379544424329,19.6018543617089,10.182769762637369
341.4470592427681,519.5536554871583,19.701755598623567,10.204842385558445
344.52827048724015,520.7245977561043,19.952209238829823,10.215752494883219
346.05456806608464,522.2561311423751,19.934723839517947,10.266558250417786
348.1733298194195,523.3753843569277,19.889447723595204,10.388724533638744
351.5425520241398,524.4925748624078,20.036983920233794,10.430298246036696
353.73703339982393,524.1995773199458,20.27010674015454,10.468596084886109
355.6361812969881,525.5639507424687,20.48798764641826,10.465054661287892
358.9131407927743,525.0951427851409,20.619313691924685,10.534303261604968
361.04093497431285,526.2398611301317,20.65794816057373,10.61137648602158
363.5677588814182,525.5641376544922,20.63656648634717,10.565006660071136
367.48353903299613,525.0488988435834,20.61009041170686,10.54617610107971
369.29636618890515,524.4857242899147,20.62794453418456,10.497072976056224
372.4489304704553,523.917149667104,20.866518573470707,10.389089060132802
375.46385175901804,522.8247311291553,20.72152649835941,10.460779115690292
378.3313673907731,520.4455067847231,20.584490516068783,10.447640432728637
380.88252320129493,519.9691847800068,20.887137620000605,10.370537671302412
383.2472595135703,519.259031572278,20.850875597256547,10.502792481535298
386.79253277639015,518.3401638331936,20.978595558738498,10.624575324892753
390.30332938885374,515.5772272968677,21.02242343824239,10.71210964098325
392.69418489005386,514.9934942897185,21.365536959767894,10.736447617829008
396.11047846145595,513.828876876333,21.7188557503439,10.701188359288224
399.384299646274,512.6586421457522,21.835402242554764,10.838062897430195
402.7682643808596,511.6305786822273,22.197644072364216,10.787205924409884
404.6366940733971,510.403236046956,22.38747240472695,10.928076554907253
408.467295877855,508.9009312910309,22.567108658634684,11.03779671205178
410.2686983563196,507.3801370023672,22.797978370971258,11.22290349883654
414.152662740766,505.97129272252516,22.91581086306472,11.28035317264107
417.2793209905436,504.05696542985834,23.085458936416035,11.292750758005283
420.231760731778,501.1195231621017,23.48277261877261,11.070112557922869
423.0823577768416,499.41136020083405,23.554373252156264,11.114380327305664
426.54739961990333,498.0206297028749,23.685644680015898,11.098030291882427
430.39651697958476,496.3175837062035,23.4463080281274,11.25148799834467
433.6137626092874,494.5116900087305,23.319022445754662,11.344456061167831
436.54732565884984,491.00878041354144,23.079131282390264,11.268393251576553
438.74283988721396,489.8973859022772,22.98739491321696,11.309103435756638
440.49467720977543,487.1336566411588,23.0470692766542,11.026204387345299
445.2929175523832,486.2035127483121,22.572198279243835,10.99388627227418
447.2779325995168,484.5486354982771,22.532937628488526,11.004812647344117
450.9730646317072,481.6406040480566,22.307251048238584,11.049593828577349
453.4200713948448,480.79245992000426,21.990400264578145,10.952789714648766
458.20748541377765,480.1913939507943,21.791311324307635,10.811120989120745
461.76099160964634,479.2032584478854,21.98243802787665,10.645558212742413
463.94630718138615,478.1719710610804,22.080215945828975,10.536564354226613
468.26691348847623,478.89926653026157,22.055763585555095,10.453034383309557
470.0091402660733,476.0839831601573,21.957719789882354,10.293560153669507
474.44015785857306,475.1010319030876,21.86916025185557,10.154037309990386
478.42794731130306,474.0981816675141,21.680300191762964,10.098717645257848
481.3251795462969,473.5111671490595,21.79208047656658,10.0
485.3016034204542,472.29419396352023,21.665242478618108,10.0
488.79561757113356,471.4090051455423,21.75500491441157,10.0
492.3600091902598,470.51936260890216,21.584184665966163,10.0
493.9558126401885,469.62351922225207,21.430753587413015,10.0
495.6421564429852,468.56716732215136,21.51237759108787,10.0
501.4471296933357,467.5765476326347,21.212415297540208,10.021076500996879
507.833530850492,468.51437030883113,21.185131667614787,10.063701974943658
511.35136892387504,467.3983618876131,21.123837444524263,10.136207728054814
515.1185669722512,466.4550359261129,21.237501192742762,10.110045749153972
518.3358254346455,465.67022666216684,21.211213142160577,10.077358268707098
524.1265284393884,466.20139386905294,21.294705051376027,10.047921446525827
526.3996395841895,465.02212460101975,21.230749187860187,10.048086102205897
527.7109384290147,464.0385342044756,21.34650165117919,10.0
533.5020635151417,463.0467973155901,21.392348059430464,10.0
539.3279880288551,463.62554875262117,21.587837708456306,10.007262483909017
541.4921518548438,462.6529665393755,21.599441067678967,10.0
545.5547447339928,463.31579011430875,21.661569342889234,10.029207433873708
549.2072437675051,460.4299887061922,21.452618677292882,10.01563492662045
554.473697347593,459.70973227452487,21.460901664517063,10.0
557.7058681011933,460.5399445814335,21.384234012144162,10.060096001760513
561.7455747759398,459.47475208428705,21.4858795463184,10.074954319875344
565.4675738913868,458.4574018581998,21.523956052973,10.11430846429534
571.6747121242533,457.72130973552146,21.54336870467167,10.089918784633692
574.4450310851973,457.00412778090686,21.652026112831315,10.0
578.4234960395422,455.93222608221936,21.68594379172683,10.000278273778804
582.3516102130991,456.631227703119,21.574145986605373,10.060320753033565
588.2517404059902,455.6716959975737,21.624323718804177,10.013628582268435
590.0232101804785,454.5228218026945,21.631496894131658,10.04684059125894
595.1267536950946,453.5207975967064,21.64825630044635,10.126473176437711
600.375778010057,452.41111729461755,21.759803922962906,10.191426517813232
605.1372652963539,449.5359596294864,20.887424061672814,10.977545642936448
607.7209699111559,452.3094168171681,20.811435482551065,10.984964000727377
613.4374926515104,451.5310913654185,20.929450678416753,10.967155947508097
618.6364041170959,450.7122852370582,21.18949613256056,10.862278627888973
621.888493867108,449.96425072129114,21.294237683561956,10.858757500960516
626.0942207699303,452.9617296002237,21.550827968188333,10.861270598808334
628.5602472886998,451.91336547605044,20.852884809189284,11.488774990228915
627.8389562898947,451.18452882666213,20.723949100882326,11.587821446506764
638.1932388443096,452.10610537875243,20.02257851109533,12.327436305735572
638.0370083942655,453.3083604625282,19.688053939934914,12.512169073364758
653.253112622043,450.5360224342505,20.119332728032287,12.14314502616031
655.901717444816,451.6740354482722,20.63750937780496,11.806548519677609
662.7787978269846,452.85617298448904,20.949046283450482,11.605979749886771
664.5409376873843,460.1614392031757,21.282202027510312,11.330695305982674
672.020320654,457.07877668539874,21.416005445475033,11.250208879134268
674.9246569443821,458.1611122708525,21.638817468592503,11.07307711881782
680.16352903097,459.5409787964005,21.74306449109543,10.983219927935979
682.1357067597553,466.97256364507206,21.17863237718357,11.537366667360487
686.3694542379276,468.35877620024866,20.681003696626327,12.026076181488477
685.7639523016678,471.6843396977742,20.32712219126194,12.16298362552436
684.8868135263907,470.9825809819142,20.33040088717888,12.156388318635038
684.4454151304523,470.1274034359898,20.33088746739741,12.154987777129719
683.578087148982,469.2798296007665,20.33278610039697,12.152994873120992
682.9533580486435,468.29879940959137,20.333051347964243,12.152295403061858
682.2858365144854,467.36295431642174,20.333353658338307,12.15157624568165
681.3602904554173,466.3553139846944,20.33360914183863,12.15117516551442
680.3055692602348,465.4037450063321,20.334549144202974,12.150294362511673
679.1636065923656,464.43889710431887,20.33619475009838,12.148727673404556
678.1400861640286,463.51475222650896,20.336717996222347,12.148163244873706
677.2785170836003,462.5430304207337,20.337257127538034,12.147589446145863
676.4575160779514,461.4079516282534,20.339334374202718,12.145611534966942
675.37252940319,460.2435290980977,20.3460138852244,12.139637278414318
674.3453697000389,458.92164837485325,20.35289705419149,12.131644345630766
672.2559129270718,457.6119876237316,20.368565875852063,12.120008959675264
669.5243821799855,456.8297277215045,20.373461724425113,12.116594489455956
667.4339163577671,455.9878327151921,20.37663324465557,12.114106397298698
665.0879218906143,455.2938855977937,20.378051347662147,12.113056125450273
662.9767521681836,454.4715272597791,20.3788193470586,12.112500308116926
660.9297273521175,453.6164260610022,20.380625784610686,12.111096560765757
659.0842710150023,452.746034766772,20.384043465631407,12.107918649462567
657.1020350257304,451.9832657044373,20.38904207266937,12.103544063942174
655.4924910699071,451.23780147133056,20.393656259950664,12.099170568256964
653.7392334588538,450.6153643440929,20.39907547184902,12.094246286431575
652.5081397088209,450.0243259119257,20.40060537532681,12.092670869004754
651.615975472736,449.21969955899965,20.401771611283053,12.09163674300111
651.1351888361111,448.35258048581244,20.40048930706389,12.092344606401332
650.0545673102855,447.35323179453286,20.40224415757363,12.090488619438352
648.527965031319,446.3943353615869,20.4030626700508,12.089770929109246
646.6903665150841,445.4425631713083,20.40833758910203,12.085476249836812
645.6054677310109,444.0902937409211,20.40942063393309,12.084350714325163
644.76453027464,442.9819837667015,20.429593629026485,12.048330177000862
650.6992817452777,442.03554634522027,20.972582486151804,11.534018988621751
645.6232140486422,444.99235909778616,21.322844672330486,11.178314416259681
646.7761350586857,452.5582371849472,20.81117327030097,10.892910819147167
639.2314150778699,454.17378546694397,20.559037609373984,10.484767479335684
630.0994626664096,455.3901271793977,20.257192310224212,10.271978463607908
620.6719683182341,454.86066330715386,20.11149245371874,10.203309591350632
613.4681111747815,458.91372877292423,19.178421714073618,10.589786730183393
607.1819401292934,462.158330921511,19.396849544185564,10.20290119674282
598.8095835020766,462.9795054638008,19.4351590663194,10.05463778168069
596.432058589084,462.0593441940345,19.45131872125345,10.042368687416577
594.1826351794411,461.14033385560293,19.46138313468593,10.03614071182153
592.0359919887134,460.18565699066176,19.47553285842673,10.02643373461161
591.0894620982149,458.9062774634387,19.47634686992291,10.025349010447497
589.1939144362972,458.1321043772623,19.5332028539299,10.0
587.3682035374635,457.299495796673,19.562522629426304,10.0
585.7529172267066,456.72031603287905,19.572252889489892,10.0
583.8486574143028,455.9835567874834,19.573837203933554,10.0
581.9373570604453,455.1872204942629,19.57569768871773,10.0
580.0852919825527,454.33010129164904,19.580065738561125,10.0
578.2768802669184,453.6911338372156,19.584919698852,10.0
576.2806922892946,453.13868091534823,19.586715810578504,10.0
574.8072532522395,452.4061217708513,19.587537280303287,10.0
573.6519731533818,451.712300340645,19.58851643668262,10.0
572.9189037651533,450.85679821204394,19.59010817506113,10.0
572.2297083629031,450.27863941621035,19.604427133553386,10.0
572.6125224406953,451.5715880198404,19.72648487293509,10.0
566.218741558086,454.621294955723,19.80598446621768,10.0
559.2683242957771,455.8298469586298,20.136351995596158,10.0
557.770205247572,456.96802304219455,20.27140072661955,10.0
555.8419972112168,458.20682237576693,20.436565044569154,10.0
547.4395348524733,463.07033489178866,20.559500092256293,10.0
541.5464087334367,462.44466833304614,20.863596530463813,10.0
540.6755358438859,463.9498218698427,21.11944894084451,10.0
540.8514913908981,463.4325512452051,21.070921376006208,10.0
539.5407919699179,463.4032316278848,21.06783758628322,10.0024462964022
537.4757742113311,462.5294986954704,21.068463790255084,10.00200631082058
535.5593891111852,461.5069570625201,21.071101744529404,10.0
533.325612691442,460.5467393482104,21.079556244935,10.0
531.1547247929159,459.503003009595,21.086186568506864,10.0
530.3757130205812,456.1276760842034,21.013987911828956,10.050912487257762
527.1456043024336,455.00454956964467,20.92146763526394,10.045576933382687
525.337969690354,454.02753045752144,20.94652069960262,10.014023507620005
523.6926778832714,452.81548958820343,20.88150872508387,10.00270046872913
522.1913602396874,453.9463030183688,20.858008329192273,10.0
520.5405988046639,453.1019891584292,20.858056389592566,10.0
518.6483457650377,452.4299671610925,20.85137637456083,10.0005520827852
516.359017631723,451.5840913737193,20.860497862595295,10.0
514.2662276325661,450.83641106728464,20.87662471683546,10.0
511.90832868673874,449.9882131302729,20.8857337275699,10.0
509.3966959629544,449.1304732048884,20.89645931155213,10.0
507.58264732662894,448.2618168676272,20.900840229833012,10.0
506.052175385132,447.57659936789423,20.903264034167815,10.0
504.36096049746635,446.8394737923518,20.90549223135885,10.0
502.8617962587759,446.16849131230265,20.906751588332693,10.0
500.89674791106575,445.3201845968142,20.90981962774712,10.0
498.9734796541541,444.51269031409174,20.921307466033184,10.0
498.2245445470579,443.5489817345515,20.922839431972793,10.0
494.925053754396,440.25489693254065,20.922897334130138,10.00031807966871
493.43597311776097,439.4609863327896,20.922666721642706,10.000246746822029
492.44270419821504,438.7538001107707,20.922583419300885,10.000235779452424
491.7083330344269,438.0783407638733,20.922418032987046,10.000208046855631
490.4514182967713,437.42893756274134,20.922794024716726,10.0
489.14018637041113,436.60528535488993,20.92317421349661,10.0
487.52345414488707,435.5750632965937,20.923547071755994,10.0
485.51962625859767,434.80823428276926,20.92376990671279,10.0
483.641713169565,433.9878741586581,20.92397512835728,10.0
481.409258976775,433.0270314300433,20.92455951643962,10.0
479.1964345444296,432.0806374633685,20.925044635250238,10.0
477.30144919512225,430.805835374631,20.9273442446927,10.0
475.1776584307596,429.8514921152964,20.92499062327145,10.0
472.72724786264695,429.0549901807681,20.956834689642,10.0
471.0083914663774,428.28155476693064,20.962293167758467,10.0
470.2953678130491,423.25774771813303,20.88246476774248,10.0
469.3656188344776,422.42735758360885,20.88425570126497,10.001265722654034
466.8086178988867,417.4240140253778,20.707058841977858,10.161573559025834
465.1737873127362,416.0970801666407,20.703945317928877,10.164984609553565
463.95534347514723,415.32378563555625,20.70418939264293,10.164386104965223
462.25870850551087,414.60666594250534,20.707444683478144,10.160573671265807
460.9943866249626,413.8921449519522,20.705990721567403,10.159927556325552
460.20841493484727,413.01077533311957,20.678679016806655,10.175784593749786
459.09145490869605,412.2409217335842,20.67799184941301,10.17560531821118
457.93104543533576,411.4276978467915,20.677711276404047,10.17544603136408
456.3159430498331,410.6116040566816,20.67918799145536,10.173481556797283
454.7895499335111,409.81451232668815,20.68268642807883,10.169070947303172
453.08847066732665,409.05347154999873,20.684239997145106,10.1672195668747
451.63839905585564,408.1454813572342,20.683491439233904,10.166831849376448
450.27097593774585,407.2411130642603,20.68255767476679,10.166799328459291
448.96553049864804,406.50082363011154,20.682298526641,10.166783323328401
447.5567814858071,405.54884316166874,20.683311147354626,10.165835841558653
446.5256902637809,404.4092027095926,20.68263357935256,10.165568815947179
445.1147574700561,403.4203889185382,20.681896656349995,10.16424685124195
443.88816737580987,402.73138678488203,20.683183515222062,10.16270471466941
442.3264860211615,402.20428556894313,20.683786167069435,10.162077549074064
440.7816969095217,401.64792933732895,20.684069718336644,10.16183801836017
438.7109702572641,400.8326346166007,20.68494618340497,10.161169925789553
436.2983084515921,399.7071169169393,20.685198936747195,10.161012516961147
434.2059076001469,398.4823180118159,20.686147490223554,10.160386166059924
431.4705970709393,397.4084038829494,20.68831609502546,10.158963678019555
428.8636711939541,396.3370526299612,20.68982987826227,10.157443209218776
426.09658192368636,395.32264101019774,20.691202022313284,10.155769851455593
423.67348085182124,394.55063117292684,20.69157706338237,10.155488969814492
421.07886768955444,393.75513210219367,20.69196299866426,10.155200332830917
418.5210343224749,392.79998948927977,20.692163614964443,10.155074558406934
416.4065371406862,391.7365139749235,20.69245734072442,10.154899370231009
414.4005088658609,390.852028189996,20.693003518213228,10.154563207503928
412.8542855712274,389.9808393184955,20.69339693250762,10.154263857952744
411.71613783797005,389.03128693776165,20.693030764577177,10.154481461980282
410.68017917880064,387.88296556451337,20.685281468383593,10.162484663036086
409.7532653631485,385.2070625434864,20.675713170351305,10.163355245953042
410.860733873478,384.89355950383236,20.667325078906796,10.164500932213906
409.9016120160351,384.43102154720896,20.664789804000787,10.163618808084227
409.0768052416077,383.9881391779362,20.66241281998044,10.163596536436936
407.380827157404,383.33726883996195,20.675197140090773,10.152519996465893
405.79075672951836,382.76959469033784,20.67822136340045,10.149839077994118
403.73323068348054,382.2069990016428,20.685950762604993,10.142758092675052
401.95871702278464,381.41944544392976,20.690796975522062,10.138756969881047
400.3501009177846,380.61932148807153,20.69542966960732,10.134471209264653
398.94102110784394,379.8626673988021,20.697987940611597,10.132028025956647
397.4698045244436,379.0882401862464,20.70010395348164,10.129724738131637
395.84329144008404,378.30516529472857,20.702524539009826,10.127208778293177
394.2638575378614,377.44652009738434,20.706004703455683,10.12365585785709
392.7640172075988,376.5467401835191,20.709188209745054,10.120843468409253
391.3890823269919,375.71709603142665,20.711618824916943,10.118646100597077
390.0357881945821,374.98517597113204,20.714974086120232,10.115539380900005
388.7562626263492,374.2936297212809,20.716457626150476,10.114069626650206
387.6129577776833,373.602561185872,20.71845585993555,10.111834463123646
387.0730484306641,371.9908929651522,20.70880082960874,10.118224541114051
385.5742709017838,371.059989951602,20.70844228835502,10.117845924469028
383.9985258691352,370.2458056773264,20.709889581359157,10.116418683301575
382.777936791262,369.48512413937544,20.7157833609612,10.11005892366284
400.20560746309235,383.7051827281441,20.12282070992739,10.239571415314945
397.9640116219013,385.39262927183466,19.04726557758175,10.972524588004564
395.3923702662467,388.63558374729183,18.278392660686585,11.528374174382703
390.643966385193,391.98434862645433,17.552390631229088,11.972958578502825
387.828157119511,393.20107560595284,17.015965072322043,12.22360286321918
382.935842036855,396.09222373779545,16.543384506127694,12.747666367447726
378.51058045437225,397.252940591437,16.197495584606322,12.739948833336738
373.8829285345103,400.1510777557059,15.921709641615344,12.899413526100117
367.6925106367411,402.91443719181615,15.596147426899977,13.233157319437538
363.06437384799074,405.82117779826825,15.381696898565648,13.240729134640029
356.85345806701355,408.37636074989655,15.214426669138257,13.274811511717864
352.67853281168027,409.64397369347773,15.087254055110009,13.222523198942081
344.39630695900365,414.20856619408505,15.021742839320654,13.142964548130326
340.4318381762581,417.2367777718297,14.802589088588539,13.202601649599083
334.75190034644766,419.9954250797503,14.72081721860741,13.192434795598565
327.75840486393736,422.8899781610604,14.892790483432677,13.026158547071418
320.0498649094383,425.51803301477236,14.62803521787017,13.070042354662188
315.4394566540698,428.64656640314723,14.697322416473481,12.906550578675327
309.8491237502483,431.85783671324634,14.528222446528671,12.871160246105369
304.0771574657268,434.4451999664725,14.4138231445388,12.925269799223312
299.6145082377277,437.8989313300513,14.322107097058096,12.916185921095261
295.27358641965986,440.539761702032,14.16785492325716,12.880493042124073
290.79420617649276,443.45740561231145,14.207878951766656,12.735972509773225
287.72719307016337,446.7686511038257,14.305998849575685,12.632505898845581
282.9698629064416,449.6191445311726,14.33506919594001,12.558028710594568
279.54431764975027,451.19913744941186,14.39726267181658,12.541107611435987
275.0086215623009,454.24243654938584,14.241698479222666,12.594178829823079
272.00592098881754,455.67907362244745,14.109860170012645,12.589476441970099
269.679208251066,458.777011295621,13.89998961356392,12.597750818675955
266.6728904484882,461.800441636068,13.99682798513792,12.391108681788275
263.8603358194886,464.6160719264782,13.923550097140915,12.299721224136839
261.1168338399652,467.23178821052767,13.76483881952401,12.374376626771554
257.9484691444559,468.8944777974651,13.72290276330755,12.360850146454435
255.61293823201174,471.1943569047317,13.620054065734873,12.209570153814516
252.72225238397948,474.04723821417747,13.507118148426551,12.137614240397824
249.3972051015345,477.40983221959317,13.696997144774043,12.040322061628181
246.98567993972125,480.2781687409742,13.483495516038474,12.030018399817088
244.0788188937863,481.66929054105833,13.563210726194535,11.94121404487283
241.57965481909574,484.9016858487543,13.469307601924536,11.995035814276989
238.95479104082128,487.9019375442222,13.338122854548907,11.980141954743784
237.67522696357034,489.72632523949767,13.364207862917326,11.847382093825397
236.3184765428716,492.6050246939308,13.35344360574304,11.80305548491649
233.94890430775928,494.0849129788657,13.285606989236717,11.779540568946766
231.9228652674459,495.9528704901417,13.072842559640085,11.706388665138697
232.21415444845883,497.60132583940407,12.891349455144457,11.651997583694664
231.18233007441992,500.81700540357224,12.807562776510238,11.691414059606302
230.6122925020657,503.51397730554874,12.693545466308368,11.70660893515779
229.37079631182044,504.97642354895305,12.904113864178692,11.416588408035446
228.69324386806232,506.5745741213319,12.880681812073917,11.223078191164667
224.86023277259233,509.84904407995236,12.814714619316392,11.201925005643712
224.35194156891606,511.7826880686692,12.736814604793977,11.16439257287259
223.6593849603487,514.5585051180432,12.533422911459617,11.170774297488837
222.8545623530752,517.1175936675573,12.362325361533633,11.383239898655734
220.7698585559118,518.7004786018639,12.445292392658553,11.256482462141047
219.0645286320645,520.484519455909,12.391730286007407,11.09130693347901
217.2252392789172,522.4925272825091,12.123885223304852,11.349280480870918
216.5402340748847,525.0324939908608,12.123829227027201,11.463429801136545
215.49134521559967,527.8648526799163,12.169194674097625,11.337362458883483
214.99048064311668,528.9941584848109,12.280033757208283,11.205506801929538
212.38745500007084,531.3909781929979,12.409102545130995,11.17417121474865
210.2595370057361,534.2867178671154,12.276860321062495,11.28578091299178
208.26479558437904,535.7056255676654,12.276665972995925,11.126279244039193
207.83568298742375,536.6316655436606,12.261500790338662,11.087160393580739
207.7475231868519,539.2853804312624,12.172392355031025,10.917765438933639
205.0977854806984,540.8921225832646,12.259890762333166,10.732431454982436
204.2872557637324,543.7522149272274,12.394125922202079,10.48739973641705
201.85799451113775,544.9587643639325,12.311799123192124,10.505385019043338
199.91356435520777,546.3438103316416,12.123559158105069,10.536894255118478
199.6473422621899,549.1694691062226,12.05952672966556,10.541571598077203
197.05212682412196,551.0904595207418,12.097769304715015,10.4074965383869
194.3831825350012,552.4913407936504,12.246747398642587,10.334705712311454
192.42769384573413,554.0511233675469,12.05478469462666,10.441767437534766
191.62763933393833,555.9605694683022,12.012965999102043,10.27839209889341
190.1783906820848,558.4764049708623,12.088739198881518,10.352502172111917
187.60655780557263,560.2435816789138,12.298535590028369,10.188247823696834
185.6795436794667,561.2468298766978,12.190516503754589,10.268420634747983
184.8618657964927,562.290427459079,12.155650583339332,10.26921623078901
182.76830922234075,564.9557977693049,12.030097315475043,10.429805757126662
181.11846491730336,567.4528500188106,12.050966841382298,10.501804716519715
178.15687367992007,568.9151559641944,12.122008889513133,10.432931227165204
175.87106881599198,569.6129502394843,11.962381682707498,10.566366323893686
173.91894059275955,572.2694731663636,11.830101435599328,10.444242253582487
172.99384654112177,573.649605470583,11.878896387591613,10.41360811541951
170.22872683711498,575.1653426227838,11.95131251908543,10.445698349973501
167.5394603676276,576.4515626391687,12.014876872092168,10.439279521198452
165.44826203689365,577.8832356827149,12.208687823034529,10.32195804271809
163.44012504204068,579.9804639990145,12.117887075191689,10.501718443505169
160.93060479130966,581.2752549257218,12.014098616235025,10.641108309832372
159.62832533966846,583.7705218265625,12.067092587647881,10.735990348300092
156.7446028334773,584.9705829320877,12.224402044762885,10.65477039135406
154.5124427426915,586.4700637980335,12.252955529404549,10.531048985390292
152.00166272609812,588.0180758194782,12.240848951873526,10.524978365047325
149.75713888675745,590.5572857554143,12.270015801697452,10.653921621837135
146.98724296845506,592.0279034763686,12.397839407101067,10.575429557614175
144.797192339733,593.5880599011571,12.360639486566695,10.586656291243296
142.8142725803693,594.7752413701784,12.327160644011705,10.629204478383716
139.91124356229,597.7807738072657,12.410931978967966,10.570216992972425
138.48301991501498,600.1443793515987,12.347942818745015,10.56595779334476
135.58564908100442,601.1640782768028,12.35536482657935,10.568588608479134
132.95494039491004,603.6981231174753,12.426197539191701,10.497381842630846
130.0647149645471,605.9454324284723,12.389834454147294,10.665784785120646
127.50259507160833,607.5321408825637,12.326087389286352,10.690748108795141
124.77517468838053,608.815716650174,12.614702722392332,10.583775425655887
121.25985254153528,611.5226982694271,12.592710392700264,10.660266860916703
119.06026325732364,614.4233451667745,12.492537459658719,10.723996679197757
116.35540490900284,616.8408051105166,12.623841337391612,10.700073324154005
113.96809980169712,618.2569395572154,12.668533548920788,10.688453100952723
110.8242286711302,621.6902770357726,12.772055019191589,10.573071326211434
107.96245534775929,624.3942100216249,12.864618313272278,10.643640870864267
104.16159643324299,627.1016734803528,12.72570837664935,10.747754061135629
101.958335052819,630.0602097092448,12.529474160416031,10.79241351405731
98.32233233162134,632.8080767110384,12.590666557309643,10.835486902590205
95.60964291860003,637.0918271159616,12.60462217702293,10.83304098623756
93.33377884289912,640.5619891165571,12.671350194910332,10.66024027377338
88.55662185422615,646.204942281771,12.626863513076573,10.809838856675647
86.28926300809817,651.6164413302016,12.639075921976819,10.792884384692405
81.86205203006065,655.4913667286675,12.706269293762332,10.827818381614335
78.02768175814668,661.2490937052756,12.66713458582023,10.915975420829653
74.11356546387557,665.2000889740748,12.680597906326575,10.944997513694034
71.08668644797338,670.6031584037846,12.694761287862416,11.099025585426636
68.38460807813368,673.4448284779019,12.921425408980998,10.947524331082652
63.40042656022845,677.6020779525759,12.860716636930128,11.036926481893165
60.693312090549504,681.575600998352,12.970006306268502,11.037402553732214
56.65015626838611,685.6514716519424,12.855604792941477,11.17983067251576
53.85014802634103,688.7716993249419,12.950337921318752,11.084087774636926
49.86102590369195,691.7760798511916,12.967149709646694,11.173284333221389
47.105348251169346,695.1251746791972,13.006972669873786,11.170187355280182
43.375423817285636,697.9754991462845,13.0385144812142,11.157038897942783
39.56283116116046,702.2509378543772,12.98996369803609,11.273158437628988
35.328640346258304,705.3616844776898,13.161149893270087,11.181325320550943
32.335916618772664,709.9038307903451,13.24282785513835,11.227000384754541
28.873645690620915,711.4738179983137,13.927181589646187,10.67041739681105
27.463216993265178,711.1297601644146,13.937835670530145,10.661229590659786
26.331198882204916,710.7081600002186,13.940421601970742,10.659194928931807
25.25109041421766,710.2127256722839,13.942099004330139,10.657768796440642
24.31723319368054,709.8327638423688,13.943622177437158,10.656475279356748
23.275945987087695,709.4281840874061,13.94432126637358,10.65574666481631
22.38804117654795,708.9960565765535,13.941391673509587,10.656746245332398
21.54353829162804,708.4905326388135,13.942670588071396,10.655430686974604
20.362511809412716,707.9305537649026,13.943669132030852,10.654488757519887
19.105020313761738,707.3960860633671,13.94466505897123,10.653518521896205
18.33276807170759,706.6741920695828,13.944290106586609,10.653595824688315
17.147335788164867,706.010446993429,13.944900395489071,10.653004130758665
16.136199094739773,705.3706110282602,13.946435895910426,10.651453240814371
15.548270921353222,706.1676985932744,13.874615035690423,10.681620075507725
14.73649716118469,708.8398921752614,13.78469829592617,10.697508656925486
12.228567069778169,709.8348713398572,13.759029300119828,10.709891121343619
13.356694178016816,709.0638445127788,13.61446441278987,10.800837988772289
12.222554716619655,708.3036608160623,13.60981724343637,10.819625978328018
-0.49417717251863635,702.7671297145514,13.45686859190338,10.88464107746821
-0.5985687571895806,708.6017004193174,13.319314740848082,11.000804691129689
-0.7695463355483216,709.321722592842,13.304934764251431,11.007129038385841
-0.3350551078810051,710.0080238942621,13.166202190661183,11.098231379202337
-0.3332924108612847,709.6410894601819,13.138901915705862,11.140178417185544
-0.3108746675378091,709.2518460510188,13.056830926905276,11.264642959110253
-0.6161781517718117,710.2209111590063,13.0437422238149,11.268711973329296
-0.3843715281362634,709.8484214096661,12.986946233948132,11.288612054781062
-0.7628130916514984,709.3918630036081,12.954899540917872,11.315136180720646
-0.5305501755668107,709.0600200917205,12.886724867367423,11.340635311304455
-0.32326065507078283,708.5229375148319,12.809377402818086,11.372172772858923
-0.6680690426628075,708.1338548586481,12.793016499703185,11.381023259691895
-0.4546332761158647,709.2253397620176,12.74404145432216,11.399659011348204
-0.4310153384986206,708.9218783107665,12.721311052761015,11.407887887380106
-0.4154918246155299,708.597866368648,12.694797040186389,11.414276592097497
0.6803209932668004,709.6705541589447,12.727417667925756,11.3990265341177
0.5518079439928334,710.2711813972527,12.799377841352383,11.384485872236981
2.806695442644103,711.284070389291,13.37947138958207,10.885459287200755
3.550813477134451,709.0471071959023,13.45196923497668,11.13017052886692
0.922191911107447,709.8375591445315,13.660145823451586,11.193244988923558
6.886649204259433,703.7945816005607,13.703611875270173,11.388798236655148
6.011768204052844,707.6653239807779,13.767051067417665,11.57770335735497
-0.06834232032603449,697.670992695807,13.466771399012336,11.94768688066589
-0.07281237557864628,697.8025705371754,13.332437321475872,12.29402183093999
-0.4206186279183175,699.5287387817476,13.339563905725985,12.564310597380132
-0.022644192944152763,701.0971774254451,13.188764624362555,12.883637724352935
0.0927028690840741,701.2402678209875,13.126178814581843,13.13305038333755
0.036994268800347285,702.9304574322149,13.085166896396817,13.490106024926964
-1.0341311319835498,704.7602034953485,12.928692569790783,13.943949984932944
0.4877906490924513,705.071855363312,13.072504456552355,14.199590765187882
-0.0510352212610945,705.2230627165653,13.37285941571953,14.361816914470317
0.6278901977869396,707.0416979076482,13.676194319048022,14.32185230699345
0.22162260839125114,706.9155335256318,13.994871369053312,14.335211491687176
0.10897359895605874,706.0061336350389,14.067874588238219,14.444877528633306
1.3615072661235335,707.0484086269503,14.228172949856638,14.45519095957475
1.2687780825586676,707.5712343581882,14.332990300622273,14.417115962705605
1.094060335554265,706.8535103842249,14.329820958405568,14.354234151987978
0.915407225403361,707.3975847950907,14.300726598301187,14.204759422549314
0.5608847762520632,708.0968460775387,14.331244737456139,14.02258884358486
-0.6763748220172481,707.3433013978217,14.373898718693248,13.967206932457355
-0.001612872572299473,706.7761908663555,14.44532642464649,13.948753678030045
0.6110530332899051,707.7326201741594,14.628081628074058,13.756710840200759
-0.3152818011748648,707.0898643027014,14.63581468773541,13.719145023645668
-0.0442188475763734,708.2336483848555,14.68168055462061,13.674394022804716
0.1889332536622801,707.4317813125004,14.681469922137277,13.614225646381625
0.36233802707462903,706.6449779005749,14.67613174934746,13.616233701998462
0.30198561391136103,707.5825169454482,14.672277858661591,13.61211048342933
0.42049571482027304,706.8225695463406,14.670657260687456,13.611917562681132
0.48769719449837723,705.8458622856356,14.669476568362917,13.6126021436767
-0.29331069645906904,704.5034512280737,14.647558639225869,13.633949460597947
-2.2585344687730755,704.5356073085345,14.46571246360852,13.822848142285707
-0.9313328470425013,704.4299707460432,14.23675906832242,14.057328453058359
-1.400564469788688,704.5835383743589,14.112149513178503,14.196881759058469
-1.5290776683266714,704.427231738664,13.80407375027751,14.529357054561878
-1.6782963907548707,702.2824381696389,13.686741141270383,14.681791997635266
-0.34167655368688976,700.5529443426997,13.638875545885032,14.744822181573475
-0.6312122982807962,700.3279366382257,13.562307863472503,14.85868491775384
-0.7346888479422766,701.9456232726199,13.319316317629067,15.237952361703385
-0.8955088493073262,702.2715672819468,13.228691079213078,15.352345530583898
-1.1305095816308937,701.9474321096288,13.194865925665633,15.407561103796459
0.2523402391644849,702.2922464095457,13.025150027742479,15.679838817859142
-0.2104183402858819,702.7884266662033,12.978078468705743,15.755333901086003
-0.321276205427127,702.6876828077715,12.837219532249723,15.98979172604156
-0.4858196499740961,702.5229959960425,12.663923189226962,16.260678168879203
-0.5616539862763998,702.3552055086582,12.570630108343982,16.390980702337774
-0.7199105037561031,700.5965423662518,12.544613190777296,16.422117144926414
-0.8155444307357715,700.9851149164845,12.50325716959549,16.484996217720912
-0.9708003192296024,701.2171552192073,12.370532446558355,16.657340809399873
-0.9538936448926894,699.6705755677219,12.35866211386227,16.673639446095528
-1.0589281267952257,697.9433577173726,12.32366291498767,16.719367051243616
-0.27726126134167384,696.4897705230612,12.326143083120789,16.71555978474551
1.673045738144884,691.185874078983,12.5177169656174,16.55564770921771
1.5306242326332633,701.4632929876622,13.097502415243088,16.167239411512835
1.0991603825837961,700.3803004906449,13.135418027520062,16.130332102080395
-0.9965650115440186,701.7983433824271,12.935653968210994,16.28365743416254
-1.3880153061331093,701.0571462570416,12.92379623753444,16.29201630266273
-1.7992728838771068,700.7744102249952,12.91763814949979,16.29573050418755
-2.4454919657510894,700.3912129300021,12.912053089370803,16.300755567787565
-3.0144653588452144,700.059234370905,12.906868738664826,16.305742747226653
-3.676557652225765,699.5193942992302,12.904786917459313,16.307740395459167
-4.562844299932069,698.7107529950027,12.904323256084812,16.308215900756927
-5.451880018276292,697.6557028155258,12.903760036552583,16.30882157358399
-5.451233241075195,696.4435233392604,12.90246648215039,16.310315373755845
-5.4506837676810065,695.3179890086698,12.901367535362013,16.311596227472492
-5.449343567144853,694.4034293451521,12.898687134289705,16.314629629405815
-5.448948538756814,693.6926441331459,12.897897077513628,16.31556184979728
-5.448648095605007,692.6531986345759,12.897296191210014,16.316246784620176
-5.448334091442881,691.4145135690377,12.896668182885762,16.316950703614687
1.9142348215857048,686.2923371999384,13.356300940935036,16.03562671451851
-0.5527200247510793,687.5805292721586,13.065630345675254,16.505688893472804
-0.696105940220531,703.0437734970334,12.65092166876351,16.954190906980003
0.0053143673015787485,702.4750272414642,12.802697504982719,16.787336856686586
14.054690305397482,703.9205380041016,13.461817256598527,16.743417973471256
15.22563706879717,702.7179966380794,13.926957030198935,16.79889919832853
14.155920976640724,703.7134648771406,14.49597765159221,16.762540046980792
13.264197247775634,704.6869323287148,15.0837223181084,16.69623063020645
13.786361140957695,703.6279836635391,15.4369293790038,16.845016041154544
12.317040610783245,704.3921173721644,15.723271512045573,16.753750209864286
13.911206926985418,703.5692598912169,16.07356507364147,16.789774386351297
15.550944841578671,702.87583315203,16.33424298629151,16.893946876413303
14.374921185207096,704.0303453512196,16.560538326836173,16.890123054816492
13.964873802482531,703.5697916480161,16.58178243672958,17.097419421298863
13.719024223493767,703.3679426219863,16.646858816529846,17.17299506616049
13.400108988126968,704.254462090663,16.71086005361705,17.136548421592796
15.078851720973868,703.0507535176339,16.806194173723423,17.112684239449603
14.44366605702888,704.2859338681662,16.93327271692254,16.96216325434255
17.584085587604203,703.0729878303235,17.220096848520917,16.91654038976606
17.072470716542917,702.6549221126877,17.502376661882966,16.97903357659417
18.526034220755893,701.8730490642912,17.78027892172178,17.251234043885862
19.57262885609912,703.4824545976239,18.019150464939138,17.279530959855936
18.250688416855038,704.3316367990609,18.186547521558403,17.170292667058966
19.992029049858353,703.2530834299469,18.291547787457905,17.204995783613512
21.431121922540516,702.3013394302002,18.28925205864936,17.33515142570005
20.9239904225481,703.8064550862384,18.43647788154831,17.333109791815897
20.0524649141792,703.1366546098542,18.593681043671857,17.25313493415182
21.186858978799968,702.260551233454,18.6165989996354,17.34625307534945
18.887357735278087,704.2302187428779,19.427581114288415,16.721979625715484
17.14015160326263,704.2568160220752,19.442449453987667,16.710915362508214
15.659903563963296,703.5960058087315,19.44561554410672,16.70832144993925
13.976336739932206,703.1962302509711,19.444983288695997,16.70784692354188
12.961813788854974,702.8828350796506,19.44426334650537,16.707953732991246
11.992022609472206,702.5858328742096,19.443033355951446,16.707869172258334
9.677136738852926,701.7700437896506,19.44675033339606,16.70480783980464
7.4138885025772066,700.9614949325994,19.450551741402823,16.70170253571869
5.431242518645895,700.1825799475905,19.449224217688297,16.702172452673903
4.0288587978675245,699.2615637065483,19.447505767902875,16.703766568822264
2.687081608596811,698.4170859981978,19.445034765356045,16.70297322148507
-0.05902281176690849,692.4012349646199,19.324480201237293,16.673571467840052
-0.7278788895444492,691.2934053516387,19.262812507358476,16.645559514984647
-0.6172476657081312,690.1983963022718,19.232119967112673,16.631492740519057
-0.2903847583044765,689.4948776013923,19.188982524059057,16.639270813435886
-0.2793382317601605,688.6018023573007,19.179218634000215,16.638073031202776
-0.02507646491661575,687.6967200799078,19.177873943334518,16.637324857678895
0.0820827514723863,702.7187954386497,19.051326181208903,16.52542511675747
-0.21127674106458905,704.3663011385452,18.996251140384874,16.508208316499857
-0.6377737869347442,703.6378140712309,18.960494738598726,16.518200901865466
-0.5338688811544792,702.9247963106131,18.941361329010967,16.52596511992397
-0.44207506643076755,702.1854689729304,18.928337665599386,16.52958555838163
-0.3018729453861084,703.6560733667327,18.90035411714601,16.529854546350673
-0.35522907361733935,702.9514356181357,18.89769834735191,16.52906427339542
-0.5027475882771828,702.3355048347726,18.894533726290508,16.529875944835215
-0.44858242271940085,701.7082171770895,18.889439101861917,16.531293763748863
-0.19662144350428612,700.8611547717376,18.885789715472246,16.532174713254435
-0.4316777222447179,700.0596554830707,18.883546996606903,16.53275939784197
-0.7235982700942607,699.0300343862591,18.88277214648995,16.53291932179678
-1.7898609253506699,698.2278102886204,18.878414913438924,16.536780387481148
-2.5174505381852246,697.2486243871988,18.862457807549806,16.550055578347724
-3.6240321251319045,696.402808707785,18.83608588813567,16.575634714923556
-4.350863759691089,695.7823339769766,18.82177437526399,16.590997523784566
-2.795084663578283,699.1868402797473,18.610541481347703,16.767449491149485
-3.428369936813752,700.2263344033214,18.429640528375586,16.911910474195654
-3.913598293127283,701.0218964147994,18.30153547723922,17.001845454115845
-2.2513478906660964,699.5698710764069,18.256713970717726,17.037617150645666
-2.912487766129564,700.4571757092314,18.09647934023597,17.164667731302615
-0.5079621865099373,701.7442431561084,18.074644367520154,17.150691805520374
-0.6036163455236565,703.1169601418381,18.07152561254573,17.143667353256383
-0.19522440278219833,702.0558424045527,18.055896340557688,17.13637215956867
-3.093902842316261,700.3733943720023,17.91345295717464,17.24083288188086
-4.139068703916529,698.806437017589,17.827601218232232,17.3196788593994
-4.887089246864967,697.6754620352325,17.801432540602192,17.344673419830816
