555,204,14,16
554.3230172204627,205.59014933862414,14.39168123252125,15.933082112508487
554.1381778568293,207.6658892492458,14.780074454791274,15.793549923101107
553.9420543714899,209.04050401988832,15.030361624153787,15.886424339945975
554.3634547068652,211.80821562061874,15.063587881827978,15.86710917452637
554.6493651952333,213.14140223443158,15.161318158410804,15.86607875467048
554.1101552849516,214.15927628832253,15.165205589333334,15.970641172782742
554.3134737832333,215.70848681800152,15.176589645845583,15.975066020636078
554.352606199015,217.82665135700626,15.24380678816885,15.91448195300255
554.6890652659896,219.01077720512063,15.21826632403071,16.10624021313366
554.2737580072246,220.5396707544912,15.164979126282123,16.114889643552104
553.8516346526133,221.51189842827833,15.226640572252627,16.304581701602206
553.9377090093524,223.0455458568905,15.23233677058808,16.215947189455406
553.8079041275937,224.8770358802246,15.289838046618565,16.2228520629074
554.1438224651423,226.3687640621631,15.239945381779162,16.384232840067416
553.2926733591954,227.59160681086408,15.36067749832062,16.51591059530521
553.6925797796015,229.82313377925902,15.29787018929645,16.691738341864962
553.1952558568471,230.4954039445035,15.397186115611913,16.90924239347135
553.0385289210582,232.04736635726212,15.755648311276492,16.764435695776992
552.9547903954423,234.30177290345358,15.984219382070325,16.684016444183836
552.8276915110396,235.5170444853685,15.84864476551687,16.83384537546204
552.9216047066145,236.79663744448214,15.840254387469496,16.93509632590236
553.1116515723821,237.70348172209725,15.67471132989599,17.089383148708613
553.1275788932745,239.06545190851176,15.614337333350544,17.139506601486897
553.2387545758,240.63980722848837,15.672945306249154,16.93093048683277
552.1387600989706,242.03239689267676,15.691370405690513,16.925529400567186
552.4700912833848,243.48339512052593,15.7446361741646,16.9401312648762
551.9956648471635,244.96415748017995,15.695986302409223,17.10998042786182
552.3149040092967,246.23709027399696,15.698631451787243,17.26814225454976
551.6457271380481,247.6899452982735,15.657515561181917,17.379728281817577
551.5649286020836,248.57858217688548,15.68563750827501,17.424237113552344
551.795251918556,250.11662929207424,15.843334288206231,17.524144431941902
551.2267829175432,251.21515814240303,15.894708749773077,17.557801290839414
551.4451577496991,252.81204571297067,15.751990914103311,17.614822944595435
551.4272221905356,253.53856587939595,15.791135069692544,17.809962262051627
550.8525596284761,254.7153828174679,15.882253516374593,17.61499165876537
550.5574863714032,255.70031229264885,15.983007511523393,17.519107866141198
550.1302815442778,258.5283708203947,15.969167689818246,17.61965413309829
549.8615034563944,259.30973850775786,15.883577510432792,17.61387361905917
549.545206383071,260.6610205482095,15.908949994081478,17.77455884006633
549.3292773740554,261.76950031673493,16.022063918932957,17.70911740947597
549.2060659769817,263.40013908686706,16.120100428371412,17.814055098246175
549.1444976158542,264.3098028039095,16.30084953250176,17.869359188247252
549.1174302100676,266.0735312601611,16.326340640986853,17.93721963948311
549.1383689483165,267.10539818955215,16.381228950898393,18.016102529510786
549.2768404592492,268.0596521314964,16.302851739951834,18.302332318428057
548.6174338313172,268.70887052005514,16.44479715314177,18.456313272595743
548.324482511335,271.2047847005919,16.52780199409115,18.393347006401353
548.0187997097149,271.63229169699923,16.742134770192173,18.353650227121932
548.1787777922127,272.9502199760249,16.73246178924811,18.39979239877636
547.6667062620484,274.21840257508484,16.672015010595217,18.506914177280137
547.3277307434249,276.21725183878925,16.584739326078527,18.661495503692038
546.9757114982497,276.5732328575587,16.57960854782096,18.747337106518785
547.1204128958603,278.43411901358286,16.65195409034531,18.84901869766867
546.7840903822283,279.95910041017135,16.892494708868192,18.806495040996847
546.4848710206885,280.24717121403773,17.132999791467974,18.727959472311312
545.8699119131921,282.2262984489235,17.338996516745162,18.679236834281127
545.8703695667192,283.07143662136565,17.246733403535224,19.046696409349202
546.5488760185582,284.16547705392225,17.147662818773583,19.14551368037491
546.3975721804422,285.30996559405514,17.37506260592535,19.150638553615636
545.0306062215641,287.7258732464895,17.497792760528583,19.382290751340864
545.4089247200728,289.2869654554329,17.576038916949724,19.51918769713212
545.5639056612789,290.0925482612681,17.463746376697905,19.92580596569546
545.3783762394245,290.64394946351615,17.323830276768902,20.333049804866995
544.5399001639394,292.8110946391722,17.510546741436848,20.34851855542246
545.057100872605,293.55649389496887,17.61687165200162,20.400774743727006
544.4304394199717,294.31113149573844,17.89641148145897,20.450595997761848
544.2250491479963,294.78760563165594,17.967947659717552,20.801095091687678
544.0321293852182,295.73244444559936,18.144854442797254,20.862867930910543
543.701910558715,296.55787980165945,18.306396093034124,21.01609272545845
543.8817662315113,296.3337162824428,18.2267645592531,20.966833155958614
544.1169177812326,298.2682543864187,18.38533486765122,20.876388873589764
543.4462452807137,298.3195687394194,18.33671254633933,21.05049451970018
543.5556535962153,299.06465300224613,18.420169904060053,21.23427070573191
542.8875154311093,298.07522222905743,18.267844192073838,21.36272262514853
542.5647583881826,295.3922723633066,18.2518918582304,21.264350334402984
542.9758524129224,288.5755324866617,18.148540295090314,21.550825197250745
543.0882536888685,282.2030708716957,18.252291747628895,21.516184523374275
542.6163445667958,273.66598749809896,18.057293039068895,21.621545957457364
542.116329285732,265.15358330869446,18.076594617317436,21.52837528658372
541.5188750516327,254.6021145623844,17.201359624288784,22.38403456570283
541.0764747811054,242.46129267319856,16.529670459303816,22.91185601741439
542.4026611248574,229.31609250569187,16.136376036036243,23.370795399668992
543.5329576001989,213.05453730143586,15.872566103465449,24.172495056838237
542.4733425100372,202.79539764571632,15.637352733678872,24.42445318602632
540.992418987877,198.09430905932376,15.565982586303102,24.43574309837439
541.7362133593322,202.2494185120058,15.956379082421694,24.289428383073787
537.8930185524785,198.51713551861775,16.111703232109548,24.215065384254206
536.7723940117835,198.12977337103726,16.11626203067783,24.212782516844225
535.6841455111313,197.3690073587172,16.12057647201498,24.20805154290345
534.6594092157037,197.87747754464647,16.11297809233499,24.217377745904543
533.3963383611509,197.98740345920706,16.133395371356304,24.192316876141547
531.9250896820291,197.1467986480057,16.138557715256585,24.18582849191431
530.8349649455146,193.97187261537164,16.208637062324502,24.12117555229965
530.1177008423888,192.9551809968293,16.21729961839902,24.113841902863918
528.9591393729281,191.9643731564354,16.226691644158223,24.105538517222552
528.2582789416072,190.85122550881334,16.22814705155409,24.104683849087774
527.5615707919593,189.95831967827232,16.233457719975128,24.09993288047011
526.6343329923839,188.95708384045543,16.236129777942537,24.097587308713194
525.4437199867784,187.92252660046324,16.240615333525984,24.093862767014784
524.2801179097945,187.0395161549911,16.244037997167982,24.09088336613475
523.0442897151553,186.37214556521513,16.247524220430794,24.088179525011043
522.4020039651241,185.88821065884153,16.25113754483385,24.08551477469365
521.6932902402017,185.36159139870819,16.25423451219581,24.082768917099315
521.0194098715228,185.0810080275747,16.256302853389677,24.081038394408857
520.3023971448058,184.37429063555984,16.26063234296412,24.0770744872612
519.8776127840651,184.04271736643494,16.261553052760906,24.076225103899215
519.1789392559594,183.81283953679625,16.262817946115252,24.075000616053252
518.5936617100679,183.91866138895247,16.26389533671127,24.073897951446074
517.7119213740984,183.67209285905,16.2668096548523,24.07075225492246
516.7535655776765,183.02353816493326,16.26856074411798,24.068799271902005
515.5858471289375,182.16198080416459,16.270189934763152,24.067433602890592
514.0979468758871,181.89274180623656,16.27107302905971,24.066650496070288
512.7369620806778,181.1622429376568,16.272020967256484,24.065378211791227
510.97652368197436,180.00823699279795,16.276160065154873,24.05966629894239
509.2536830158512,179.34982352905703,16.28168875229001,24.049848448172533
507.68347515545827,178.7788428742129,16.29098999019627,24.035008057268772
506.42507826052065,178.65709466961226,16.30074566361645,24.02219242399529
505.67144397352854,178.32353945009993,16.30789443226463,24.01299625768094
507.2940958673043,177.7236203237889,16.335213468428353,23.963588032222248
506.1742547438455,177.5176448562901,16.363940333952552,23.925731263724774
505.40798259153814,177.4262662937791,16.376418258066458,23.91248158404213
504.8155961954282,177.1818328343234,16.38580974745277,23.90158620627694
504.28618037321377,176.75882752236015,16.40232471669545,23.886381298377405
503.7336047008969,176.0163375890575,16.410390943035463,23.8797302531556
502.8716609018524,175.83514750533502,16.416318302667694,23.873546798364323
502.3123707254369,175.3798063813377,16.41996683367559,23.86907071496477
501.21835962819904,174.82793023315895,16.424405530150214,23.864177929802175
499.72862783778777,174.09841040355423,16.4308237618517,23.856132465949464
498.0202924052206,172.96702160993073,16.43713476751955,23.846695163670127
495.959600763346,172.42060776382297,16.44013988888464,23.842426174290758
494.1343086472862,171.87522342602327,16.45169890966997,23.824265573423833
492.61100852097286,171.4323286172494,16.460151951221892,23.81585581963366
491.6760724596225,170.93040217231956,16.466170500123468,23.81026363827295
490.76401247384234,170.34759362631522,16.47693860210063,23.80189512981011
489.50606333280115,169.72012897290284,16.48561661593354,23.794116726368753
488.60609620808594,169.1531268768848,16.491169366073425,23.78888303769804
487.39222596239154,168.55219409921528,16.495365212152787,23.785058566753808
486.1352931989182,168.09711542586496,16.503016597253787,23.778419288793977
484.91759386134987,167.4822232612707,16.506203634893467,23.775697104386953
483.67399763636075,167.1066146530545,16.50952200230641,23.773119293086516
482.28229991815806,166.10271179352077,16.51364917394127,23.76926491312441
480.86041776555027,165.57687058184575,16.517770716019044,23.765773581782362
479.52876154056315,164.8801341386226,16.51971718012293,23.76399507491048
478.23284871536123,164.15696453375944,16.521469006597897,23.762699110839183
477.16331940626657,163.28595116136358,16.523796238602625,23.76097063426405
476.1685257816288,162.1797400871374,16.531297187028223,23.754570065049812
475.06848101550077,161.3400758670316,16.535640774307506,23.750857647946322
473.99102868410574,160.4859705125406,16.54046523308752,23.74712747233814
473.08005424740793,159.49732175453903,16.54288791095705,23.745400101256347
471.97313022552567,158.52279748549654,16.545535717447404,23.743132282682385
471.11819292745713,157.33689871428322,16.548129320122865,23.740893989842913
470.1327150202385,156.5719470241405,16.550893510872346,23.738564608745275
469.06959831974837,155.68679629243346,16.552721289370293,23.736965418320292
467.932093695775,154.77896060271564,16.554617286584627,23.735227043956474
466.55034159541253,154.64127588469896,16.553290421177923,23.736940648176
465.20969517348715,154.46315582868212,16.55192244692874,23.738527371947878
464.18196326537685,153.6268211313551,16.55582061602409,23.73513120244638
463.18362349233985,153.03386220746756,16.560229096386088,23.73081748856067
462.1773073016226,152.34376980832704,16.562263056723822,23.72921415226681
461.1006058295028,151.3588321681434,16.568166439653645,23.725550318635683
460.2294995745239,150.6914451357803,16.570490043132555,23.723927927597124
459.5982761815833,149.81237546270967,16.57257026998512,23.72228603232142
458.402490053715,149.8615925689542,16.567942345667987,23.72784252365357
457.41087831631233,148.85194724288124,16.570348025673486,23.725740830371027
456.36626974729325,147.98673008939892,16.573603583435236,23.723401714140756
455.1458365788287,146.95239763245542,16.575734435287316,23.72186141638838
453.7975656481832,145.83520325798085,16.58163489338021,23.716338609093587
452.9197273201187,145.02195458075226,16.583166165674413,23.715315998378976
451.8267231076158,144.17769510782327,16.585528150174166,23.71370554493735
450.76396220299097,143.1057311783428,16.586581156018003,23.713011078001067
449.5157944513997,142.24343510829382,16.58885924228467,23.711202008267797
448.0447336962455,141.58733398904934,16.58691398966888,23.71396434921949
446.7890400689122,140.76414610538984,16.583244634228038,23.71879660896252
446.1053919773404,139.62174506049584,16.58729211150776,23.71442294992545
445.16659220810266,138.68906676278434,16.592100717327895,23.710338393729522
444.1645823886728,137.95734752810836,16.597444175348055,23.7069944124055
443.2123129839094,137.105881690756,16.60165124926393,23.704186708181084
442.5045161758013,136.12280633780117,16.605683972421286,23.701346015279395
441.85400977669497,135.17998814273656,16.61179849907328,23.697258031591144
440.80469702701777,134.23452891661333,16.61475019891296,23.69543754550604
439.7648713179362,133.24410217879074,16.61618911745756,23.694530996126797
438.8324791220491,132.01225016487734,16.61766877500168,23.69344730231965
437.53317799722794,131.19815325897213,16.611632448136437,23.700078394785017
436.3118215027139,129.99803381698567,16.618116923446916,23.695831099406096
434.9321622451944,129.35912725886365,16.61328577265337,23.703354556150053
433.72336713558144,128.39532468966104,16.609843324719193,23.708974902799596
432.3619258792597,128.00913103615216,16.604158475531058,23.71947251369612
431.5077606454478,127.01819443330825,16.606168180520662,23.717979826019977
430.3093223966333,127.07007498838357,16.59690673488166,23.73508501454489
429.40383217286745,126.41089743099737,16.59905215281136,23.733532225646027
428.3804495412841,126.06730054319895,16.59262646939903,23.744974553565243
427.4594387683811,125.53499031050954,16.586127021018726,23.756460339149747
426.5124905848553,125.51270994743314,16.582568649453417,23.761910538860036
426.28509584070486,124.50336405448937,16.590011063007193,23.75743876769497
425.75474889993916,123.61041864797642,16.59544929306463,23.75340042918582
424.8602625237704,123.41958377828712,16.59359202926584,23.757253223250025
423.80664336931005,123.64344732386493,16.58827292699274,23.765199022042278
423.4018382814055,122.75129235802669,16.593872830775858,23.76046528878652
423.132446402746,121.77459323588708,16.59911258413137,23.75580541424555
422.7406030153863,120.88069481711244,16.603018970972364,23.751945519235623
422.05797758417987,120.66418142372964,16.60107291585133,23.755542983520048
421.49157634821574,119.85663421394209,16.603537553421354,23.75385128077308
420.6521023245418,119.42173283773505,16.602345939934,23.755843247416763
420.0000942377717,118.65156356546515,16.604014334200258,23.754769200022345
418.8901742873566,119.12181935979368,16.59658530078051,23.76500975045679
418.2863472988586,118.47504039139015,16.60039556496983,23.761962815513943
417.52243401915723,117.5753858533012,16.602889911924446,23.759466514685332
416.5335972591653,116.99355484953117,16.601716285874144,23.761002100296984
415.56290364587335,116.47294948000055,16.599720295600065,23.76305211090363
414.4131988550278,116.33694358210587,16.59893919011151,23.76393489458513
413.42136835176785,115.97080317293255,16.59823878649046,23.764742684271965
412.24053700470495,116.03809509442557,16.593479781092412,23.77030964163325
411.1489054974695,115.6601977546593,16.590967038727296,23.773094525023215
410.23710862123846,115.0490667365941,16.589910265142642,23.773842455356792
409.1704679579999,114.48097615287655,16.58846625935966,23.77530460862412
407.6450704506694,113.48597476219632,16.586069373767387,23.777242743263688
406.12031407114944,112.55405602128177,16.584440155497052,23.77860506830874
404.5411068010225,111.93912089871282,16.581378560496997,23.78130663420927
403.1984406444287,111.61693814695292,16.578100558361864,23.784812891475102
401.86107157015994,110.88290772770227,16.580923890996534,23.782406043323245
400.3617427345948,110.098355174416,16.583056751335736,23.780464916718607
399.1509438177183,109.13393075227805,16.585416971410872,23.778215180634096
398.0416547096053,108.22543311650665,16.586552913543187,23.777232308484884
396.8382953053574,107.45184105927962,16.589295520027875,23.77502801427805
395.6129795272294,106.34642922669502,16.59283859628816,23.77203289091881
394.44952142047197,105.70395018459081,16.5895739263955,23.77566086648467
393.5612155040676,104.9771136516058,16.590931390422174,23.77463179355391
392.45361101458354,104.02903076595389,16.59237522504211,23.773498871200815
391.42537334874913,103.01164173671643,16.59397613654497,23.772111453830412
390.42943151005295,102.00170240191763,16.595117488154532,23.77125700537076
389.1913294005787,100.88197501203476,16.596075039241054,23.770475502787868
388.2000631621627,99.98064206029224,16.596950607084153,23.76980955431367
386.9541544127166,99.06940982491031,16.597867827884922,23.769101336593323
385.64905270428017,98.1814153291369,16.60054899553598,23.766776452941798
384.60319407419365,97.24906078582706,16.60209968695286,23.76560779202579
383.5152060866802,96.3099141599994,16.60383602651228,23.76420574739356
382.43907174352097,95.45276858500908,16.606390242921062,23.76186286226371
380.9956886422203,94.53336402635446,16.607400668163503,23.761062118199064
379.70845048579406,93.68819252688665,16.606023394819005,23.762613246063818
378.29468908465486,93.4782039542976,16.602955710570928,23.766363408171536
377.0233421373259,93.16043887625487,16.599333696796776,23.77046287873683
375.6843675417472,92.67316077844268,16.598370963592053,23.771469469945323
373.87590641324744,91.92065122547537,16.599506429743773,23.770406756345643
372.2222508388687,91.41088980606625,16.59782519263695,23.771990266016516
370.74644295639166,90.37435821049534,16.596442796275188,23.773291372197413
369.34405943554555,90.03899712857594,16.593433386856525,23.77652895456571
368.12068395578666,89.46206951578478,16.59084710234045,23.779204747279095
366.2314329054414,88.71664399776823,16.591708621899958,23.778176200907104
364.6871842774336,88.23724050699443,16.586718853608378,23.783009829545605
362.5187215312704,87.74713530497257,16.587986272509546,23.78138725247969
361.0313020845953,86.93982720902412,16.588855944744523,23.7805523468882
359.3427911508373,86.39801508182913,16.59008363997358,23.779383748876455
357.707636766162,85.64999185562434,16.59086878871869,23.77856778978703
355.9286728426462,85.0457411643856,16.591608363274098,23.777874631287002
354.43910510011983,84.44689101979307,16.59289889478983,23.776741335686612
353.4662491434067,83.73217472184882,16.59544479068384,23.775015865779224
352.5146922351719,82.99246067170384,16.596506323866436,23.774334393658606
351.5764383734224,82.09587327965869,16.597313692789317,23.773710254256454
350.7816077040625,81.00442649074769,16.598018317832608,23.773211545777787
350.11440085953774,79.99739910777718,16.59879321961245,23.772713241650443
349.45262588989686,79.29895247633023,16.59955348985742,23.77210193644438
348.75134731423117,78.61820021449398,16.600374858565445,23.771508958362134
347.7261652898217,77.68738874148866,16.60092754416412,23.771164936790054
346.71608993175937,76.77520183171856,16.601653344975105,23.770708462674854
345.81865457144323,75.85384056829228,16.60200642930825,23.77045251204938
344.73478943146443,75.17498586382598,16.602257671027363,23.77028526254236
343.68580654805635,74.43021947495572,16.602479449806378,23.77011641159787
342.4465263430659,73.6512198767171,16.602760507599168,23.76990893063831
341.7099488294062,72.90301250432688,16.603347857420783,23.76943599155034
340.49593528685324,72.0023425919925,16.603615771994452,23.769263217227685
339.28031095950314,71.18040329372334,16.60384893520899,23.769078341018204
338.2519261563357,70.33059069354844,16.604146716898004,23.768863710969434
337.1185479776268,69.5288769363583,16.604468166402516,23.76864184752684
335.96221778080417,68.4697882212696,16.604828831654203,23.768294726312664
334.9674529904138,67.36865273927219,16.605128494908694,23.76806701591476
333.9091066816516,66.55170014353668,16.605352444449014,23.767909321147695
332.5846705695384,65.92837023129147,16.60588468187442,23.767430168587353
331.5581181818474,64.99348937927485,16.606241492397285,23.76717756273747
330.5186226083198,63.99707654440662,16.60674929632817,23.766813301558088
329.28267368470654,63.313350810613834,16.607262141418506,23.766402663774084
328.1766076407637,62.59326785154294,16.6075600370282,23.766176445342087
327.05599924342465,61.82747404310265,16.607778801997355,23.76602733069343
326.0613021700589,60.94328410436492,16.60821506680131,23.7656596400384
325.24666378473995,60.36912443110434,16.608597746786856,23.765359096346547
324.2027511066343,59.666487812319474,16.60889415898258,23.76514598862514
323.1075298938019,58.93987937145821,16.60921660288165,23.76492017759101
321.9823067423482,58.07221177442274,16.609505311108236,23.764718677135274
320.89106058171757,57.29547936970951,16.609866103515145,23.764480655293433
319.6764426193148,56.40514338341853,16.610607098053343,23.763907515456246
318.8921368627136,55.34528288065272,16.61105044795626,23.76359048845615
317.9018355738564,54.47414128614212,16.611243522687626,23.763448950991133
316.89094226837784,53.45679597165116,16.61157985250149,23.763165481767484
315.636914977647,52.690157426595306,16.61185626623854,23.76293570160942
314.66760376839176,51.92079849807487,16.61208795293745,23.76276403132942
313.5763104204884,51.08038356928555,16.612383856278957,23.76255324426238
312.36755565712065,50.41026022584143,16.61272977255608,23.762317934614373
311.2235344307216,49.42745634737382,16.61319674203211,23.76190081590872
310.297278157183,48.694471959052215,16.613374551331617,23.761762224082688
309.4049037265652,47.76524231939739,16.613626151519874,23.76157236875641
308.4428847228634,46.871667311789246,16.613861067874165,23.76133894681603
307.1735315421869,46.06473907963196,16.614119572324224,23.761136320516265
306.10052405656876,45.464890119928405,16.61447199740259,23.760852908098126
305.0457740997709,44.999389301913745,16.615148134753174,23.760266848052012
304.07711637594684,44.191544115249,16.615441373233832,23.760016412131627
303.0541004252284,43.41078150927536,16.61592841192346,23.759652452478562
301.8698449776104,42.72997398357371,16.61654894918829,23.75911147036594
300.64676207423537,42.040302202517275,16.617044866488246,23.75866663373613
300.0305911815834,41.38524540987072,16.61809285429921,23.757881318997196
298.9349952563528,40.74641417916379,16.6185801206387,23.757526259506506
297.60852960813844,39.8898990854061,16.6190730148916,23.75712425421946
296.5498175737051,38.99387625872309,16.619579473589713,23.756690630928368
295.21960289790843,38.083280832976484,16.620327981829853,23.756135729133312
293.7840280383645,37.10855841884141,16.621150705068107,23.75548013549795
292.94130667846844,36.45552055733763,16.621868974748825,23.754890080345415
291.74735334060534,35.33657457250331,16.62290359732863,23.754055672526867
290.52786866390466,34.406312394361464,16.624020329651508,23.753129714288768
289.4929592849229,33.44057750118239,16.62451316369543,23.752714735021932
288.3903077047404,32.53157718732989,16.624844056909478,23.752477938830143
287.0678341080795,31.907262812110353,16.625868206026606,23.751528690154213
285.98986974799294,31.150733632356744,16.63025497788126,23.74715149897174
285.10993973704444,30.338840740948324,16.63237986660716,23.74498408430933
283.94282960263627,29.276075967536308,16.635720208741958,23.741935206679624
282.8227231706552,28.278872796916197,16.637431285518453,23.740595889045334
281.985146333104,27.3061213202363,16.638371789615583,23.73995235421543
281.0772006802439,26.209361330395804,16.639787558989354,23.73881095503595
279.9853388598477,25.48790321629822,16.640992955992154,23.737791192897564
278.8160571868951,24.485025792512303,16.641742209261274,23.737120659762613
277.6923043194636,23.475294016942485,16.64215355134776,23.736822886973414
276.3073450969707,22.88150923007281,16.642612510325733,23.73648464573321
275.03083389657445,22.066481325050056,16.644919226227554,23.734170341452245
274.05993006774753,21.446973185210698,16.645832756989297,23.733501443327917
273.07851072628233,20.319601369569174,16.64646877172975,23.733027999263065
272.20933372891625,19.3817919465507,16.6475167676597,23.73201868482333
271.1540959804355,18.639076258016765,16.650040861956942,23.729815164659144
269.990252496776,17.678442023389564,16.650587974844868,23.729433343424343
269.5454110435957,16.677728148132715,16.65226145222749,23.728125717580014
268.218940631492,16.05861706146849,16.64581969472411,23.73470194917415
267.0219861505682,15.066458820505272,16.646510139268248,23.734142275247315
266.22052667439704,14.201828449599878,16.6475595084806,23.733267099394528
264.9427670518162,13.06355806982022,16.648528105906735,23.732562337408435
263.8400932360517,11.906297512498943,16.64906964803444,23.73217304021627
262.8554848746735,10.926911382389827,16.650922894037603,23.730702671383295
261.8447818252635,10.04711331329243,16.65289501763787,23.72936815219131
260.8960460485619,9.356563623720278,16.653402259441297,23.728999354493876
259.64973059343714,8.517997334001578,16.654098154966118,23.728525351289676
258.69907385702714,7.604029488498121,16.65472011853929,23.72804934395522
257.4709171582328,6.900944367195185,16.655372219283528,23.727600037763484
256.1812814334385,6.043557860705361,16.656821937304684,23.726573003822356
255.11464444993655,5.142562794325128,16.6576262502254,23.72605192137286
254.09980780329155,4.175353625265087,16.65921216596717,23.72447599202926
253.46932450912064,3.426125448684747,16.660160644033738,23.723686939992795
252.3272087845402,2.768216424691804,16.660899051202428,23.7231339047191
251.3304375091115,2.681647633966186,16.661805398293968,23.722367439754052
250.06739385039566,2.272323495900107,16.662250797543287,23.721933574963664
248.78435822178406,2.1665707990583396,16.662467266939935,23.721736815560536
247.89282972492805,1.9758709982374043,16.662696883332607,23.721538868479186
246.7508718573607,1.9570227904309974,16.6631233911724,23.721177982898524
245.59188876271625,1.8247847717250796,16.663398254319947,23.720938706398922
244.41048032513012,1.7376169976707097,16.663717322943107,23.72068722826922
243.2501106562824,1.5194343156798773,16.6639837049348,23.720476613256515
241.95312734379942,1.3942037783615024,16.66435029518706,23.72016688062703
240.41469917580227,1.1541466437718846,16.6646795124985,23.719886071147208
239.38466743001388,0.9452490150504822,16.66522395156979,23.719401174123384
238.0474646364725,0.464488156917124,16.666256316301453,23.718505228246393
236.86431854126934,0.03147238679217246,16.668799956292712,23.716788925230762
235.70334496837796,-0.6667000146490398,16.671757825189527,23.71427363118173
234.70156545881505,-1.4861689972525767,16.673689160675803,23.71268303670405
233.62834977941876,-1.8811052960477,16.67449540502749,23.712071801934982
232.4540772805941,-2.465099374170787,16.67692672088358,23.709653378209843
231.13495197424754,-2.9185674551626306,16.67821801923036,23.70864104623601
229.35904265747914,-3.3412008048208257,16.680806077205677,23.706328087520937
227.78005383273975,-3.6002943472939695,16.694417939178315,23.691551181302064
226.71766381804565,-3.9383490732230424,16.696978882873193,23.689121476246452
225.92241532728124,-4.6729970196555435,16.699220458975944,23.687074328645146
224.884971644483,-5.433665375397904,16.703507553347478,23.683435144248214
223.87377141367529,-5.948353862257395,16.707889292428717,23.679854325685092
223.19465547278364,-6.403138942816009,16.70966966282894,23.67853694741557
221.99580530768264,-7.0377819474302115,16.711793277561586,23.676425485216058
221.16811132357984,-7.54603579156711,16.71320945449981,23.675339193654345
220.00707161762728,-7.7922138822363305,16.71487217748588,23.673913987186847
219.33117899211993,-8.362573097860313,16.716378693339724,23.672712209503842
218.25682437764183,-10.842725803219222,16.70662635155619,23.685451606438445
217.5416893147754,-10.841275257058303,16.71011720711695,23.682550514116606
216.66938534988788,-10.840707722037529,16.71150695337454,23.681415444075057
215.43037248565597,-10.841242330497096,16.710540934935874,23.68248466099419
214.39797488414013,-10.840847973638684,16.71131717320006,23.68169594727737
213.06890347064214,-10.83958020885698,16.71435321728285,23.67916041771396
211.85802078193254,-10.83900290261302,16.71579569965202,23.67800580522604
210.78897432435187,-10.837963642184992,16.71813188378004,23.675927284369983
209.65444517831995,-10.837202601616317,16.71986692030491,23.674405203232634
208.6378013825447,-10.836591755671057,16.721343036101636,23.673183511342113
207.56749823597852,-10.83599961485532,16.722757224894416,23.67199922971064
206.76750322205498,-10.83545565248172,16.724061511316915,23.67091130496344
205.57328112655097,-10.83498129881881,16.72521284038646,23.66996259763762
204.35271068804292,-10.834474090156792,16.72639538343344,23.668948180313585
203.13305903450376,-10.833057334077004,16.729558630086938,23.66611466815401
202.2391221691849,-10.832136313226092,16.731578378752967,23.664272626452185
201.2066552956597,-10.83158095311261,16.73294615633622,23.66316190622522
200.21105049505493,-10.831977269828336,16.7321052290194,23.66395453965667
199.21966135865776,-10.831363335434409,16.733618195340984,23.662726670868818
198.11699445930736,-10.830829682555846,16.734947944740615,23.661659365111692
197.22626630470577,-10.830135282349433,16.73655031393371,23.660270564698866
196.1572163022435,-10.829449033264439,16.73821385645587,23.658898066528877
195.150550977398,-10.829092550167141,16.73895457465887,23.658185100334283
194.1969343983463,-10.828767541172024,16.739761303013804,23.657535082344047
193.28335823618403,-10.827885107836144,16.74202325220097,23.655770215672288
192.49044014141595,-10.827162759416137,16.743622939089715,23.654325518832273
191.68047833325272,-10.82668991908977,16.744558875934654,23.65337983817954
190.59907197194818,-10.826194977729976,16.745791512789378,23.652389955459952
189.6250709906912,-10.825244934019622,16.74801820484128,23.650489868039244
188.5928310336718,-10.823867525283115,16.751169230940597,23.64773505056623
188.02545118274554,-10.823477734170497,16.751833383209707,23.646955468340995
187.116661470334,-10.822712598867318,16.753543476672913,23.645425197734635
186.18159342387395,-10.822392648191618,16.754322937360346,23.644785296383237
185.33693771380467,-10.822191815481373,16.75482138638384,23.644383630962746
184.48236011133244,-10.821813428125411,16.755643933514268,23.643626856250822
183.50276482308828,-10.821380829881582,16.756486712608755,23.642761659763163
182.97683442242595,-10.820855395879232,16.757656505365592,23.641710791758463
182.05045989978572,-10.820417583868148,16.758645640062603,23.640835167736295
181.06592786896698,-10.81999777192724,16.759599617166387,23.63999554385448
180.14918619151354,-10.819343893174391,16.760879703068458,23.638687786348783
179.3642199002001,-10.818707745830277,16.762206743512387,23.637415491660555
178.5293192572711,-10.81829440146903,16.763099075703696,23.63658880293806
177.3599196520569,-10.817954111976858,16.763969752578024,23.635908223953717
176.30159077032695,-10.817668805388017,16.764690283066738,23.635337610776034
175.37214938169706,-10.817368123383643,16.765410895638425,23.634736246767286
174.69507155386754,-10.816714049224167,16.766495338528916,23.633428098448334
173.80712507593105,-10.816391817953656,16.76730260676452,23.632783635907312
172.74898854381559,-10.816039521010719,16.768150322713637,23.632079042021438
171.66525064000155,-10.815789789096325,16.76871738934439,23.63157957819265
170.80847213275797,-10.8153569269514,16.76972006823734,23.6307138539028
169.85656499469826,-10.814650823992103,16.771177481334927,23.629301647984207
168.89369714537614,-10.814212640226415,16.77221947632776,23.62842528045283
168.25931960652537,-10.81371925264082,16.773279127088372,23.62743850528164
167.3277881698145,-10.813432690261237,16.77392501785931,23.626865380522474
166.5590132408436,-10.812956606947665,16.774842695587232,23.62591321389533
165.62949239355362,-10.812535584569604,16.77586956816096,23.625071169139208
164.6775001892464,-10.812304594395897,16.77637010913014,23.624609188791794
163.86566979357667,-10.812068172250536,16.777004410258108,23.62413634450107
162.98580169428874,-10.81185229494319,16.777539320610686,23.62370458988638
162.12191964144378,-10.811363683445457,16.778590245758632,23.622727366890913
161.248776719087,-10.81107345611238,16.77931007999698,23.62214691222476
160.27972444896636,-10.81078408214549,16.779977205115326,23.62156816429098
159.47059586620122,-10.810545172463188,16.780540827211468,23.621090344926376
158.70024272414443,-10.810238528920861,16.78125084495996,23.620477057841722
157.74627715455296,-10.809701532174172,16.78239053554979,23.619403064348344
156.91801884273494,-10.809277665031788,16.783298505163586,23.618555330063575
156.29925405535346,-10.808400245260412,16.784765791642265,23.616800490520824
155.45001890256,-10.807937069323952,16.78573241127792,23.615874138647904
154.5787351113733,-10.807249982343917,16.787050551550813,23.614499964687834
153.7404348861464,-10.806956673073806,16.787684381559384,23.613913346147612
152.88374277170644,-10.806710662417213,16.788148898372654,23.613421324834427
152.04497251187416,-10.806182701095802,16.789252397735346,23.612365402191603
151.44532159615073,-10.805496212851008,16.790386189860318,23.610992425702015
150.53336595426106,-10.805102417437906,16.791185939521032,23.610204834875812
149.46281957031135,-10.80490969941517,16.79164846221172,23.60981939883034
148.5869152715854,-10.804406943638908,16.792650728029056,23.608813887277815
147.48379256476264,-10.803999884445028,16.793566008236517,23.607999768890057
146.32178122644234,-10.803421541786744,16.794557974656744,23.606843083573487
145.26348046139663,-10.802833691401176,16.795268763399935,23.605667382802352
143.71301059858712,-10.801788668418753,16.797063791829576,23.603577336837507
142.95850298345223,-10.800450617031112,16.798664323498613,23.600901234062224
142.27154084103879,-10.798074026877291,16.80158986812929,23.596148053754582
141.60556573898253,-10.79641479347511,16.803740777770006,23.59282958695022
140.86837167372045,-10.794912589869131,16.805588172095767,23.589825179738263
140.03238116230017,-10.793272773479437,16.807908984326872,23.586545546958874
138.84900557870833,-10.789382675913924,16.8151630811981,23.578765351827847
137.77112499657872,-10.784611683137964,16.82372962151017,23.569223366275928
136.91248804630584,-10.781816895474387,16.828896817344006,23.563633790948774
135.95198889526606,-10.779965601986664,16.832644247765263,23.559931203973328
135.29147969058113,-10.777107429126739,16.838797902458257,23.554214858253477
134.5091850832743,-10.77687386533949,16.839351343794632,23.55374773067898
133.62051097714607,-10.775866668016969,16.841175059018923,23.551733336033937
132.63982326040048,-10.775229775239621,16.842737016901282,23.550459550479243
131.63940253307788,-10.774949136265976,16.843448533420887,23.54989827253195
130.60878063598804,-10.773765964458526,16.846120512109845,23.547531928917053
129.6928655763125,-10.772891897905895,16.84754599221686,23.54578379581179
128.74322633467125,-10.772423950582942,16.84833023187754,23.544847901165884
127.48270600506542,-10.474907996771883,16.847460462088325,23.545821790929935
126.4383182773515,-10.77212479542154,16.849342359013967,23.54424959084308
125.41846364266526,-10.771732287371206,16.850303364073703,23.543464574742412
124.56668059160523,-10.770979046530671,16.852110485442715,23.541958093061343
123.61458352776891,-10.770509177833963,16.853278866769852,23.541018355667926
122.62487072477933,-10.77003539127323,16.854380655495895,23.54007078254646
121.50335959204702,-10.769709435496539,16.855116238831613,23.539418870993078
120.5179056042734,-10.769194803750617,16.856369058243295,23.538389607501234
119.39492018587956,-10.76866497648386,16.857700498363506,23.53732995296772
118.24695300890144,-10.767934829322485,16.859399861246125,23.53586965864497
117.09017576695234,-10.767560485378,16.86034705678373,23.535120970756
115.83256090347163,-10.767926154366323,16.85969715270267,23.535852308732647
114.64410922855315,-10.76705425103482,16.861792429495818,23.53410850206964
113.68238462928039,-10.766254934048186,16.86366381680017,23.532509868096373
112.65225188703957,-10.765707046683932,16.864971486111514,23.531414093367864
111.47777916219358,-10.765315294434593,16.865924277188395,23.530630588869187
110.34473359179987,-10.764589424566196,16.867584179801387,23.529178849132393
108.88457710245031,-10.76408237112036,16.868698645469504,23.52816474224072
107.65820526424828,-10.76310962806336,16.87100239191138,23.52621925612672
106.80595744499286,-10.762257916771652,16.8730179526787,23.524515833543305
105.9998157512313,-10.761097718462175,16.875655496695956,23.52219543692435
104.87809740018449,-10.760016752240976,16.878089162290568,23.52003350448195
103.62628836421513,-10.7604161232611,16.876931710089867,23.5208322465222
102.89769318670669,-10.760075995926961,16.87759948114527,23.520151991853922
102.11730061674716,-10.758177067783508,16.88186547033038,23.516354135567017
100.58743493954691,-10.757664390304868,16.883078176583286,23.515328780609735
99.65180887040225,-10.75705974048136,16.884544052360397,23.51411948096272
98.45505869067885,-10.756390339764243,16.886095950274612,23.512780679528486
97.70517015828416,-10.755237472093118,16.888721878665667,23.510474944186235
96.944199981626,-10.754684395855357,16.8897858243587,23.509368791710713
95.7617213187219,-10.754084160455632,16.89114766447965,23.508168320911263
94.87349797600105,-10.753465821709971,16.892605937064303,23.506931643419943
93.98910257267039,-10.752723230864898,16.894344331692537,23.505446461729797
93.24136034053777,-10.751928593643663,16.896148080396873,23.503857187287327
92.32324747776295,-10.751051766646611,16.898178668922572,23.502103533293223
91.18525401861109,-10.751484417692792,16.897199253837016,23.502968835385584
89.96184745690016,-10.750874034670305,16.898693916794393,23.50174806934061
89.05314233452796,-10.75045065794636,16.899484407701223,23.50090131589272
88.07890865122616,-10.74953841546073,16.901509766286324,23.49907683092146
86.97246603246728,-10.748272330186614,16.904262166508538,23.496544660373228
85.79875698209418,-10.747489232733283,16.906070602337774,23.494978465466566
84.43110454948047,-10.74789139398152,16.905294344213118,23.49578278796304
83.15352479905862,-10.585277623771006,16.904802180322946,23.496369792696584
81.95938933125213,-10.440168945945022,16.90428107797207,23.497009066654677
80.83143497984574,-10.258760575909028,16.903046521736364,23.498393067635316
79.53247098945225,-10.675162190613198,16.902451124151145,23.49905126177678
78.64397666047107,-10.748929924343368,16.903918622941465,23.497859848686737
77.56973663621108,-10.748491867034897,16.905011643720954,23.496983734069794
76.24583071374622,-10.747779180993804,16.90667075389423,23.49555836198761
74.94398422330245,-10.747330581123723,16.907729781687266,23.494661162247446
73.8580823287239,-10.746967191845464,16.90863298757716,23.493934383690927
72.87054942911624,-10.746410344468964,16.909993733462997,23.49282068893793
71.79621825330608,-10.746013070827663,16.910993683883994,23.492026141655327
70.78106944851031,-10.74559346091846,16.91203208861104,23.49118692183692
69.53659750480529,-10.74488792352403,16.913696799309044,23.48977584704806
68.46156778889356,-10.745296717765324,16.912866596046417,23.49059343553065
67.28461463911626,-10.745718868212245,16.91210523202683,23.49143773642449
66.0550536986916,-10.745055547257824,16.91355690108415,23.490111094515647
64.9772159608869,-10.744454068776372,16.914992960571123,23.488908137552745
64.05424154514805,-10.744024341001621,16.91601650766312,23.488048682003242
62.78309557638309,-10.74351038390903,16.917244898058645,23.48702076781806
61.97807162574321,-10.742900007794583,16.91863520084291,23.485800015589167
60.74258226963978,-10.743173936355202,16.91815833901412,23.486347872710404
59.84285078449858,-10.742811093183159,16.919038397805142,23.485622186366317
58.9067600116046,-10.742404003504351,16.920016878674584,23.484808007008702
58.07740124434912,-10.741551744300802,16.921909943619198,23.483103488601603
57.16902385927254,-10.741109324962348,16.92295476523261,23.482218649924697
56.13588602907013,-10.740315662439853,16.924822600167474,23.480631324879706
55.36770275573797,-10.739428549656866,16.92685389120892,23.478857099313732
54.28668605476783,-10.738691047398994,16.928581793118692,23.47738209479799
53.434626203417565,-10.737982974769578,16.930233577423223,23.475965949539155
52.231199581962215,-10.737614393745174,16.931126498907535,23.475228787490348
51.22213407718577,-10.73727595791385,16.931965724173928,23.4745519158277
49.87913621966719,-10.736847248101897,16.933005842287262,23.473694496203795
48.388778358280405,-10.736534075710038,16.93375277882121,23.473068151420076
47.12125339474699,-10.735539416753975,16.935959116105316,23.47107883350795
45.65325252824678,-10.735010312125542,16.93720886164846,23.470020624251084
44.885283950638225,-10.734309698650701,16.93881397989353,23.468619397301403
43.828194984097706,-10.733930693469643,16.93975953878327,23.467861386939287
42.77931973453528,-10.73350729904847,16.94080269385295,23.46701459809694
41.66831777198169,-10.73304951425882,16.941857922823655,23.46609902851764
40.571418142930554,-10.732454364122235,16.943298687121004,23.46490872824447
39.365394652434745,-10.731850719099134,16.944758595740176,23.463701438198267
38.3255977160954,-10.731321582068865,16.946049608158862,23.46264316413773
37.71398370565078,-10.730344390927977,16.94830461421655,23.460688781855954
36.92546807722743,-10.729650085208476,16.949980102859527,23.459300170416952
35.68987173732007,-10.729048151656551,16.951373740926197,23.458096303313102
34.41534824308262,-10.724719817974856,16.950676600220188,23.45898768164454
33.29538229630179,-10.728524974202946,16.952920667625232,23.457049948405892
32.19976794858836,-10.72759818007837,16.955073654662808,23.45519636015674
31.202676859379913,-10.726974053418056,16.956545361926445,23.453948106836112
29.937907053748713,-10.727301009836332,16.955858504148928,23.454602019672663
28.82270833880733,-10.727526965563504,16.95541930416414,23.455053931127008
27.833375277996776,-10.726819599025195,16.957090792110627,23.45363919805039
26.519998706132057,-10.726402341167233,16.95812987219566,23.452804682334467
25.146169065522315,-10.725980128161012,16.95911723836082,23.451960256322025
23.661439335326193,-10.725586579964434,16.960000029060073,23.451173159928867
21.474140549489057,-10.725028985720048,16.961210264003387,23.450057971440096
20.065151593507274,-10.726492809273486,16.958264370730138,23.452985618546972
18.61146441451921,-10.728282217975954,16.95509790953817,23.456564435951908
17.179023278876397,-10.729402302250753,16.953140295112128,23.458804604501506
15.862841293842038,-10.730621128468156,16.951120825163144,23.461242256936313
14.438262749378895,-10.73127456885697,16.9501509323542,23.46254913771394
13.19083422198329,-10.731893229799004,16.949282593850125,23.46378645959801
12.011526605588545,-10.732357200777374,16.948642274347744,23.464714401554748
10.852466092453671,-10.732865593478959,16.947941393574034,23.465731186957917
9.611381524113291,-10.733291071518954,16.94735248505826,23.466582143037908
8.353965880945141,-10.733682314446455,16.946812687181303,23.46736462889291
6.880066110164554,-10.732825267916946,16.948881304136155,23.46565053583389
5.549478381065301,-10.73161758289179,16.95182455026801,23.46323516578358
4.744015836254958,-10.730023857662513,16.955715075870447,23.460047715325025
3.6315521319389212,-10.729486817721954,16.957138656453814,23.458973635443908
2.1658995618270893,-10.73037462436207,16.95584449057091,23.46074924872414
0.740068877887543,-10.731089646383777,16.954715025930472,23.462179292767555
0.46208295851671544,-10.73073251839909,16.955427398500863,23.46146503679818
0.43959813882480603,-10.730478857879273,16.95587579550454,23.460957715758546
0.2956855753711718,-10.730240145007985,16.95630699483765,23.46048029001597
0.1775707070352226,-10.730019692983149,16.956722681669575,23.460039385966297
0.8609243996093987,-10.729417017768517,16.957971815648115,23.458834035537034
0.574704799611661,-10.729189670990035,16.958446215285772,23.45837934198007
0.25379029997802327,-10.728840001900407,16.95911079251783,23.457680003800814
0.13373001321856037,-10.728647067467994,16.95948144268833,23.45729413493599
0.06195951965257507,-10.728407015166956,16.95992656397462,23.456814030333913
-0.04512505889381302,-10.728160326237466,16.960387141527143,23.456320652474933
0.6329234204049019,-10.727597215472011,16.961571152549464,23.455194430944022
0.3132863107681114,-10.727373301506184,16.96202764425728,23.454746603012367
1.0215609533483452,-10.726871835964623,16.963082924717234,23.453743671929246
0.7224082151089739,-10.726649825523879,16.96355083386657,23.453299651047757
0.43315305647615787,-10.726455678053256,16.963961661920166,23.45291135610651
0.2694211924787595,-10.726229040549185,16.964389217763397,23.45245808109837
0.9329797716437458,-10.72565605877092,16.965596377365554,23.45131211754184
0.6485241234629715,-10.725427509866744,16.966077548013754,23.45085501973349
0.36554286694377147,-10.725182338264041,16.966585697229217,23.450364676528082
0.28768414165495315,-10.724974784987696,16.966968809261054,23.44994956997539
-1.0840245232545342,-10.725452285929281,16.966178280040722,23.450904571858562
-2.3427776379796565,-10.726059946398838,16.965174644683838,23.452119892797676
-3.461930200452475,-10.726627201393194,16.9642102746191,23.45325440278639
-4.426099870488143,-10.727104807885677,16.963315109990727,23.454209615771354
-5.257251464073915,-10.727330725073017,16.96289094120524,23.454661450146034
-4.444092407232667,-10.727212188367458,16.963109077637185,23.454424376734917
-5.365912398419399,-10.727362577674345,16.96284194216702,23.45472515534869
-6.135042923424477,-10.727456223193716,16.962674924016166,23.454912446387432
-6.77160056788499,-10.72759464495167,16.962423165627317,23.45518928990334
-7.405012487077521,-10.727711930629363,16.962209016303333,23.455423861258726
-7.480959127149795,-10.72782572778517,16.96191825429959,23.45565145557034
-7.480776264686819,-10.727949806807954,16.961552529373638,23.45589961361591
-6.832698496406685,-10.727592158056884,16.962151949058793,23.45518431611377
-5.899782683731608,-10.727418317485375,16.96244650340377,23.45483663497075
-4.797429181406905,-10.727118391909626,16.96290297760568,23.45423678381925
-3.7828176204618913,-10.726807100449191,16.963392294299027,23.453614200898382
-2.579098138019125,-10.726330373732246,16.964206045477948,23.452660747464492
-1.3677150913535083,-10.725670802579696,16.965356053602402,23.451341605159392
-1.2873071016173174,-10.725342658081425,16.965791291256867,23.45068531616285
-0.4589619358921464,-10.724525174861878,16.967324827222907,23.449050349723755
0.2862575204736242,-10.723153089241421,16.96998465030069,23.446306178482843
0.8980477473825026,-10.721793156632272,16.972603346568384,23.443586313264543
1.4137391437147464,-10.720394557570819,16.975434812097866,23.440789115141637
1.055706850103494,-10.71976723348377,16.976660954133756,23.43953446696754
1.5448225287093322,-10.718707536738913,16.978892386457602,23.437415073477826
1.7468404466156358,-10.717454187852159,16.98157602662957,23.434908375704318
1.8783985485528003,-10.71595676739082,16.98485470614948,23.43191353478164
2.2570150558285427,-10.714561539823295,16.987849610222874,23.42912307964659
2.519320748274822,-10.713328640077245,16.99049328361889,23.42665728015449
2.4840639038807613,-10.71228060569462,16.992888556634096,23.42456121138924
2.555616233717135,-10.710702259715829,16.99624496654524,23.421404519431658
2.38696608431386,-10.709573273258375,16.998769072448273,23.41914654651675
2.484680647877653,-10.7083416948093,17.00140291655501,23.4166833896186
2.6267559811639067,-10.70714146737721,17.004024441507006,23.41428293475442
2.5647110700435967,-10.705685053938241,17.007262046669418,23.411370107876483
2.2778657551799046,-10.70440292203995,17.010082276921704,23.4088058440799
2.2611515010704064,-10.703041747742638,17.012975517474718,23.406083495485277
2.384616397847484,-10.701845235418249,17.015562851792076,23.403690470836498
2.444747309807715,-10.700500262729854,17.018426029659754,23.401000525459708
2.660031938119264,-10.699132363003729,17.02124688376778,23.398264726007458
2.7195280630584193,-10.698183707521379,17.023339689061913,23.396367415042757
2.7759873344136388,-10.697133023551466,17.025587348539013,23.39426604710293
2.7660838801531025,-10.695996085272007,17.02801758272091,23.391992170544015
2.8420879287622185,-10.69472079070282,17.03080067672296,23.38944158140564
3.102254661038227,-10.693614360134932,17.03317825076042,23.387228720269864
3.4770007961577196,-10.692350041136088,17.03575908967137,23.384700082272175
3.7346146926626727,-10.691432401735414,17.037710010936824,23.382864803470827
3.906104326298033,-10.688636630493779,17.043769016762187,23.377273260987558
3.903589022991275,-10.68721889026757,17.04676994296158,23.37443778053514
3.9737789216384733,-10.68598255727248,17.0493908824998,23.37196511454496
4.076966747595996,-10.683097123988942,17.05563070564331,23.366194247977884
4.214940658968738,-10.679101814429089,17.064114191405746,23.358203628858178
4.1097688337764495,-10.677915548215346,17.06673730877698,23.35583109643069
3.695519361022141,-10.676769063805276,17.069251120637677,23.353538127610552
3.375984206093717,-10.675499317681481,17.072046735098102,23.350998635362963
2.9177625755398306,-10.6742449308553,17.074685524713107,23.3484898617106
2.80784624283487,-10.672702586759257,17.0779706115498,23.345405173518515
2.7983996219854603,-10.67155811095757,17.080545893373753,23.34311622191514
2.7509481882329005,-10.669799722171382,17.08439113993628,23.339599444342763
2.809602058346538,-10.667854060416177,17.088530113514203,23.335708120832354
2.9293693303010038,-10.66624289101335,17.09204189803068,23.3324857820267
2.9915828777633973,-10.664989891104623,17.094872165113987,23.329979782209247
3.061426528955817,-10.663699626853663,17.097798556800917,23.327399253707327
3.099188041513395,-10.662312887466006,17.100932711756638,23.324625774932013
3.1408226545049853,-10.661262111147328,17.103312774964227,23.322524222294657
