750,555,48,32
747.5228487765736,552.969177941001,48.204892294417505,31.80532984034909
745.1902815191377,552.4165933159234,48.35595963628527,31.373386139225666
744.2687219126586,550.6897174412393,48.659386566566546,31.18453019969001
741.2933180493055,549.8039222049805,48.49253234030041,31.172887029629486
739.4375554113942,549.3756609797977,48.93489472282775,30.686105799575227
737.1148383950537,547.0238321224841,48.967409424911864,30.28416411082084
736.6939187521981,546.1981180841549,48.71387829875012,30.16924895150983
733.658318352929,545.6724172140694,48.64799079849081,29.946296949081415
733.3912492085183,544.4174955631859,48.38394862638235,29.51527187316276
730.8951017938178,543.4041115369145,47.92412458218709,29.632798845421494
729.0143291516054,541.7250679746222,47.92877956967594,29.225648638615638
727.3128870427186,540.8565862408753,47.89284914740443,29.034969045425285
726.2770769217684,539.6329011569039,47.86788649974777,28.575878212925545
724.1906850797692,538.9700307148884,47.38070323809809,28.555266638956475
722.1953172102654,537.4715155736415,47.17603540120824,28.213884159761978
721.3329840327075,536.7325051979548,46.60639094814245,27.867517956827832
719.7695659169624,535.8973170581328,46.242424653158714,27.425970303442647
718.629884610691,534.7303626017672,46.05867491142301,27.26255141160849
716.435802271132,533.9698168119521,45.888887186518495,27.117966993504428
714.8772358702131,532.2698279215479,45.62140218287541,27.082500896139315
713.6296023368652,531.7173623649306,45.16122825149395,26.780240494404833
711.6913574650443,530.7014259302108,45.034397778002976,26.389684517485207
712.1508923649649,529.5771818079859,44.68073340657163,26.295027391451573
709.820044298275,529.0616104766448,44.35798539856347,26.36505016392089
709.3289336475913,527.851363819125,43.66487987574252,26.325480021471332
706.5839253770828,526.7470292620475,43.488630452251606,26.284113372839506
705.1079930624157,526.6201757740465,43.76460606638776,25.90350026856118
704.3006767076648,525.0522647294922,43.44868462435465,25.82060835887525
702.7714369954139,524.4938864319731,43.15674262017609,25.6564660252712
701.2852038319527,523.7345992072429,42.881614828980204,25.391896358329912
701.4304499895475,523.2203888193533,42.610581776281016,25.264220556464807
698.6265680550802,522.9535516816253,42.286070349957996,25.31384315731632
697.9792144709814,521.1044926390647,41.688770882489415,25.408125898122886
696.0382032955564,520.7378505764326,41.61672481102208,25.139361888583352
694.3512155695613,520.7767344893805,41.236540097225465,25.090370877848777
693.7893370814206,518.6512493953235,40.71254192748032,25.20317702253628
691.3834030290591,518.1896228857894,40.97323157685064,24.966308362298356
690.3264104097904,518.1669773782654,41.107962927257795,24.693140850019667
688.3611730103752,517.4230595698858,41.192423464842484,24.463712529782377
687.7476313024702,516.945714342774,40.964582178008285,24.129654958111985
686.7183301998747,516.140850207381,40.77367171077491,24.164154537796783
686.1376465183774,515.9665033228299,40.297418505493766,24.184289921526975
685.0836350834601,514.8694468314858,40.24240598256741,24.11064763421081
683.0923902259068,514.8465692436879,39.92675994022755,23.87262020845004
682.3135873839938,513.386982531685,39.14412872181669,23.828194665857424
680.749623398317,513.1957198027014,38.85256802472844,23.662375869330905
679.4906181948395,512.075476494733,38.72075095136735,23.66352575621805
678.7759712110101,512.2296326079097,38.32278335191038,23.58366250197052
677.213831965145,511.2637107802429,38.51678592658742,23.56618989410534
676.0555384488704,510.61296412320127,38.82230938339188,23.443104541501604
673.912372525089,510.5361600650609,39.045946204556856,23.205057421299625
672.6823016385251,509.76745565575237,38.746442277230045,23.09508374212932
672.320177322169,509.83133751787574,38.707268897613105,23.107379742332636
670.5196347749524,509.6682465806538,38.38998255306632,23.069916867850402
669.6033031048484,508.6017952828032,38.17882026690112,23.139557000935607
668.6856293936287,507.8397231923815,38.17875018026152,23.00184011972924
667.5516617063848,507.6691430706995,37.549385549789946,22.934717308264524
665.8582237404072,507.37698586576084,37.453992433054616,22.58144910610417
664.5763297045085,506.9493821237623,37.34910818162507,22.342836018201886
664.0503410708577,506.13595340020316,37.171956372922565,22.27171377667568
662.6096568882515,505.7245201982875,36.747335711111575,22.174661524157877
660.4569069343971,505.27457079126066,36.632011091079804,22.095080310059124
659.2512889641541,504.75236787343664,36.318697022792094,22.05285818550202
658.3710009654512,504.77808519460706,36.2967963566083,21.93040781266096
657.7689195017192,504.1887618364324,36.375776536231584,21.96928723984866
656.9705012531203,503.85761247399597,36.581624325886835,21.829347977203128
655.1155411514608,503.80404325537825,37.007814260727685,21.620436749225995
654.0042716284503,503.78310494915917,37.05065627000553,21.396068622370134
651.8697293279081,503.8949061650673,36.90322122921365,21.32409663686861
651.7525555462519,502.8963850801358,36.28065546435527,21.416858978660034
650.8317395967994,502.8582725328198,36.03481873914528,21.465776454882683
649.1363674838537,502.51042467816694,36.278838025690156,21.360005281959538
647.8903423798629,501.90494569372447,36.37109437037532,21.422811137883674
645.945710337961,501.6449866504032,36.420365930985696,21.314770747982774
644.7225697937452,501.71893672430417,36.2018911981894,21.2350377278497
643.5535445194896,501.2180892147471,35.95213957499338,21.050645615463495
642.046757192111,500.9883140746163,35.66116882722366,20.928773447566908
641.854542820734,500.5077570343242,35.55216409448342,20.84000142070639
640.2307947816844,500.1611783534622,35.57393666756243,20.701424363561244
639.6686074299924,499.52382097679106,35.66579286489636,20.525650311132708
638.0617844789128,499.47460129319734,35.488150963405616,20.48194648841304
637.1329594511847,500.02153752701815,35.347223543314236,20.343318442730343
635.8236632018884,499.2300021235419,35.15273167796937,20.350067409396562
635.2585082788293,499.51472015177256,35.41562603632128,20.107388485942305
633.8269334763518,498.95360080041127,35.24353904421518,20.244695004445607
632.4738163069343,498.2773401359372,35.191563677697225,20.16688808346233
630.9391302193884,498.32847695430934,35.072918007635195,20.160536670941738
629.4437680094846,498.5780608418304,34.81925956916637,20.052226264607313
628.4387978444644,498.5978488828792,34.774779666434064,19.902219137215898
626.7667762610783,498.0795304266819,34.77466346850583,19.730212493969226
626.449223186495,497.7531621653201,34.68401887332961,19.906099311712065
625.1460412958024,497.2248379209895,34.55406668906238,20.018244969867872
624.5830953825752,497.4592380024691,34.87901514088322,19.926756483649317
622.1401448715231,497.3936196454747,34.71548722316789,19.938584932881845
621.9967369772739,497.5773293397888,34.40080798412407,19.99450008319039
620.9976866515713,497.0765379206609,34.17956688061627,20.097939570368162
619.6389701268578,496.9796956925731,34.33126244415761,20.19155991280757
618.0457555550815,496.5469082884313,34.265398477816134,20.344027433207266
616.3886702842932,496.73769653050675,34.04878178985489,20.41670498023779
615.4126188142909,496.47666847489637,33.872702080246995,20.382191753613746
614.655013830086,496.2775272942966,33.558646096546596,20.321177828707185
612.954960709582,496.4585235919668,33.62170380697598,20.253682455075015
612.0070887938233,496.20659030799226,33.66376321313945,20.340677534929753
611.1352025787273,495.9415694431542,33.83829090093785,20.28378177748048
609.8775681697261,495.984444685364,34.16812919220686,20.351677121427148
608.3959187814052,495.80763843754,34.195851529945045,20.359085366024217
607.2347766805585,495.962822670606,34.01152676862567,20.469868984958122
606.3633292617541,496.1122983754312,34.03856743829634,20.478872899957516
605.4790601030004,496.46701243710464,33.642547345158974,20.651926709250645
604.2547793469631,495.94084448087534,33.41742497547389,20.67786134035252
603.0483446115978,495.8278970236194,33.628471211646406,20.603541338396614
601.6714084018054,495.7556799220524,33.432036977254896,20.607841385780347
601.2391463904579,495.42757674384393,33.150005695422664,20.554305553743642
601.5374399140101,495.9509914441685,33.22476108081727,20.37389040203794
601.3187178430477,495.8068293251792,33.16503715862447,20.329176071519786
601.0664937091785,496.0596080792949,32.90068171065689,20.139303656691244
601.7978341140335,495.546869708331,32.52857015868308,20.21740015388715
602.0336629129906,495.73773402130684,32.397374381132956,19.865248291446164
603.8261677473502,495.66963377798527,32.312086954769256,19.762305838640938
605.4203646687224,495.98531057332053,32.49947369445273,19.544949272268084
608.1028666842357,496.0730225541852,32.36677852801977,19.612083387516616
609.1341255117172,496.17993847281116,32.3964387409461,19.520121479399485
611.0031575786536,496.11044328202155,31.82705408285747,19.52773718892344
613.1442799311981,496.00321904118783,31.65960506258304,19.40123354241894
615.4781886264586,495.6845467801558,31.295901536960617,19.436068863909988
616.980203792394,495.4452338085472,31.1117509753687,19.2131437869818
618.7323872953007,496.0101650926338,30.807298186550785,19.11337441186277
621.0483423092363,495.3364000099948,30.67151528728053,19.098648527030996
622.7002894320885,495.1144790645443,31.12560401086018,18.99062931058251
624.5611990574187,495.4596772682562,31.26483250495089,18.968412176764094
627.2235064983478,496.0126484239822,31.650255331375135,18.880042625893985
631.0109406767331,496.59892779610607,31.650769684107594,18.82675265663262
631.9125764897477,496.17996410650323,31.855910180804806,18.614116342791718
634.0933768422848,496.35705685410414,31.332280209373227,18.593453346197578
636.6263836984726,496.49112637442363,31.279003294330373,18.73954420520335
637.8404785464658,496.82915145740577,31.30178400964477,18.820670736493256
638.9184586842143,496.8990824121414,31.085472004754628,18.961069389918805
639.6776079895321,496.79930310320844,31.13020149127177,19.137842822879755
639.4522747801667,496.9859560932492,31.218226992701364,19.179588481878323
638.4928106712568,496.34765644733193,31.341769253756933,19.310589481362094
637.792004976396,496.4198841292385,31.32643697415933,19.432089863722823
636.6986364788563,496.3480103230144,31.226052673309738,19.33807596377217
636.194584309891,496.87781687364634,31.54306195709092,19.22781226588971
634.9388842691803,496.6439878171838,31.487571321959436,19.312602059064908
634.3346156177182,496.6053608494098,31.400715277143533,19.317386365265648
632.5779124980784,497.2010501169502,31.40723717995154,19.146779572051866
631.6879132407411,497.4311171824224,31.39755962441297,19.22930454497791
629.8201607769035,497.69125947383753,31.733202024240676,19.119753214911334
629.2750316334718,497.77080236949047,31.771017164398508,19.08377906650263
627.9362414898308,497.6561610888678,31.764832993977883,19.143751966955648
627.3413184197916,497.55261962445365,31.99455148236487,18.980750580245505
626.4229405672735,497.4079005619203,32.308905258499465,19.196203866290084
625.0595495402004,497.5221394746787,32.41495881990886,19.263099003724996
624.1796881745446,498.1122139006881,32.58580458855856,19.254847801471115
623.2369641705611,498.5870679111908,32.69398764386601,19.164992571298246
621.605665845931,498.16754948730403,32.63107212233467,19.113169159538877
620.3264491102274,498.4577858716061,32.455297725165885,19.12305584032133
619.8285790186225,498.96722886561247,32.11933090764312,19.055829352907498
620.0309800927542,499.0932837946571,31.91514575984028,18.943134311912985
618.6081374677941,499.3614489180898,31.888731371775258,18.795669148503613
616.842746517308,498.7713799232921,31.60479884098479,18.873382993354188
615.4861544442658,499.3164229861301,31.495354250573243,18.723018630812202
614.1632177248747,499.6953797630795,31.697042193978838,18.43039916980706
613.0763481399707,500.35644233052955,31.457801999391684,18.432009629656417
613.3309606469952,500.32102280236046,31.61002606008782,18.611806229963662
611.6102045516786,500.2803283995552,31.638609907901788,18.65507311177002
611.0381749395441,500.1745591365784,31.69283897202985,18.590973891866263
610.218256674394,500.6318852008242,31.62099509003762,18.509740669109817
609.0811020021804,501.21023225379764,31.640642397569025,18.463392284407583
608.8276884944869,501.1206739889554,31.27863342729547,18.524329202230433
607.9028955502722,501.70513452126926,31.222588846402626,18.56723040894972
607.0975538669641,501.5664056862219,31.230175131834507,18.609628117367784
605.7044335964673,501.2109549173422,30.94104083113813,18.85718049159508
604.8722603945324,501.1175831380449,30.799572015128632,18.71570111975829
604.5772407388633,501.83549644501034,30.790197275887863,18.575791420767228
603.719022726184,501.8304170662719,30.77972163723723,18.553028931059863
603.1315476690454,501.385177069294,30.46401621009445,18.8172592540333
602.9718155866666,502.04706533217956,30.38790908340544,18.733315487165655
601.8429058811058,501.64091372260856,30.1595562952778,18.864232771954786
600.5637741524747,500.82848954654133,30.117359223212524,18.84256289365098
600.1478013926483,499.87734435634184,29.905840797476714,18.872634545984507
599.8812230952187,499.2173771093444,29.888500575700725,18.931366704621727
599.4371683972861,498.0714416566189,29.464696123642515,19.37266120931585
598.4980722707921,496.69117280368346,29.050692341245316,19.547892270747038
599.7608248844231,494.49093997468646,28.87652168582184,19.505287993896147
598.9663409782804,492.1389881797617,28.003143897979122,20.024268888585638
598.7508161185172,489.8448799196051,27.481489664716186,20.269653320428436
599.3684514652974,488.0200221747189,26.830288282774518,20.804350442433517
598.545458912762,483.74703973903013,26.59615358727779,20.954603415007337
598.3247429562829,480.75756935194767,26.365161601062322,20.996202022271593
597.665792580327,476.8552447679318,26.396608986694545,20.92128118297905
598.3958662561083,474.34970644864256,26.163986988563515,21.02236226567998
599.8738148053604,469.84483050034703,25.99704462486158,21.006580486123493
601.1628958634368,465.8472028605252,25.877901215984224,21.100503387379703
599.596850800829,460.90334518521587,25.79080384310719,21.0585054887919
599.7000545996104,457.6045897247007,25.524358621453274,20.969745219178847
599.2297936479903,453.6982937401044,25.526468156396042,21.074828147538973
598.3624606864747,451.5280282350687,25.825903466672447,20.851413387346753
598.3523078788004,449.54212954384315,25.795691105736942,20.91627936949877
598.552665391763,447.3318555719985,25.65307086740945,21.25451806712472
598.087810321288,445.1758532901594,25.509738973256653,20.966491254918
596.9007806073826,443.827186726463,25.597505609700868,20.576687160020708
596.5632815248339,443.0144008465249,25.77915610018993,20.202367996396923
595.6809963823472,442.00570951810914,25.968389690446052,20.052120696029263
595.4359253853343,441.4747402126482,26.143940068079736,20.171311177583284
594.5756180887477,441.4499367999731,26.186105030515492,20.450292039126396
593.5803692358694,441.5450871368423,26.27173723296103,20.60622610421482
593.4518239850364,442.8889228054949,26.101824500002063,20.737161381976215
592.7394291801018,442.55042116399284,26.162755767700617,20.562951567407936
591.9750726885069,442.7266144923905,25.90492871945731,20.689159809790077
591.377149445622,442.80462598849977,25.77701445731749,20.470043751356066
590.8341040952649,442.4402568311802,25.59003148478342,20.321353653557782
590.623519204122,441.2568868287789,25.39913773996213,20.545172687443674
589.9338363741078,439.2386187872267,25.201245766781167,20.459761482034914
588.9174966949894,437.57602142694014,25.328623554125606,20.205828890901437
588.2224573060216,435.11677182485744,25.27217592386573,19.97535892163549
589.8322762469297,431.79242819851055,25.18216503141418,20.120062199872454
587.8627334715542,428.33577747972174,25.368334722942695,19.80230360937386
588.4278642001809,426.30510505840715,25.178672707217657,19.865698374946206
586.5724840821265,421.7124637750095,25.175753868085376,19.608710662810893
587.5799108404995,417.71649426770097,24.733102676206695,19.67672809234488
586.3593931451067,412.1211615674942,24.704888103231973,19.570238112509415
587.7905362999447,410.7323496756588,24.233127373008323,19.608941684388224
586.1818645227402,403.7157955598067,23.822111371219364,19.703107006851678
587.5033026177595,397.50110444024904,23.52045603689364,19.780298274592532
587.7747670313915,393.93607813488313,23.109602549185254,19.765209283761862
586.0689022731888,387.7892600661974,22.93296961022261,19.728148361501944
584.733398403296,381.6484286966528,22.929027704012235,19.362546620000288
584.7497193822487,375.6399770056193,22.94172583337144,19.36712090050481
583.0103787420401,372.2093624859576,23.007916269062108,19.09651972437406
581.7477821975854,365.87006677976666,22.920150926727764,18.854692397437155
582.7194789344217,359.71330112716157,22.803230331511145,18.796225869395382
583.1539476656988,353.9720949687247,22.725799278602082,18.85605555992627
581.533276792908,348.6657571301356,22.68680535943442,18.632229161909176
580.3712433287218,342.1377177706559,22.467286272105675,18.454842686166398
581.58203490978,335.58520192403165,22.338706907520407,18.545103871602443
579.5428132918182,327.9978403683489,22.30446160203164,18.564586924069108
580.6309017380329,324.47007594315704,22.32112266316972,18.586847799599283
579.9776177570632,317.8198973443521,22.13877863875825,18.43400465693805
578.1489120743191,309.5330524140265,22.19435785283322,18.277292524791555
579.4937851660139,305.69705579229634,21.980418620966443,18.308048509340693
578.5466203378073,299.73570212740134,21.75791959734117,18.394476923725446
577.5394800511278,293.183787915326,21.685488287155337,18.571501759008964
576.3251834885425,287.0606900886246,21.51340034581299,18.65019596282676
575.2768978800631,281.97752736451076,21.60991434231278,18.522262339704337
574.4018803686967,278.21817705805177,21.739399805452408,18.42958857441792
575.2675869436008,275.84559872536124,21.739002218655315,18.53726211983438
573.8448846078734,271.95233507111755,21.670779265598515,18.3962100253982
573.3269167312521,269.0335056679308,21.748708100410564,18.582853073257265
572.4227667245555,267.7233623406602,21.668584194126304,18.69647592851264
572.6408221271412,266.3845455293105,21.640844181820537,18.49014382054485
573.2606974479788,265.80991812201853,21.44990175719384,18.585939110020522
574.833749911177,265.4777878572621,21.438604894304405,18.72636266920408
576.3041028098659,265.13820438238145,21.65985755296638,18.484221876369684
576.1665886667543,264.32606980060945,21.68616133388425,18.51244506899693
578.1942975099868,264.08738078574686,21.747443343006367,18.65291520530283
577.7918888357059,264.1531952698594,22.109758788987904,18.534884801158725
579.7726250197949,264.84323954399025,22.168367464053347,18.56154681270385
582.3283130544093,264.8949069543675,22.302861508197303,18.667756427092726
584.6977975218953,264.7365830527115,22.428265303480515,18.616201156664673
586.583594086396,264.383283095519,22.610306913400905,18.589398103596707
588.5735879067952,264.7065693031436,22.315182363117803,18.525844766125395
588.5583090503776,264.5105231740235,22.345010338033294,18.614606066476117
590.994277638746,264.61019117885206,22.75257936780894,18.183268290256514
593.9837876449641,264.6600119018023,22.499194407100045,18.26654245741124
599.2589501580151,264.61835956594086,22.22584787373493,18.173825061468104
603.8891751947899,264.9829333455482,22.06003567097366,17.952945798972042
606.9569006316004,265.110198974929,21.82977431151283,17.980061536946856
609.678981919319,267.12111320184454,21.968674861686125,17.916212762223473
615.0484022014452,266.66986942949865,21.849926689401446,17.949573927425426
621.9659385550677,266.2266115312093,21.824080018228212,17.9717969831822
626.5651720141152,268.10790903238325,21.978050119481505,17.911048580413222
634.4168568336503,265.96449515645503,21.914209708621648,17.686099884973462
638.9405132503584,267.9271318036773,21.92659593373814,17.810863020887883
641.3556985878743,267.2435262032273,22.170741078255947,17.744431238351208
646.8762227204077,267.0639291748495,22.3257930481745,17.804296640102432
649.2328214735558,266.32951060656086,22.414423926277873,17.82291128446159
649.7476664500407,266.53900620109675,22.439754424853568,18.00200758499473
650.5221233090618,266.7172447511758,22.60134738443886,18.19202687613297
651.0071057337296,266.36801863745796,22.33559460461462,18.548574612382602
650.8787911973029,266.3480003328537,22.465500179362245,18.764228678027273
651.0665597335875,266.5545314281725,22.252211584132674,18.922380865269794
649.8850272862265,265.98083488858305,22.23956909093053,18.851980479787997
649.8449040672718,266.20083800826217,22.296813869178404,18.86000486124314
650.5268934349714,266.4419505127803,22.159969599950465,18.904726098830864
649.4627627083115,266.7550361919622,22.287790694154705,18.898918333568623
649.2405007304416,266.587543724702,22.149352792575606,18.731751063575437
648.731247411073,267.02754819277794,22.18129658322158,18.79360161114243
647.8334218970379,267.4697948835507,22.30168110700432,18.937964507062723
647.1518339037025,267.51789214693605,22.42491537748087,18.896575251619566
646.1643667800164,267.49554143421693,22.7664990141199,18.963950213149868
645.4627393792408,267.1792883862034,22.9754203815662,18.9618422587886
645.1586287886541,266.8566743112635,22.980818424502473,19.100736401882056
645.3126943580941,266.92270686224947,23.04114952035823,19.28483862469151
645.0848266119514,267.0159635024457,22.999064337270443,19.4331650161492
643.8989744259749,266.78157712946125,23.328842325251397,19.539045015192777
643.4232357433027,266.5738778833905,23.502100586782483,19.433703117510415
643.1463388097536,266.70994854052594,23.559601177332333,19.389710621255468
643.169130351999,266.9663186986667,23.601957236022464,19.309909536369652
642.0901478712468,267.2257772976983,23.751989534562895,19.269658137209042
641.5104973582318,267.02193184087906,23.822650585998865,19.265371372310135
640.926712026074,266.86232534097417,23.796509969491638,19.28909199126244
641.0533119619284,266.86177832908623,23.743186614840113,19.15040434625607
640.3988507100612,267.1710753318113,23.669607158773953,19.05054169647304
639.4823705267037,266.9329549794937,23.6925153690407,18.988831348919458
639.7133252021358,267.5271191400697,23.641039101948994,18.74388421806737
638.9554158242905,267.4970058078698,23.763904581005377,18.758364962077273
638.0482069859165,266.84378522519853,23.73970159506413,18.668095612397604
638.2346180054957,266.6443995547444,23.51649014982086,18.834584627680456
637.7831465800343,266.5323573940068,23.325614932239166,18.894084789304507
637.0973809586179,266.8142544108643,23.364864823982565,19.091307958920492
636.8303193360554,266.421645737556,23.022491754105218,19.268552266386955
636.347267534883,266.23065627373563,22.978556622967503,19.1975147638881
637.5185570459219,266.4884319444804,22.981040572004904,19.02716312656877
636.0406528369697,266.36127395159673,22.943310610240076,18.733946255871743
635.6110939721384,266.16625666161417,22.784268235151178,18.718161747616286
635.2944068010615,266.33385931399044,22.356455548419916,18.786336091787533
634.8158857329279,266.0731630982632,22.38770791122306,18.603061670291048
634.2370579476304,265.8327509556777,22.51007681685528,18.579289960512703
633.990297772378,265.37425621300565,22.303249982225147,18.448708740442953
633.7660452650312,265.57567531063387,22.352575955533286,18.35599831012682
633.9609722113032,265.8330504304064,22.01140752054645,18.422539448126095
633.1656470046585,265.7838496270233,22.033951401739102,18.292600950670032
632.3877536800428,265.9597391093664,22.051671306166146,18.137664626622126
632.0284305551861,265.18088056328764,22.0234587802639,18.346828657294342
630.9329946376274,265.6757636248523,22.1421749013461,18.22113533384762
629.6052864954967,267.189355681379,22.16282246116616,18.229472728057463
630.4029111437836,266.35792422092464,22.123963092456307,18.326491113138548
630.1655882137458,265.8267667661382,21.862548929224104,18.623380281038934
629.2803734444609,265.427766794368,21.933418779225896,18.6461979178129
630.6700911445589,265.59032413446045,22.213733935975633,18.45155783484355
629.6441653024582,265.8242211592618,22.179167468321502,18.34041455495136
629.488859833207,265.7082660827298,21.86522389193904,18.395410865456554
628.2290733631013,265.4488533952015,21.971163247174143,18.092401437885513
627.8246566591777,265.84756081616644,21.892245016132055,18.12584482654659
626.9705863370456,265.41243664681855,21.736755246387204,18.241264890992337
628.0943032267916,264.97350892218884,21.76931547782049,17.970670084857687
627.267575792107,264.99515207073466,21.744757737708024,17.953760262414814
626.7848438698719,264.7016844330246,21.682665401224035,17.971611370354523
626.4925142124301,264.7202134603576,21.610934525983026,17.89753596653466
626.0174456351632,264.9660159869719,21.672875569791607,17.74236342988094
626.3296091401357,265.19494462542326,21.588142554463886,17.611365478148794
625.7271520834641,264.3281593813271,21.41655129289868,17.695426774828015
626.9464352867018,264.2843126748056,21.261820059076676,17.69252050941413
625.7319075487851,264.4138188697838,21.33419824113256,17.627205467694758
625.5627838197335,264.8290428180031,21.469356611034364,17.506854645764975
625.0076839169985,264.7564699223231,21.62679148816332,17.268069753988968
624.2602386106583,265.19144753381636,21.892641478132315,16.99175861354865
623.6163020566875,264.7666062024058,21.80756498585437,17.027470114527457
623.0283740538606,265.09757353766287,21.678324246017134,16.970173782102236
622.5345376315371,265.0142626856695,21.58206182989155,16.818058962699205
622.114443477637,265.32094138837834,21.347352490787603,16.7254008795052
622.5212446331801,264.3526594127393,21.16381550162381,16.731173095134167
623.4039975642895,263.9900657881145,21.031495145271876,16.62036002108812
622.4994290680318,264.2733161280773,20.83699482394468,16.608845818060757
623.1837876841273,265.678052871662,20.912841934252434,16.485552207218966
622.216719633357,265.18943831506215,20.65646347127879,16.49634749730988
621.4080504960376,265.1482669778476,20.279851855780958,16.44085384955062
622.1231953308454,264.84266405793386,20.19006420986213,16.329063514088975
621.7155881704349,264.6076081530974,19.799858990277926,16.283196391381285
622.0647943617271,264.0198636558538,19.70442751942533,16.2394289848064
621.9771695356333,264.46154778955525,19.480007405186917,16.01977840453342
622.1233869348374,264.4876748801066,19.178192803575545,15.749932654603072
623.273539333581,264.40810764038883,19.05418543231218,15.704291040674848
622.6430248276096,264.6578464232418,18.847889710520757,15.671574497775126
622.2296936580166,264.84329907483175,18.67620417125064,15.629804046289388
621.9822526184774,264.73848244936204,18.557524322056643,15.70158863687896
621.9248567323823,264.8415640548503,18.374868770447925,15.692085124984754
621.1452386514311,264.5270094494338,18.29891885618596,15.658446058630389
620.8288567246884,264.2393664725201,18.265007499672265,15.635859814829825
622.231707566216,263.70632630611533,18.334969812359905,15.628528682948133
621.2163372299678,263.69690596508065,18.481770503395722,15.585248711328594
621.9778878353346,265.49505248487856,18.53914211961985,15.515918905680518
620.9537540988367,265.1186191525614,18.640845991121804,15.440858338526251
620.1396930680615,264.7618548684324,18.61152262191649,15.370546369712962
619.7345235485029,264.5831312973222,18.592769277649012,15.447965347546642
619.1882425651681,264.89350104329145,18.62965204223873,15.484049669523454
618.2198684225865,264.12295099295835,18.687363543230045,15.606341190744779
617.4565763465115,263.91755401466594,18.7437942444141,15.62695455956096
617.1499341270458,264.24349444383455,18.96207521554751,15.502230233034583
616.7518610137072,264.42926487758217,18.962417418481976,15.507249070081485
617.3717610243494,264.4392220504144,19.03608215797766,15.610099289467652
616.7233621409562,263.85311875302534,19.071217203130256,15.80297248351945
616.5337489021807,263.9721149450488,19.143686111368154,15.888132403168072
615.708190357123,265.5287566962329,19.063941656874444,15.893811665539953
616.7747662201056,265.3186644740635,19.307218535035418,15.834394547855602
616.3709821646423,264.810079087354,19.135884246421824,15.92999460298618
615.8507755125981,264.25735934904066,19.068081622432693,15.952077103103743
616.8708074833722,264.2293041896088,19.236449163199403,15.806372278739858
616.6422794775713,264.586820726486,19.190308518097464,15.79878595896419
616.1869722751386,264.8903673094899,19.170419852608344,15.710217320506196
615.6164412324329,266.3384988614631,19.01305149520988,15.57357535990079
617.1934017357929,265.26913352707106,19.19998751745092,15.510808950742987
617.0987321534078,264.56939396994073,19.116041501890884,15.561947315263055
619.7644516314807,263.7546225057771,19.01888980770795,15.76280219427399
622.1637790765052,263.3179141287962,18.892494725245506,15.863039297929056
624.3826604016683,263.1842660971642,18.7753564264208,15.971245304177565
629.0404298825292,262.356612647372,18.82504611765303,16.10214350568006
631.2468162269184,262.37109178290234,18.873169920879,16.029426145656096
635.5069551918872,262.2736635816851,19.067816803258523,16.110314056536225
639.8488352951165,262.745625601776,19.154901056333465,16.10661365059749
644.3857263606161,262.2738512914294,19.253053053141826,16.30221541288465
648.8738810149986,262.46841266930466,19.432535980705076,16.38369755367954
655.2254300528417,262.23930423701506,19.576988297169674,16.406852963485747
658.9581979905956,264.19650438475566,19.916033110138446,16.220032500081594
665.2587499546989,264.05440216221785,20.256907636521646,16.117404469494954
671.4206005532373,263.3089165894013,20.337262988517356,16.18506175900327
676.0159060201518,263.3435229578627,20.37510664453206,16.10421750254672
682.6811719740737,263.06224987749124,20.471528052423114,16.10137093066936
691.1427165509493,262.88407770732755,20.688424936879663,16.071702925444313
695.7585991945274,264.5562007921884,20.54253134619583,16.061781592453638
702.295757941803,263.9672248884831,20.32067375917642,16.077975096221966
711.5043603046475,263.678737253046,20.296649880655302,16.262652264717346
718.7157583778459,264.12823114797703,20.37997918439273,16.27869739807684
725.5627557464941,263.8031178128148,20.3388326908099,16.295409842918392
732.8202394731356,265.691454161788,20.165784182839268,16.147292442823556
739.6134343018829,264.7709897232533,20.053535646255234,16.051345618942317
746.427150716678,265.09727711591285,20.236204325759196,15.828238213669993
752.5630747466214,266.7735097745913,20.514712177127468,15.809532204174497
759.1963188519818,266.26883878103496,20.330968564795185,15.90817023420626
763.6786622614454,266.0587402250877,20.2008202056459,15.889219218068135
765.5428823292661,266.11332546225606,19.82230153492449,15.87030943567219
767.3512219838067,266.0196083083463,19.705649167142866,15.956544198525497
768.4512466947275,266.4406022464794,19.67470479824921,15.96296287552778
769.0560737915371,266.1468476866355,19.673776533890322,15.987824414115018
770.1422327470134,265.85186479122547,19.572713114743582,16.139201257877367
769.5716785804594,266.3456764390406,19.506348408224596,16.00435699304704
768.9730611913919,266.0504700627347,19.267289822788374,15.889110534976936
769.7593951834806,265.84492953963087,19.10720542816493,15.730266690189502
769.1000047341155,266.1770896595832,18.977960623464956,15.60496299510379
769.1278303896195,266.14940588745924,18.838226641947042,15.500728329425986
768.4961272334273,266.0404122219363,18.903815390320872,15.405912630457841
769.8487592725461,265.2620054624027,18.853852406138554,15.433839116062426
771.3265417099354,265.3163476984521,18.766241308673045,15.424260121296763
770.5792061731577,265.28205963448096,18.73488076887851,15.512997412300965
771.4116178836742,265.06526305739214,18.649206355642736,15.523799323879132
771.0289089174519,264.9494812802905,18.43894870520176,15.613221848843674
772.2239917041553,264.74269301484117,18.273466893391543,15.66236950191188
771.7609314985604,264.40491601618413,18.259734828461493,15.70422771799493
772.8418477318751,264.03999402954406,18.22205383010903,15.718417675734024
772.4929825112719,264.0047079946046,18.16929473836784,15.735721648271959
772.9160792961877,263.7871721712435,18.21005708541771,15.786664486018807
772.3574722535215,263.88931116334,18.356657452717467,15.73274798015459
771.853342674562,263.92259836689243,18.406561422266478,15.686864664244446
771.9673623920521,263.9540308889574,18.283051204171965,15.60726003560897
771.9046124890673,264.0182976023919,18.219523566613468,15.596582708941616
771.8349049134403,263.89998645879314,18.147102469231076,15.61293308094168
774.1803121681191,263.7796000645698,18.00427112942907,15.870264021080526
773.704700777937,263.4275762681742,17.867698533015727,16.037529349162227
774.5753683161141,263.19712018195935,17.866882503445016,16.047858749098598
774.0187338070218,262.9529051628492,17.874339091247798,16.128864903642373
773.840609403702,263.26686562520604,17.979892907729305,16.158460756444097
773.435800048538,263.0098553367714,18.033433255592296,16.2813794067482
774.9176093635701,262.31634918622734,18.06399649694228,16.48268258899328
775.9774280673697,261.8975687217011,18.221848513094947,16.519279341390956
774.608751840637,261.4147761673913,18.358160603248734,16.657264388117063
774.5213798276491,261.5797188330206,18.55253673214608,16.565853679227303
773.8398943469205,261.8676454450468,18.724107880904906,16.583744137082572
775.1818491180076,262.32957303470016,18.847636235459227,16.57929835204001
774.4312499953021,262.6836720178858,18.87495752774516,16.561424334528958
774.1192800183035,262.70113841806074,18.978045631232845,16.42927298343735
775.2541034641001,262.39043013329416,18.96940437966951,16.562296991296442
775.9625473632283,262.0989521162164,19.06575346171548,16.58047261134739
775.3788967220132,262.0708551871073,18.91384612216678,16.540843360415657
775.9875209719737,261.8566022124941,18.9078320725863,16.512012377221417
774.8598211195653,262.80848152137327,19.018850015852244,16.615988535006295
776.0638848272864,262.0733804713886,19.175371228644707,16.837330037365142
775.3623137888521,261.8741138301025,19.25751129898256,16.955511591736506
775.0684174178319,263.1205117312831,19.282871871108657,16.884579583702028
775.030471225394,262.4267863596526,19.240520762844984,16.690753790975123
775.2042838049244,262.148700839065,19.221656138308774,16.66475082902611
775.4658468158158,261.6123568126104,19.03374958917287,16.550146782936324
777.0474683498513,260.72772511035583,19.2803473433217,16.400767428122357
776.9068552836021,258.88337572178045,19.30915346763762,16.075727573070882
776.4147864645968,257.28917300854397,19.425592376609877,15.793108247880722
778.1366804651711,254.71867204595463,19.12114906769146,16.021948345971964
779.6977319637281,250.092436046381,18.928090794088305,15.728752696803769
779.733549624897,247.7264380402849,18.6148049350941,15.870070017132004
779.804171607167,241.9223836044855,18.49023380344566,15.715265184812331
781.0238824374188,238.96534268863624,18.172462361905374,15.83947103231898
782.3338129693786,233.95621175813486,18.138999422680513,15.493318678233841
781.7813582675774,229.65682680213035,18.091023746899175,15.384749303438635
781.71735908661,225.3314200467059,17.90607888869547,15.399667085222603
781.5611333509177,220.26743524556338,17.602510217048206,15.529285590400733
782.641830340801,215.65311039646923,17.452347421287257,15.414437058608527
781.7738445909158,208.9640478257354,17.351869178740444,15.28639669562061
782.9278393856855,203.2511716968366,17.247171482206273,15.03237371538116
781.8683257531967,199.1091155018239,17.14804574730606,14.92486833044316
781.8433551062086,193.30995834807365,16.913092425870403,14.934091336979272
783.3348833367304,191.23078324161472,16.933449880460945,14.958250990509928
783.3311054802448,185.18454270204245,16.960073393104658,14.642547064466507
783.1765148957893,177.842466723727,16.794656720514396,14.623560669656982
782.8009322136168,176.24625795334208,16.568099261239638,14.68927113340041
784.0980401166038,171.18694238660618,16.70066911505579,14.293368270290227
784.5915879171354,167.6057972447974,16.666981278427272,14.258392452070623
784.4570311065222,162.6122647833334,16.804143433450832,14.146600449034274
785.4924984293987,158.81977859964383,16.935430181283163,14.101640412848937
785.1019256423003,153.58425647286748,16.76301838338679,14.153231045490989
786.5723815077828,149.6055467298906,16.883286051912076,13.83861111799261
789.533224507447,144.22236754249525,16.88808606790353,13.883286944260375
788.8715411450819,139.21104136355274,16.751599620331582,14.024550637899807
787.8275732397495,135.5573803753911,16.87724323662978,14.215146215755045
788.2005326977165,129.68184034172896,16.818917542360197,14.459102335935775
787.0581468394736,126.08265424691288,17.509621208461663,13.889067657586972
788.6918330613917,120.24279058289898,17.396735420814476,14.00638844569777
789.6138048659317,114.17000929089257,17.212554671078863,14.252153590135412
790.3536156536939,106.45035856409771,17.172771862606087,14.315145648888677
789.8998691530079,98.79273657332162,17.018872318277914,14.301333844308072
791.3082681237678,96.80836634793707,17.05089244049415,14.350995945010016
790.7675780293965,87.16352693814548,16.80035379359683,14.424255544622499
792.1848223527024,81.28198147543492,16.91962910877694,14.35916234223599
791.7054540204798,73.27720712200947,16.99796898987036,14.434092099196748
792.9571218554123,65.66891607121516,16.90873229804783,14.689984656107628
791.2655879657331,56.26085001479784,16.874614055601594,14.859594246969639
792.857514708168,50.22628913496623,16.56245442029541,14.875789943095258
795.8447216791999,41.00912536488146,16.710312016012253,14.883682012683737
797.1988335314046,34.02744553139094,16.91928148596496,14.754443718239006
797.4573618863122,24.637766602032844,16.681049492956127,14.913835069997186
797.1792315711681,16.883825041419186,16.458925556937295,14.911325048524308
