745,352,46,42
745.6299223897031,352.3390123336666,45.476590514745105,41.55953071730273
746.0928177823989,351.21448564536,45.25623053503661,41.13760387884332
747.3489259163389,352.72017218568766,45.09721589488811,40.684547267380495
748.2349001040235,353.5231305867746,44.815276946589464,40.20681144588901
748.5997371706638,353.63818983036487,44.57436623508269,39.47501616084163
749.981023081233,354.8376890866,43.70445836963262,39.32383206525678
751.7138633153295,354.4654267251568,42.53419711759591,39.00208643673315
752.8937814563966,354.8503381994474,41.83246287098405,38.449288291313664
753.3013461426985,354.3714406514665,41.114231242022555,37.69142961015291
754.8242433857511,354.6250629635937,40.446814670346136,37.13475180297361
755.6800284414588,354.3304782860921,39.22385709154619,36.90410546269089
756.3738584824958,355.629268195642,38.57057659902991,36.47344129872731
757.138865699804,356.14777089417555,37.96185709201068,36.09502860261846
756.9081073178204,355.15951987528,37.580856062799306,35.74354130058104
758.0121980448342,356.2191401563137,37.01350357586597,35.60128333205001
758.8515989048736,356.4101861832152,36.24440737546351,35.60958843949236
759.3093416501977,357.6578718058892,35.69786882452213,35.73343506676399
759.353592048794,358.14614650319174,35.10470539438741,35.619226897306156
759.6173833471718,359.6773806813871,34.662596394681444,35.241119521902945
760.1789520498766,360.4964090998473,34.37463307298152,35.283959682434315
760.2093405592366,361.75696398803836,34.42208443971005,35.06807813938962
759.6710735258849,362.2250313072294,34.40678408048713,35.04436717129944
760.9978345672355,363.1208654401886,34.38034410723725,34.858087189110655
760.5529284833386,362.12871477573236,33.84838892101943,34.82200229899847
761.0575401823668,362.69771945937947,34.010858371168815,34.519726881842274
761.0001014375877,362.68503662397,33.62985993590141,34.65308490371634
761.3330267300846,361.3906584944481,33.36577323712082,34.47633537204979
761.8483091641401,360.30247768115606,32.927159441225825,34.51069489292093
761.9148424127743,359.2944753902964,32.61175045936399,34.18591778595008
761.9294304335901,358.4671432679808,32.75650273814015,34.048655050562566
762.2316670527836,357.3193538375498,32.77558533881517,33.73886267462359
761.9582875659135,354.4776351929663,32.907433638460176,33.6293755596462
761.9040306356687,352.53203096032314,33.31079150048112,33.31219951107756
761.6884151063645,349.78442143839055,33.39457319681178,33.39300367228285
761.8414135991204,347.60927904963603,33.75443257268908,33.565553121117595
761.5559087636228,344.04417240948356,33.596974838841845,33.710670423639314
760.7208160858152,342.39205762091285,34.12635924154574,33.54042485544073
760.8660665826355,339.598741775063,34.585381112723574,33.27207846257624
760.4988037471759,336.9257837367185,34.85600413137912,33.14098190498798
760.7836249671128,334.1950723226623,34.82283329680623,33.22528519193203
759.96984058482,331.2749590059176,34.92324499313933,33.04868519578276
759.1949822151242,328.08293307789035,35.41358906903288,32.88474911391009
759.2996525057107,325.0765815028711,35.490898787885904,32.91481724273892
759.0401780281287,322.27777554641654,35.356396717564024,33.196751989662815
758.4277373524857,320.03218406708953,35.6688023637032,33.154669357649105
758.6639158234648,315.89233144589537,35.56345380978735,33.34870317517169
758.44756376737,311.8910118744342,35.64435762924686,33.68338548902305
756.9989197534476,309.4730398568331,35.913397680788385,33.793110823816306
756.465550816193,306.2075550038774,36.28693228486229,34.07671791604971
755.3076122805986,302.4462098759335,36.6919854148202,34.16208221750023
754.4371621882036,299.21169957938537,36.947526765343625,34.25969434807208
754.6028379202767,295.8589634507048,36.98847854864928,34.51444391103631
756.0659089297628,291.69229768617686,36.99993070501566,34.686976413602935
754.6647390122031,288.80208504594157,37.11029351605687,34.90727252842412
753.7366288846005,284.8674379193075,37.153721112456225,35.2788632294461
753.112659747727,282.05772164610147,37.092415468737876,35.59677542826299
753.4451501649723,279.67868894922947,37.00653095153852,35.67114741304089
753.1592620650536,276.6848371123802,37.18511709529048,35.57585281098264
753.639788184535,274.87683905353623,37.046821921623774,35.51468294356308
753.1049492535413,272.7989093426298,37.068580152606714,35.726951962772745
752.9718336398636,272.04764786343844,37.542957445435825,35.56435896866381
753.6729334504302,271.1118602709,37.41375365388488,35.37120660895613
754.0353706642313,268.9936638366304,37.24551347358546,35.801727275575765
753.8237757348203,267.57160610090466,37.27687092111836,35.81971044951135
753.520360957606,266.0516016335499,37.14662192806912,35.87892090132598
753.1487778221008,265.8372210318417,36.78263919414343,35.68980348888628
753.8887101664244,264.8529476199372,36.62852735984349,35.57170327900383
753.7228430772848,264.1659853553889,36.45007814416739,35.66182768297837
753.6447343250444,263.36473859431743,36.456808898283846,35.41378450105784
753.4633417465645,262.4725037920588,36.35292187316064,35.50345098686943
753.1431534638521,261.3083852668684,36.31736179927661,35.62909542593725
753.4055575160083,261.4655215631656,36.33092895340975,35.3375536290095
753.2670937969016,261.30009351686476,35.97322398300433,35.32417889094177
753.4481488137843,261.2020228104408,35.85418374699306,35.34991017734201
752.9218928697381,261.1806239946417,36.19447901940852,35.613550125686984
753.1506409976321,260.5438311374921,36.14577767333628,36.02444622569023
752.7798856107289,260.45376542010297,36.09140926194307,36.21612431509513
753.2410996145273,260.1960472965835,35.99439215684633,36.282417420625904
753.2531136729617,259.52360398700364,35.857804773589194,36.23951157171475
753.0476180341143,259.5224918881495,35.77840080334762,36.189615709694465
752.8124711960872,259.20656244982433,35.70634502166092,35.908370111800224
755.789140350885,258.3935750230139,35.542379156218324,35.73181563039902
755.4770855040058,258.3949575927527,35.17826112494781,35.784126795744655
754.6622242348191,258.8853491484566,34.999841001272884,35.62331804718701
757.1345456515123,257.57430097984707,34.963211988534624,35.69779790262507
755.3453178105084,257.8739810846246,34.65628930979419,35.3868553304183
753.8208117444789,257.7713147040104,34.382496990864404,35.49038011736764
753.0252247276123,258.42738479744366,34.22170955494727,35.42783807598613
755.7505273708102,258.3176301434273,33.96293728780799,35.14086806110844
754.5732737316006,258.3255234998908,33.77521610591544,35.32296647405699
753.5988717673337,258.62147813592907,33.549215108530774,35.07984820520762
752.6903834141963,258.7402805202854,33.25343270149377,34.91050073109021
755.3390559229464,258.1252118501671,32.906590556460536,35.11323221328704
753.9960070790048,257.9719048910833,32.949622553349286,34.811236872326035
756.8166216539508,257.37467941191835,32.54337637083408,34.633238790243055
755.4090976276763,256.72389758731543,32.491671560452886,34.655555393931834
757.8855131511264,256.43806909431373,32.330909948672385,34.677415202620566
756.4592255443818,255.85739244169724,31.979380500220035,34.78426590146162
755.222908584678,256.3812661591778,32.062916013789724,34.48870738747517
753.6137863500721,256.83824063381627,32.12217415296888,33.91954493316862
751.3380845450105,257.15964414427395,32.2199406399843,33.50348986561667
750.669826722225,256.9068744514542,32.24684675319895,33.201565605321086
748.9381141723453,257.7985331500819,32.48046781395692,33.04979780485227
746.7694595690126,258.0767006475061,32.736588818718104,32.91532940574899
744.5334569230764,258.66145542665606,33.37726810274731,32.93632332549923
742.2027715864723,258.530821906722,34.528438752304545,32.78259299631634
743.253281125287,260.62140764270237,35.49410344390113,32.81241338379158
740.1062885380231,261.9354483516387,36.651059924276055,32.34536011266274
738.2718392177471,259.5316383143388,37.031592962334756,32.958818772162445
740.0163417203722,260.7622852685828,37.05288573235313,33.2333372892879
737.330699528564,261.69060167793793,37.59113417007737,33.73362065977133
734.5966684493848,262.68888949981414,37.76008734634965,34.06061407539081
732.3528218848244,258.98986296668215,37.81008687958399,35.337194782951144
729.9601905025667,260.23709198109236,37.79249796715859,36.26510480375232
728.4558234974969,257.45588032339106,37.74326121504525,37.02402889735323
727.7425851490002,258.8392542809812,37.50382611832997,37.59168735805798
727.2771366439154,256.92863743702446,36.87885307234721,38.16464362020543
726.1470469169093,255.8154503851752,36.011568947181644,38.60708301149396
726.0674426966775,258.8173075000486,35.66014451506351,38.80802442902496
727.5263873937449,260.3035268954694,35.4367083603698,38.90010289778118
725.497113679988,259.17315736705615,34.90859254172873,39.06599427546948
724.3536843693527,260.56161836959916,33.97915544385274,39.0483274412056
722.9889622129612,259.1872378325323,33.08710164872567,39.29547489839599
724.8909920042438,261.0136197162044,32.597576253477264,39.32098933883067
723.2756339865118,259.8580170829637,31.997031846207435,39.425165024242155
724.6281458863061,261.81898131817246,31.96387207936411,39.24337055460286
723.5154552152933,261.528843807651,31.698442788684034,39.0565841633113
723.4437015631387,263.7816965298654,31.32917944022243,38.6234752688703
723.0240462175344,263.08400970013946,31.3228067355684,37.83929661165656
721.391252620933,264.83528714716465,31.786844017272088,37.238356383591324
719.7503624557529,264.825014404674,32.36701473612098,36.35657135080369
717.3832069355109,265.3211534108992,33.31819274666746,35.4498054698058
715.1980612927692,265.8584927593063,34.24635084390299,34.83768805252708
711.8919783013725,268.01402252771777,35.21889652258858,34.508157036288196
709.1161508823873,269.2995183161556,35.61323658318506,34.3763053023995
711.64414176638,268.8458857802877,35.79730370054506,33.90289923060358
709.576309278188,268.17679114301893,35.54975944841335,33.93246280705145
707.7105161227838,267.04871400865625,35.2258886440484,33.82195576558089
705.0192518068432,269.1320692455285,34.950764421010305,33.79464863503712
702.6783403268449,271.3059216775855,34.905893750788195,33.822964679278854
700.238141089802,273.2436344279026,34.58645167921996,33.587426034723734
701.4275878361045,271.40534966814226,34.11658933933985,33.665332939421965
699.2561569575744,273.4687326988475,33.64483632360361,33.513420632055116
696.3400360309139,275.2115352386996,33.30914662022283,33.53678485929678
694.3695629467802,274.91132692799715,32.9998128850785,33.39613234265158
692.8313226781227,277.4530809794772,32.50266404312109,33.576715254553555
691.0519598510799,279.3831243136088,31.993058455598806,33.51107600831788
689.3141258308654,281.1225670788875,31.50440154485615,33.048791086586164
688.3666972524652,283.55449167994243,31.344350664470824,32.45423280854853
688.1861514474493,282.9962755273658,31.14935764162891,31.460145227684958
687.8381382743628,282.91456231277425,30.839669094460902,30.510959767028872
687.740215958995,284.73489776407376,30.196852829372176,29.913350836094327
687.6076999583041,284.1351617861461,29.520252679150246,29.61067869366775
686.7346967394652,283.9036661627986,29.028960389792577,29.273639351259078
687.4565258334457,283.65837404241836,29.029748884761652,29.144570188260587
685.8075042300727,285.030864189528,28.28599588407951,29.6621664740889
686.2213080682512,283.5063462689667,28.002962468434053,29.511815241694656
682.9790495061578,285.36934220112147,27.843805695831396,29.747521671071027
680.4361386029539,286.599920598538,27.721562946117484,29.939629398790387
678.1183713376495,285.29062627634863,27.934633582835836,29.809726517519113
675.4303868052832,287.87532297339595,28.220445138718382,29.94493145487594
673.1010762678841,286.6956156870648,28.62914298429905,29.802728595897598
671.2630923102595,286.1931368768867,28.71907445583804,29.63932181062188
668.6599315462336,289.26446670626103,28.789205569461107,29.90918399101499
666.8260434980352,288.7365424179043,28.81708551145394,29.92628036950919
665.8220214463083,288.6309770545302,28.870668159562733,30.051052340430353
660.9764666117359,292.77556341739535,29.039316891207513,29.963106802810497
659.9832091496078,292.72402110105435,29.11102437661344,29.85386340383331
658.9560714355302,292.812265403343,29.168474228939843,29.59755675912345
658.0490069596731,292.83145509099893,29.28934549117814,29.787672460110308
657.3663170986827,292.9372376981627,29.175377149690167,30.02902947078134
656.1916229126645,296.38956135868017,29.37700012370103,30.071695458462155
654.329246064118,296.31008304917145,29.291164030449632,30.33813267050524
652.3103354719185,296.7923445751807,29.078838825841064,30.53385312968673
651.4862825303961,297.3404795041571,28.94939341551267,30.24978340076605
650.7414897392102,298.1028996948703,28.80426785152985,29.75605104107577
650.0542056384171,298.8281618364292,28.691035693390127,29.420128131630435
649.8784434982455,298.9431402897323,28.503869406716817,28.90071780796159
649.3819852760731,298.5642396656608,28.177492590487166,28.901882794164557
648.9157535656384,298.46802934352564,27.846475586475663,28.805908689270233
648.2401360353517,298.655549076241,27.666737927856566,28.44255798059598
647.7211315224877,298.7035986886743,27.45058702621653,28.051585488317343
647.32478469772,298.3615522288629,27.1790975597926,27.65774759987282
646.6828913536139,300.29166466745767,27.145930827365873,27.77744930883427
645.705423770022,299.67971485331606,26.9642137633332,27.42502507027341
644.4301731743587,300.76353555809214,26.864534853265077,27.406017617630386
643.6307896093152,302.1346507893254,26.816062894339964,27.419127492917145
641.6888346007875,302.3048517826712,26.80155806116042,27.333542246976776
640.4624875811755,302.9649687617782,26.69072213212266,27.30927670211574
639.3355153303307,301.35159305303597,26.454516897407675,27.167292329347575
637.9287195043631,302.9139553031743,26.25296134017558,27.180291274963245
636.8279610927648,302.0200816267427,25.97579159225104,26.893833706104008
635.4656877952089,303.8429398602243,26.010065856125003,26.766951591634125
634.8707219105816,303.52747401763645,25.76492770674722,26.364448885788118
634.421043428102,302.75928701299364,25.017831171912174,26.018467205071282
633.1425336318757,304.69633735892927,24.803905453772074,26.050992022462104
631.9955091338281,305.8494518638378,24.32210343859097,26.604327555415388
634.6239092430051,303.3180458465716,23.64627398439741,27.316008150738888
635.6524054664114,301.9588984542655,23.275251605562467,27.3217134330164
633.2132730981325,303.79822040487664,22.92235665507809,27.365542676325436
631.6287295589409,306.0503846251878,22.832942919023516,27.361688211838285
630.1571763104664,305.38733571219615,22.740506927874208,27.61848908175936
627.7893844499126,307.19734861459165,22.863595703455772,27.872142676458672
626.0867979475321,306.06586273368623,22.89143721293175,28.112554080222008
624.1690871851343,307.7607867115201,23.390504720469586,28.55998997427044
621.6197148683408,309.1360071184935,24.234965925864543,28.86999756845045
619.6503464346487,309.7988705467156,24.71794803632133,29.04570837603831
617.5212123727856,311.3480736101135,25.233188472974607,28.988593247701317
616.4791893073077,312.46616026168647,25.40186330514053,28.547142620832535
616.183520264213,312.2160809872084,25.56860964142332,27.881609674847
615.2731692631273,313.6819872718216,25.81513747786903,27.203129958937893
614.9348027458526,315.51996898430014,25.696376730851835,26.515509057555665
614.8295921690027,315.59559835572117,25.43109854921492,25.989691627503433
614.6146604739963,318.7344045070333,25.28402336968194,25.411014833607307
614.3923121774749,319.10945383355494,25.029262198099225,24.959394247485186
613.7460077326283,320.7303806785056,24.92131356978705,24.545721824368535
612.8108527911362,322.59786884874256,24.76827011452975,24.134026772041565
613.0487872431606,322.44443500122975,24.224043839687166,23.75885627908658
612.5818495717965,324.62953586759244,23.819475545521048,23.464792089085748
612.2064895078756,324.9272286647704,23.459478972808874,23.006547826760226
610.9554650973816,326.79108491200986,23.14934727469286,22.867234980947664
609.5207013620263,328.504731081968,22.789933781658352,23.120430035364286
608.7428817858363,327.9945183982243,22.474204287416892,22.861929507160774
607.4629593071595,329.21804901406506,22.343211146244368,22.744062344387917
607.16382288732,328.20791227265227,21.815483819984077,22.61398716388343
606.1002289585266,329.7984431482214,21.56383075426161,22.479416320414167
605.0083496476348,331.4680837695217,21.40375926740264,22.579906014779617
606.914969988728,329.36026213103287,21.123355737697178,22.984316486505072
605.4521067707483,330.7813353185543,21.071333779644117,23.16689173392934
603.8574169893124,331.50552231456186,21.126038554994672,23.432473859544213
602.6029378365914,332.7507070197347,21.244081228188588,23.606561293528372
601.3357628044472,330.68789353067484,21.270105238857685,24.225699233180638
602.7796402874247,330.04428772926775,21.76592881179731,24.16570996548095
602.9257027880107,328.97878167108206,22.45631431773223,23.53343501443901
600.771289016938,330.96499928757044,23.04560221754348,22.957095057341142
599.0862426944252,330.283691047946,23.613130956853112,22.52265259665631
597.9758250701293,332.4516793020732,23.742541501847057,22.44291502577967
598.9804743664054,331.52318730085125,24.06649367032694,21.971194671076432
597.1143019168728,333.44681672205377,23.869025184382252,22.129284511075003
595.3557938899962,334.1508173123027,23.508647992438434,22.17884816135713
593.8304478270535,334.76731771674724,22.866616844092878,22.080736239873396
592.4752817573801,335.7928902050404,22.595092398890642,21.53891712521795
589.1075402029113,337.38194949766284,22.064731162735537,21.018983068323895
587.2276162577643,341.5008740811512,22.342793040380094,20.588541280497566
587.1743444205329,342.8225975625332,23.191617615321263,20.07271358424363
587.7049563747505,344.4531584750567,23.878800951568422,19.595783367625607
587.056316489442,345.34122987872416,23.81394781527168,19.51564840807653
590.0302269166192,346.4412129652056,23.39843220154825,19.567037406317393
591.9058541366948,347.95058030922354,22.74409562905773,19.626442500233342
592.0955033031413,346.7928204409163,21.921429934142175,19.835987801041565
592.4143473675492,346.474578837975,21.30558965131282,19.990092434698546
592.1907485390301,348.51610206681494,20.64658005680242,19.731253044508318
592.2004523024195,348.4280403866436,20.299910575477494,19.50286861881546
592.0676299201697,351.45830457217545,19.71813399188227,19.338045470835233
591.0855735669868,351.6740744383221,19.091241849767858,19.02143650983313
590.4892319204031,352.00073136534576,18.611768928221075,18.865631032622687
590.4794906767913,352.41715863406125,18.12000777406825,18.699943324300932
589.9716808663144,352.9825435163632,17.626705414164164,18.487864419968396
589.854549857737,355.46931994313746,17.323847387087582,17.990701451368615
589.5882756774594,355.7038927902802,17.158629801254662,17.710314443268068
589.2181874757476,356.8268937488652,16.975658287884347,17.368760081640012
590.8784319213662,356.35970154602046,16.47521224523426,17.04742637533761
590.0079475547625,357.891257782622,16.339423475885788,16.662884411091472
589.3482641355625,359.0274282588791,16.382901275246084,16.3569269157611
589.2126381921055,358.35985071190066,16.483042785444393,15.964148006841711
590.6981837590617,359.9389930886411,16.294358458477824,15.721812597995816
590.3474252950593,359.29050000228284,16.09683945584895,15.459665479467791
589.9454347365295,360.7376843396639,16.021110375459997,15.452486431399551
589.3802164955426,360.30307944165565,16.071033141689774,15.385656064375729
588.9191593317607,359.96469402493966,16.109792268962714,15.371210011764227
588.3354552600655,359.652910746517,16.113091659148942,15.19144066353444
587.68560558083,361.0121792224618,16.16063011082815,15.23002002939393
587.417629845507,360.288406395802,16.13414136493286,15.00715278464986
586.9907487470452,361.47819204970926,16.039136674668505,14.915411114362739
586.7029000333075,361.1759723223903,15.817810626973799,14.948367433777346
586.4338834609792,360.94694712133776,15.543114830189811,15.004091043403871
587.6713621741197,362.1163147685294,15.27410408779241,14.959622449765266
587.3650078622372,361.53983492889256,15.025292957624531,14.962560337580731
586.995981877788,362.6928813304206,14.812582058595437,14.733954049569828
586.9491013163451,361.9723091019383,14.494596500744528,14.708305565440885
588.4030133198156,362.4384330863699,14.244276098692586,14.6117016629115
588.059364986145,363.10670895918327,13.946683854786396,14.554924106280142
587.4561755404455,363.3687721723346,13.54676489557674,14.53970499809272
586.8149375936789,359.1543515503552,13.439056267434736,14.112722725205824
588.0267546487207,357.21315943422496,13.24823098570495,13.927395127327197
593.1794806979212,354.6324275466203,13.161270441564366,13.800817310892212
593.9310179663876,354.04358806780226,13.376388601202915,13.401342943447364
592.9920809365028,354.8519285170148,13.583770727149748,13.253041304131745
592.3865463699618,355.82699018220274,13.662082196505114,13.17352070069227
592.9185864651263,357.10709581062923,13.78171723044211,13.055835784323921
591.7390276775964,356.48119077123164,13.72593617154517,12.95890385490987
590.5820589260542,357.43253971594635,13.682442024467727,13.042507387599588
589.6778163550873,356.9380994658494,13.68195123141911,12.835915051298992
588.4747552076459,358.0499359892048,13.651736293712279,12.691277763560429
587.5181310547296,358.26461570425295,13.654345432712967,12.71965402095834
587.6540830618491,358.87270002576633,13.620365308826242,12.719624813699754
586.6105082614711,358.22195911128335,13.59042778380397,12.571509999217826
585.4890335272885,358.89712400239404,13.542911420412617,12.502134816376971
583.3149414775927,359.7492497918052,13.49021470620546,12.359857643796953
584.3981451273382,360.66363329016184,13.317202854445375,12.181770235401604
583.4443293344264,361.84664103083776,13.063600538291718,12.081467968924013
583.3366241804687,361.79178161286205,12.824419929573363,11.8712203098384
582.8808940703935,361.41174187395615,12.735338939549106,11.522888594756154
583.8108611023704,361.2567853218491,12.578732889015486,11.275344371127462
583.985479140415,361.1483810275128,12.467310106860213,11.120987505412474
586.6639226052336,362.3355163821163,12.296679585914404,10.823770581529685
588.8981405363717,363.0945501237072,12.18028019977345,10.845584327748348
589.7034113187456,362.4519704639339,12.132894405327557,10.792678857523002
589.7846706314609,361.7623425010611,12.059398729234783,10.573584139156939
592.391801439456,362.40367844352943,11.919980043084701,10.38697539127473
593.7185299823999,361.75506404332924,11.847597195020333,10.316576213350206
596.6216717610946,361.55172933674925,11.791803826229554,10.17412525993694
599.2815278139705,362.7830651734539,11.59665398396664,10.091213375040796
600.7287603372008,363.93843295955867,11.524908273062078,10.00645450838239
604.4367325650444,365.1308449209492,11.309315532462817,10.009854233672643
605.9329204358029,364.7910046163015,11.123722990255999,10.0
607.4605569097771,364.481388497632,10.881630250513702,10.0
608.2072446106907,366.3690654519014,10.832400408951191,10.0
609.1349567544547,365.96231021312997,10.781656588075123,10.0
611.6319493343742,366.7278322315298,10.618857722791738,10.04595515066976
612.6767860063796,366.4982295256824,10.523015536465143,10.020127348272325
613.815218563446,367.2908221366815,10.425367045638808,10.0
614.5342153795274,368.0688001993112,10.361005486878465,10.0
614.4532973206493,368.8644971731119,10.408493178173249,10.0
615.4671637581332,369.8942903163843,10.393492570585181,10.0
616.5725271607306,370.82175253657624,10.400449319086182,10.0
617.154220418489,373.1076679113321,10.518940678897534,10.0
616.8320892721955,372.8906700941734,10.582794219519947,10.0
617.4678169933372,375.58688906161115,10.573885912589562,10.0
618.395088820232,375.649863417726,10.547428515780798,10.0
619.4380050378782,376.52187960920855,10.5535915581649,10.0
620.3566287366893,377.4730997043662,10.525445503697522,10.0
620.2273730619848,377.00465532718226,10.48547875638286,10.0
621.1797508157781,376.59401860414073,10.65055915005683,10.0
623.3384935562511,378.98390760598704,10.668267303144031,10.0
623.1242152363585,378.3965894836001,10.74067391183937,10.0
624.3147869653778,378.0165354865603,10.754122262119814,10.0
625.2936448495204,377.7708581048064,10.777185545615271,10.0
626.1099578788418,379.9501143055968,10.852580889331628,10.0
625.9968814454046,379.2833923655562,10.836197807452674,10.0
626.7233527451299,379.86406665621325,10.91039916323273,10.0
626.5679657092436,377.94264095602557,10.913555689877425,10.0
627.3889620828776,378.87509548245,10.961601027593364,10.0
626.9821552645974,378.5136806922965,10.957568458728563,10.0
626.6846387249367,378.2061912971549,10.941426716196213,10.0
626.6454462069252,377.9229037123732,10.852722334642465,10.0
626.2065662569694,379.0000652628951,10.826384677486129,10.0
627.0959796560514,379.70071738539264,10.772945214145638,10.0
625.5253394760477,380.37013756809756,10.79312109531692,10.0
626.4348902437534,379.97268431959674,10.775414141700447,10.0
626.2916595568889,380.74718761024997,10.753103070704352,10.0
626.0344062801852,381.3334528761916,10.72888859912187,10.0
625.5178436234703,381.95206099329516,10.651772737853738,10.0
627.9200132778525,382.75127186024866,10.639231067028645,10.006548482844101
629.0293820808155,382.3651404490875,10.634092666119889,10.010553448797397
629.8391098659503,383.1124166377071,10.625563008707262,10.025659408197633
630.6977645410117,382.52188850124577,10.486796367935181,10.184592105909726
631.9044493606481,384.73716681537434,10.398921733316199,10.163484578146951
631.6613962480876,384.2529415868324,10.380682779832933,10.133189713003386
633.8638045573425,383.80244919820603,10.38200410459095,10.142464864535063
633.2957412128076,384.65954509884506,10.381164207547917,10.137726169183596
632.8345527409793,384.1529172448268,10.380462077775293,10.137068722617999
632.2173949664854,383.72493569365975,10.380354823838081,10.137087727910098
631.5648702197676,383.0920999237815,10.380310909642773,10.137066199162183
630.9870396321251,382.41350749098666,10.38040884964503,10.137084893678018
630.2741716739962,381.79149727545206,10.380497030307057,10.136978766443386
629.7959790713616,381.3651118398458,10.38063502507353,10.136860159449217
629.5204280771707,380.94886602329274,10.380689628716565,10.136775040846349
629.1962445578956,380.54411992183753,10.380709825931245,10.136756953134025
628.7662433261941,379.97873407893206,10.380735818864016,10.13672648440401
628.1849659133754,379.2402555077275,10.380753546570315,10.136695549649408
627.5939549068028,378.4390119995342,10.380766220383066,10.136660788882967
614.7168566704379,385.51259427843615,10.337505951779757,10.0
614.2773722225165,384.9354984718375,10.325004772968814,10.0
615.7869093693628,386.09537934837863,10.374710186231354,10.0
615.0479713125318,385.9191351342015,10.384220630642929,10.0
616.8020728174132,388.04208783386275,10.427255919296087,10.0
616.1135772183964,387.55073989508674,10.462343907643469,10.0
617.8290615213721,388.4362381803803,10.467892540309197,10.0
618.3675518716417,389.1367998230271,10.47894253568515,10.0
620.288120142522,388.8708868729882,10.456180150876484,10.0
621.9897594833903,390.02020091889426,10.501797877220683,10.0
622.5737701622583,389.4832227337174,10.492444083877102,10.0
624.6155318113075,389.9962527262978,10.46447136103493,10.0
626.5864558257658,390.7632197948239,10.373729022120594,10.012609699541462
627.3369749405464,390.25067992089316,10.363000150202726,10.0
629.3406707814257,390.06791424332187,10.400508885771925,10.0
631.1662178461637,389.35005372343585,10.39790065526755,10.0
632.7566539450922,389.60659411130473,10.316602069623592,10.0
634.6291806060706,388.87244626460597,10.280787753709369,10.0
637.2432677694519,388.25331463990733,10.417018105291467,10.0
638.6763616512063,387.1580089586787,10.380294062104147,10.0
639.5414880218914,385.4850260275416,10.290568569116754,10.0
640.4840688345392,385.002956117969,10.129841438793273,10.0
643.6680482174104,383.97741195140406,10.06805122926433,10.0
645.2662676721436,382.76520356116816,10.03785825714519,10.0
647.4080159859732,380.92932769237086,10.0,10.0
649.143447445897,379.92834886489436,10.012663310010794,10.0
649.5930608408526,378.2663280623965,10.0,10.0
651.22623788286,377.7894344883971,10.0,10.0
653.0993742840365,376.59844523249194,10.0,10.0
653.5763406949118,375.8327866154723,10.0,10.0
654.2028528647497,375.3322697239928,10.0,10.0
655.2454986767843,375.05573978601024,10.0,10.0
656.0670904116705,374.52900161920115,10.0,10.0
656.5284542040899,373.7312335628085,10.0,10.0
656.7668923931196,373.96387171326205,10.0,10.0
657.3714827494696,373.56112500606105,10.0,10.0
658.1960489028568,373.9944169479422,10.001532022754503,10.0
659.081166584976,374.6458224016242,10.0,10.0
659.7218145923689,374.81050513265654,10.0,10.0
660.1623263852671,375.16935459850356,10.0,10.0
660.8527376414781,375.9811070370488,10.023530629362465,10.0
661.2266454517134,376.47382960794494,10.01466246000679,10.0
661.6378900369249,377.1872849869542,10.001105951593924,10.0
661.2095998125151,378.1029693293385,10.0,10.0
661.7640543657634,378.56200514314696,10.052835726495875,10.0
661.2567050056532,378.3590305405669,10.0,10.0
662.0103298025206,379.1746188956313,10.0,10.0
662.4103773431852,379.6300613540225,10.0,10.0
662.823288728483,379.00615611253306,10.0,10.0
662.4065217869356,379.5631215828471,10.0,10.0
664.0689140455797,378.80232062516734,10.0,10.0
664.6745178597048,379.1193872350268,10.0,10.0
664.3966793315485,378.7850053864531,10.0,10.0
665.5165560739115,378.42389589129016,10.0,10.0
666.2101170318201,379.1694309669547,10.0,10.0
668.1294159190729,379.4969654935412,10.0,10.0
670.1053394572809,379.0117547768168,10.0,10.0
670.8362309227352,379.5042854505591,10.016710878791354,10.0
671.6639161007479,379.7794979768805,10.0,10.0
672.6805781023577,380.4865376907401,10.0,10.0
674.5088507673746,382.07597016869113,10.051285575880371,10.0
676.6582930527603,382.3561576860957,10.112179886182139,10.0
678.4938928509665,382.96150722680613,10.247723196340175,10.0
681.4459406887188,383.70457878289744,10.233099528587001,10.0
684.4339475845408,383.8698442685418,10.321312841130014,10.0
686.3785963478215,383.5570992338471,10.355139627923052,10.0
688.4184797016896,383.87167845247313,10.133268771321976,10.0
691.6494555602931,384.2396799433045,10.029420806251549,10.0
693.6324742399394,383.8655642676167,10.096603738096459,10.0
694.4585134034737,384.22142190812156,10.052658965486472,10.0
696.5657726423815,384.6729751932435,10.0,10.0
697.19766335655,384.2954701888375,10.0,10.0
697.8187758224085,386.02718658326194,10.0,10.0
698.3975466387346,386.3643411803059,10.0,10.0
700.1804807073368,386.8553136992268,10.05903411117822,10.0
699.4075828389948,387.36275098798797,10.122832238723817,10.0
698.6439959186499,389.3615102577023,10.131382250525588,10.0
697.7335544217057,390.37752852914855,10.073215228010971,10.0
696.938037660368,391.9730786980518,10.038990781783596,10.032174846824836
696.0863472716883,392.25733877299353,10.0,10.0
695.6225864660548,393.0066928374581,10.027352238708243,10.0
694.6489994538299,394.01374025223777,10.114613748471527,10.0
693.6913174543336,396.32465596077964,10.344370671773092,10.0
693.0891667477042,398.2000717627816,10.420339231714372,10.0
692.4317686023272,398.79015959380195,10.47768363056933,10.0
692.7761386000952,400.78805566905066,10.546171711491201,10.0
691.8732789219703,401.6421924936585,10.56374886345663,10.0
692.225920453628,403.6235970365815,10.566371331070737,10.0
691.7514130203333,405.3852383005433,10.522283349130268,10.0
691.323090709698,406.19761700509116,10.504387939444484,10.0
692.1927186176614,406.8606614577584,10.518221551465853,10.0
693.0281632373935,407.94935555336997,10.584371281995185,10.0
693.5080356410389,409.8777797925286,10.578161673869833,10.0
694.0576633393712,409.6240969407372,10.545168522383324,10.0
693.5398302873374,409.23787889955565,10.568562387719608,10.0
694.4767680077973,407.9575193929486,10.531833109786549,10.0
695.1366917579975,409.3198640155606,10.472692153308639,10.0
694.7141223760867,408.05145238921403,10.331477102528309,10.026876667991587
695.421531318762,408.2726561541389,10.2520283272849,10.099005220886536
695.1800496488041,408.3801284083491,10.190463004042329,10.14755758822896
696.0762268699418,409.84731618073715,10.082401712668885,10.19223959388316
696.5345860915259,407.41334192265225,10.0,10.271580512701872
695.8029995160177,407.59464407835776,10.0,10.3077399473141
697.5157726793459,414.80431506313147,10.165167412738924,10.140891836104093
697.0228702748317,415.4395036845979,10.18253186789683,10.030357918786107
696.6246776617439,416.10272728977725,10.117235751947431,10.0
695.2870444552973,416.93759053526446,10.0,10.0
696.2253460781649,416.54381659207866,10.0,10.0
702.2933344738558,415.996643026982,10.0,10.009570251836374
703.0904001445172,415.5828447917474,10.023833522454527,10.002627130039489
703.6444551090373,415.86377048073336,10.07024207848354,10.0
703.3945516543463,414.7107785898261,10.0,10.0
705.5212033962123,413.85346120631215,10.004789396517072,10.003622522803335
704.9743007224231,412.70757597265765,10.037160117516013,10.0
707.0389174175147,411.53330748854205,10.073803115882741,10.0
707.8046320988811,409.2956077414565,10.129069781859169,10.0
707.5085945914814,409.1687087523751,10.111968220521137,10.0
708.1449436456757,408.16385145066306,10.172893163776076,10.0
709.0991738183748,408.0272355931811,10.206097871745527,10.0
709.6306804386863,407.20679601607844,10.369363174594675,10.0
708.858208099881,406.4011581200175,10.548194785532003,10.0
708.2244599864408,405.6892079967074,10.621012467414168,10.0
708.6626716472446,405.9305478888564,10.801397975114238,10.0
708.0256153199333,405.5359710115008,10.960948714339164,10.0
707.1781986430992,404.762287999969,11.048065507643617,10.0
706.41418846497,405.1749772983603,11.18011969168362,10.0
705.7414652890862,405.5580013352446,11.159194411828725,10.0
705.1809153597469,405.6236825394444,11.006431431762415,10.0
704.3965836380767,405.7232598098926,11.017314728504132,10.0
703.9178665327092,405.7075819647871,10.908606260978,10.0
704.4495063950625,406.0159006691538,11.001212232682736,10.0
703.5325789784858,405.8075270182453,11.014705690027398,10.0
702.8597074020208,406.09212289517745,10.969526654198454,10.0
702.4676715994507,406.43173993891105,10.880912469276867,10.0
701.8944891963333,406.6274293339811,10.741270348021363,10.0
702.2576032764076,405.6209587729536,10.800698044005236,10.0
703.0444796863001,405.1808046377264,10.832344355995302,10.0
704.0373686871935,404.75993513828143,10.783552442961094,10.0
704.8812158624277,405.22490441566333,10.64397882956867,10.0
707.0923940640007,404.2044097161852,10.592149217041468,10.0
709.4553259496822,403.21247893339023,10.476668479430819,10.0
711.7499554791862,402.78023105626926,10.470353813580925,10.0
713.7487336895824,403.52199947601184,10.548460005703486,10.0
714.4747781828147,403.95272493129596,10.590058529729326,10.0
716.8533346809035,404.7793909884058,10.597636409558817,10.0
717.7148762200076,405.766672489699,10.667817124342166,10.0
719.0715180758788,406.9442204213701,10.63084013714814,10.0
721.2897615746093,408.1683875299059,10.6512518289572,10.0
723.6327191154351,409.09540396695957,10.642912335531857,10.0
725.5987797390885,409.9006500816904,10.712493396879896,10.0
726.7093465457873,412.9800828075968,10.701216770481786,10.0
727.113957966704,414.8463928080164,10.65871678660051,10.0
729.0288523086729,415.82296550041065,10.707671035936022,10.0
730.8614231922701,416.8389583802782,10.825054569721239,10.0
732.3567139512006,417.81542497640476,10.926892676188878,10.0
733.188189384259,418.6074005938135,10.907932803571802,10.0
734.818880358993,420.49248617654666,10.871595581429014,10.0
736.7755287404635,422.6913534196095,10.779228345770807,10.012390769458943
738.6350207222571,423.5811827755533,10.74561387376085,10.0
740.357728996391,424.6207485771738,10.810237608696186,10.0
742.8216512544282,425.5030191517435,10.666462153901145,10.0
744.1527880673998,426.39605021243915,10.580692996875882,10.0
746.9396270030425,427.5508269048296,10.455127136546281,10.0
749.4235330066954,428.9859573817812,10.531382512053002,10.0
751.9884290585724,431.2102074599825,10.496957363102524,10.0
753.3489640290306,432.09625643258914,10.334905080419606,10.0
755.6772292863487,434.40154069429263,10.228088177386203,10.0
757.7760107382289,436.6503657675348,10.298970288579286,10.0
759.027908543324,438.5308114863001,10.220613559309633,10.0
761.1437540249497,440.40583592420444,10.239452838978085,10.0
763.3096736694055,442.99038725858554,10.311845575212988,10.0
765.3938960341435,446.2098448849283,10.36552017709694,10.0
766.0982376512412,448.5627637482248,10.517035488357374,10.0
767.2125263050743,451.5934744453989,10.467478823925319,10.0
769.4103377407986,453.94871121412143,10.414301802849247,10.0
771.6289680373004,456.28690963750705,10.541943992285665,10.0
774.1250780244181,457.043555138167,10.57399741358848,10.0
775.3960360684799,457.74769127136096,10.356315095835509,10.0
778.0797339202339,458.3320112801157,10.338694706658654,10.0
781.7855506771264,458.29672280093655,10.453700177553928,10.0
783.000078871804,457.1671625687741,10.34115708814045,10.0
782.989030319575,457.5274776830338,10.112766775615885,10.0
783.761848484166,456.70074612041935,10.0,10.0
784.6606139679486,455.11644441029057,10.017755549577993,10.0
785.4615058020472,454.47641813894734,10.156738287439921,10.0
783.696692205581,454.1122679426335,10.211024875590375,10.0
783.2692042350545,455.1828137267783,10.218730506718094,10.003606574715675
786.9785161885004,457.2791251852177,10.492557600040024,10.0
789.0974510940783,455.71570763131604,10.60653543750473,10.0
791.1073832653459,454.00637528439984,10.629738550261363,10.0
794.1637964197865,447.05862805387005,10.921003122727916,10.0
795.0486767844062,445.0031196787022,11.347445625299994,10.0
797.0912535586234,441.5249063684605,11.411935498038735,10.0
799.0019357654395,440.48742503320733,11.287226834681283,10.163039381207335
803.9581690687056,438.1617628448561,11.183630543700719,10.289838115514709
804.3956346553246,430.3911890381027,11.114190579492904,10.387382213396512
806.3863445010967,423.6940597257858,11.00205289516616,10.391943763140262
808.4315193113938,418.34055853259855,10.949704335057822,10.37840228812558
810.413869881236,411.79133375397714,10.927079878417683,10.304410362824468
812.533239329302,405.56882714161793,10.880737623063299,10.246390903216723
814.4833726729667,399.43535535494306,10.830468933017988,10.168489658451273
814.125085896503,396.8566803265162,10.815367755167385,10.17253656894259
813.813626571452,396.0734774784769,10.81496689862429,10.172786592947853
813.346266859712,395.3689697147529,10.814035973440888,10.173091759868802
812.3411668247686,394.4578136988823,10.812776692741917,10.173377896491258
811.5999928958245,393.31263885890655,10.803970714379842,10.179077727504815
813.4425972032525,390.39216723173024,10.755180203695444,10.199740906784148
812.7372081623635,388.72688148899636,10.75477826609486,10.201876732843422
812.2769098453605,387.68193107422377,10.754844104049901,10.201864671000587
811.8983672021747,386.7233291760359,10.75478732346603,10.201803529021795
811.2608662430962,385.92190492513686,10.754723700355466,10.201800163144163
810.7349413908115,385.0567736572831,10.754639758722725,10.201717449675726
810.1168743040911,384.10521311472894,10.754491821949374,10.20163743157354
809.5775865362729,383.3181673189314,10.754433810756593,10.201618872831439
809.0133639924851,382.6082935484618,10.754329441735715,10.201504858671067
808.3617338151896,381.9756526424775,10.753522899888148,10.201252388909094
807.73117091982,381.2101840932612,10.753496184752857,10.20120842349887
807.1368376639074,380.39973272250836,10.753422443129384,10.201174294429606
806.4328389665258,379.3865491100909,10.753471939981614,10.200988842109897
805.901141226613,378.5227730256011,10.753488728133869,10.200904435390779
805.3571012764935,377.5063976590509,10.753412047447922,10.200831605869096
804.7526847496595,376.60397595101534,10.753328079364461,10.20078677349662
804.2051271106061,375.8131820299695,10.75329336357486,10.200783128657493
803.7330733285706,375.0182436190716,10.753288984400731,10.200706766325405
803.1243973726879,374.27248840800195,10.75333821615077,10.200641470538661
802.4981015017687,373.4897045919183,10.753356348636972,10.200546718672783
801.7948128477452,372.6912695880978,10.753358096114296,10.200432578288286
801.0178886494385,372.0785396942844,10.753260474508604,10.20022071693589
800.3140591953094,371.0458088687229,10.752984240249813,10.199432520646795
799.7017978808135,370.14499423106923,10.75277923862621,10.199223159555766
799.2652369329294,369.2275718774545,10.751508744143429,10.19872843979087
798.7860899272607,368.50742437127695,10.749482759600703,10.19865670715093
798.3306681240772,367.5965469126515,10.74896640016633,10.198967947453317
797.7823761146622,366.70478026240727,10.748687149190541,10.199027637063708
797.30214199902,366.0088808825026,10.748445689427143,10.199064617087958
796.8422601156043,365.2000497187134,10.747801743799133,10.19791176102688
796.1914405714775,364.3905165300988,10.747641296301204,10.19776086168276
795.6501987877778,363.5937676327184,10.747613796310269,10.197682463587723
794.8132248205854,362.771982612012,10.747552288365467,10.197611986812184
793.9298499661668,361.9314162506551,10.747445088404659,10.197578537498359
793.0324670278084,360.9150672072835,10.747375159228557,10.197357932606355
792.354592181551,360.2140890196069,10.747216934720711,10.197289085181321
791.6272140779146,359.5131402208955,10.747011365260015,10.197211170099585
790.8906789420993,358.826726221178,10.746645162090523,10.197362200959958
790.0113868217646,358.0546280762569,10.746689845302868,10.19739049534925
789.1038739377917,357.102114021039,10.746769677045597,10.197516743640712
788.2279494489677,356.30433945750116,10.747134260620266,10.197003329708314
787.3217049847256,355.4045544190091,10.74702054990632,10.196793395515291
786.3840243097916,354.53565431198325,10.746338818490663,10.196471623177862
785.4681414776944,353.6300124490939,10.745807395969274,10.19606048849829
784.5969283762071,352.6876929091153,10.742890390630961,10.195186978047152
783.8230965275603,351.8211889605367,10.741637986468628,10.194868082487314
783.364328585453,350.9540887219678,10.740722501874695,10.193723076798806
782.7833208763968,350.09697276162325,10.740388815105778,10.192726320692017
782.2606618427454,349.3271755012468,10.740485196045261,10.191996630324335
781.7826143525572,348.5342763897409,10.74053180701419,10.1914984141653
781.2881155021772,347.5582805734564,10.740585334914803,10.191266030544769
780.8133627626297,346.7228118067807,10.74073628462909,10.190775717941156
780.280279682612,345.72317714297304,10.740749275986106,10.19060628289177
779.7799705426185,344.7734906233592,10.74077973496645,10.190454394980227
779.1865146398824,343.69093281125083,10.740782222468338,10.190251291703554
778.6915618578823,342.81060070207894,10.74082903993978,10.190115863669773
778.0639960362938,341.88706278361366,10.740856975803466,10.189971637390844
777.3230639419005,340.87182574745907,10.740806048279877,10.189834909910592
776.6298326467003,339.87585120107275,10.740658249924548,10.18941005935441
776.0091807162055,339.05019846209365,10.740602161802098,10.189293275120797
775.3946764275989,338.2583433740409,10.74055283095698,10.189109079239886
774.7932364442081,337.4815961479004,10.740520705529965,10.188968530338377
774.2472286186986,336.57479448176906,10.740533249477872,10.18882064189793
773.672392898744,335.65642728874485,10.740518233660577,10.188697828277405
773.2151698535662,334.67069965399753,10.740507300872352,10.188519782685736
772.7575043581032,333.8036038394006,10.74049333826127,10.188393513129272
772.4218141931791,333.0868185969051,10.740534394656759,10.188262721341106
772.0875309564087,332.3688856862118,10.740556992980117,10.188147984332288
771.5821332897957,331.59744676830286,10.74056197815315,10.188102727308104
770.9404803573104,330.7037017814649,10.740628955336797,10.187931506182764
770.4639770180981,329.85905100587553,10.740727833087107,10.187592296939645
770.0154178265814,329.24939027557673,10.740708097376759,10.187454581473773
769.4817640279791,328.6126034738264,10.74069212909805,10.187436070525811
768.9948037649114,327.77351187397767,10.740639500211989,10.1873944682061
768.3422413859336,327.0152335815712,10.740750959179271,10.18725364625022
767.6701096138133,326.20841510273704,10.741209309518563,10.186600962538284
767.048312057124,325.3651587936301,10.741059334320017,10.186196037340869
766.3971083493535,324.533987991077,10.740826550199797,10.185475785223474
765.8813028542463,323.95804285369684,10.740610090615487,10.184792593682914
765.2673760813135,323.1332963855003,10.740326500975476,10.183992060647013
764.5759778388687,322.3237805658012,10.740304286982152,10.183898214624898
763.6603817974235,321.3920664951056,10.740150573287266,10.183704644285173
762.650758269406,320.6170216510991,10.738597992481619,10.18400943354028
761.5100645405255,319.6912593957887,10.737698091004848,10.183862129242609
760.2989615931896,318.8796185779305,10.735887033162008,10.183747606740528
759.1323034859477,318.3073599159472,10.734789957621999,10.185338237744531
758.2127094582726,319.11232113505474,10.739391869478682,10.176800200850844
757.4535368953103,318.70484324533714,10.73991544503391,10.176473695072534
756.7884900499043,318.2862477786613,10.739972138050796,10.176225091375949
756.1129963567785,317.9496802708294,10.740191077380162,10.17577177152569
755.3988694985234,317.6187738829667,10.740190189550622,10.17561041519004
754.7385142446237,317.0618538462873,10.740193853020202,10.175513110619189
754.1416391313008,316.5687176743079,10.740125510482505,10.175444454974693
753.5609201402036,315.9810030040426,10.740054336449855,10.175440398212256
752.6790131840909,315.12574383721295,10.739693548892168,10.175230086546774
751.9119156840198,314.38222406391463,10.739442905609224,10.175143759577754
751.2480260963396,313.42886965944615,10.73922654225812,10.172323717005646
750.7629786713723,312.48040199933274,10.739582312717346,10.168784965729726
750.2031375046116,311.53617354149014,10.739882503217995,10.167464936300824
749.6294579196549,310.58980601701006,10.740243982930703,10.166526446099262
749.0766796303079,309.6408589503279,10.740392369943748,10.165652273685033
748.3491188318437,308.68781248971874,10.740616920782992,10.165295042506266
747.5471705185884,307.906356525534,10.74094523178774,10.164793350880556
746.6515114822704,307.02105243513563,10.740860010814067,10.164804193000926
745.7280980497757,306.26761737941075,10.740501502497104,10.164615922416363
744.891641660241,305.579502507675,10.739416044910328,10.16369405742082
744.0038327219352,304.87426598482733,10.737870892804944,10.163500994984737
743.439349753927,304.0227006894308,10.723657531374055,10.16599221867423
742.7912239050934,303.32345413531255,10.723197784186654,10.16621424307896
734.0676747166107,297.4262492824473,10.695251910663826,10.077951638933936
727.7886760935728,297.0696602179669,10.752511966492957,10.0
726.5506990760457,296.4360166504048,10.924078432119613,10.0
726.7249509160816,297.2368141724728,11.060025986388375,10.0
727.0602064889894,296.68206975003704,11.129703141182414,10.0
726.1309816953184,296.32608306547627,11.23859487577942,10.0
726.6297193078375,297.2408868088387,11.253963140388109,10.0
728.5662895990064,298.0339741720818,11.299417395239047,10.0
727.2123084327986,298.87227833410725,11.299172358803812,10.0
727.5121828065778,298.46943673631176,11.216036796651164,10.0
726.5855984693067,296.6913556768559,11.322709151422753,10.0
726.8561911326191,296.17737516900524,11.362182320224125,10.0
727.1470298718161,295.75895997930684,11.39436437609367,10.058095039755205
727.4152665279194,296.7361260759191,11.508686106401862,10.008491378368102
726.2554186409467,297.47966945311055,11.530667885367365,10.0
726.552123915496,296.98668721457943,11.52557544578104,10.0
726.7683530046886,297.86179241677746,11.478506982828927,10.0
727.0823160295138,297.3530110038107,11.443534853542998,10.040896494642334
727.436547017411,296.7674185349606,11.418101873739307,10.0
726.5573273102302,296.43437749287114,11.458901961051694,10.0
725.8748867507877,295.8550144447945,11.52007846052901,10.0
726.3653724313535,296.4981085672043,11.578061238153216,10.0
726.4530754082713,297.28727769991383,11.591024916084933,10.0
726.66114140431,296.6238988651894,11.58383002060338,10.0
727.2115497658845,296.12112897774205,11.67249884738123,10.0
726.4256435889379,295.75503394770243,11.76024697989211,10.027868318021433
725.5602398698152,296.67749101063237,11.861874821236652,10.0
727.4428849286928,296.01769644176954,11.837560798680906,10.028084516219849
727.9778000509303,287.02247618117985,11.750376602274962,10.038969907394376
721.412108471674,286.61686902183163,11.658511279037231,10.039374911839916
716.1240183045801,287.6225748374127,11.65891455939194,10.0
711.0958058400637,288.78209474822506,11.478170222677633,10.0
705.1298336336079,289.9420646741055,11.313896526458466,10.0
701.5108517172902,289.54684394737706,11.169769313714056,10.0
695.3416553913543,291.7281784429215,11.133143845773981,10.0
692.871245098991,294.76619975230426,11.08365900676385,10.037341151223478
686.5186846856407,295.11743569513783,10.993991472868919,10.0
685.3101343629813,294.0716271116401,10.972955063744237,10.00738102197587
684.514369364303,293.20709298443245,10.965645658902,10.011366282883897
683.4769029448431,292.2577633398526,10.965075386936073,10.01146409438245
682.6233689215294,291.13884373578173,10.964643095009238,10.011643609759812
681.8866668599945,290.20002181682304,10.961871909851457,10.01215527032436
681.3425423245769,289.61286269846823,10.961086661762678,10.012092250930392
680.6195769849663,288.8975442582273,10.958516350116195,10.012441412639426
679.999862922305,288.1838876394229,10.95453424575597,10.01428894723773
679.4903670876304,287.59229218760663,10.953726801831714,10.013879186731398
678.7858791095064,286.90085682712447,10.953611643081828,10.013918572627956
678.3065207099119,286.3461339801251,10.953424533541249,10.01393824505079
677.9484228186773,285.84786691018087,10.952949743252772,10.014023152837838
677.4564532351671,285.2104834936485,10.952917314508868,10.014031050927887
677.0416650309639,284.49815653461536,10.952916396140681,10.014028935478224
676.5545231905802,283.81081069150366,10.952905295223188,10.01404653989921
676.1264534330459,283.03763237751303,10.95282122707047,10.014022648013587
675.6350376700312,282.0639019784352,10.952789744123644,10.014019695330058
675.1572453103435,281.1834136868612,10.952733670652645,10.014050004674392
674.486806498799,280.29641958860645,10.952057963320142,10.014012999386297
673.8116116575044,279.39016393586127,10.95201715732289,10.01399950934445
672.9642058625195,278.5037593308333,10.951912141343218,10.013977279428456
672.5877409637586,277.91830825375564,10.951796499144905,10.01396585650395
671.8313077833268,277.34844775374245,10.95169288930543,10.013923739693867
671.2616276795223,276.5895969061816,10.951453296804331,10.01382248109545
670.8565100929075,276.01983371652045,10.951372563032589,10.013843474065169
670.3020530586454,275.3127209134013,10.9513519906725,10.013853873203589
669.9433746235142,274.60726923384914,10.951280713142136,10.013880838989717
669.3675758516707,273.6566555507358,10.951225563080573,10.013874532120674
668.8346526268161,272.88339456696065,10.951168110735784,10.01388747218999
668.2565467178174,272.12266279891526,10.951113835479285,10.013903468951176
667.722768414618,271.28836134612084,10.951061966192716,10.013918809117985
667.0546982476375,270.58882899879075,10.951022566877622,10.013925996263186
666.4480199215369,269.84493318737105,10.950993041062084,10.013928584259185
665.6685983076004,269.0055685275573,10.950981450590914,10.013928369737572
664.9834122949587,268.1628085573379,10.950953047102358,10.013925515452785
664.3144446477194,267.2349915678656,10.950943595563487,10.013912526509447
663.6056735865792,266.3555964185857,10.950683503221468,10.013760936260027
662.9062057511538,265.5078922388909,10.950475835868714,10.013720539431661
662.2911317785569,264.6011196662684,10.950283300258258,10.013567869735324
661.7446238156646,263.83538900995023,10.950169114348512,10.013625163969548
661.2455971162317,263.0788049535924,10.950068409458288,10.013715540784355
660.6374795853077,262.3483552588647,10.950032428482382,10.013745498744118
659.917015021176,261.54403867424213,10.950017361952165,10.013753852048328
659.14425856968,260.75589424112303,10.949992793172997,10.01376307808881
658.404987809568,260.1019657513523,10.94990722771128,10.01377756457309
657.5892975217922,259.1710805822972,10.949870647997017,10.013766782382952
656.870378599248,258.37174058591614,10.949791141362638,10.013757219023166
656.2000843369533,257.58454908238804,10.949717305760814,10.013755179120507
655.6000896490378,256.74256510300467,10.949689110142407,10.013755785973764
655.0409517639439,255.81675855261042,10.949639289242944,10.013725562863963
654.5822902874515,255.14105983180093,10.949449169736921,10.013756484554952
653.9927079591437,254.59207017157695,10.94924294622572,10.01386199804949
653.3794132482382,253.77382834138564,10.949228263994648,10.013857339988832
652.7894134916008,252.84858670290055,10.949199815538458,10.013827158707063
652.0817969827142,251.97317220668288,10.949186227438524,10.01382585844066
651.3986660053964,251.14547467394664,10.949093239752383,10.013822435868384
650.6880009641798,250.39104230590095,10.949054007991972,10.013799404168024
649.8419586857126,249.58378212792678,10.948977958542038,10.013814111503411
649.1841627633258,248.792727455791,10.948944254952782,10.01379862648265
648.5183980756274,247.95193560133515,10.948892514626895,10.013792016714541
647.7288195575748,247.18910490468716,10.948813043316433,10.013796709876255
646.8992403906675,246.4822669870645,10.948720760103734,10.013816548798971
646.256432408004,245.83096621065494,10.948716632085036,10.01374964935519
645.6199826848583,245.0469444871457,10.948661018371167,10.013748791525911
645.0314225984101,244.25841326340392,10.948632014669966,10.013746724849337
644.4627899399445,243.38009316727366,10.948603992825511,10.013737065310842
643.8923425617019,242.58063392243892,10.948584666783745,10.013734494418197
643.2941108818296,241.76462622674006,10.948564176049214,10.01373370387012
642.6898593146395,240.9169418575807,10.94851041994158,10.013720085545192
642.018568570731,240.11432773815574,10.948474038381534,10.013722761345797
641.391162038544,239.3668508835572,10.948445059832386,10.013723315025299
640.7557413859681,238.63536383429238,10.948404831361627,10.013740031352777
640.1443007223245,237.94334810268265,10.94833987244735,10.013755099957054
639.5081750176603,237.21456724912917,10.948297356490565,10.013760678562102
638.9556985766524,236.4789819668876,10.948225781528523,10.013737333400144
638.3552560897417,235.5802077152455,10.948206028367593,10.013732535826838
637.8410751351696,234.79051632208146,10.948183967251143,10.013734690708084
637.1543815400491,233.74442210349218,10.948105738676572,10.01371211981471
636.5795254885926,232.7791114977764,10.948074761450385,10.013697402138629
636.0616816150825,231.87730630287814,10.948027139741935,10.013683042751468
635.5874230945161,231.11532260652618,10.947968445782589,10.013688176162791
634.9606057333948,230.31140474137553,10.947933071627897,10.01368599104356
634.214922783699,229.51038023781132,10.94789944442339,10.013687912409967
633.5539845238947,228.70058681003096,10.947893239270115,10.013689849948522
632.6695091540419,227.92080322409367,10.947853104685217,10.013685994067345
631.813067235297,227.06201958158172,10.947809362295168,10.013675225616833
631.1531281556668,226.1584824439833,10.947764239885958,10.013662556233601
630.4369574926485,225.3678427263036,10.947653244870011,10.01365389230411
629.8152892909089,224.54267917841972,10.947628294474942,10.013654974506768
629.2441396406304,223.74070597774792,10.947598855865884,10.01366124657026
628.6145296368065,222.9365061315151,10.947576567294556,10.013660474978014
627.9879391141901,222.08678296098603,10.947553266824366,10.01365620396795
627.4126689356682,221.236678860826,10.947520489445802,10.013667184439383
626.87085523003,220.30214596580137,10.947425070903497,10.013634668786436
626.3016477415342,219.4721609477398,10.947401346265385,10.013603188567421
625.5889953814874,218.5114019292412,10.94735408901074,10.013461517541536
624.9104613251145,217.4564683613101,10.947297873143294,10.01328465087081
624.1346044410103,216.54590337540722,10.947264676896996,10.0132709955098
623.1476521600346,215.56140806739796,10.94594462470518,10.012721849985052
622.266117004404,214.59762591998322,10.9441606240232,10.013275727829972
621.5095032733814,213.77220065005096,10.943948430764527,10.013406386636756
620.756478994128,213.1855764743806,10.94388953973969,10.013397506265125
620.1180163264547,212.50438504907467,10.943881562670088,10.013396037571544
619.4675687510359,211.7791779405187,10.943846690314588,10.013398338904373
618.7146416870729,211.1175847806285,10.94373248594989,10.013305993142184
618.0454486535917,210.43580188780868,10.943704003084585,10.013295962627376
617.3812410836044,209.59566575356308,10.943114020874464,10.013650418771157
616.8171960117417,208.692292367711,10.938369491672075,10.014859370612964
616.3576716521894,207.7000629989842,10.938042195113328,10.014561876758544
615.7879883599558,206.8206025698797,10.938008655030949,10.014517838765478
615.204845963822,205.98671937551237,10.937958699030293,10.014458767066177
614.5612650249063,205.29691808820908,10.937847527507008,10.014338508039302
614.0571812698308,204.62328702349956,10.937854208113908,10.014198780082278
613.4570968063035,203.91198891431333,10.937841174109101,10.014039637851374
612.9272805994493,203.08531145964272,10.937834968394506,10.013964204518352
612.4220705555423,202.19895184936112,10.93782877332594,10.013922676218353
612.0734859216705,201.27827542814657,10.937795954620894,10.013852960816594
611.3125037841666,200.3533347208674,10.93759981874772,10.013397585290146
610.4128968077879,199.55983844906598,10.936561691541415,10.013689212602666
609.7594892595612,198.83453654103448,10.936274465416428,10.01369955713858
609.1060786296518,198.10396003229144,10.93623277490993,10.01367737130131
608.3514302006033,197.4241320683849,10.936216049633103,10.013666593982865
607.6819436537335,196.66589956952942,10.936168295098451,10.013636959926572
607.0912357059315,195.8844558868884,10.936133227682042,10.013615794973305
606.5665287678082,195.12489415642693,10.93605295662798,10.013551924696543
606.0890152545119,194.30004941926677,10.936008593545404,10.013555420127433
605.5910818891537,193.5189068382111,10.93595550061532,10.013540853845209
605.0613523133152,192.69921289257806,10.935932673875875,10.013502990564168
604.4458671988637,191.84718077898643,10.935900214371097,10.013472330967657
603.8874167172007,190.83585884330842,10.935843632416518,10.013414223640183
603.2724346658741,190.08392217635014,10.93444992218804,10.013706748917219
602.5352385708514,189.70806729080113,10.933817054440892,10.014009135142812
601.5404976786847,189.1580423764914,10.93373525444677,10.014022342668515
600.6176731083301,188.58923696324996,10.933332582983917,10.013989951110949
599.799693108779,187.84109319452338,10.933273829034267,10.013989308212835
598.9524028741508,187.0614699648077,10.933244179424689,10.01387812451676
598.2895774806506,186.0697584873533,10.93372027713245,10.013218022975625
597.5703603838781,185.02481419427883,10.934134598965564,10.012578359384007
597.1244818016925,183.6331117580567,10.93500146306282,10.006830609605345
596.5024664904206,182.47338130741855,10.935187934109868,10.006344506563444
595.8915267636003,181.64301593807946,10.935205906083757,10.006277768473128
595.3258652916919,180.90105274352678,10.935189538300797,10.006273689019235
594.7343958700088,180.01378164467334,10.93518754094585,10.006205724944799
594.1234083098637,179.23421557856005,10.935165757816442,10.006191333695687
593.52341304087,178.42937497960878,10.935104630498017,10.006107001965692
592.8142767090455,177.48547386517532,10.935094070041124,10.006001606587926
592.1200437886904,176.76149373957668,10.935013563133188,10.005820759762749
591.5576466735034,176.02733678354707,10.935149089703101,10.005700576439278
591.101614901962,175.12563876271918,10.935471018444343,10.005558057227741
590.3561774779779,174.02936166664585,10.94014171907372,10.0
589.8130048156236,173.26305961748585,10.940485170765799,10.0
591.0882805085274,172.250626207795,10.930313786026424,10.0
590.001001729583,172.8914234652184,11.046586107556571,10.0
589.2599593686007,172.29358524525162,11.025481981025628,10.023019188575525
588.8778923725597,170.913789959657,11.02538524495825,10.022970735030237
587.833821878161,169.24109215864283,11.025102981649962,10.02102479958302
586.9331248378656,168.14464566830216,11.024808510337902,10.020893383368
586.4059674082674,167.4019561088699,11.024761668522506,10.02088398485275
585.5795117375584,166.75537085595943,11.024690059730213,10.020865561115905
584.8256124440995,165.89552041317728,11.024626197955499,10.020857407945767
584.1105761546152,165.15466278745387,11.024440622055161,10.020761374373674
585.3644377211874,164.36071372171864,11.00955253377145,10.0
583.4205325822898,165.25078499456868,11.117029769422086,10.0
582.6803315618147,164.58360338350758,11.117621572487604,10.0
582.1618082731691,164.07368860683724,11.118113455603087,10.000456970905068
581.6110424177832,162.980931988443,11.11791481969512,10.001026770117296
580.9682761589621,161.47412142474954,11.118111438938088,10.000679191373196
580.354182355042,160.26386734094422,11.118159765505329,10.000565248617043
579.7204891501103,159.2159234895371,11.117319551833674,10.0
578.8910024452771,158.28901469847187,11.116695683858719,10.0
577.9939653636718,157.5636286153458,11.116464999352123,10.0
577.0921487269082,156.85924464603886,11.116100040991258,10.0
574.7612465020442,158.80876714130864,11.084538916836415,10.0
574.2757470966457,158.13180798431858,11.08450457171533,10.0
573.7555351150977,157.40498721739277,11.083153308218314,10.0
573.2070943377789,156.70602351566777,11.083123670915432,10.0
572.709575723494,155.96720230719075,11.08314623197431,10.0
572.2689570707929,155.09950828691944,11.08307450493643,10.0
571.7261432330896,154.17132455250248,11.082932169394779,10.0
571.282919958931,153.55336385036074,11.082785435489317,10.000026724260314
570.7726521003106,152.65886985396378,11.082660513920853,10.000031014394613
570.0953973583796,151.91510068849277,11.082323877902036,10.000077618461338
569.4288383354047,151.11353037920992,11.082148366684741,10.000210205181947
568.5780548697763,150.32801523759483,11.082048346762225,10.000259581925606
567.7665178346649,149.6564022340104,11.081372803223141,10.000156874723782
567.1113244099446,149.026142673089,11.081212658454511,10.000290006423716
566.5253382079761,148.29510937982275,11.081131725294167,10.00025012666289
565.9661958341298,147.60949110221958,11.081048920229556,10.000280279090596
565.337520205947,146.81689128263056,11.080656102727382,10.000468674448408
564.843458164602,146.07429956425284,11.080582203106069,10.000478766591769
564.2355056621512,145.3093086407697,11.080526705383186,10.000497835466591
563.6334957231994,144.52342082667428,11.080523102871368,10.000426263263734
563.0328185794871,143.51443473423961,11.080351463706087,10.000463172101583
562.3089997899339,142.624712914751,11.08018399577734,10.000495971998006
561.3952309827556,141.58110243640974,11.080078811710113,10.000529638488873
560.4699428868386,140.40904420114683,11.079800964351962,10.00044072952865
559.554619831149,139.37154794535843,11.07870300090954,10.000364528870955
558.990289762598,138.6095760478638,11.078580269626343,10.0
558.5656317601158,138.01861494919285,11.078156305814094,10.0
558.1791114864758,137.34968143841252,11.078014520578273,10.0
557.4893796405219,136.39789729777283,11.077635811935323,10.000021113501349
556.7346199352925,135.24619379781433,11.077312111355944,10.000022351699602
555.84188321541,134.03797908158248,11.076154920627632,10.001218648939906
554.9683277447385,133.30834193250212,11.072703790170346,10.004313805102376
552.9120423000531,128.0586248252131,10.959462244391128,10.048858722195062
552.3641849780322,127.0806685696046,10.947895680394662,10.052464962812683
551.9344980335628,126.23123683955589,10.945100303586242,10.053955628758771
551.3521704102992,125.2684195442846,10.92019299098574,10.047835272592703
550.6632599914853,124.32817422974409,10.918836496689043,10.04768265311567
550.1594233437183,123.44027755885554,10.917514855279906,10.047398962803516
549.571675314116,122.44625105523535,10.91508127466836,10.047262034359704
549.1744940518088,121.5670682155403,10.91422247054748,10.04709971959393
548.8005398185607,120.78377673513228,10.913756176892797,10.047184639257015
548.3279099795354,119.95901299761981,10.912634584057844,10.047361947961159
548.0667949792219,118.92226130630226,10.910089616060814,10.048283324141781
547.8070231605465,117.72514173712132,10.906609946088059,10.052047427789905
547.6337824161507,116.8602937128445,10.905797372503761,10.052445123148384
546.8946108854125,115.7495839654884,10.89298886270628,10.066806426561133
546.3340525498903,114.72147273509917,10.885807012708803,10.074414146967873
545.520088773435,113.76593645649835,10.862617002371648,10.100304800330404
544.8443854652367,112.81750396024466,10.850714473794559,10.113210380263
544.4209338173188,111.88126693396768,10.849787295253773,10.113559045625196
543.5041516254591,110.38438636222429,10.822837157374082,10.140931248300832
542.9116316530756,109.53235689935148,10.822032919173175,10.140838901272698
542.3151313284102,108.29982561451273,10.82030817425494,10.14007639007863
541.928416356803,107.20276778870296,10.818247297061465,10.138691191020692
541.4436636754899,105.80508648316915,10.814933569798105,10.13518490751128
540.9873050386176,104.46294808001929,10.813237093371024,10.131373535176358
538.8555436993057,102.13389568815984,10.795583681754389,10.130250470842261
536.8602194350302,101.46086368763571,10.789181924965918,10.120776580502607
533.5490660961456,101.89211432068089,10.813126156903994,10.105568750939472
532.8686767696212,102.50531176967642,10.810680303574685,10.103620626477458
533.7505651496201,102.99584577967858,10.793123178586388,10.099094662080011
534.4597482633427,103.36669281333334,10.74990190963749,10.097362636148494
533.8673290920503,102.75821652058818,10.748787469591276,10.096434495778226
531.9516867748125,103.29751451816195,10.741544663042122,10.088947199475598
533.7304476556715,95.62749300184312,10.6628975847043,10.112173902157185
534.3991672158255,95.16607776013825,10.641475376856487,10.205613978958368
537.8738604949527,94.65044918744644,10.630204415373367,10.283315838411342
541.4671300282245,95.30410722906109,10.500295006575254,10.336696309366015
543.7476151738446,94.81192080074442,10.378065922457942,10.40608273440067
545.8079971547673,94.29232965222975,10.376448784495356,10.427268243405122
550.7683648903735,95.05682361807662,10.263805430592477,10.49420194733912
551.6660585353696,94.52945860818326,10.246734280775174,10.547686826096474
552.5566349007058,95.26412425317767,10.265456451874432,10.573204145078302
551.7607880189123,94.51637167240989,10.266070622756652,10.570352964298197
551.2764029129225,93.54828700616665,10.269209468959968,10.5683592547162
550.6583091149697,92.45535583201192,10.270327670754149,10.56655447160172
550.2087128391121,91.48293467252324,10.270895504280206,10.565663004949789
549.7832603447583,90.49532783579713,10.277040849909854,10.556282690937099
549.1847853343239,89.26564160244442,10.278954459493288,10.55408203371064
548.6134865738086,88.37555998050587,10.280085243730396,10.552799178306438
548.1015433838522,87.63224272058663,10.284353827698915,10.548433641878121
547.3155102742572,86.60549784238364,10.285324937903,10.547251157073164
546.4580156109309,85.86875427850477,10.286877661009306,10.546056669001445
545.565482487948,85.07943133402706,10.288425711823091,10.544301018154304
544.8960956972883,84.64045228255686,10.288697601324161,10.543962686215401
544.0069850833298,84.1585077234983,10.289053180971406,10.542982483939914
543.3647862737689,83.61007305750981,10.289638515623684,10.54208672783554
542.8652793635831,82.99473416016168,10.29033521353594,10.541125256517685
542.3808095062245,82.48287235764784,10.290583221595648,10.540851077884492
541.778024784506,81.59292658529162,10.29104509533815,10.54045774100514
541.1181769529162,80.40313416936553,10.29140494022703,10.540217934490615
540.3884199124046,79.18048484070921,10.291765845896276,10.539938731924709
539.3590445571266,77.85453642400917,10.292008637140656,10.539563817735688
538.3815938619998,76.82498694250889,10.293249658474808,10.538736270879083
537.1929169810079,75.4414186047893,10.293283369265524,10.537903814848503
534.0094068298782,74.32709797758285,10.307598192856627,10.460304510637153
533.6268023263567,73.5049407131962,10.312911398355581,10.451946748608432
533.2042070008471,72.92157467892231,10.313137008690978,10.451704511049654
532.7225168974396,72.21610776054762,10.31323170973423,10.451638572866193
532.2346154670408,71.32273074277917,10.31336894162179,10.451493995427
531.5508846829626,70.13134602977897,10.313471467610597,10.451390124689727
530.925767016469,69.32931931275044,10.313606307166795,10.45120373731277
530.241431421116,68.5554008967822,10.31368797741836,10.4510776652728
529.405869291616,67.28846366474455,10.313931441893184,10.450714744551956
528.6913373877134,66.54094839101872,10.316163289020224,10.446786942775736
528.1523737559222,65.94697325137608,10.316287536893691,10.44655832515701
527.5523457377086,65.11730623001306,10.31632302163939,10.446510382218685
526.9670950454307,64.30993988112262,10.316376579809628,10.446394943097719
526.3839588450497,63.36204083685903,10.31644846196348,10.446341896370981
525.9385124767082,62.23415005301712,10.316878263675843,10.445839942402593
525.4651638974073,61.67147282376307,10.31846915434857,10.44476353180821
525.0676075487463,61.005524462601194,10.318182781884373,10.444388201367063
524.1668354195036,60.202255072039804,10.31841828926348,10.443888603774322
523.4364316871183,59.728202264563166,10.31860403944217,10.443448166748533
522.4053899750614,57.382804550002476,10.308936107431029,10.437672722609426
521.5729330968967,56.762756615908756,10.308871001951841,10.437547328818711
520.7598705529166,55.86330568520577,10.308918676353018,10.43727726563361
520.0823396553445,54.92118013435652,10.308642136459943,10.43683665209165
519.1241855765451,53.927516322134665,10.309041957419435,10.434857826645217
518.6277621567106,53.57965744529726,10.308988902374024,10.434240562638898
518.2770348674528,53.24748272349271,10.30916264859884,10.434065868274216
517.7159355889853,52.971577270788906,10.309367306188475,10.433929776039308
517.2040747703946,51.65876338329663,10.309487888224462,10.433650129911804
516.7071714750039,50.739964071793075,10.309835373514415,10.43305927023
516.116822507574,49.90008102287438,10.309905008660873,10.432859514376291
515.4623072576086,49.04389443514034,10.310017032487147,10.432568920122389
514.8751888439901,48.09065931343758,10.310053086484826,10.43246753686471
514.1426566277935,47.120505701793874,10.3100047135118,10.432227889920485
513.4432876976604,46.283344184959944,10.310015275995122,10.431903115513393
512.7916905306663,45.56104097706003,10.310163502691,10.431834681803025
511.90678033384324,44.837928164544905,10.311946815572396,10.430457438753137
510.589913885636,44.02245150410827,10.31536798446301,10.427394722639113
509.66320265869285,43.35089199294895,10.327573516542985,10.418598623879246
509.080446790247,42.71446090839556,10.347513187127644,10.404264395204667
509.41010716679625,42.02433457960527,10.369527644829299,10.388021472112033
509.2639361864596,40.73103494768084,10.370327015838189,10.387079632597846
508.4818857808979,39.76216143139384,10.373455017169965,10.38427645708011
509.0919946922191,39.27550310719697,10.388030023087474,10.369674907365178
509.0741289587422,38.92135246982481,10.414047845879349,10.353597715503357
509.0090716834368,38.121570537255735,10.428252142071416,10.34239922292972
501.5435759712319,37.38078444826119,10.444698507277097,10.254938016595682
498.00297943915047,37.065789192747054,10.487792759336667,10.228582087308714
497.51846799533126,36.74018408723977,10.496341036646408,10.223295952326431
496.9472581230276,35.8945714178392,10.497570729221245,10.222293689122548
496.0059818582618,34.950272903250635,10.497980476541564,10.221640439826789
495.4979862093982,34.229563261613805,10.50195595471916,10.213687431535504
495.16135733985635,33.22364937256135,10.502272009079991,10.213512264694137
494.66095039337955,32.638820933993784,10.50346623927194,10.212752309859036
494.4261159823149,32.22455146789299,10.514462597507345,10.20601696294305
494.28414314139087,31.718775069371382,10.515370110209815,10.205971530577997
494.91301236469945,29.41171348399285,10.41482270172433,10.240768071696397
495.17010255685415,29.019921459716755,10.416952174783416,10.239459084359904
494.39028714465485,28.510049396481435,10.416896934461926,10.244247332572794
495.63310775093146,32.098538479126695,10.673638009887748,10.004771074630911
495.41338984957633,31.654273173327045,10.678251461857656,10.001371940556075
494.927334963772,30.87762883197005,10.678265326731827,10.001358335214643
494.36149413659183,30.163025571772607,10.678128924985547,10.001255845103854
493.8076912277938,29.39406023876162,10.678138702809637,10.00119570263889
493.2733544450577,28.41905813961595,10.67815105536067,10.000999700849366
492.6098442678142,27.610182302213104,10.678118101360749,10.000946848372335
491.99193352785073,26.708072855993336,10.678102717769919,10.000925990903422
491.33278120399945,25.960046389192104,10.678106522233586,10.000878856413543
490.70712046728227,25.026056060989195,10.678014054284668,10.000716550363615
