567,450,103,157
565.5111526403442,447.01261652915554,102.21762153434452,157.49841329636422
566.1953038908897,450.39640403222995,101.15312310301094,156.14862107372375
567.6602056643605,449.086737182393,100.6879229801416,157.63679773280165
566.9736655233335,450.2205871444387,100.48027175107971,156.93440149199108
570.3395500067928,450.5268183966082,99.69497256794398,157.52979111281996
571.9871691628313,452.8542292939049,99.44006466587084,157.51525385649566
570.5376053554132,454.13073671679774,99.87329543584303,157.813230498213
571.4703164255477,453.95450811206035,99.9013558614538,159.28445389630926
572.0054793262434,454.14929459674227,100.06768016935337,160.36492875848083
572.4336135233168,456.8101518657362,100.30823332176114,160.25339974829447
573.9496176012786,456.936094682521,100.73739512395221,161.4229514974229
574.8268217882985,457.68256468128965,100.96690839698427,162.06476448870092
576.9307681146271,456.9667092330327,100.77895039856296,163.4275621489544
577.1745208324295,458.7108793597903,100.62418559763788,162.95239166091162
577.2256817168484,459.795415339935,100.28277459313685,163.27129768218958
577.3147066723936,459.61511558574057,100.41169292397622,164.02856559491926
577.6581081334023,462.07082095201326,99.97608269090092,164.75838353821604
577.3619031887215,460.92834624931464,99.47738485416531,164.29655564754702
583.797144995764,464.52545341305466,100.23166758987291,163.35585608676013
581.7462174081513,465.8491291227582,100.53818198865474,163.75091432578512
580.6640482224648,466.5873100006356,100.56170057204864,164.19689785067754
579.63850485837,467.54609852849853,99.32584195722063,164.28776343525627
589.881574487326,470.9895886953289,99.2059441543868,163.28813270715582
586.6313062089912,482.76057841048663,98.50605413253476,163.58538286058058
594.4994516241246,477.54551498021306,98.9658501858128,163.16272556432835
591.285508883976,489.72677123901406,98.87492968542746,162.9687463719217
590.2018248909203,496.84179300126925,98.89742977450527,162.01223094647136
599.9623856616578,492.843468009898,97.92521646667299,161.27722866938726
596.9966824352334,499.40640314649454,96.73224423833877,160.57574632801794
606.0429507625299,495.17707236432284,96.30261232312564,161.0598333264739
601.6138765959738,503.59314932800953,96.01234509074715,160.03470721587297
609.0934043057032,510.8754780332766,95.46186472927195,158.9737052389936
603.436663611282,516.9696104112602,94.7905200301626,157.24523357384658
610.9493795031755,524.1836007246105,94.4251424532238,155.35730154638918
607.4979699201958,532.8611045125123,93.77590912131939,154.1924661660203
614.7388125297853,538.2009986843382,93.00354683152278,151.88500467325957
635.9088347237966,497.7154368196039,93.19168161220117,155.0094334564391
643.4294048732281,496.79449254693304,92.43343354051107,156.41350418981486
648.1202805557726,494.06749379916903,91.44916027905961,157.35036844941146
642.9030897227756,505.2139809501297,91.19283283097923,159.87996494827132
650.5668057853429,504.2486030516518,90.93907872250712,161.66035937120662
645.4145759353896,504.26489336183494,91.05728010637363,162.47760216611968
641.6621241141507,515.8889461771038,91.62634934104489,164.57353454522564
651.0252243299419,513.1691295975414,91.60918859757304,165.42360338092502
647.0636870245364,521.8073112237556,92.0521315822547,166.95791670320355
653.9805733448612,512.7689484897618,92.37925428920029,167.13104147844223
650.1305581770524,520.3485888456626,92.54421229815792,167.50533391727544
657.508556585955,513.1597847991387,92.24636920502311,167.16137676374123
663.9258668930895,513.0989884906227,92.2901055243478,168.09044947759034
655.5821777798036,516.1047364239328,92.4916858688396,170.78489862592372
652.5898875120296,509.8845789494403,92.98941042065358,173.59884123756726
650.5275458549175,503.8236510806343,93.78633923734947,175.18754344124375
651.4894934302879,499.13885709372073,94.34609596305833,178.48964226788468
657.4145265970722,486.4291455351035,95.48176361539079,182.76793493773138
653.170825314819,477.62816125625386,96.44677390694768,184.58292286646338
659.2284885993809,464.44971814704047,98.049163554865,188.6042015562036
656.5504293754415,455.453597725705,98.67298219805643,190.6143142555641
657.1648952817798,448.21515114964336,98.67446894826882,191.36128511307066
658.4184774582636,437.79672535021643,99.14133079845665,194.48048534473693
660.4410528369372,427.89688276793817,99.62096412924433,195.64120680995265
661.9429372161649,413.28862476426417,100.40841317474406,196.65379291617762
664.6613951176996,407.4559688692458,100.34164459991551,197.96292642252297
666.5264788500632,396.0760998515644,100.63164639330606,199.28608189257818
667.79455418294,385.2626171694267,100.74998596002004,198.43989700355775
670.1593615477154,375.56518510131383,100.28288820587215,199.80192041102364
676.8780815287507,361.00397899721224,101.01227735299345,200.1668062215217
675.5878881301893,349.91630169954607,100.76407542597975,200.34452211446145
678.8393930338484,341.98458306520797,100.49688400473961,200.09977647603318
679.475787291863,331.70480595840195,100.18593820445066,199.18304475519696
687.1707600850452,320.57023453297677,100.47581458616474,198.57686907882567
687.9869084470598,309.3023837477664,99.90903862553282,197.9989346324007
688.6110853018004,298.08497336504445,99.38037446406732,196.8969206810478
690.7897263169682,287.16997163695794,99.3796188085484,194.84381599818266
694.2983742729125,271.52799592121266,98.39379557961281,194.86629282029824
697.5500644940897,261.4964299206156,98.40575308128913,194.4155259720051
699.3649111385256,248.81475743865354,97.72229187287697,194.1115583138588
702.2526753010488,240.45877204427057,96.61335709946613,193.02019391280544
703.5219496126928,228.52333000695546,96.16877591392239,192.50922679114657
713.4870834246087,215.84187017241646,96.1591168105984,192.39121994655272
714.5577473305151,205.29085781165867,96.17349039763498,190.96307804209175
716.6948242425271,205.9301268313524,96.19667172146862,188.77222153461042
719.1999329630576,207.06173538872687,96.42684410432148,188.070659822045
722.8661501466886,207.8086202766105,96.09821585125604,186.55092634683263
723.7493881261275,207.84604995677785,96.09861968936008,185.9156204261151
731.3251965594518,210.120682183244,95.85015147383452,185.61298759549723
729.2363170851979,212.21250233198984,96.27284903432658,184.756433746675
729.8898647839372,215.15559504426068,96.11842020560397,184.04195309126783
736.7145578250653,221.34951923691392,97.0916127442586,182.76911973586857
733.9602693680301,222.5048481583083,97.10203740231695,182.77025712775998
735.0097409900904,227.86088444896365,96.35305138590313,182.1884230794693
735.1550493912782,229.07755783521583,96.02287252954915,181.52652348866664
737.449902686863,231.71768854355926,95.96657362652064,179.18864011610816
743.9266756707261,234.45103731043446,97.05002640757365,179.06418959163514
748.704407239887,236.1807670586934,97.49014012777226,181.29065653249518
753.8634577393982,234.19006816219513,97.47455701967999,184.43195910349542
746.428515349691,245.19899716321612,98.4598173178933,184.76669929176106
751.2482945423432,251.66572323177456,99.98255618142937,185.6531314548761
754.9585094797852,254.05129395368226,101.68350997353737,189.35632854255482
757.5736643315191,257.8423055959136,102.7893456710705,191.50975981741828
761.2690873105296,253.7721739927187,103.39657758246494,191.09872678967724
752.3881826669918,262.67609708116936,102.87620417605895,191.64674036924572
760.2025248791587,267.5076652062386,103.08249213331712,193.26995436935132
766.7874772646219,264.2313120860801,102.98827858553526,194.0070888246952
773.098115565716,261.25798014745175,100.81768176239986,197.86807555504024
767.545509348943,256.34832838489643,101.14415617409506,200.20977373728587
772.5160235218107,265.065012085639,102.76301285338432,201.00953011509762
780.2732557000597,258.1586720838626,100.37597750536993,203.78394298303039
770.3060661713973,254.55883202201807,103.0492729597894,202.26455457949768
763.6063391577613,251.05217078527818,104.19648299139497,199.6773998343496
771.5011863964282,264.1258503918536,105.17991320888532,197.51852786485105
765.7594967364837,263.49052922006945,105.83716166177007,194.30733388944964
774.126638805238,275.10778177774534,106.32451143539427,193.95142412627064
769.3545480996117,274.9335306828603,106.64998003994516,192.68416765858532
778.2520679430161,277.4886256118148,106.17595666478198,191.87777218467895
773.4652413340366,281.1604744924208,106.83625024071223,189.62545311227922
767.3979500613967,284.3994295210898,107.61332603397774,186.91858134877972
777.2260891519652,281.2791524435986,105.99282780584375,184.9244610500268
769.8794129827298,284.0355805803868,104.64432337856746,181.05454458243494
763.87745077162,284.61798771472695,103.0061436519222,177.72076616618693
758.3645020969723,285.98724980559143,101.46657507409378,175.53312742337704
754.0176397764957,284.6702306241082,99.73828261757384,174.53989604147034
750.0793422273301,286.4032284217677,98.6667528303457,172.51844952986107
744.342046178969,285.25228216398614,97.05759992432155,171.45912120878478
739.0596016452207,284.7551867392362,96.07465650280432,170.3529960106163
734.8200190385911,285.46411604776716,94.91001716589275,169.21873724706998
729.68270173275,286.11176696911093,93.73623983604658,167.69483086415357
724.6939716847736,287.9217888402838,92.8568254660569,165.51299546340636
719.6693224407989,287.9362931224599,92.3584373771632,164.2280071226716
714.4808145702953,288.4360986749498,92.0466694725406,163.26496056153522
710.0261854286028,289.65629090671985,91.4583338762257,161.75607969191668
705.6044810944522,290.8480417563765,91.00040816342342,160.32592800013745
714.520291763262,292.0460321814097,88.60603124108705,161.55867196353233
708.8325269148297,294.0440348366493,87.41652797896718,161.74728369559472
703.1812342076876,294.6473173354198,86.70233444732862,161.8612618680289
699.5696498204607,296.84797363456516,86.54338499668475,162.01103998705386
709.1466151397775,297.89122508701564,84.51256799025329,163.56070842309538
704.990788031615,300.2138728448399,83.72830355118286,164.5172085808171
700.2966504251247,300.9506053492689,83.96297616406594,164.97930975886408
708.9361951640261,301.0619979556408,82.13474670976137,166.20031343219054
703.8213322778436,302.8479660161971,82.26483449689705,166.2716950105103
711.1334201270494,303.0844721186396,80.8048414614493,166.67679899605872
707.1825239691941,302.93969578654986,81.12363073303143,166.22619661902047
704.4717164377444,303.1128897521985,82.43538632937813,165.40661918476872
713.1284254753165,305.1960307891984,81.08290289321096,166.31965134264146
708.0863619883372,307.64353939558237,81.509385595319,165.16864290939935
702.7964322999563,308.77200750824295,82.71126283249335,164.1858494262351
710.9519329514416,312.29212368033114,81.53537810667132,164.39938171142276
705.5158908439661,312.7141409965567,81.80190869460799,165.02552055709822
699.6799719465347,313.11526890127226,83.30984897512754,164.27590673546763
706.3575338750147,318.10582744774194,82.3437851386143,164.69537386341446
698.6395462160497,320.25634301102457,82.49866018341203,163.80016859019696
692.7161760534257,319.0897838454365,83.2115694844902,162.924521891466
697.1205258898592,323.39026332821123,82.31628524359948,163.1285889802988
689.3104565582105,323.3017124785671,82.42482436618647,162.11652246478914
680.7316109697323,323.7953381907356,83.16858465019843,160.03931582976628
673.4862500545399,325.90014647244186,83.75182147234341,158.92875884811045
665.9988880026237,328.1828308875148,84.58206868561184,158.04450230739332
660.4801593891965,328.4302303708907,85.43355655974413,157.28807849775933
667.2766362161582,331.9628840450554,83.9546680761088,157.02997205809083
661.0922409645789,333.1469016725954,82.97005834885968,157.4280171824969
653.0163627073182,332.75675148666943,82.754638807473,157.26860866581808
646.4420839754393,333.9543060967492,82.72832387285418,157.9479609057721
640.4590897881722,326.4887240714371,83.03640476142664,156.32399113681612
648.9857212352215,335.37681362357904,81.46662136714478,156.25161223394832
643.7368707279201,336.63319554273437,80.21152048660602,157.29636020212575
639.7661774978374,337.00256621901553,79.45747237645898,159.3755550315854
634.8733341222875,336.72948919630096,79.44596369298841,159.99989253427
646.4153890955166,342.2433001444182,75.90409579670107,162.8335405889022
644.369394593349,343.6090138373696,72.53151189454212,167.4852633037074
640.2744794670278,342.10853582728646,70.4448671944867,169.93396339535724
637.1561560249648,341.09035060739484,69.43281107568313,171.7184436228431
629.7029927593128,332.340068002819,71.24583964861303,167.9802202272584
641.4901276665244,346.76730391421097,68.45045090718796,171.36882854363472
637.4234001283662,347.35828961360403,67.0389364247885,173.18388740302726
649.1358217246991,346.49140758792754,65.30967085358265,176.1249093212397
646.051265169066,346.4817235530949,63.925772070622884,177.41927045292422
654.9944105499319,355.2724856174068,62.49324527068313,180.95738858199098
650.0946108088337,389.14542343788634,62.779928187938,182.6186098038248
655.5626914353534,393.77876059138646,63.01220966103396,182.28619014312582
647.7835296632393,399.2649580598783,65.4050401937874,180.34083091933792
653.6476121697576,391.66881472549267,64.91014105752086,181.4087584572499
647.3643012547346,397.55321656942107,64.92505943450293,182.383441173812
652.9781754527968,404.00078983969297,64.90278589189425,183.00439647042637
645.8000219422146,401.28048407692893,65.41428528824176,182.92714996754262
651.4288621598953,395.23961010562545,65.1487465765131,185.00386346343328
645.4376416886325,405.9628845832561,65.66195305248574,185.27388440868467
651.511599339663,401.7491469885293,65.58884968584974,185.84420713613272
646.5100807294378,410.73589288210786,65.82103767839467,185.55068895127047
654.6191440500022,415.17827386334653,65.41679100400184,187.16820627040934
648.9764165847075,419.2106315539436,64.99823211012827,188.35202795281384
654.8552916487181,412.10388470755265,65.4764868115139,188.73449270730225
647.451912797366,404.68600151510407,65.26490154241627,190.03630637918675
653.0083225228091,413.0740974209158,65.83619464035849,189.94524754790996
645.7410873815621,418.91435427194926,65.70745119299393,190.52544360841623
641.5043813605926,412.3734621200307,66.32351813071557,189.74667130977537
648.3153975284285,419.01530874092504,67.01029221441598,189.4081856638119
641.6017828475972,413.4012655691125,66.93197500625465,188.41038470885297
638.3163413154027,411.2510864912853,66.47085657528223,187.45110550870288
645.1778330340176,418.74780747122384,66.83463842735898,187.6216011174904
640.0689728024241,425.4674520886084,67.28649833298984,184.5051249167789
637.0095808857207,423.04167095588434,67.04450049678009,184.4156662166508
632.6473362870659,434.2902710214941,67.96313585040079,182.5310091915104
639.8401658357055,439.29580773930155,67.63274694812864,182.85545459287064
634.9122423084711,443.5273352073587,67.67824739920385,181.92034898994723
631.3167457702907,447.3136166621166,67.78231496897291,182.09179557521287
637.122047715725,442.91996170904946,67.46856891196668,182.42464629097853
632.691331161049,451.7534818958168,67.50583095503441,183.0136350464723
637.7299179730882,450.5819214002269,67.49967459627598,183.8773744763727
631.3740617799482,458.35772006687705,67.67205554639881,184.83215531690047
637.324845366246,456.4290294493526,67.33089696602728,184.42066190671625
641.6429588196413,453.9002313666665,66.60640559390464,185.9876551019652
634.9882717659219,451.7746375615412,66.40840779887745,186.9012541635554
640.5415569974106,463.8021175926389,66.03167856820015,187.374074634197
634.1975373911646,472.5045451138533,66.5098159709996,189.66344871774476
641.1468249350796,472.78030963904956,66.32880355864566,188.44918611251217
636.6101236415188,469.82805108835214,66.65471144819634,188.57464475748606
643.5789159507863,483.3230671932733,66.13906763318927,189.0052420489866
648.4448984535097,476.68019253316487,66.20208553789877,189.61964184375174
642.9052920685542,487.14207416464194,66.42927232209198,189.7485576426873
647.9394426549301,479.24644959180864,66.68753689183285,189.09104961672298
642.8894401271818,487.96251796487957,67.27202566620136,189.69083616464857
650.0209670858337,493.9862833733323,67.69610839898303,191.67347006637095
644.1868673567151,470.13826596288067,67.54126689500113,192.89117999713756
650.3437335442865,478.51590123636555,67.31878493947501,194.54277552377619
643.8707495070653,471.5332065278039,67.02109399444718,197.27997737986433
649.8301667434603,480.6093813015948,66.57305706041465,200.49692104517317
645.3585172187264,493.05824202066856,66.5942512743721,201.81440956796317
650.0556491131234,488.1810351980408,66.5299006249213,205.0248955436936
644.3111300606222,500.40642470902367,66.60619802252629,206.9266574915764
650.6030933334248,509.42888605707515,66.8680079805221,207.9240531395896
644.6877605454824,499.29051128976835,66.84407455738344,211.63966642847575
639.7231338967634,505.2996111534927,68.05821993703579,211.05513293027497
636.095252779909,500.7852025626441,68.81747738711442,212.39600569974084
644.568610284892,504.7344562663621,69.21258976972658,214.2524383252638
638.1978882630763,499.8673531205016,69.30779644000583,214.84522043790764
632.9822632311407,500.8685096313295,69.86998980221699,212.7266148427402
643.072465719251,510.6214076012446,70.14025506830579,213.36501636689934
638.0211307536381,505.4072647163281,70.5836871378983,211.97009046681052
645.1256999266112,511.23322825121807,70.96510589034065,211.53951788158867
637.5222087194187,510.2628835999932,71.46484533902756,210.42614600964572
641.8469001861663,508.9971907633034,71.93134432539316,208.7316219730948
637.0445520969257,514.8293302770079,71.59246559847884,209.05894679700427
640.3939751074084,514.0737251136535,72.33143715106081,207.0485971700234
635.7514966436673,521.2358939001997,72.21329311113583,205.46254466162816
640.5351281284585,519.8190748110794,72.35017938776917,203.92178079366533
635.7496361448217,528.0282679924981,74.19564608209366,198.48169738645535
641.7712788260807,526.5679727611116,73.88073996914842,197.48974574450733
635.452497705222,526.9296760230711,73.24297262102199,197.2547723730254
629.7610220208298,524.4721313630436,72.06874263146902,197.88854827373854
638.5700310995305,519.2499602914693,70.93111502277353,201.04155197313088
631.8555350275818,513.802578480984,72.35909341087276,201.214287815476
625.8884766742564,510.55362827298296,73.90174683779954,199.900489794741
636.081531097021,502.66898715399725,72.18927919710428,205.30653465173106
631.1982511551408,488.19249153493905,71.80948917394302,207.54941808650264
626.984951876526,474.7577198739292,71.40638726120213,209.9821213511493
639.2128209888414,483.47752624274534,70.60949493806059,215.39847136681294
635.5482484473315,468.68764022912757,69.7056173312611,223.82358221545962
631.1454519796657,454.71464675694403,69.67785150194412,230.0382592690796
641.4306251934781,439.29304657449,69.83479999619432,237.98391668049646
636.2155640300189,428.46996673388236,70.90079802501707,243.90113635164093
629.725016231414,415.1027732452462,72.43745754892362,248.69386912359096
639.9675522454518,397.0855677417719,73.71374378195641,255.61671930900644
633.9950110803497,386.8858975433859,74.59058785379877,262.4061144085371
628.4107663979333,372.7002389930222,76.59552493439087,267.42851640916695
623.9628954401205,358.75941118956166,77.56255829670224,271.7189816779533
634.7251166778652,338.058968225405,79.11427053007506,277.1064322424971
628.0759662000924,328.51843386792825,79.87023406801842,282.1635293998333
624.1962316115844,316.9715106059603,81.52226944910537,284.16229459442354
621.8873694160454,301.2725889216597,82.20794694992445,288.43112108680407
631.0059183211072,288.9126331523107,84.05290900003058,290.8272449362931
623.9549995006226,278.85214881813573,85.0138813150718,292.6536102568647
621.181061187779,275.49360054788656,86.14851464699683,293.00534272265594
630.9366954268662,263.13627082706194,87.25878242370538,296.7679223913561
623.6335541028728,255.5187084853842,87.66165015469977,297.57416542950887
619.6736121784583,262.8603794175731,87.80679378441285,300.14282628119554
628.1002414735325,250.67262493902945,88.91339885698409,304.0943373592545
621.2309155185512,256.5820065096151,89.00623396396806,305.6328845131881
616.3872373486687,263.1531837207155,89.14602102883082,306.3803139502403
627.3375624205621,248.29412676418698,90.68698122134761,307.7112837745522
619.3187144771675,254.79131625874004,90.96446611723115,307.3877507708587
614.7180501500742,261.10237489077497,90.62181321929364,308.90572349549734
623.8173787599274,260.98229825627845,91.89636728803953,309.15544685924715
616.0794673397895,268.9264458461814,92.00118602370101,312.04202159826445
610.7519573185774,280.3740069335478,92.73395150374724,308.4805805300991
622.6273004229691,282.52704455247016,92.91650046342076,307.5234332669553
612.7198977179563,291.318163682197,92.78050402408113,305.54536199205967
608.9932390548732,315.2579815691248,93.38033910384836,304.04878285882916
620.6993664933132,319.04709416782407,93.13566578519615,302.8086280540392
611.8683897814816,329.6548177332954,92.92917476611018,299.02070358239837
621.2853679050428,347.98860482201525,93.37247643829942,299.432135600027
611.940640102234,353.8429263285476,92.78039594162189,299.23048683439885
620.729443248738,358.07684600087293,93.0603889070368,299.98506722851766
612.4911905013787,382.2832816708645,92.8135400621558,300.0561016807709
620.0596640310685,387.2139849814248,93.67248648117001,299.2702413242987
611.6389139989766,403.34262547275625,92.69659038141315,299.46404066390147
605.140697712274,416.10152427109585,92.80492328440822,295.155919809776
614.5041865206152,422.358027178244,92.13083072326775,292.8817903382531
607.5238506430848,437.21051070522174,92.01587133666607,287.83164849486894
615.1088213204108,443.8987122063652,91.80873191530269,284.3654351211831
611.2425554758395,452.342509999019,91.28290941743342,279.3574295703603
619.1405203529155,453.36436765128906,91.35005873432654,274.9533665180175
609.5956488121565,457.5455013690173,90.93304598698711,269.3637369266467
604.4644114591325,464.12492210358056,89.97048979398704,264.38057180334533
616.351827071652,459.8503550692219,88.67443740805952,263.73843599748994
608.5543162156187,461.873137183302,88.23442875513598,261.95811744537036
604.3681439124792,464.2065368009818,88.26458643361929,260.21518281305333
614.5088492217914,458.3003463102943,87.56284386003902,263.6163232167306
609.000777140206,460.0047237862451,87.18056196730159,265.9742008217442
606.1818458525744,454.16521680948085,87.0217860537952,268.2329476701703
618.3568856653275,446.3851696174062,86.67859004950488,272.76432405962964
611.1030867647389,439.35000104474574,85.98168574496923,278.2375104023382
606.3004421576297,439.6493527092377,87.25575623970519,278.8513794095512
616.1518460530797,431.71877637330755,87.53043410554345,281.94057468395056
608.5814778106804,427.20043072411397,88.25260007184825,283.0942307993849
604.1473194904542,411.36562851740246,88.90994297267693,284.563670417886
614.6234313288783,419.85682203509145,89.25787875017443,285.277400783631
607.0751339905531,398.69257557847806,89.96740277100184,286.16605910213127
617.2156900837297,404.64501766036074,89.84393104180202,288.0759895059318
608.0571378090656,388.6805520025499,90.08109479523185,287.2000769189656
616.7356208821279,395.54437690874164,89.38634102093334,289.86916134425303
609.0097461550622,378.74365323768393,89.55921321676394,290.3163537730384
616.8720218698357,374.0160476131266,90.3248007947852,292.4395161291782
608.8612026365718,384.7023360750233,89.66173161971155,294.72123608038476
603.7916107072716,400.86536665919164,90.10098051890041,292.62168019158906
613.9362539186728,384.8754037114669,89.97079748965263,291.9684464495875
607.7040585146724,422.5817295053832,89.89071751060517,287.3524104623408
615.5379522171887,384.2806751398841,89.81748786771836,287.8132456948037
606.9906023558583,383.05580292916886,90.0419349811264,287.00147187625936
613.9787730679002,413.54053602000863,90.41000063864658,282.8391727478024
607.4824968353214,402.8264374557531,89.93531372392124,282.80455935995616
600.9650173895188,397.64185555362445,90.6266437321647,282.5846537977583
610.417998939579,398.2265728056991,91.27492944185877,282.5370654926446
604.4214522831562,403.0409773682379,91.34844038776097,282.0046823776988
610.320551302587,404.6288517086963,92.35149185298889,283.1890072632188
601.7617431319069,410.78244052248147,93.0477882328011,280.2021688385294
609.462372359792,415.4409402192426,93.53904495952602,281.1855577811888
602.78028838206,431.3790403337855,93.86655844263905,279.1901959462679
597.7408804385492,430.8519432671468,94.6296928721411,275.6195617409223
605.3989011488624,436.65178881014185,94.63383329813344,275.1481999319708
599.8683731832854,443.22414780463254,93.94217411850852,270.75322731194694
595.3013321750983,449.48099912868565,93.3515447167309,266.3349702967753
605.3986310189529,454.86061340260125,92.52249230184893,264.41729162229615
601.5306659014664,470.2445472368762,91.56112257954649,260.82716977283803
608.4101104519898,471.2582336778245,91.18311478800877,256.5327554461631
600.9147835872125,475.3184380780309,89.9392828913429,251.13192944184703
607.0520635003609,480.81377616553385,89.41146054520964,246.3224428038894
601.0027886029155,490.16564321119506,87.11297569501963,241.2148915357481
607.1352968147171,495.57466653601136,86.47174810503482,236.47837259607653
600.847574665931,504.0775478060615,84.56071168971634,230.7143750782541
607.2685849636873,508.9945702860068,84.10320208816117,225.4589705793315
597.463743054422,517.820834864244,85.05061059236073,216.52495109692916
605.312339881675,523.9678244156078,83.13178779509359,211.9452282808229
595.1610249108943,534.4897911977013,84.5293998838718,204.36268139723893
602.047064826479,538.3606471774558,85.51115477712875,196.11419018424692
594.0469139837427,546.7873513289123,86.04708573506213,188.38169347953962
599.4328668198525,551.9730602974008,85.70404740293037,180.9642097352201
592.2704594108413,558.305102736155,85.4898416826227,175.1824347713468
599.1228407915883,561.4312004784422,84.61844626884614,169.89628150736502
592.9409670600587,573.4399336267601,84.64576890432959,161.6182189353997
599.0899504625821,573.2320709222142,83.48331159024941,156.92565081116618
590.9523318483393,577.2881066045645,82.67001541724592,152.17203128972736
598.2881642903661,579.8572663741348,80.92860165471319,147.84518506058035
593.2755392424659,580.6503522898299,79.4439850360361,143.75354891377572
599.7402488102724,579.2664797707334,77.67678971634099,141.0275901098056
595.1838634564807,579.6242554158962,75.8209992514391,138.5332063838723
600.843495892984,579.3233505388757,73.87924921760498,138.94148671086165
596.8462652785001,577.7088600813521,72.39960365793745,138.93648911600593
603.1152412938783,575.5654167496978,70.83440992033297,140.5688051997859
596.7828279620586,566.0269576035098,70.34210348155543,140.60181251193717
602.6888512519957,567.0835528095745,69.19368452619278,142.28565827076733
598.0734902137779,563.4498572769296,68.77600152755521,143.9056208234839
605.0669300588141,559.0903036925945,67.91211912141839,145.64040449056722
600.01251783906,556.2909621369738,68.0263528016492,146.25244428744702
596.5860761213988,547.5242723436137,68.23082639352673,146.34777646510943
602.6771363601682,541.8905218941541,67.6220491929654,146.69932563520803
598.5899980589593,535.2104380262119,67.81366979333859,145.870039292418
596.5818207061179,537.7428240879406,67.53077389629922,148.35006029792785
602.7069734727012,528.5550992669416,67.06082953866976,149.6048853976895
598.0263316487327,522.557580482053,67.0888612334818,148.85613901666105
603.2141165282029,524.2878554435551,66.96704227562792,151.70140097567577
601.1441302688945,520.5600561408978,66.57591166008945,155.71372174514443
598.3001250072147,514.0129603824272,67.3488187479326,158.06528516455165
596.6885289628134,509.1851315345857,67.94448383821538,160.6544994169363
595.0501494207545,504.84835426274753,68.87442375996433,162.72255183201156
599.8595687124675,493.51799168371326,69.27197597701428,162.17973046603214
595.5097064473063,491.91625883327083,69.57034476392876,164.46254073755384
593.8005287609136,491.9674191456389,70.58628009276877,165.06632933856764
600.0169651265948,480.8763475542371,70.55272510280038,164.6723559594816
596.7828452658316,479.6280182994039,70.564307891496,166.5774938020719
595.2874463628247,477.9633436285169,71.06714583575453,166.6816694320692
593.5157318535657,474.67993067919645,71.98686040725067,166.36691354741532
591.8600441598975,471.66469605478244,72.66330470709349,167.20973640723577
590.3967567272671,468.5814513007922,73.47584849592289,167.59446140792255
597.2439253658872,462.17000158720066,72.78915205730561,167.39905505660232
592.9394779524478,463.48978173030486,72.95081559145999,167.34843443714195
590.457860043962,458.5453900044578,73.55567728962666,168.49997709751526
588.813236086519,455.8682259408593,73.91578129887279,169.27179046183377
587.652528818888,451.83812373076546,74.42488001248739,169.22169100323734
585.7417850836438,449.61283069765614,74.37325408919227,169.15208349264327
585.1334989232676,446.0544391017911,74.97974908841528,168.6600419544539
584.2857875083474,445.20832146889563,75.1519716447417,167.44868105744882
583.9962075634037,443.3810250973489,75.38737766032716,166.75779765002954
584.2108098322147,441.0375391217693,75.22744711905825,166.32767174657437
586.1673055764611,438.8890646380652,75.10238254287344,166.1616280458308
585.6079041812122,441.15476089329906,75.21326435291762,165.4773315017022
584.595801575526,438.16999196748054,75.43902863106237,165.5172409811468
584.5811952209815,438.0116835755392,75.4374859711588,164.9237316749798
584.8667513082933,438.07890240336894,75.40581240184395,163.5796731859234
583.9502963074128,438.4775836568432,75.15547116573534,162.20899178029714
582.2234893605404,438.2420362007311,74.57842538388216,161.98793383474086
581.5694749529571,438.36563496297896,74.09617755243471,161.48361102199704
580.9539943513815,437.6612751801177,73.88903853681285,160.58093279681077
588.7029474878603,437.5833492676867,72.74174967260781,160.5668734457065
584.9332189784406,436.81482203291864,72.37087210435025,160.18893927827202
583.2368956784919,437.6065509535033,72.21138204462514,159.23827522124432
581.8736656454976,437.90391754690097,71.90162656686687,157.4068012068885
581.5769169825936,436.8393676415387,71.38748589123301,156.27938885254355
581.381795104134,438.7494273348796,71.19719524959638,154.68410772269758
582.0095523611071,436.6556856123558,71.10807341963306,152.99580104857415
589.9768834528153,438.53290102728414,70.1270969967147,152.9078293022745
585.8437355323916,437.971743787498,69.16772106937347,152.92476992244139
584.3986484767149,438.0834084295526,68.84678768828007,152.11751586797692
590.1278183382194,438.6317002664552,68.16049596179201,151.1074663813694
585.596890979796,436.55458354378055,67.53876932640516,150.16992297887933
582.6580981637576,438.93395737670045,67.39231092161667,149.1249087477166
580.1490068668354,438.3605223295492,67.35878529402554,147.61790778260143
587.1982779161895,438.3577489130914,66.42473675610826,147.74218427394183
583.9230331856459,439.4521805261826,66.0637953814717,146.82208888146926
588.934508291107,438.06859675962835,65.48270632319826,146.04523814599253
584.2587025062965,439.9382770037362,64.75199958685016,145.4412023743448
582.0639900653515,439.13041881669767,64.66086988805164,145.5123777471019
586.7433327935095,437.66074118505014,64.29633363980447,144.82075609503755
583.1991224215494,437.94244076163386,64.29765244738425,143.6681147219452
589.4101279341787,438.95663542021015,63.72057779297532,142.9212383804853
584.8776549742425,440.7810051623404,63.43972808143894,141.65036111126682
582.4654143517665,442.02672158953,62.87963395941705,140.306364160437
587.8338156807592,438.68885991507125,62.20110175583849,139.69010247441173
583.7471659266445,441.6036779932886,61.90321176516655,137.91602881416236
588.5800000400483,441.19529811406574,61.556237653044136,137.70801926642523
583.6526920579701,443.95488083674866,61.53404449702218,135.98907192637554
579.8984974844824,448.07318541533994,61.80286874836767,133.73599138323726
585.7893282747981,448.48076031756,61.303700759044965,132.87188422720186
580.780733661234,451.731629478577,61.43641332449097,130.724192249925
586.3060674309181,453.3967262246623,60.96688916433425,129.81485690251446
582.6643062937484,457.463527643459,60.46916143867354,128.54211250532038
580.7413130578885,459.9322820149408,60.269784961022054,128.3854017207307
578.8272138129443,461.3258744734111,60.451014847776364,127.12155679059127
577.0330430930323,464.38928077766997,60.223496731402165,126.40146386667435
583.8548029550482,463.4159518881643,58.99901005790761,126.68600797915128
580.7515366325974,467.02731124603366,58.59445967210824,125.86941862361148
579.0933308585242,468.97344694230424,58.2839748388768,124.36963904854476
584.9417093038163,468.77395322109055,57.67809357390277,124.02207789792786
581.4998991181034,470.9399278109631,57.30862117952046,122.35596552924831
577.8541031508212,474.5309340981828,57.06689602500417,120.6674446044367
583.4832582648922,475.77115719350815,56.59268919041675,119.527748750433
579.4128056606654,478.66908804288835,56.541190605535434,118.03278655728785
576.0614419066893,481.8912675148491,56.635873012321795,116.53809888182943
573.3023142445306,485.04646740215935,56.65946605178796,115.78149396804884
579.5065501649954,486.29183677088025,56.09942579807793,115.25855179470923
576.2668970933039,488.40473324398874,55.81194107460901,114.81565322143234
580.4599898751,489.9923561162618,55.3154983622741,113.75817361877765
576.714125939439,491.41230066153213,54.945594363326336,113.2000685858542
574.353826382218,494.716205588758,54.82919978346284,112.38141469148547
572.9698448303229,497.1402541409102,54.47738663832107,111.32993843297567
579.1138975903402,498.1956411629396,53.69522918499786,111.0759622032862
576.2169815401487,499.964646815122,53.16828291547736,110.5765518205522
573.7440472423989,501.0567761260976,53.158766302847084,109.57640777398711
572.6029816367304,503.2642780020397,53.43968515570936,108.50282348049214
572.2349975233681,503.4835517784451,53.295292361869095,107.24181026949344
572.3316220182126,501.3752575203576,53.00043137797315,106.61509748943436
572.2201973673419,502.7478849093843,52.70439727259839,106.27265519230738
576.6323445721259,500.8964160827348,51.460271110253366,106.11817025535069
573.4517405734795,500.0329807790671,50.66301038424929,105.81249601138298
571.2308485584928,499.5573501309285,50.67541638153825,105.07488580478386
575.2293442649799,498.6832811196974,49.56957019790358,105.21536782520137
571.142498035823,496.8827564887402,49.72560442257478,104.60388218263583
574.8017074036239,495.8210193638785,49.03797401323634,104.3045811638045
571.5405067283508,494.881891143556,49.37681213136078,104.28505241768198
576.2211390085824,491.79968157146686,48.43474656076563,103.6875115322582
580.7029499585983,489.4521421006729,47.88840008950603,103.65071505422941
584.9476761564248,488.49627829189427,47.54714391425101,102.59576357556473
589.7460728219455,488.44687616463193,47.69066697420077,100.87765541744608
596.8669576181907,488.30904295161815,47.54889776318009,98.92858133825511
610.2598852195093,483.5798062326322,46.55429469677324,97.7661403169984
617.4732487383728,484.68046169544573,46.55593050542085,97.05263428105033
631.6457627654667,483.82618451334554,46.31267857427994,95.90098561752556
644.0199788549527,481.76492819387283,45.842997768598934,95.01810999658329
652.0085369560104,480.842011164144,45.56638586946199,93.93363690615381
659.094576515441,479.2640532639054,45.69025477916532,93.35247260943251
664.9930605769309,477.4592828916736,45.36241049651747,93.87032209832675
669.1432114350868,474.9640505084384,44.90894057875924,93.92354197267676
672.9806171671669,473.6843585798918,44.44878022238719,93.80518978583983
672.4596473920452,472.11184375526824,44.49243584995821,93.39285425602513
672.1040653461712,471.0732681586208,45.05964697596983,93.28582781221974
677.2801094725971,467.66128356051433,44.76223859372331,93.17253304282595
676.4175757934478,467.88476874457945,44.83026607126964,92.70072398498104
680.4798418622597,465.946142705924,44.717521348196456,92.62271912335765
678.7499113109334,464.22842106395296,44.809342366010185,92.2334477466552
677.5050632469853,462.232870278233,44.84428986338277,92.18737652375303
676.7009169858543,461.6738378995192,45.08765056382161,91.87619402108707
676.2376616797699,459.8476651667563,45.32530672004266,91.36480075904325
676.394694138262,457.9056507625743,45.321022341140505,90.80272599456178
676.40737264346,455.6348981685362,45.375037334418934,90.81801801354008
680.7060062042319,453.1398471093663,44.74507348893702,90.84131515064814
678.2665004001713,451.5297004374153,44.58316579316434,90.5863661182227
677.7338515641463,451.2117746784849,44.520464517116935,90.40699155805002
676.7706356567048,450.15850016452134,44.63636638471913,89.94581850383909
681.3158254260219,449.02024869713455,43.86236162483253,90.35771028977838
678.4639511174698,449.2602554400068,43.417588818596805,90.74046944760008
681.6570751719331,449.17837585773003,42.99200831983872,90.82969495591406
678.8336729760557,452.3762483391702,42.709210565444984,90.44337944783722
676.2902182216723,454.0190823015261,43.05436363500277,90.16860629851604
680.3545713357804,454.1358398101773,42.85457386110173,90.78482582596773
677.5680035782686,455.2895872225949,42.81226614644988,91.54169519600251
681.4744977454066,455.65483937817,42.2936594306738,91.9047680313825
678.8594490077768,457.50417823589305,42.26677171840292,91.87888227379159
677.1313374329656,458.61045137685005,42.53731304810968,92.04182641889474
681.3154501964667,459.939795160712,42.34824763921034,92.76392598534143
679.050841330045,462.37090083452654,42.60367930409088,92.9214814452684
675.9279725114145,464.2558872911084,43.056057184882256,93.25305148178123
679.9684462155192,463.9125374356931,42.81441517752136,94.24843089250967
676.8087783592142,471.7130738345179,43.35259911858592,92.9552260987052
680.4412680577136,469.2586425958775,43.167516648467085,94.36136225953393
677.0366473140438,475.32573506275276,43.51180995846894,93.9719931521995
680.2997278794579,480.2953427438266,43.54993935116987,93.57668877027638
676.9829541725509,479.8537048991537,43.66618043716407,93.87430704184807
681.2044812728573,483.87909939640804,43.66569883024026,93.95739198685347
677.7091591381743,489.2448544391663,43.7545210094572,93.49163183267243
675.0913301352448,495.92073360305614,44.283976031459986,93.07449913050316
679.8961794901073,493.947300888239,44.215364472308764,93.49046455861155
676.7171818357268,500.10611469662075,44.58715468005646,93.30764071382066
674.3639478222645,501.4233560347829,44.81077310905006,93.70949994309028
679.0579155642222,499.4388939747614,44.76587713776916,94.08363265077975
676.9819280471526,498.57226828073505,44.67648864651778,94.57092320719029
674.9666788481971,498.31480147956404,44.846956393336136,94.16141511431901
680.056407683246,495.38614405511004,44.79940332528916,94.75130156509462
677.0837265497797,494.81658565108677,44.77189047396614,94.54260250190246
675.6185344903379,494.4031301056565,44.90459206912237,93.69766028885374
680.4497075795417,491.27035572773093,44.77857992849544,93.04047287679714
678.4238399317236,491.52401755842925,44.543685547312755,92.6286351857784
677.068211174901,492.92221975063546,44.48481051930169,92.19792079427069
679.8946267799473,491.01359818168385,44.793103729374934,92.10677317175211
676.6901887778971,490.21215503099535,44.62842903233397,91.59432806176744
674.2227799223377,490.04640968524893,44.69253684736511,90.96954644920226
678.7218223512683,487.68766051835786,44.45761650976767,89.9534780219675
676.1186353266677,486.7210342941795,44.33643680988431,89.45360855069222
679.7946720528242,482.9233952010191,44.243766109493905,89.75266738810554
677.1566039441586,482.9860811235082,44.13020239091201,89.93953393834151
675.5940123541423,482.4332211239326,44.18280308765316,90.03669065738715
679.449125751664,479.547933967733,44.31462779865217,89.26455418868883
677.0071259625419,477.52631129027185,44.088304424625925,89.50434442924657
675.9775253594727,476.6568494455479,43.846336712154724,89.32307325442137
680.8670993090293,472.5294409336869,43.712883545707314,89.17335975293585
677.7327309466895,478.28618286944794,43.527129131928966,88.90195084784447
675.9783912743244,476.3110662222933,43.23293677255746,88.52651199249559
681.2823350410532,463.97851917531534,43.81996405690978,89.77414278383908
684.4689857061762,468.6075572893867,46.702054801248686,86.98180675955382
681.071490518345,463.43707891063644,46.69589104025367,88.50667102590442
683.8152834235933,467.6549971480621,49.49134146175152,86.23876181622038
680.4569519133,463.73579735906844,51.74870062644211,84.867255769818
682.9423169983968,467.33739420404004,53.58135809815529,83.55380683848084
679.9904298292975,462.44398209964794,54.43487332304222,83.58690122701351
679.3383686367209,459.080383935224,55.4889130961577,83.83763757585045
677.6305640965096,462.8891629607391,56.289509054021764,83.15240393430506
681.5217954355313,457.3674495902748,58.078735028016844,83.30732187854176
679.0522447588252,452.9458881566927,59.30486540936786,84.34141230552046
676.8941955959117,457.0117798322238,60.11762468299469,84.00274361662862
681.5470424564162,451.1249938469569,61.44092590369689,83.83608617126895
678.5000947818536,453.3599957117735,62.30801890373168,83.57625938636843
682.887688097341,447.65748332227685,63.574088223684676,83.73401358125523
679.2795481410102,449.4153455037,64.24429851430637,83.76452358768682
676.1269026217027,450.23290718302246,64.67206422333153,83.86492154557021
675.1943644926637,444.8307583339057,64.84379731887286,83.9700224283131
679.2575850930311,448.0569614748666,65.60827580350173,83.22245728332355
677.8853133712994,441.29018453709614,65.88620142431829,83.66043201152566
675.6251248731174,443.8394610834708,66.13150918392662,83.81206345475668
681.2513157943872,438.18261800326684,66.75866397011038,84.08293822142669
677.5665794240819,440.7049992131502,67.23901660879241,83.93730614605093
676.3227196272874,434.90577017066244,67.7850253726464,84.03506709510117
681.9042738371511,438.6869557302823,68.21703356821435,83.5589191013191
679.1238675860857,432.53390139715776,68.96600696664646,83.74139533653792
677.1199645854379,436.00531570643574,69.35067620913789,83.19466962325545
683.0229071934266,431.9054358882307,69.71803642315314,83.02715211427973
679.9092545244813,426.85233659474255,70.65670936816042,83.05091509334588
677.9540546092395,430.5391888564416,71.12231692798352,82.94738888797144
676.5508695301944,433.5117971516786,71.01124857899362,82.40938789274287
682.6144173694627,427.4963590906735,71.28204585242257,82.62862041428922
679.8432842719432,421.528776687956,71.78328545520694,83.22623505645517
677.4108042589726,425.52936799491425,72.22978129734058,83.25299033163775
676.5751109443972,427.53105520226046,72.08235031098235,83.02042199108776
675.5185828927861,420.91649996262953,72.16871521585568,83.52498603785452
681.5887545887837,424.4353870083142,72.46875573499334,83.51382565879597
678.8229590710002,417.9938735906342,72.75305949715322,84.02813530055244
676.9383675752123,420.86631563474214,72.88031190858997,83.99200050661756
682.58954313734,423.34066002337545,73.21300869693212,83.72655405036538
678.9103567994565,426.24413559730766,73.23422603059706,83.47435096082006
677.5669385560985,426.8747228138127,73.18149762168315,83.17796836216445
675.8881869729472,427.99074115811464,73.01939825083065,82.87036764672793
681.9339732970308,421.9658310125137,73.16193262018051,82.86256312103521
679.0437448814341,424.7523511788299,73.21680589805966,82.76553597199668
684.7481603011298,428.16693758701973,73.37165189277461,82.46937316156789
680.3862491778077,421.8784970511244,73.35403908845448,82.44597347163979
678.2556117312502,424.1048680271653,73.29090878824093,82.45015548119741
684.6448384016694,426.6445117178669,73.57699917146236,82.34934796200733
681.3351684759716,421.25236702443345,73.44293774340852,82.42261306451144
678.6865306791983,424.41437225527966,73.38406747819053,82.4047873714958
676.9887635784204,425.6263019856473,73.23842893690266,82.37886139388438
683.6360577211185,419.41964851644843,71.23814073085212,84.27672834509934
680.3831993387153,423.2963535826761,71.36107074486515,83.96225635351327
677.9063905895705,416.6255062436698,71.28368858266282,83.94790244754142
683.8806910818023,412.44225451553314,71.30855733239095,84.06614254474492
679.630136707412,397.07228407476066,70.0316633422189,85.92833875160721
677.6516691401511,402.06644610293154,70.19330371508318,85.95424923811224
674.5960368279419,396.86863893729105,70.23057608715148,86.48622850622174
680.3197767394133,402.7554821829323,70.55877585252672,86.42288251481719
677.2434182778366,398.3914977295514,70.74753022074854,86.53676050208432
676.0211338235775,403.11454695744595,70.88226250321377,86.38688091836556
673.3087169011537,376.99695740472055,69.18514429117661,88.48082848695114
672.0592680068843,369.12494399043027,68.553946597843,89.3227795480146
670.7014293358299,371.90376626376496,67.8655118393505,90.19643611828862
677.4087996600881,365.90615124479626,66.79978070468917,91.75890782492716
674.1362884505463,369.25411463307114,66.37901142150223,92.32821742609349
673.9410871350248,362.56826649122894,65.83249710518037,93.08338996710211
673.8319134369568,363.53468342439464,65.24660695677963,93.97180296318216
673.5293519683681,365.1769179790515,64.4815095904216,95.04226377787978
673.4789042653445,357.83407561816693,63.90867962987661,95.93192608448773
673.8218760485513,360.2344118764108,63.28634514198947,96.72511085636066
673.8404491224976,361.86198018806914,62.852375677284186,97.41243143214054
673.9539813939693,355.5626873158238,62.25539567876105,98.2583402128251
673.8585456648811,357.88384010025004,61.82362432182435,98.99224771770314
674.3838763569319,353.2098792418841,61.439512024293705,99.44765234459122
674.64353210617,355.6451431529395,61.05602028876247,99.93571703270379
676.0247402653176,352.16268547203316,60.594636513649725,100.41238118525749
675.7947429312776,355.18259583028384,60.340967305673054,100.78569838150635
676.288860317347,350.8182895621314,59.90932374628374,101.37073334212766
675.8116612547426,353.5800907912005,59.48203530323229,102.0886851442433
676.7072143468005,348.97541779115596,59.198841993338334,102.45504694480853
676.5194848208391,352.447998144796,58.90318266662198,103.15203854694623
675.3748215622303,354.12954766281075,58.73199797625898,103.43768004093066
675.8528470406256,349.72814313563686,58.427475854764864,103.89260396344251
675.4540013713919,351.44292516267797,58.214928784189986,104.19238570785271
675.4481192109961,348.3281128046323,57.9973497055763,104.42877292852165
675.1198244057861,352.60576465022524,59.164178261480465,103.21853530789245
674.8370646487688,347.97165924478554,58.87431634631966,103.68902616332758
675.0908487611998,350.7423229839556,58.50400244899302,104.14709453230796
675.4534448215132,346.50754466583345,58.18667618048383,104.63861857959355
674.9298052989917,349.6843600780648,58.0214129300709,104.71099121124652
681.3676214842063,335.9398036810611,58.18983172999079,104.897140748418
679.4810174774855,335.3369730333805,58.09930335236513,105.15653402171884
677.608628260235,341.9325877154209,58.12408819555727,105.42012338322404
675.6396661999275,345.76504856993404,58.02473843235275,105.36875567505216
675.3623062250182,348.42965692733327,57.855729963821105,105.50724659422583
676.1516389918277,344.93719481143336,59.60085974880571,103.35971023184844
675.2374566711846,342.8382082657335,61.475744571091944,101.68597540698843
675.7476553441838,341.1571332159361,60.878813013458156,102.49018454665281
674.282781192104,339.85875792531976,60.47762917726731,103.17252096048126
672.9850583885357,346.4791573773992,62.06174966347814,101.26787031834633
671.8855045639987,349.19896799215843,61.511932103506695,102.14552413613016
672.1554923103506,345.9099663985108,63.01913869393283,100.39549292248545
672.5257769925796,342.1043080672279,62.18613456556634,101.44527756448232
671.9528106969348,346.24533346367275,61.3742071638752,102.33848826909022
671.8117810842498,341.8274577816818,60.61592966114911,103.00876950978116
671.8341471374332,338.99298102967066,60.255114987805584,103.29446133320039
671.4255446171783,345.4693411481827,62.208769246111856,100.77207423368844
671.6549169758564,341.06307817908504,61.540548728360605,101.32898493750886
677.8927051883096,337.0591843484256,61.490952871386256,101.47558180292927
675.4239417896108,335.6215074915516,61.006196019339235,102.25295644792118
674.0716582938888,333.9934464069838,60.46765378455643,102.92822324748883
672.9659027898798,333.0660731670709,60.01165714410644,103.24323727110742
670.8370620188354,339.8459812966633,62.07453473302465,101.16878211116583
676.5825247059421,334.8182749994155,61.83871723844989,101.51555937546124
674.8537688858902,322.3724921543219,60.91365861183004,103.24683720859275
673.2969381856276,330.78137546381856,60.58382569243945,103.32735359436019
672.2672721304529,328.797477584017,60.049891792504376,103.77788260362766
670.8369340775431,336.9709417747519,62.13170625644001,101.52076554723104
670.6211009226379,333.5575139865244,61.543279721287476,102.02103201617263
670.5245467784514,330.9990400155241,61.08171192991033,102.33893773328917
670.2095162392728,329.7208792778977,60.50661739722928,102.855032033783
677.0568770890292,325.99789460760184,60.25468286812675,103.66161233628887
675.3575052661006,324.31884538125536,59.58243547470792,104.69070983912214
673.982830168665,321.97575778646916,58.89356683756304,105.6039794405445
680.2825173919476,317.5179920691037,58.94554050501146,105.95177997165007
676.8116104600666,314.6236305234993,58.74094247302153,106.51248144115465
674.2788015227328,321.85088554267327,58.45122225107052,107.00603906790678
672.40228375881,319.3259500945483,58.16968231657485,107.10896286637843
679.314057087975,314.52218118901544,58.212368530253954,107.62685147700472
675.8607806021425,322.34653490557236,58.558543904110174,107.17046009918877
673.0687424420311,318.70084570196667,58.60142006335296,107.33017852181152
680.0438670515025,314.003459862194,58.803142661426484,107.29305399164002
676.7728468741593,312.1939286256411,58.9004684699094,107.2286526528715
673.0711897607099,317.8635272104987,59.17366575726347,107.05814425726507
671.73582825129,314.7008751649187,58.80871158150804,107.23507760562718
678.5751016575177,311.3894679846554,58.99668469703099,107.64757435445944
675.1356795679837,318.4092232490875,59.141996924194736,107.43421090506304
672.8259805761584,315.1870988445549,58.91796629609,107.14187266655142
678.9849816137718,311.3889954761328,59.084507067542944,107.43858179902554
676.0107380725509,317.72666363224715,59.33351457005908,107.37748231846179
673.2481313479632,312.9338113657971,59.26604518079455,107.3294235380685
679.4210331656144,308.7377483760139,59.30842227821919,107.5542092390094
675.177139814789,315.49932184355475,59.47749293067563,107.52184408798524
672.755069472516,312.05343546115444,59.29606799098467,108.00774021628077
670.5535613098773,318.06170098374656,59.18136790848624,107.74353232173137
677.024668093208,312.85876293003537,59.288834097989415,107.92129144001794
673.9179271203838,319.97372409446825,59.45972161080714,107.58176141461902
670.6214343804414,316.0687981537654,59.42331637413897,107.68819790219536
676.585162761542,310.9549346064966,59.51205395550471,108.34217163979937
673.129349117115,317.5766851393263,59.718067154392955,108.30040130228946
670.3032756524691,314.22028769144436,59.584473708165895,108.23144075066551
677.1973981681436,310.29495351532694,59.62046363928027,108.37775720089235
674.2264024351068,317.46417612042535,59.63871519522806,108.09807930942105
669.7348271192166,314.11585707168894,59.58460958616377,108.16057882275696
676.5662411427046,311.0990099632859,59.58696365283525,108.54601387666023
672.0250624535386,317.7390681773971,59.85563561399209,108.45006912507355
678.6792814181764,314.47041442503445,59.914631232689935,108.49158328720856
675.4167926741444,311.19477731522693,59.98847928426104,108.36820397670277
672.1996854741898,307.01669111358325,59.882285072872676,108.58322304441877
678.5986170246248,302.72585436208385,59.786843160357265,109.26302677355282
674.5082401422952,310.56047485989166,59.740010178800425,109.39891101444847
670.9163243259687,307.64423638998704,59.56774363640466,109.70085416366928
677.3750518203989,302.6849148229794,59.700055188071744,110.01817703096097
673.086359118194,310.0032621356512,59.76301722212019,110.55306176657928
668.8535361892356,307.47478025863126,59.72049676686558,110.51197158842925
665.4652477217736,317.23825519388384,59.8352690257337,110.65486920632736
672.4968439507776,303.96800348024374,59.88458152683211,110.82414155450599
667.6613608718222,312.33903794756503,60.04240891368558,110.9578393740138
673.9877692128584,297.13399282906806,60.12982088456745,111.3058454130097
669.6379420029883,305.1993544617136,60.101764580430725,111.71765220753315
676.7200615748533,289.1914088883457,60.07780711394693,112.36700816750134
672.8066529153269,297.1741248026714,60.253907174546235,112.54661303623763
669.0777913669319,293.484582653885,60.258610652348224,113.25243235349416
675.9736653408027,289.1418357482942,60.29359724745326,113.73744379620655
670.9860818883087,295.89007429072205,60.62741054526361,113.87927046806476
667.5222146231398,291.705415636747,60.57458381919263,114.31881873686086
664.9520814885644,299.3435250798582,60.64614882110095,114.58535211656857
670.7934610315224,284.2012618523149,60.832031588517545,114.91491679492185
668.3749367068501,293.1651949723687,60.856007556435074,114.99285270935529
675.3067661307283,276.51629578410945,60.8439531703487,115.46717238714324
669.9950119356865,285.5942680791789,60.90947053260015,115.5202236160961
667.2931227017248,302.59149890159966,61.00233114621466,115.06944025494604
664.044965541322,289.790631650168,61.098621052957796,115.06582998547046
669.7049273885517,285.7328158576674,61.33981929911096,115.03360008975879
666.2049633230139,281.54410878053557,61.24430322776367,115.25563971704491
672.1858314621888,277.2793464178998,61.342103883312646,115.57960185076382
668.1860921665501,283.5275808389821,61.333710846782324,115.71923091661915
675.0864402353168,280.22714331152935,61.42500060249869,116.20790237350221
660.7134350004601,287.0015091189258,61.49557886701185,116.06529964207103
668.4407294969293,283.34434140182015,61.514754293629075,116.01831696486272
675.286395625287,278.8407632331036,61.6350322587763,116.23745507567226
661.212513096814,285.37528377018845,61.66442725957011,116.11852252963982
667.9037762259796,279.9843016443117,61.67742979457373,116.21712858894946
674.5453018161846,274.65310253644424,61.77926249477892,116.51629514574886
670.5459824728694,279.8645142210228,61.83381558341754,116.44944978867665
676.8444576324998,273.6972762838275,61.83200858233292,117.20829547507901
672.89959044073,278.76606098038565,61.79680762499123,117.49798457347882
679.6926293305144,273.08333622912215,61.77564168776871,117.98493027656725
674.934986906663,277.1107679283863,61.783210356577435,118.25965672178904
681.4689528949224,272.12427734698423,61.80404733910395,118.56394338843839
676.2023911214039,277.4826801835061,61.76622800741788,118.90020683007971
671.6707382172721,270.6008956567666,61.691522836982905,119.44745203101954
668.9094962812803,273.98320324633625,61.534360693799115,119.6212681148503
675.8486221640767,278.45869632531054,61.57066638517658,119.73148495983142
672.0604571562616,271.0810133204667,61.572697065326956,120.07475399228515
679.5695012741161,275.09172114182013,60.78424311459116,121.27470713925118
676.0107714134313,268.2328801444517,60.764125302238995,121.56022971015987
672.0189860931348,273.82213407499586,60.76696111769755,121.6250480362054
678.756019934928,267.35678029492107,60.77911760861064,121.92447278995853
675.507723037412,272.4983955133284,60.86735616758918,121.8916610161688
670.7781802043287,264.59377395063206,60.78547103144873,122.16799856294811
677.9735235728003,268.0153075548245,60.755971275706614,122.5285989952493
674.8121132955508,271.9194541381852,60.74333688940969,122.55478134580089
670.5857800561154,264.2478991117633,60.68800394811455,122.69601475832484
678.3595699398005,267.8632734901641,60.679956842182364,123.02589346200294
675.777802414288,271.56829560394414,60.63013062993218,123.09214852033153
671.3102349864522,263.24581745678097,60.647166082222306,123.14019433797331
678.8283653478213,266.6478160789285,60.63537282774582,123.44832105989533
675.6437527773903,271.60851038149013,60.64570743516064,123.43182251519684
671.683338885765,263.46686388810105,60.608203156643675,123.53276915798084
678.7990773916193,266.32091460634183,60.625469202186075,123.79034641336328
674.8727860899361,259.66404842836283,60.60548462873362,123.84563112222656
564.1969866744195,243.37674348241748,61.41687655058717,124.23979820405867
558.741725310602,249.85129721380568,62.353946710167975,124.96097405884818
553.074844155299,254.41867954952997,63.47632901589105,125.48560937366672
558.0046293469621,251.56017649952534,64.21409826269169,124.9593016843083
553.2817105986879,249.2583184949866,64.85131912105662,124.81265148244827
556.9421020262581,253.31254358944545,65.41169795567461,126.23365743214137
552.532561790989,248.92809374308678,65.98964569000667,127.0324238202628
556.1403490890237,254.84326160720335,66.457459327122,128.28545448607264
560.2666298272993,249.771904021612,66.7113237081148,127.97111075070018
554.5925463123074,246.17221386592212,67.03676944751038,129.1056450232616
549.4998920430396,252.65170049896568,67.7530161345444,130.53284405179116
554.7293093331791,246.96655845149343,68.29742118591814,130.78595590552473
548.9554436092777,252.1233769990226,68.99449326329857,132.3008834543262
554.1576483801844,248.55611857868644,69.38222086748141,132.2467325207981
548.6054106823807,255.585198858595,69.9556274612088,134.03596881156693
553.0821765330783,250.3346161784491,70.23321300834886,135.32258987559405
556.6813804007812,245.31250487145076,70.66930911434305,135.79391171749606
549.8082368412875,252.6918247857899,71.02466319652652,136.56004071816346
543.6011067567138,259.9190846662442,71.251466281018,136.99645971610488
548.0733771333377,254.364500566124,71.80985902996753,137.56111421395275
552.4655207466558,247.60536705151296,71.91820142674433,138.83467508930522
546.599041625173,245.40656993507628,72.40014019186593,138.88229135205526
550.1999312541645,252.4710793932388,72.98366309605318,139.7319473243411
544.7557109682084,247.90268088805263,73.23376367162743,140.94113203002593
550.4965317786085,245.9025557064462,73.17553818852258,141.29999946057583
543.1514832492508,252.75468301481672,73.53893503666669,142.73807215248956
548.1195353135519,248.67783432149326,73.9006891462848,143.12170423151926
553.5570672058873,242.80442955435066,73.79775632780046,144.17130822228643
545.3308865344649,248.68061745610112,74.27160586034259,145.41251514431045
539.5032822593067,254.87062572995157,74.39719233271688,146.01100945323793
545.1921071391165,247.50581753080547,74.63468158066567,147.26814984597593
538.8777325985546,255.17840849522838,74.77160365068103,147.32840634028685
544.7107115504477,247.3066960849729,75.26293811292277,148.2579435646674
538.9268686190692,253.759986490743,75.56042992202995,148.13894228956525
544.8360262535722,247.69089377602904,76.18330727997694,149.56755206591697
538.715559350493,256.39924769756175,76.07437898744153,149.80861056501465
544.5589929266363,249.66836402737164,77.0585161305041,149.71946981671078
539.9993733361599,246.8154467706173,77.25463099810237,149.467394746174
546.2064757568004,242.4213788496685,77.36378354817876,150.92059635345248
540.6018112442025,250.4081654226921,77.761553849925,151.05122547791316
546.3939972992101,243.8555414543015,77.97342922220939,152.5852091477266
540.5340235239106,252.9277045625165,78.27411484043546,152.264699230735
545.1073109933493,248.44970674444497,78.3574726865923,153.3024099738422
538.1573620174283,257.5965271613578,78.63643996674239,153.16500578857605
543.2861104147412,250.91637731588716,78.91193553509261,154.14926692818682
548.388858695721,244.54405714278505,78.7901105429573,155.48233958640276
539.4428165913466,255.5632798397126,79.16568283459179,155.83404235538944
544.2232818555294,248.95251102382127,79.54328322816207,156.24971374571703
537.9703934937713,257.7455634129584,79.83177479542826,155.8090690962269
543.8771803566251,251.20843227204693,80.12646980751367,157.33743770892147
537.6927347534124,245.33971836522642,80.47462336592888,156.60559958475733
544.1549184992573,240.79855360586566,80.42518816336262,157.82336086998885
537.9819571058966,251.1778455615422,80.50360721168062,158.77271419923636
543.0054948558623,244.02668023691325,80.48335094087548,160.49333594041323
536.5390276017134,254.51597433977025,80.88702672114579,160.67977916780464
542.8128604885427,249.24693578199748,81.02042078482847,160.26343714730285
547.7917765916628,241.6222192313503,81.1926726163691,160.6601261461192
538.768250501201,250.91175982578926,81.59789816765391,161.14614467342776
543.6320027019973,243.79444780556952,81.45727921833185,161.57565492144784
547.2251034208267,255.013393623736,82.1039701985808,161.45830466695082
538.4608019253438,249.9016451876268,82.2420950553912,161.72109578202813
543.4012407893081,243.2552856367979,81.91844636951598,162.25229259059503
535.4505738959971,265.8472350839495,82.22677783680209,161.9932899365263
540.5288315327881,259.938723251336,82.49565280675026,161.5599626496048
532.7945095086827,267.08553677203304,82.78482583903077,162.0730725543167
538.6834880244331,245.34984857136823,82.52865358993964,163.20301447688655
542.778552792089,255.69216498160898,82.58963413153221,163.04835373282103
536.8373400861121,250.95394081169474,82.30404597079303,163.23881517232
541.6312245148434,242.5195740761589,81.79144476927534,164.08268826131157
533.8484354187525,265.6125623135827,82.32008429415981,164.07272573299716
540.4007260163792,260.7612278826923,82.71256101364054,163.3495256067408
532.7273093112482,263.93123801557897,83.26089436286716,164.27365929833442
539.3043176140424,256.4901583036507,83.21539349671974,165.8716857647326
532.2085263324357,267.6747780772114,83.72650082494786,165.17329887874396
537.9467329116437,246.4434488402157,83.89378731252776,164.63958512983496
542.344196437081,256.3974101871386,83.66958951732947,165.08311812446573
535.4787392631526,252.02218027933347,83.46911882490296,164.92056162080104
540.9051073511785,248.04281724365484,82.97725205650522,164.13790890797864
534.2154736378324,259.35369227847184,83.30441834794344,163.9387052250633
539.1941544599318,257.00938694501076,83.06393654841001,164.22746409297423
532.7726520171807,268.2863001214295,83.22887422657604,164.8312801046387
537.9651193861533,261.78459459432406,83.62220353434597,165.52385436685745
530.8154979119223,269.6386359217247,84.17070166316702,165.79874194978805
537.4053863389395,247.34855597256757,83.9166469313249,165.86822069575862
541.963091748312,257.96090368233286,83.64601608084162,166.8566371536694
533.4739366572159,264.9914775112836,83.82011560019204,167.7544643340247
539.0370483731075,259.6590946681997,84.17503611982494,167.21721605077124
531.7874870551051,263.6616962577485,84.68826169162074,169.01382790463268
537.1325410439066,258.1187116366895,85.05852511294339,168.74016846938238
530.8791954719544,267.42126500262344,85.63202591108377,168.53229951522454
536.5018096971024,264.6785956706605,85.61274770187654,168.306862326947
528.2338646913055,274.0238181397788,86.25830263046267,168.84063003519475
534.7301274128286,267.6687073334556,86.12606962210893,169.2979992079609
527.0595581861606,276.4856359978098,86.81142537585968,169.91545032041452
534.2619676263467,269.6921226750884,86.91120797406415,170.0350249166019
526.5419069715498,275.2270404717841,87.21779485220044,170.06655727364995
532.3635935790536,264.88445516149386,86.96069788231004,172.42474730341016
524.2184761386009,275.16419156228835,87.95790965377954,173.15968902208493
531.1269130673281,267.8024407601012,87.722901106994,174.0781216567326
536.6495850822417,263.84208146879604,87.7581644914123,174.68154135018275
528.1518311444551,270.20952105416325,88.16132426823084,175.72021125934336
533.9787863029833,267.1346204487986,88.12410363318115,175.03034610349548
525.4546884635051,275.01326833365454,88.56697552063372,174.79682829551467
531.4703416431109,265.9408657250524,88.45077021275262,176.3532240888908
523.0406022251602,274.24695361964643,89.26990671772148,177.16237016859915
529.8755796072314,266.7427816873823,89.21631261794664,179.00576175499023
534.9789377825687,276.2392542436755,89.80203668170094,178.85427019465
526.6522221817166,269.76491714659056,90.08376759653964,178.91882440133202
532.1191714344366,276.992374959273,89.99263966757678,179.96614609591353
523.9835526194353,272.24552268748863,90.00875225180317,179.32285150923315
529.7237191899175,276.9494425838725,90.07465324169812,180.3874333625836
521.4367518029687,272.43181418746553,90.67072661117675,180.1626145862447
526.5981622448778,280.6807314924386,90.46326789471688,179.94416458933563
532.2378317329994,273.60950074664396,90.5359081741499,180.6419334692306
522.5448076720719,282.28089610144343,90.66643642906166,180.7809600051151
528.6803086314649,276.43910495787236,90.03904451088596,181.379050158163
520.4853652112513,282.680685342434,90.55541526854952,181.55417357635662
525.7025300694308,285.6963626871288,90.9447721519218,183.73336633417162
530.6300062094465,278.7572116934362,90.60470577429533,184.16317054933995
519.6693799492249,285.5302533336062,91.32975124822977,185.4073609353818
510.44294620468384,291.977948142767,93.10443995008035,186.86908610893028
519.2082654377773,284.10313761566437,93.71521421887873,186.7492432425423
523.969532033876,277.9075766595294,93.04701871894221,187.80381348855246
516.0081488287375,287.49123704633513,93.70052567639931,187.81074617868612
522.6744324397723,279.26455128134637,92.98283615513527,188.8863997368619
526.8742521481141,286.9226776053832,93.09579572984588,189.57259230973543
516.937522190291,291.64156265064184,93.96798916599982,191.50788912137887
523.8630623459346,286.00315434526317,94.07349092410968,188.78188857820555
515.509979671639,295.019661804526,94.95480714397769,189.5602941003538
522.2153282380958,286.462615289721,94.6596905698409,187.7272130576981
514.4936697520099,293.48268713480405,95.23520396840448,188.02468438065455
519.639398925975,298.34701369435277,95.31219292424608,190.2523081551729
524.7644630937449,291.0174410787507,95.47323936287636,189.51928152663575
515.2422557070005,297.8020474333765,95.67521067017863,189.9640010454725
522.5167526414896,292.7404417047643,95.51117411473804,187.47250455591958
514.2671482646879,301.52132302753637,95.62963984160804,187.91979037228953
520.8200034858264,292.79956679825904,95.03816489585185,187.2016874591401
512.8840185232448,303.1834358332234,95.4094596195992,186.98550693010486
520.9015667919916,294.47061966108095,94.57177080457856,186.59996869638687
525.041460442084,289.9467065981813,93.58393039236373,184.32839117380973
515.3561958860337,313.4227027480137,94.4208977979214,186.03655893884218
521.0672166194462,302.3415917598677,93.71239926932891,187.50885095297596
513.4244216551706,309.4124079635007,94.31542923083899,188.6515708482613
503.7127572527713,336.32878990314316,95.20605654332807,191.20161565427907
510.65106867761966,326.23827996675567,96.12458445046725,193.82545893708826
500.6052674559082,336.356655033538,97.2978595623473,195.93099777447077
504.89972528738554,346.99310293943694,98.07681136918022,200.00578110085652
495.3105377015783,341.1331208390346,98.95944259853385,201.39472685378533
503.31320252596487,332.94690724604897,100.32495111504396,204.12906867446108
507.0911915425079,342.5591182909321,101.048043936145,206.9278246852808
497.0082916949578,335.0651034102279,102.48881082484863,207.99795722226293
502.8931042462695,346.1318613609454,103.24605263506703,210.6679558014188
493.45792702083315,339.7558372984529,103.72209136633519,211.83489803040766
500.8426550452047,333.50661699169245,105.06830647542905,213.22249117078397
508.7394782868828,304.7248283232301,105.38968646607186,212.2396703448669
497.0500717597884,338.63197172826426,106.62516799255066,213.68675896204465
502.2907287524457,352.78457142523524,107.01235090207257,215.66519756859103
506.0591821784375,344.39984643794196,107.89675733591665,218.50047968123903
495.04114891302044,340.023329809409,108.68670913591578,220.65078743247614
499.1642002851859,355.4525820808059,109.03673104063263,223.90613634427217
487.4140403778852,374.5434171875648,109.5724779487399,223.95371417762945
493.1221573798125,350.36740540829294,110.51710381579593,224.1771900677161
497.38938623732975,361.9550984301652,111.16541206145487,226.98934331535344
484.1395566171971,373.0019224906105,111.94876652266734,228.37326668188953
489.8948029737176,368.6442355704957,112.05021133251455,230.70455295955813
494.2784899376861,361.45522404070056,112.73295260843496,234.25949500260788
480.81108691092214,376.3536056772444,113.82846041367186,235.41068590737666
486.14094831324417,369.6572208042943,114.83869572365184,236.67232924946825
490.42874345084715,361.2716773467578,115.17747312422713,239.61788992705337
494.2188695314185,359.1103427715783,116.23664433344587,241.25578396335294
478.68384993409194,377.6678762473619,117.51986025539381,241.37344406256707
482.7862428541764,371.2202439127011,118.42612883569605,242.00852158284073
488.48590361584223,367.03641129206665,117.24894094883902,246.2268533470894
492.148764830482,363.849493943595,118.1709716628701,248.3415437378498
495.0043164549218,358.6022120414666,119.58887909132804,250.5907280941697
476.2721222015084,373.8712812498769,120.0782080888775,251.2838671431694
482.6120993866364,367.98688604528473,120.88533333898299,251.44762844621354
486.79164668844163,367.6462239098724,119.6773627359217,256.01057407781707
492.2130333231069,370.39201397711247,119.04603813602479,258.2155090266499
478.37793362331973,367.28501706726684,119.8221754933628,257.85840356503013
485.7153899275381,366.13238221230256,118.97479946787277,259.6457517676002
489.0421617380171,364.64910650896024,120.24174229711011,260.19677773788334
474.3725770687718,382.4303225944694,120.59542655869642,260.4928584452831
481.64121136832864,376.5130720634851,120.41342643797631,262.60678322093577
487.8162204840586,350.619864663805,119.33162910800567,266.11215401394827
494.1988510591444,348.7649290743086,118.22636112952605,269.36982397552816
478.844628536607,370.4398248991303,120.29414684232542,266.37856046309173
485.2546561735016,368.224188970005,119.63081459099715,268.4107575284805
489.160183483738,366.3154099607469,119.33156359753838,271.3866377024723
474.00828750943106,385.5683928087415,120.0022054454444,271.92777207362167
479.93432997774596,381.1746392400421,119.57037616982532,272.231387723899
486.5319650860235,351.7959292426041,119.41889963155397,272.92643741848207
476.2392816172693,379.32431422220117,119.72017080490222,272.2574962861921
483.9048073624238,347.3650369092035,119.31868188325771,273.1477840054491
488.93871647962544,371.675891975695,118.81575451036564,273.7488941544487
476.8797527091558,340.3442875021593,120.36159380972774,272.24963514497693
482.39914003370166,388.2141406134536,120.34972231310195,271.5956833169197
468.6284051483235,406.1138884214132,121.72232688000078,271.62237864948685
473.60202353740794,411.6553723012957,122.68411243306963,273.2082923060426
458.0424956627197,420.00624653027404,125.89200294501934,272.41947529034667
463.8013581149922,425.40252748432135,129.12514206940514,271.24977810545766
471.9039836728028,410.4101129816634,127.56883676219455,276.0041211946358
457.4384009491665,421.6584745963,130.5980742614691,274.03912480252086
463.17566981172195,424.3524378013636,132.71935124125326,274.0737700514818
472.1426987464141,406.53263793052844,130.23796060819694,278.1349033777468
456.63352837197846,432.7081425555675,133.18677849940227,274.82505852586195
463.07162081748527,433.48085860902097,135.0182580981348,273.13892710686423
451.08589452059675,438.82468533215047,135.87677276466576,269.99489329332624
463.6419943194535,421.86244318376976,133.53672892867104,272.57075431433077
474.4996294050216,411.32947559756076,129.95580095113826,274.4990761902399
464.119317350595,425.29439202063963,128.5336095082337,274.0019768798488
474.33485093640263,392.03258435175775,127.94041198078341,271.10287798421416
481.1014401242888,409.9450539454353,125.25248945675672,271.5922317045739
472.514531782616,407.6319062412325,123.58182944027317,271.48685291864354
480.8230104276193,405.4799211681005,121.43283536895555,270.7985378132902
463.58644567500943,439.8131929804441,123.5592966307671,266.94861406164983
473.32011290225216,428.1017116679806,121.92579396339099,267.9038528401412
461.37442377071505,453.3651272004856,123.08808058217815,262.39646910179147
470.68562292592065,442.501449406019,121.46288228397398,261.381837462331
476.8242000439591,432.80614504062294,119.95258710246253,261.0745778459552
468.0428389833998,444.7997428852631,118.34722412531447,260.6440933535744
477.34425691947354,435.90426195405973,116.42373624511035,260.07498403373006
465.95742994843516,451.1771747002556,117.34760533611293,255.4216279474663
474.75017934346585,444.09908153913295,116.72732413638361,254.05748956268025
481.77175517002445,416.63282102787144,116.52476963597633,251.6361897844221
471.38423241396026,453.2206950387631,113.96029374002366,252.61831682367395
482.01962261779914,444.36426426868746,112.38189614484585,250.97614258196484
473.4117532491733,458.708145560936,110.96858176625292,250.0444434587715
483.58919131813394,451.1258009054327,109.55312632840484,249.04321060486114
472.1286575620288,458.360337519927,110.82041767179186,245.39027278236665
482.56104002525876,454.526887353564,109.07602361020014,243.31423698075423
473.9622485506088,464.07432202613376,109.93905760930463,240.7991634730171
484.8302232171924,457.9090352348729,108.19185873390116,239.30764595293874
476.9044441107593,469.6999006313323,108.58058449590072,236.74678346141152
485.33978546159966,462.7119727770514,107.24356554391473,234.74581440953628
477.2385817656995,472.6158386689227,107.31607104972879,232.7810887598268
485.64298483613277,467.0691507059509,105.53651982219228,232.33615082010883
477.5510887330846,473.80443828842897,105.7357615522144,230.51363263910045
487.14824168343773,471.46255923908114,103.51993694423278,229.95813197162178
489.03621931876523,475.57668507854146,103.65258128867477,226.84655185489603
481.9645800998676,479.96081153919425,103.71902981619174,225.5134853196988
488.34046236020913,473.8338669567097,103.45323960733731,222.16628882182616
481.85485706879285,482.39326697547244,103.13658264408835,219.1662937159412
490.3429318417636,476.5577280055877,100.61337690002672,219.16859037519313
483.5496478950564,470.75348409938766,100.99254065678333,217.4394355179155
490.79598171801945,476.76481223567885,98.92147907470006,219.98586341281361
494.7522913580138,467.8970584376649,97.86277643976145,221.23555214592653
487.65904201303584,473.15714194738797,96.75306484071587,224.52615039289878
492.2078840278909,462.07120681637343,95.88278349807852,225.90621920229108
496.2799155469852,454.3497391526555,95.36627535338357,226.97551542297649
489.13463151590497,451.90737532158784,95.45593093995811,228.3362584144728
493.7315792893729,444.7163745488988,95.20155813624729,230.01681819501934
487.11357485174403,440.44326578712946,95.58562971749865,231.33744072115203
494.0275857250725,434.8016198348932,95.45604375422789,232.9337800346822
486.87862927018466,431.0534797498302,95.78617750445784,235.1587770550889
493.7461494957084,423.2251363749928,95.89803417865444,236.32560517744437
486.4299142973318,418.866020418041,96.35316692892334,238.2111115664456
493.4106860140896,411.5539156199849,96.7085819228368,239.5177800401213
485.3116814297996,407.42682885772535,97.3633591273055,241.8293137369121
492.9118850668373,398.33764290625913,97.67308082814462,243.63461015461502
485.8931565391152,392.3271895162223,97.96959397489749,245.15670616656135
491.662310730775,381.28428040036,98.37516376540604,246.6716053614207
496.3448030738005,354.94457329400035,97.96276716071483,248.16261167619072
501.7069506720704,327.2738569604132,97.54942510443391,248.11011200083578
491.0654628890785,346.5594394574291,97.86376892603286,247.15941896114964
496.7761087942418,344.52023901147777,97.50172317893876,247.21843928359436
488.55818929012196,343.29100161865296,97.95628090666081,246.65210256297254
494.6615316952056,338.12744854827486,98.54322765014344,246.39043974468342
486.1227775056603,335.9083339679655,98.8028019929792,247.8557067642651
495.1879576577756,312.70753474201933,98.1744615709507,248.28431708749528
504.841577042098,256.49937608543013,100.62532140460088,246.2269863293847
518.7880310936237,208.34146239772105,100.4786996937614,246.95363371212702
529.5774663807643,201.73632747009546,100.05831453207774,247.79616675097196
520.3186865964722,196.4214828833984,99.72479225251755,249.32065992522058
531.2854461489952,191.26408090336128,99.83133509815504,248.87110155008975
522.2774255095851,186.3328982593529,99.75649693666753,249.13513920138774
534.7033542247456,160.58706611150018,99.14218261242577,251.48049459816738
527.4275206274151,161.595093821745,98.76404881984304,252.92466309087052
539.3475093334283,158.7681597107308,99.13456449558518,254.0923538684409
527.4882432379014,194.8308183980727,100.25631590966144,254.21172643516337
519.9710520290223,191.79944769039724,100.0573542493557,255.40834941942293
530.3449761696475,185.56117223315692,100.64304402352545,254.69869828464826
519.0156929590446,197.58429882792692,101.08631846780244,256.34141566090415
528.3382215766587,191.29461071660742,101.74024576016193,256.5493548107892
516.8843637523569,202.6633965700489,102.20432356086519,256.8419001388184
526.4392322482928,189.65775075265734,102.95871086708922,258.6768535778007
515.6445490375039,202.61103213567625,103.12908429245104,259.8029713232375
525.073477054996,191.0363243852974,104.33372825746679,260.97065922389754
512.0286965606374,202.68527274826948,104.77175421200452,262.73971997170827
520.7584276358962,192.70780017152603,105.88967891756592,264.26180951911607
508.65499128356214,200.86962279906123,106.19987079032487,265.6786217988357
520.74075079484,188.98971018488118,105.86134432148022,268.2689352321519
532.2842625151977,140.31923725672414,105.7677061957061,270.0999247286027
522.1081090093029,179.91841303482647,106.29248139292048,270.82429503519097
511.2541201400867,190.55441333505968,107.35609763538122,274.8493277446611
523.6433958454201,178.06416071302291,108.72794066441176,276.83360763167894
511.3754752662876,190.6605517701607,109.24394921159268,280.02951455854105
520.7029425285031,176.79816156125156,110.43286959133664,282.6832138148603
508.9320557548413,187.7855709291158,111.6725210225712,284.79609496926855
520.8256800230422,172.16811523425696,112.14304493184815,288.7690816153339
507.71809079899396,183.36249724928814,113.0877804172982,290.8952654765069
520.5502981552393,165.29252405460198,113.46501456955355,295.4927123236429
508.24340750043217,183.4130840306525,115.1518473318046,296.20309612520396
519.9337133474436,170.04326160509567,115.14376752865097,301.1923575992424
508.736788235807,186.65924090800524,116.34619052108904,301.72452863209514
519.1033961961414,172.48719169643326,117.11243100605988,306.58157985980455
508.9253688416787,165.76901046880195,117.41792953212406,309.9215859231604
497.8424112947545,180.12174490308212,118.58532091381419,310.752593189854
512.2051308478683,161.23858507263893,120.45636313082875,314.42547565591616
502.66349146246307,177.30336817556267,122.468328043607,315.57961611510774
517.0233165781344,158.03413265180845,122.62354239051136,320.6317247053408
503.04783087719676,174.26890958637398,124.05977952419826,320.12162251162476
517.0737543833154,153.22147974857637,124.09151634374807,325.29518702120436
504.14999763008905,169.20100948205592,126.18097511692439,326.3955567229464
518.5520737872924,150.00030515549793,126.36170897195123,329.3621966993046
504.503340264945,159.45297697624142,127.59877486308163,330.6397143859426
517.9737914128473,147.55689855866333,127.82383287916684,334.9389532065724
505.9969930244602,142.58323578207842,128.32148750201017,335.33286441495466
491.4183420460522,189.28135735282828,129.28971780355283,336.5091997036307
506.4386170727149,141.18445663691685,129.75776417051543,337.22821628437936
519.0101856935737,130.50366912309715,130.16154007577052,340.2412901065744
506.5507695764388,122.39178932194446,130.31197402512817,340.7272615085014
517.620091822829,140.40273190756318,130.93662947436462,343.2550169927815
504.2673424001821,136.99245932300542,131.6989215325489,344.2118193335279
516.7947866795391,129.0051595715657,132.39040138203782,345.75518256931747
503.95569794909056,120.14734571046077,132.53066456681205,347.1898311350332
490.54089017895313,161.7952933453022,132.96681506497262,347.2557751597839
505.19215298067786,123.74709968461363,133.33683775559052,349.9677935846767
495.52603563760374,118.66317630407966,133.7748730704009,350.901510440044
511.54650342553424,112.21786618294777,133.4542820379969,352.54393980248597
497.5306364752495,136.72448696896242,134.37294258956737,353.11499541063245
510.8741009385841,134.9449178533847,135.50849481829363,355.5090739560808
496.5890733833719,128.62064148902215,135.6973167133861,355.24267726769165
485.3163801960596,144.47559420695796,136.60170234033004,356.04106879837275
503.7394727447688,138.77270145541587,137.02503323412253,357.4525677642865
491.9218514680602,137.5660313862204,136.7380517427399,357.7336571168498
506.9027932150464,130.60714032975426,137.04471912157024,357.9239182870941
519.6118280952904,125.91686876953634,138.4318346790754,356.791953015196
504.18712250560054,138.59428893796152,138.68912854888487,359.1129702222909
491.5555666792871,132.40541047708123,138.03765699533494,359.17791624622436
505.42032971922526,128.2436623030632,138.2156321361618,360.60562964672016
492.07923985760567,122.8391473102368,138.303718536647,359.9941235911132
506.3412280716593,141.53469873707138,138.3955353366891,362.6399317481862
492.1928698161515,136.08767111148165,138.61942927690404,362.4547204512089
481.3267420348641,155.56543285632463,138.90712192749152,362.61993594467725
496.3725996165933,144.20821933063814,139.05617138195302,362.83751393599164
487.9647195440057,139.04995673491263,138.59856650637636,365.3466088601087
504.64647565486405,153.61067750599415,140.0429461303627,366.33215813215463
489.35422086811525,146.57611249286276,140.31261729443642,366.31516850662297
