487.5,98.5,30,10
489.16957101221965,95.9436034291436,27.856543123799803,11.853605443348554
488.5224842359729,97.05047161258656,26.76957453685847,12.58180461570823
490.03459449163836,96.71653886935835,27.187274544402747,12.579839839503677
489.0887162331777,97.19015750504886,26.91068560996903,13.420031662437225
487.01379591543935,98.25086633371853,26.847242229790282,13.860435227403158
487.6814135659488,96.30488064063675,26.069628288596512,15.179981963374475
484.67860118399017,98.20783870944179,26.785129589836693,14.528231570545893
480.65373470329155,98.20360672926864,28.120899519465233,14.037417939186867
479.1922823506178,98.19973014139516,28.76658016093934,14.038249324393597
476.9794024529311,100.23027891459415,29.407241165190424,13.237131264461079
475.00795877413117,100.07757504251498,29.816715589440637,12.959627994062544
474.8018107437933,100.40685730990302,29.854578222067296,12.71841431773639
471.6650178245199,100.90228922655866,30.201369531652848,12.761213518864185
471.5613037431671,101.21013946010994,31.05610246768913,12.530497694028863
469.65313655255227,101.98243797160508,30.75158867005529,12.33688822463508
470.16429211044067,102.02749240069784,30.890858832125843,12.424011497811549
465.8232424369207,103.25522019844553,31.012281604458774,12.71146557219224
464.44830267990653,102.84899837619312,31.57721410463204,12.655316060359324
462.8395501476243,102.84055597603204,31.906582543906538,12.950866015853844
462.0459429275376,103.3018551420878,33.2150392330919,12.711966099498529
459.866478245416,102.90133781071978,32.878951259536166,13.049967711935878
457.2896720086738,102.30179958241577,33.02153639689997,13.404757726740938
454.46748946442005,104.86080238970177,30.955494705164444,14.725002653855926
453.47881073098347,104.75737755361222,32.13077839531573,14.153594777226017
451.00042848960317,104.73217528899083,32.93931947796039,13.574180211334046
450.5031505788105,104.86426190522339,33.34812102422374,13.763434383034191
449.51381779906364,106.0957034320942,33.42595834141551,13.827506695427218
448.5535348163562,105.80199228925807,33.90830392509366,13.697161444459326
442.7202370215546,107.64660241373451,35.72000773765819,13.343494364756918
442.0854984379363,107.24565933902657,34.93415558207989,14.071753384975676
441.29667923533094,107.2861857717375,35.25635375215265,14.349960601798704
438.6258592138536,109.80600440518826,34.81345266504144,14.705992795193783
436.78670866010305,110.08126686540228,34.01411409740212,15.241668469667784
433.7709223702065,110.14627273210338,34.49090714762372,14.577167760263855
431.81717831889193,111.30151098828289,34.605394075326046,14.25810889431293
429.8777339539811,111.59492882636202,34.99949653309881,13.657393625624223
429.5681479618505,113.09713515523217,35.03888573337484,13.357957764987816
426.2865686502738,112.58842822344369,34.841334117117825,13.981708222192696
424.18514083892137,113.01545936860919,34.793886948227296,13.95430233301909
422.5718644461548,114.99757361232419,33.69295321871526,15.273656056129852
420.58009572720755,113.89482605975167,33.83536445307273,16.288894446454037
418.037047422165,113.1255153218453,34.16205163551502,16.41691418715173
415.26281126089333,114.87778968280264,34.90243184074879,16.614739685131454
412.0480182112411,112.87012335051838,35.43766502715049,16.646391147765158
411.4383654505016,115.41540524811279,35.509545135497746,16.22572729306706
408.86291525271326,114.61223766015482,35.63735040015398,16.051306233860313
406.46856829026405,115.44662130711399,35.22321782511344,16.129773046005823
404.7443400260769,116.41346545166321,34.90014849365508,16.28009273534669
401.56897271948,116.77387692146937,35.12840700592719,16.14104021580885
400.52613701677166,118.44161862907836,34.35389421868638,16.93283894323003
397.0684433510001,118.08160912048598,34.282773180783735,16.646307052326108
394.6456673360641,118.2233521834324,34.934266792381756,16.41867472169346
391.8701362591267,120.23230712310597,35.833651814603776,15.604623933151363
388.651611841523,120.4057437887424,35.96774502236975,15.347078928163402
386.51329584604156,121.54917644626775,37.59329640496466,14.66519408186269
383.87967529262335,122.34883325284427,36.46978185841972,15.4209903987481
382.33220651229806,122.10260694291092,36.12500784833064,15.786135603606256
379.98528371346094,123.38336778255639,36.22024209117695,15.566070814421531
377.7520100023205,123.18178124288735,36.8035221108089,15.323029289381862
376.2276128525595,124.9623135613029,36.161801845816754,16.109130713952112
374.17862582911744,125.05152079499152,36.48214532515016,15.850511267989653
371.9685590758151,125.78455722205867,36.25776903942704,15.484932798620978
369.20611914558134,126.17362067413714,36.691926339012,15.745103428452971
367.3102663267966,126.28749590367192,37.07504952762211,15.524155124088333
366.7293052942707,126.56577599628093,36.042067742118455,15.665758209820627
364.7150422024997,126.17625273615512,34.592267128175045,15.925390960827116
363.9416816390482,125.93086476628193,34.01791763168026,15.82721757787299
363.143857775947,126.32177108614495,33.5170909487792,15.852009144709001
362.2308774654765,126.65856526162761,33.42371644284343,15.455613356562207
361.8452704109053,127.18993806580303,32.690989135245474,16.028539244602666
360.96410599148015,127.74786102897824,32.37727937508145,16.525766667251276
360.2811362595087,129.18368926257168,32.92444527134783,16.22533703531525
360.106336808793,130.24407474492332,33.03524899663084,15.727655145700426
360.024392536847,130.48423623460366,33.614938588801635,15.721605996992013
358.9880003620794,130.90580963275767,33.71632839945743,16.068951592270288
360.838680769708,131.40089808775184,34.4001823898033,15.71943443178986
359.2284371966557,131.99729863775156,35.446111611637164,15.240542778983576
359.814019461988,132.00160571592832,35.233191464307765,16.05680677881521
361.5472844516945,130.4615924290318,35.291135152039445,16.406120223564635
361.0100439736789,130.24697685096595,35.140692378174236,16.939717145744815
361.79832508651145,129.76661990040088,34.81667372112023,17.282658467681827
361.6761278622806,131.9652878678265,36.55498789976836,17.20312019365823
360.72570884670654,131.9359054634608,38.854073917948405,16.827408090367957
362.6951852498268,131.43926317486043,38.98445752604504,17.508027592505016
364.6463677663012,131.41575809444305,39.52235290340519,17.754971490856207
365.90947132505676,130.01017518472997,38.91286784514389,18.518741127268438
367.20692247817215,130.78496241224747,40.11599925320746,17.95751849413286
366.1127065794646,130.8507726515687,40.160874932611186,18.09555592536055
369.37975940766484,132.00558074946434,39.58788272912199,18.308869874832887
370.8473161889828,133.68909848864556,39.71553214217885,17.833580202210825
372.1950049415919,134.09308183158677,40.627907436948426,17.66214826678999
373.88965199282285,135.81752045422178,40.75993224699266,17.542933582936598
374.24768473166444,135.54041844706825,41.054253236289426,17.544076707999608
376.49501773045114,135.7449433498359,40.79907584040059,18.261339515951533
378.4283632587326,135.61071093278088,40.26105933866257,18.572795306517015
380.13855848308197,135.37241825036506,39.94478056141155,18.528017353382186
382.8834010181944,135.7421322711901,39.06779499985372,18.998524023188445
383.72377128739225,135.45148923877989,38.289525348165235,19.739372556537614
387.01988666544514,137.58078916363115,37.635139822162024,19.959171983568474
389.5146685169184,137.1466014122949,38.53585398176435,19.320827420170396
389.6893987085736,132.93990574541,37.078685978786936,19.838823951846738
391.0309125210427,136.06680709695706,34.42463187551341,21.173651925022128
395.0792042188935,138.73947063826512,33.01664282108993,22.242674875212394
391.40442656859346,137.97340561151103,32.64513450779835,22.33325085920155
391.47196122189087,139.8343457085511,32.10487008420688,22.33812509207756
390.2797679400122,140.80502092761213,32.2617817200619,22.735762719675094
389.4984559173138,139.57675950393383,32.50844619266668,22.63350799630721
392.161472679683,139.83002960133106,32.32259420937116,22.338011829914137
388.7723230640423,143.4139726916004,31.735706272531125,22.422365353507505
405.42447974042653,133.54254137378166,31.888271581872154,22.47156534571242
407.99850388900825,134.54683949563682,33.05139815424603,21.01592037830444
405.867902677985,137.7669061241458,34.062683784376595,20.207911545267155
402.17304545241916,138.59105278753472,35.20009320468562,19.553306563444767
401.7849442239265,138.47067473345186,35.81549326751917,19.177487192103072
407.41284112843573,138.01084837901539,34.03634302081769,19.57558805351809
422.34341446910526,137.45299881423767,35.99304263769633,18.04749550750591
418.6421404352245,139.25241412273925,35.853462142530645,17.968249784683064
418.7103796505944,138.8703182690423,36.92984644181706,17.050136871334164
420.304715076143,139.33213931833953,38.23875707265351,16.206117726869866
421.08487407075484,141.36034154293074,38.427819671961274,16.512074231972132
415.7732292980049,140.9116555622741,40.021366022881146,15.513756228990983
414.6410174533366,140.9723057267217,39.91107629134977,15.274320671342679
413.9150391305132,142.23990268167495,39.65516078466804,15.614251454353042
416.01770133475054,142.28313297877395,40.43236744690266,15.272374764898224
413.0720041961745,142.7890418025431,39.05274274212115,16.441893997090187
410.4162108098092,143.13030629017643,36.874032674184015,17.792089640735256
413.427910743907,143.4376309961691,37.11143841283045,16.84680235653083
412.53039617332155,144.389664243072,35.495941993622324,17.872803401940118
409.02318626488164,145.9971154911634,36.02495541172887,17.156238413005223
407.6566086266189,144.92878724048893,36.913470314070814,16.47418554088005
411.28527169199583,147.40543207820556,37.486753504911135,16.185455706602816
407.41116036122605,145.95751490356008,36.13086163398002,16.446645547531915
407.6291658090792,147.47724551004453,37.28909462236023,15.712506504820627
407.1274523335598,147.49562131050044,37.39603886732917,15.865258454438255
403.685064908292,149.98441403417652,38.301935696624426,15.389166461065603
401.2232203230829,148.94264801243182,39.84256369646467,15.263303095924641
401.2075415238452,151.13164130374176,40.651576479209055,15.537428520445872
398.1422041215816,152.11363458032014,39.82403413972378,16.496113523761885
399.23301695829804,151.5278164480819,40.122281885098964,16.594772245361188
399.8290915756625,150.77558110992697,39.392353706592885,16.874494548639383
398.07404398325104,154.20005728603144,39.924562453046036,16.24983018318582
392.7947350691946,155.72965047921537,40.77072357797293,15.995525369541376
395.335526031283,155.13908055734856,42.16637077214329,15.710704114604056
392.74439749770954,156.69038201218393,43.380398307048374,15.735065535606514
390.5378011677354,158.6994741358413,44.46643442326503,16.038402093650618
387.2297202657808,158.05602222154425,45.90708295965706,16.201232178424558
388.58915926332503,160.50609040654626,46.41396256344562,16.42198261109391
383.8527901221672,159.20988702535104,43.913037515683115,17.717534162226418
383.08658127857166,160.12406178793336,42.65195859414004,18.83834855078857
383.24178757167374,160.72058414190158,40.99113542730082,19.678001282045834
385.26675099846767,159.50931228408382,40.7063071454903,19.635600635040973
384.1059226571169,162.29392957072727,41.68755955611248,19.276123866624665
381.22346911383136,164.1818820048549,40.85734239799358,19.7959133495657
380.88691456080403,167.39449839785615,41.28604943817506,19.258386843317865
383.8955029001066,169.1541693347578,41.42172291063195,19.45820934100505
381.9298891864975,167.28118886618412,40.503840688191914,20.33295779569999
378.572339207084,169.6501506467539,40.49848261631824,20.430803887880764
375.5323616087823,172.44527013195247,40.66990614711957,20.260441016116456
373.70294251208986,167.76958196897095,38.12683622893222,22.30145929459409
376.6546279085904,170.36076182989183,37.06548260969829,23.27752919540248
375.5912628826485,174.25466152850916,36.540903409796805,23.197138703197144
371.1781260333729,176.76928219098912,35.36358461719806,23.334508096010687
374.2992783360494,175.43566927420716,35.14022856683774,23.46636119550475
370.82474705899887,178.3609805613408,35.124715830258886,23.704007378103945
370.8544773198502,179.22102816104623,34.65420296232665,24.29693050068405
370.4647680005608,178.37108838701863,35.763874307909944,23.654669135729563
370.3624881476811,181.98071729287375,35.211392082516994,23.73901640367025
369.57307367392366,186.43598296191814,35.79338699034389,22.82291703808513
366.9782511444567,186.1038310213736,34.617785276511704,23.33913829032803
363.695039729033,189.2699377018754,34.19603843725408,23.794652762118616
361.21724921372106,189.68486996563885,32.90311959757766,24.339355862498493
358.9838542675627,193.33511293293893,30.769471848750552,25.340246270671795
362.89974246001015,193.2488333610264,30.85687394972608,25.076861274539418
362.30299552496825,196.58474260730057,31.937613839948128,23.902419223946648
359.9198073836978,199.6549634743688,33.518012186698016,22.655755813937418
356.4234517299595,201.8044985164877,32.83192434180035,22.831600757317986
353.4509052729546,204.2945254020385,32.546928068187995,22.712517006510634
349.87962082149534,206.4438156289299,32.162638641333615,22.234313425744126
355.60504547982697,205.58990261921002,32.46650619783931,21.367859660027626
354.433816731734,207.5438754726709,32.64998618548036,20.754999383251167
351.5352411229983,209.70995867504138,32.64063982909914,20.30396868064335
346.3538759788172,208.1452426781329,29.843648742949647,22.367201490996315
342.26616353251063,207.46108556553978,29.44191756866827,22.395174863445092
348.3597115042157,204.00313115856437,29.171006050612206,22.386263254269664
342.3549801430432,199.93865042829205,27.445853447029485,23.257763643799958
343.79542411869215,195.193078072454,26.61877442326745,23.70099957251705
343.13748503973744,189.76709702016709,25.307409300766174,25.394056647794017
341.4002642893567,182.02541833147004,23.479405866682697,26.758022583842873
340.20457595577227,179.851644094539,24.666073838439832,24.930838849452968
338.52363699177835,176.62701148422568,26.31411879199375,22.65084553278715
336.14747308447227,169.46827231595103,25.2045105142292,23.335879487622602
333.6886311813075,164.99277843733728,24.458323509096278,23.07464323819726
334.4204488464809,156.88846958716357,24.311740304680406,23.039662000556394
332.0333949128513,153.80814866383514,23.77695449136709,23.478886896987458
