587.5,244.5,12,15
586.7874015748032,244.8503937007874,12.0,15.0
586.3622047244095,246.4448818897638,12.0,15.0
587.2125984251969,247.08267716535434,12.0,15.0
586.8937007874016,247.7204724409449,12.0,15.0
586.5748031496063,248.88976377952758,12.0,15.0
586.1496062992126,249.95275590551182,12.0,15.0
586.5748031496063,250.90944881889766,12.0,15.0
586.0433070866142,251.65354330708664,12.0,15.0
586.1496062992126,252.3976377952756,12.0,15.0
586.255905511811,253.0354330708662,12.0,15.0
586.4685039370078,253.77952755905517,12.0,15.0
586.3622047244094,255.26771653543312,12.0,15.0
586.3622047244094,255.79921259842524,12.0,15.0
586.255905511811,257.2874015748032,12.0,15.0
586.0433070866142,257.60629921259846,12.0,15.0
585.7244094488188,258.88188976377955,12.0,15.0
585.511811023622,260.05118110236225,12.0,15.0
585.0866141732283,260.05118110236225,12.0,15.0
585.2992125984251,261.1141732283465,12.0,15.0
585.5118110236219,262.1771653543307,12.0,15.0
584.8740157480314,263.24015748031496,12.0,15.0
584.9803149606298,264.3031496062992,12.0,15.0
584.8740157480314,265.0472440944882,12.0,15.0
584.8740157480314,265.79133858267716,12.0,15.0
584.9803149606298,267.1732283464567,12.0,15.0
585.0866141732282,267.0669291338583,12.0,15.0
585.0866141732282,267.0669291338583,12.0,15.0
584.9803149606298,267.27952755905517,12.0,15.0
584.6614173228345,267.38582677165357,12.0,15.0
583.9246657376377,266.30543847125983,13.04830632,16.3103829
584.5025926907873,266.42102386188975,13.04830632,16.3103829
584.0402511282676,266.42102386188975,13.04830632,16.3103829
584.3870073001574,266.8833654244094,13.04830632,16.3103829
584.7337634720471,266.6521946431496,13.04830632,16.3103829
584.2714219095275,268.03921933070865,13.04830632,16.3103829
584.2714219095275,268.15480472133856,13.04830632,16.3103829
584.2714219095275,269.1950732370079,13.04830632,16.3103829
584.3870073001574,270.00417097141735,13.04830632,16.3103829
584.2714219095275,270.3509271433071,13.04830632,16.3103829
584.3870073001574,271.3911956589764,13.04830632,16.3103829
584.3870073001574,271.62236644023625,13.04830632,16.3103829
584.3870073001574,271.3911956589764,13.04830632,16.3103829
584.2714219095275,269.88858558078743,13.04830632,16.3103829
583.4703085457446,266.5176933681455,14.188191485045996,17.735239356307495
583.0932601499806,263.1242578062693,14.188191485045996,17.735239356307495
582.8418945528045,259.85650504298115,14.188191485045996,17.735239356307495
583.8473569415086,255.08055869663696,14.188191485045996,17.735239356307495
583.4703085457445,250.17892955170475,14.188191485045996,17.735239356307495
583.0932601499804,243.64342402512844,14.188191485045996,17.735239356307495
582.8418945528044,237.86201529008017,14.188191485045996,17.735239356307495
583.8473569415085,232.2062893536199,14.188191485045996,17.735239356307495
583.7216741429204,224.91668703551557,14.188191485045996,17.735239356307495
583.4703085457444,219.51232669623133,14.188191485045996,17.735239356307495
583.0932601499803,212.222724378127,14.188191485045996,17.735239356307495
582.7162117542163,205.05880485861067,14.188191485045996,17.735239356307495
583.7216741429203,199.1517133249744,14.188191485045996,17.735239356307495
582.9762592275346,191.59017705522498,15.427655718641322,19.284569648301655
582.8395969229404,184.07375030254047,15.427655718641322,19.284569648301655
582.7029346183461,178.47059581417565,15.427655718641322,19.284569648301655
582.4296100091576,172.86744132581083,15.427655718641322,19.284569648301655
582.2929477045634,169.04089679717146,15.427655718641322,19.284569648301655
582.1562853999692,165.62433918231486,15.427655718641322,19.284569648301655
583.3862461413175,163.02775539502386,15.427655718641322,19.284569648301655
582.7029346183463,161.6611323490812,15.427655718641322,19.284569648301655
582.566272313752,160.1578469985443,15.427655718641322,19.284569648301655
582.2929477045635,160.02118469395003,15.427655718641322,19.284569648301655
582.019623095375,160.29450930313857,15.427655718641322,19.284569648301655
582.8395969229406,161.52447004448695,15.427655718641322,19.284569648301655
582.4296100091578,162.34444387205252,15.427655718641322,19.284569648301655
581.8829607907808,164.53104074556074,15.427655718641322,19.284569648301655
581.8829607907808,165.21435226853205,15.427655718641322,19.284569648301655
582.019623095375,167.40094914204028,15.427655718641322,19.284569648301655
582.1562853999692,168.76757218798292,15.427655718641322,19.284569648301655
582.2929477045634,170.27085753851983,15.427655718641322,19.284569648301655
581.7462984861863,172.18412980283952,15.427655718641322,19.284569648301655
581.4729738769978,173.27742823959363,15.427655718641322,19.284569648301655
581.062986963215,174.0974020671592,15.427655718641322,19.284569648301655
581.8829607907807,174.91737589472478,15.427655718641322,19.284569648301655
581.4729738769979,175.6006874176961,15.427655718641322,19.284569648301655
580.9263246586208,175.73734972229036,15.427655718641322,19.284569648301655
581.1996492678094,176.2839989406674,15.427655718641322,19.284569648301655
581.3363115724036,177.10397276823298,15.427655718641322,19.284569648301655
580.6530000494323,176.9673104636387,15.427655718641322,19.284569648301655
580.3796754402438,177.3772973774215,15.427655718641322,19.284569648301655
579.569141927623,175.98830914901137,16.77539813469431,20.969247668367892
579.8663438630803,177.0285159231115,16.77539813469431,20.969247668367892
580.7579496694518,176.58271301992573,16.77539813469431,20.969247668367892
580.0149448308089,177.32571785856868,16.77539813469431,20.969247668367892
580.3121467662661,177.47431882629726,16.77539813469431,20.969247668367892
579.7177428953518,177.77152076175446,16.77539813469431,20.969247668367892
579.8663438630804,178.36592463266882,16.77539813469431,20.969247668367892
579.8663438630804,178.06872269721163,16.77539813469431,20.969247668367892
579.8663438630804,177.77152076175443,16.77539813469431,20.969247668367892
580.014944830809,178.06872269721163,16.77539813469431,20.969247668367892
579.4205409598947,176.43411205219712,16.77539813469431,20.969247668367892
579.1233390244374,175.98830914901134,16.77539813469431,20.969247668367892
578.8261370889802,175.69110721355415,16.77539813469431,20.969247668367892
579.1233390244374,174.20509753626823,16.77539813469431,20.969247668367892
578.6775361212517,172.57048689125372,16.77539813469431,20.969247668367892
578.3803341857945,171.67888108488216,16.77539813469431,20.969247668367892
577.9345312826088,170.49007334305344,16.77539813469431,20.969247668367892
578.6878011313481,167.64233597689858,18.24087779178733,22.80109723973417
577.8798882370269,166.51125792484876,18.24087779178733,22.80109723973417
577.7183056581626,165.05701471507044,18.24087779178733,22.80109723973417
577.2335579215699,164.08751924188488,18.24087779178733,22.80109723973417
578.5262185524839,163.2796063475636,18.24087779178733,22.80109723973417
577.7183056581626,161.50219798005676,18.24087779178733,22.80109723973417
577.2335579215699,160.04795477027844,18.24087779178733,22.80109723973417
577.7183056581626,159.40162445482142,18.24087779178733,22.80109723973417
576.9103927638414,157.46263350845032,18.24087779178733,22.80109723973417
577.23355792157,156.65472061412905,18.24087779178733,22.80109723973417
577.3951405004342,155.52364256207923,18.24087779178733,22.80109723973417
576.587227606113,153.58465161570814,18.24087779178733,22.80109723973417
575.9408972906559,152.29199098479407,18.24087779178733,22.80109723973417
577.0719753427057,150.6761651961515,18.24087779178733,22.80109723973417
576.587227606113,149.54508714410167,18.24087779178733,22.80109723973417
575.7793147117917,147.9292613554591,18.24087779178733,22.80109723973417
576.2640624483845,147.28293104000207,18.24087779178733,22.80109723973417
576.4256450272487,145.34394009363098,18.24087779178733,22.80109723973417
575.6623662998613,145.23815022343405,16.85894882700556,21.073686033756957
575.8117073819903,144.4914448127891,16.85894882700556,21.073686033756957
575.8117073819903,142.40066966298332,16.85894882700556,21.073686033756957
574.9156608892164,141.5046231702094,16.85894882700556,21.073686033756957
574.3182965607004,139.41384802040358,16.85894882700556,21.073686033756957
575.0650019713454,138.81648369188764,16.85894882700556,21.073686033756957
574.6169787249585,137.17373178846879,16.85894882700556,21.073686033756957
574.9259770246986,135.35719870174142,18.331727377331102,22.91465922166389
574.4388149782537,133.89571256240697,18.331727377331102,22.91465922166389
573.9516529318089,132.92138846951732,18.331727377331102,22.91465922166389
574.2876449707563,130.94616512318117,19.933166182845536,24.916457728556935
573.4047783583271,129.53357854329448,19.933166182845536,24.916457728556935
572.3453384234122,128.65071193086527,19.933166182845536,24.916457728556935
571.8156184559547,126.53183206103525,19.933166182845536,24.916457728556935
572.8750583908696,126.88497870600692,19.933166182845536,24.916457728556935
572.3453384234122,125.8255387710919,19.933166182845536,24.916457728556935
571.6390451334688,124.76609883617688,19.933166182845536,24.916457728556935
571.1093251660113,123.8832322237477,19.933166182845536,24.916457728556935
570.403031876068,123.00036561131851,19.933166182845536,24.916457728556935
569.8733119086105,122.29407232137517,19.933166182845536,24.916457728556935
570.5796051985538,121.76435235391766,19.933166182845536,24.916457728556935
569.343591941153,120.70491241900264,19.933166182845536,24.916457728556935
568.6372986512097,119.82204580657346,19.933166182845536,24.916457728556935
568.9904452961813,119.11575251663011,19.933166182845536,24.916457728556935
569.3435919411529,119.64547248408762,19.933166182845536,24.916457728556935
567.9310053612662,118.5860325491726,19.933166182845536,24.916457728556935
569.3435919411529,118.76260587165844,19.933166182845536,24.916457728556935
568.284152006238,118.40945922668676,19.933166182845536,24.916457728556935
566.8715654263513,118.76260587165844,19.933166182845536,24.916457728556935
567.9310053612662,118.05631258171509,19.933166182845536,24.916457728556935
568.1075786837521,117.17344596928591,19.933166182845536,24.916457728556935
566.8715654263513,117.70316593674342,19.933166182845536,24.916457728556935
565.4589788464646,116.82029932431423,19.933166182845536,24.916457728556935
566.3418454588938,117.70316593674342,19.933166182845536,24.916457728556935
565.9886988139222,117.52659261425758,19.933166182845536,24.916457728556935
566.6949921038655,118.5860325491726,19.933166182845536,24.916457728556935
565.9886988139222,117.87973925922925,19.933166182845536,24.916457728556935
566.3418454588938,118.76260587165844,19.933166182845536,24.916457728556935
565.6355521689504,119.46889916160178,19.933166182845536,24.916457728556935
565.2824055239788,120.17519245154513,19.933166182845536,24.916457728556935
564.5761122340355,120.17519245154513,19.933166182845536,24.916457728556935
563.5166722991205,120.35176577403097,19.933166182845536,24.916457728556935
561.9275123967479,121.23463238646015,19.933166182845536,24.916457728556935
562.8103790091772,122.11749899888933,19.933166182845536,24.916457728556935
561.0446457843188,122.470645643861,19.933166182845536,24.916457728556935
560.3383524943755,123.17693893380435,19.933166182845536,24.916457728556935
560.5149258168614,122.82379228883268,19.933166182845536,24.916457728556935
560.868072461833,122.82379228883268,19.933166182845536,24.916457728556935
560.5149258168614,122.29407232137517,19.933166182845536,24.916457728556935
561.5743657517763,121.9409256764035,19.933166182845536,24.916457728556935
560.5637008964974,121.64874788097686,18.4230294436868,23.028786804608515
561.0532892773828,120.17998273832072,18.4230294436868,23.028786804608515
559.9109163886502,118.71121759566458,18.4230294436868,23.028786804608515
558.6053473729559,115.7736873103523,18.4230294436868,23.028786804608515
558.8136233793513,114.36127201698818,17.02730066912526,21.284125836406588
559.4169529306195,112.55128336318353,17.02730066912526,21.284125836406588
558.5119586037172,110.28879754592771,17.02730066912526,21.284125836406588
557.6069642768149,107.57381456522073,17.02730066912526,21.284125836406588
558.2102938280831,105.61299352359902,17.02730066912526,21.284125836406588
556.4003051742784,102.14384860380676,17.02730066912526,21.284125836406588
556.0986403986443,99.57969801091683,17.02730066912526,21.284125836406588
556.2911374140726,98.42511969289455,15.737312311366157,19.67164038920771
556.012326762887,95.91582383222396,15.737312311366157,19.67164038920771
556.5699480652582,93.8247439483318,15.737312311366157,19.67164038920771
556.1517320884798,91.87306939003246,15.737312311366157,19.67164038920771
554.8970841581445,89.36377352936186,15.737312311366157,19.67164038920771
555.315300134923,87.41209897106252,15.737312311366157,19.67164038920771
554.0606522045877,86.29685636632004,15.737312311366157,19.67164038920771
554.2000575301805,84.4845871336135,15.737312311366157,19.67164038920771
553.3636255766237,83.2299392032782,15.737312311366157,19.67164038920771
553.0848149254381,81.41766997057167,15.737312311366157,19.67164038920771
552.8060042742525,80.30242736582919,15.737312311366157,19.67164038920771
551.69076166951,79.0477794354939,15.737312311366157,19.67164038920771
552.6665989486597,79.1871847610867,15.737312311366157,19.67164038920771
551.4119510183244,77.51432085397298,15.737312311366157,19.67164038920771
552.3877882974741,77.37491552838017,15.737312311366157,19.67164038920771
551.5513563439173,76.3990782492305,15.737312311366157,19.67164038920771
550.9937350415461,75.98086227245207,15.737312311366157,19.67164038920771
552.1089776462885,76.53848357482332,15.737312311366157,19.67164038920771
551.2725456927317,75.70205162126645,15.737312311366157,19.67164038920771
550.5755190647676,75.84145694685925,15.737312311366157,19.67164038920771
549.7390871112108,76.12026759804488,15.737312311366157,19.67164038920771
548.6238445064683,76.25967292363768,15.737312311366157,19.67164038920771
547.6480072273187,75.70205162126643,15.737312311366157,19.67164038920771
546.5327646225762,76.5384835748233,15.737312311366157,19.67164038920771
545.6963326690194,77.09610487719455,15.737312311366157,19.67164038920771
544.7204953898697,78.49015813312265,15.737312311366157,19.67164038920771
544.0234687619056,79.1871847610867,15.737312311366157,19.67164038920771
543.047631482756,80.30242736582917,15.737312311366157,19.67164038920771
540.5383356220854,80.99945399379322,15.737312311366157,19.67164038920771
539.1442823661572,83.09053387768539,15.737312311366157,19.67164038920771
537.8896344358219,84.6239924592063,15.737312311366157,19.67164038920771
536.7743918310795,85.8786403895416,15.737312311366157,19.67164038920771
534.2650959704089,87.96972027343377,15.737312311366157,19.67164038920771
531.1981788073671,90.33961080851154,15.737312311366157,19.67164038920771
528.1312616443253,92.84890666918213,15.737312311366157,19.67164038920771
521.1609953646847,96.33403980900239,15.737312311366157,19.67164038920771
528.4100722955109,99.95857827441546,15.737312311366157,19.67164038920771
529.107098923475,103.0254954374573,15.737312311366157,19.67164038920771
516.8394302713076,108.88051911235533,15.737312311366157,19.67164038920771
498.2985219674638,114.87494811284618,15.737312311366157,19.67164038920771
488.54014917596703,121.98461971807953,15.737312311366157,19.67164038920771
474.32080596550037,129.23369664890566,15.737312311366157,19.67164038920771
462.8895692668899,136.2039629285462,15.737312311366157,19.67164038920771
450.48249528912976,144.428877138522,15.737312311366157,19.67164038920771
440.4453118464474,154.04784460442593,15.737312311366157,19.67164038920771
430.9657497061363,163.66681207032985,15.737312311366157,19.67164038920771
423.57726744971734,173.14637421064097,15.737312311366157,19.67164038920771
415.63116389092716,183.46236830450894,15.737312311366157,19.67164038920771
408.5214922856938,192.66311979363442,15.737312311366157,19.67164038920771
403.224089913167,203.53673518987364,15.737312311366157,19.67164038920771
398.34490351741863,213.8527292837416,15.737312311366157,19.67164038920771
395.55679700556243,223.88991272642397,15.737312311366157,19.67164038920771
394.0233384240415,235.87877072740568,15.737312311366157,19.67164038920771
392.76869049370623,246.05535949568085,15.737312311366157,19.67164038920771
392.07166386574215,256.65016424073445,15.737312311366157,19.67164038920771
394.58095972641274,266.8267530090096,15.737312311366157,19.67164038920771
398.34490351741863,276.5851258005064,15.737312311366157,19.67164038920771
401.8300366572389,284.25241870811095,15.737312311366157,19.67164038920771
409.2185189136579,290.94387433656584,15.737312311366157,19.67164038920771
409.4973295648435,296.1018713834998,15.737312311366157,19.67164038920771
417.30402779804086,302.5145163607691,15.737312311366157,19.67164038920771
424.13488875208856,305.5814335238109,15.737312311366157,19.67164038920771
440.4453118464474,315.20040098971486,15.737312311366157,19.67164038920771
442.954607707118,318.54612880394234,15.737312311366157,19.67164038920771
450.34308996353695,323.7041258508763,15.737312311366157,19.67164038920771
468.7445929417879,331.5108240840737,15.737312311366157,19.67164038920771
473.4843740119435,334.8565518983012,15.737312311366157,19.67164038920771
491.88587699019445,341.96622350353454,15.737312311366157,19.67164038920771
496.62565806035,345.03314066657634,15.737312311366157,19.67164038920771
515.1665663641938,348.239463155211,15.737312311366157,19.67164038920771
522.1368326438344,349.3547057599535,15.737312311366157,19.67164038920771
540.5383356220854,350.3305430391032,15.737312311366157,19.67164038920771
549.8784924368036,355.07032410925876,15.737312311366157,19.67164038920771
565.770699554384,362.45880636567773,15.737312311366157,19.67164038920771
579.4324214624794,368.5926406917614,15.737312311366157,19.67164038920771
595.185223254467,373.7506377386954,15.737312311366157,19.67164038920771
609.2651611393409,378.49041880885096,15.737312311366157,19.67164038920771
625.7149895592925,380.99971466952155,15.737312311366157,19.67164038920771
642.0254126536513,384.06663183256336,15.737312311366157,19.67164038920771
660.4269156319023,385.32127976289866,15.737312311366157,19.67164038920771
673.9492322144049,384.6242531349346,15.737312311366157,19.67164038920771
690.1202499831709,383.7878211813777,15.737312311366157,19.67164038920771
708.5217529614218,381.8361466230783,15.737312311366157,19.67164038920771
722.0440695439245,378.7692294600365,15.737312311366157,19.67164038920771
738.0756819870977,374.5870696922522,15.737312311366157,19.67164038920771
755.7897881338562,368.0122053035814,17.11210597435107,21.390132467938848
755.8002591783696,364.1978078073813,18.60700004446957,23.258750055586972
756.7892139051427,363.8681562317903,18.60700004446957,23.258750055586972
777.8983005259914,374.7196840081257,20.23248635637438,25.290607945467986
788.6641678009967,369.3136099315322,21.999973299432803,27.499966624291012
813.6224813885822,356.2246462165407,23.921865886901692,29.902332358627127
813.2133067990216,348.7732469065936,26.011652819854312,32.5145660248179
821.7546963764619,335.37128360568437,28.28400115691257,35.35500144614073
854.8269339497022,316.8307867843224,28.284001156912566,35.35500144614073
853.0731031693031,307.81108562798414,28.284001156912566,35.35500144614073
862.663107829837,299.62953747906187,26.141205131150215,32.676506413937794
871.6941737757363,284.57776090256294,26.141205131150215,32.676506413937794
883.7355950369355,269.29441853257947,26.141205131150215,32.676506413937794
893.229792569804,255.63203671698818,26.141205131150215,32.676506413937794
902.7239901026725,238.9592995860971,26.141205131150215,32.676506413937794
908.5131349397874,226.91787832489797,26.141205131150215,32.676506413937794
921.3132193032106,206.15691406349697,24.160747339732787,30.20093417466601
925.3796442983822,194.17166144614922,24.160747339732787,30.20093417466601
930.0881363980545,179.19009567446452,24.160747339732787,30.20093417466601
932.0143377115569,167.41886542528368,24.160747339732787,30.20093417466601
935.8667403385615,153.5074114944336,24.160747339732787,30.20093417466601
937.36489691573,140.66606940441812,24.160747339732787,30.20093417466601
936.2947850748953,128.46679441890342,24.160747339732787,30.20093417466601
936.9368521793962,115.41142996072104,24.160747339732787,30.20093417466601
935.8667403385615,103.21215497520635,24.160747339732787,30.20093417466601
931.3722706070561,92.08299183052628,24.160747339732787,30.20093417466601
926.8778008755506,81.38187342218006,24.160747339732787,30.20093417466601
921.3132193032106,70.89477738200077,24.160747339732787,30.20093417466601
914.907332426864,61.01472306510686,26.271402684079874,32.83925335509987
903.2713765136396,49.14604803361801,26.271402684079874,32.83925335509987
897.4533985570274,39.37184506650954,26.271402684079874,32.83925335509987
882.3266558698357,28.66676562634313,26.271402684079874,32.83925335509987
855.5639572694197,54.03314951717223,26.271402684079874,32.83925335509987
850.7411400920471,35.49597543874021,24.281081125600856,30.351351407001093
836.3302228491954,34.850710487567746,24.281081125600856,30.351351407001093
818.6929808504814,26.892442756440687,24.281081125600856,30.351351407001093
805.7876818270321,18.934175025313635,24.281081125600856,30.351351407001093
790.9465879500655,10.76081897712909,24.281081125600856,30.351351407001093
773.3093459513515,5.5986993677493775,24.281081125600856,30.351351407001093
757.0220479819046,0.2957590999649913,22.44154633529645,28.05193291912059
758.8111870106044,-2.487346055790278,22.44154633529645,28.05193291912059
754.8353225023826,-6.860797014834273,22.44154633529645,28.05193291912059
755.445434353427,-6.6945368772620615,24.402014239785125,30.502517799731436
753.9472491306639,-11.05310351774136,26.53374638547652,33.167182981845684
755.8275933627056,-13.63857683679862,26.53374638547652,33.167182981845684
750.656646724591,-9.172759285699714,26.53374638547652,33.167182981845684
752.3019479276275,-14.343705923814237,26.53374638547652,33.167182981845684
757.0028085077315,-13.16849077878821,26.53374638547652,33.167182981845684
751.6130550677556,-13.4419992811149,28.85170422124087,36.06463027655112
755.9578491089463,-12.675270920904758,28.85170422124087,36.06463027655112
745.2413066714422,-13.73940117440516,31.372156211065658,39.215195263832115
726.8997114063113,-13.461498215842571,31.372156211065658,39.215195263832115
703.5558628870538,-12.627789340154802,31.372156211065658,39.215195263832115
677.5097502796087,-8.641191048480547,28.99540154768814,36.24425193461022
668.5200342485833,-10.952832313601355,28.99540154768814,36.24425193461022
634.1022643012291,-1.7062672531181242,28.99540154768814,36.24425193461022
608.6742103849002,12.420429367064592,28.99540154768814,36.24425193461022
587.0988919104393,22.437541515921424,28.99540154768814,36.24425193461022
553.1948200220008,36.30738910664627,28.99540154768814,36.24425193461022
543.4345569026019,49.920387667913246,28.99540154768814,36.24425193461022
522.116087457599,62.50599011134875,28.99540154768814,36.24425193461022
504.9072024839218,76.3758377020736,28.99540154768814,36.24425193461022
483.8455820683767,93.07102461683499,28.99540154768814,36.24425193461022
465.35245194741026,106.4271741486441,28.99540154768814,36.24425193461022
444.03398250240724,122.094964945574,28.99540154768814,36.24425193461022
425.79770141089864,139.81754797816689,28.99540154768814,36.24425193461022
399.41320111982446,158.9130633369068,26.798709825852853,33.4983872823161
387.5436938150668,171.73213122604506,26.798709825852853,33.4983872823161
371.87594417278666,188.58683159880093,26.798709825852853,33.4983872823161
360.7841818966183,206.47306079381724,24.768439476483934,30.960549345604946
355.9572616049413,217.6627396517957,24.768439476483934,30.960549345604946
351.13034131326435,230.16885131659518,24.768439476483934,30.960549345604946
346.08401555378384,241.57793564237716,24.768439476483934,30.960549345604946
345.0475948738812,254.59861656667735,22.89198241582603,28.61497801978256
346.8726446530957,262.10159899233685,22.89198241582603,28.61497801978256
345.0475948738812,268.5906648739883,22.89198241582603,28.61497801978256
352.34779399073915,272.4435477412189,22.89198241582603,28.61497801978256
359.4452097987955,273.25468097642533,22.89198241582603,28.61497801978256
362.89252604842284,274.6741641380366,22.89198241582603,28.61497801978256
385.604256634203,301.6443442086505,22.89198241582603,28.61497801978256
392.90445575106094,299.6165111206344,22.89198241582603,28.61497801978256
391.0794059718465,290.89682884216523,22.89198241582603,28.61497801978256
401.8269213383317,287.8550792101411,22.89198241582603,28.61497801978256
428.59431810014405,284.813329578117,22.89198241582603,28.61497801978256
438.7334835402245,283.59662972530737,22.89198241582603,28.61497801978256
465.5008803020368,279.9465301668784,22.89198241582603,28.61497801978256
478.88457868294296,277.7159137700607,22.89198241582603,28.61497801978256
502.6102258127312,275.89086399084624,22.89198241582603,28.61497801978256
526.1330896337178,272.0379811236157,22.89198241582603,28.61497801978256
536.4750383825998,270.2129313444012,22.89198241582603,28.61497801978256
563.2424351444121,268.1850982563851,22.89198241582603,28.61497801978256
576.6261335253182,267.5767483299803,22.89198241582603,28.61497801978256
603.3935302871305,266.56283178597226,22.89198241582603,28.61497801978256
620.0217616088623,266.15726516836907,22.89198241582603,28.61497801978256
636.8527762393959,265.143348624361,22.89198241582603,28.61497801978256
657.9422403547632,267.7795316387819,22.89198241582603,28.61497801978256
684.5068538077738,269.60458141799637,22.89198241582603,28.61497801978256
700.7295185119025,271.6324145060125,22.89198241582603,28.61497801978256
707.2325921940687,270.1797452678443,24.891799902812636,31.11474987851582
707.8940868765254,267.53376653801774,24.891799902812636,31.11474987851582
712.0835531987508,266.65177362807555,24.891799902812636,31.11474987851582
720.241987615716,274.8102080450407,24.891799902812636,31.11474987851582
739.2048351794729,287.59910523920234,24.891799902812636,31.11474987851582
738.7638387245017,292.0090697889132,24.891799902812636,31.11474987851582
739.4405649129573,297.485440301679,27.06631916567046,33.832898957088105
737.7622400040624,303.71921853471724,27.06631916567046,33.832898957088105
739.2008042116867,312.35060378046256,27.06631916567046,33.832898957088105
737.0429579002504,320.02294622112504,27.06631916567046,33.832898957088105
737.0429579002504,328.17481006432894,27.06631916567046,33.832898957088105
734.9016737018129,333.1705472569447,29.430801952379582,36.78850244047451
736.987321084265,341.5131367867531,29.430801952379582,36.78850244047451
738.0301447754911,351.15925593059404,29.430801952379582,36.78850244047451
740.6372040035562,357.93760992356334,29.430801952379582,36.78850244047451
741.4373307322855,363.1090630993791,32.001843259825236,40.002304074781584
742.28777341734,368.7786809997419,32.001843259825236,40.002304074781584
742.8743174099284,371.8505783743771,34.797487804902254,43.49685975612786
746.2650175011541,378.6319785568285,34.797487804902254,43.49685975612786
745.0533285312428,384.1299516240197,37.837356670402414,47.29669583800307
748.0698894468949,392.8444609359037,37.837356670402414,47.29669583800307
748.4050628819673,399.547929637353,37.837356670402414,47.29669583800307
748.4050628819673,410.2734795596718,37.837356670402414,47.29669583800307
747.3995425767499,419.9935091767732,37.837356670402414,47.29669583800307
749.4105831871847,425.6914575730051,37.837356670402414,47.29669583800307
748.7402363170397,433.7356200147442,37.837356670402414,47.29669583800307
741.701594180518,430.0487122289471,37.837356670402414,47.29669583800307
739.6905535700832,435.4114871901065,37.837356670402414,47.29669583800307
739.3553801350108,436.4170074953239,37.837356670402414,47.29669583800307
736.6739926544311,447.4777308527152,37.837356670402414,47.29669583800307
734.3277786089238,448.81842459300503,37.837356670402414,47.29669583800307
736.3388192193586,456.52741359967166,37.837356670402414,47.29669583800307
733.6574317387789,459.54397451532384,37.837356670402414,47.29669583800307
729.9705239529818,457.5329339048891,37.837356670402414,47.29669583800307
729.6585035212017,461.83533645617854,41.14278501454216,51.42848126817776
726.3784192828376,457.4618908050264,41.14278501454216,51.42848126817776
728.200688304151,463.29315167322926,41.14278501454216,51.42848126817776
724.5561502615242,467.66659732438137,41.14278501454216,51.42848126817776
720.1827046103721,468.03105112864404,41.14278501454216,51.42848126817776
721.0122857695579,471.80143110959636,38.025807479119834,47.53225934889984
717.3070151588956,470.4540599784464,38.025807479119834,47.53225934889984
716.9701723761082,471.46458832680884,38.025807479119834,47.53225934889984
716.2964868105332,471.8014311095963,38.025807479119834,47.53225934889984
711.5806878515085,466.0751038022092,38.025807479119834,47.53225934889984
712.0105771564092,468.549311434363,35.14497217259361,43.93121521574207
708.8973414324589,469.7946057239431,35.14497217259361,43.93121521574207
712.0965744736843,482.9776924111279,32.48238895888318,40.60298619860402
712.9597875660955,492.7607741251223,32.48238895888318,40.60298619860402
713.247525263566,499.09100346947156,32.48238895888318,40.60298619860402
713.8230006585069,508.58634748599553,32.48238895888318,40.60298619860402
714.1107383559773,519.5203799898716,32.48238895888318,40.60298619860402
712.0965744736844,527.289297821573,32.48238895888318,40.60298619860402
714.4779582136678,535.7330437484903,30.021523058679705,37.52690382334968
715.2757742792036,541.8496335842647,30.021523058679705,37.52690382334968
713.1482647711082,546.3705912889674,30.021523058679705,37.52690382334968
713.6801421481321,550.6256103051581,30.021523058679705,37.52690382334968
717.7426830672971,546.7283557168367,27.747092367612172,34.68386545951526
716.5137272045583,556.3142114461988,27.747092367612172,34.68386545951526
716.5137272045583,561.967408414797,27.747092367612172,34.68386545951526
714.7931889967241,563.4421554500834,27.747092367612172,34.68386545951526
715.2847713418196,564.6711113128222,27.747092367612172,34.68386545951526
715.7763536869151,567.6206053833952,27.747092367612172,34.68386545951526
715.7763536869151,569.3411435912294,27.747092367612172,34.68386545951526
715.5305625143673,569.8327259363249,27.747092367612172,34.68386545951526
716.5137272045582,568.8495612461339,27.747092367612172,34.68386545951526
718.2342654123925,574.2569670421843,27.747092367612172,34.68386545951526
716.2679360320105,576.9606699402095,27.747092367612172,34.68386545951526
717.0053095496538,578.435416975496,27.747092367612172,34.68386545951526
715.5305625143674,577.2064611127572,27.747092367612172,34.68386545951526
715.5305625143674,576.9606699402094,27.747092367612172,34.68386545951526
714.7931889967241,578.4354169754959,27.747092367612172,34.68386545951526
716.3358312488308,579.7492418592599,25.64497255358971,32.05621569198718
715.1999810865163,579.9764118917228,25.64497255358971,32.05621569198718
717.2445113786824,584.2926425085179,25.64497255358971,32.05621569198718
715.1999810865163,580.8850920215746,25.64497255358971,32.05621569198718
716.5630012812937,582.9296223137405,25.64497255358971,32.05621569198718
717.0173413462195,587.7001929954615,25.64497255358971,32.05621569198718
717.9260214760711,589.5175532551648,25.64497255358971,32.05621569198718
718.8347016059228,590.4262333850163,25.64497255358971,32.05621569198718
717.6988514436083,591.7892535797937,25.64497255358971,32.05621569198718
718.380361540997,595.1968040667373,25.64497255358971,32.05621569198718
718.8347016059228,602.0119050406242,25.64497255358971,32.05621569198718
718.1531915085341,598.150014488755,25.64497255358971,32.05621569198718
719.0618716383857,599.7402047159953,25.64497255358971,32.05621569198718
719.0618716383857,601.7847350081613,25.64497255358971,32.05621569198718
717.6988514436083,602.2390750730872,25.64497255358971,32.05621569198718
718.6075315734599,607.2368157872709,25.64497255358971,32.05621569198718
719.0618716383857,611.0987063391403,25.64497255358971,32.05621569198718
719.5162117033115,612.4617265339177,25.64497255358971,32.05621569198718
720.6520618656259,620.1855076376562,25.64497255358971,32.05621569198718
721.7879120279404,620.867017735045,25.64497255358971,32.05621569198718
719.9705517682371,622.4572079622853,25.64497255358971,32.05621569198718
721.5607419954774,625.8647584492287,25.64497255358971,32.05621569198718
723.3781022551807,630.4081590984867,25.64497255358971,32.05621569198718
724.7411224499581,632.22551935819,25.64497255358971,32.05621569198718
726.3313126771984,633.3613695205045,25.64497255358971,32.05621569198718
727.23999280705,636.0874099100593,25.64497255358971,32.05621569198718
728.6030130018274,636.5417499749851,25.64497255358971,32.05621569198718
731.1018833589194,639.7221304294658,25.64497255358971,32.05621569198718
735.1909439432516,642.9025108839464,25.64497255358971,32.05621569198718
736.553964138029,645.8557213059642,25.64497255358971,32.05621569198718
738.598494430195,648.1274216305931,25.64497255358971,32.05621569198718
741.5517048522128,652.4436522473882,25.64497255358971,32.05621569198718
742.4603849820644,653.5795024097026,25.64497255358971,32.05621569198718
743.369065111916,658.3500730914236,25.64497255358971,32.05621569198718
743.369065111916,658.1229030589607,25.64497255358971,32.05621569198718
743.8234051768418,661.3032835134413,25.64497255358971,32.05621569198718
744.2777452417675,663.3478138056073,25.64497255358971,32.05621569198718
744.9592553391562,667.2097043574768,25.64497255358971,32.05621569198718
745.413595404082,665.6195141302364,25.64497255358971,32.05621569198718
743.5962351443787,663.8021538705332,25.64497255358971,32.05621569198718
744.0505752093045,666.301024227625,25.64497255358971,32.05621569198718
745.186425371619,671.071594909346,25.64497255358971,32.05621569198718
745.6407654365447,672.8889551690493,25.64497255358971,32.05621569198718
746.3222755339334,677.65952585077,25.64497255358971,32.05621569198718
746.7766155988592,679.2497160780104,25.64497255358971,32.05621569198718
747.9124657611736,681.5214164026395,25.64497255358971,32.05621569198718
748.8211458910253,685.6104769869717,25.64497255358971,32.05621569198718
748.1396357936366,689.245197506378,25.64497255358971,32.05621569198718
750.1841660858026,696.5146385451908,25.64497255358971,32.05621569198718
750.4113361182656,696.7418085776537,25.64497255358971,32.05621569198718
749.7298260208769,702.1938893567635,25.64497255358971,32.05621569198718
749.7298260208769,701.7395492918376,25.64497255358971,32.05621569198718
750.4113361182656,703.7840795840038,25.64497255358971,32.05621569198718
751.6099377555386,704.5440290250906,23.702109343969653,29.627636679962105
751.6099377555386,704.1241097650596,23.702109343969653,29.62763667996211
752.239816645585,703.0743116149822,23.702109343969653,29.62763667996211
751.3999781255231,704.1241097650596,23.702109343969653,29.62763667996211
750.5601396054612,703.4942308750132,23.702109343969653,29.62763667996211
749.9302607154148,704.753988655106,23.702109343969653,29.62763667996211
750.7700992354767,703.9141501350441,23.702109343969653,29.62763667996211
749.9302607154148,704.753988655106,23.702109343969653,29.62763667996211
749.0904221953529,704.3340693950751,23.702109343969653,29.62763667996211
748.0551275694106,702.4100722226007,25.77269859585419,32.215873244817786
748.5117304972899,702.4100722226007,25.77269859585419,32.215873244817786
747.826826105471,701.496866366842,25.77269859585419,32.215873244817786
747.1419217136521,703.7798810062386,25.77269859585419,32.215873244817786
747.5985246415314,703.0949766144197,25.77269859585419,32.215873244817786
747.826826105471,702.6383736865404,25.77269859585419,32.215873244817786
745.5438114660744,701.9534692947215,25.77269859585419,32.215873244817786
745.772112930014,701.4968663668421,25.77269859585419,32.215873244817786
742.5758924348589,691.4516019534974,25.77269859585419,32.215873244817786
743.2607968266778,688.9402858501612,25.77269859585419,32.215873244817786
743.0324953627382,685.5157638910664,25.77269859585419,32.215873244817786
743.7173997545572,686.428969746825,25.77269859585419,32.215873244817786
742.3475909709192,674.557293621963,25.77269859585419,32.215873244817786
740.521179259402,676.1554038695406,25.77269859585419,32.215873244817786
740.0645763315226,676.8403082613595,25.77269859585419,32.215873244817786
738.0098631560658,682.3195433959112,25.77269859585419,32.215873244817786
736.6400543724278,685.744065355006,25.77269859585419,32.215873244817786
741.2060836512209,691.9082048813766,25.77269859585419,32.215873244817786
740.9777821872813,696.0176312322903,25.77269859585419,32.215873244817786
741.8909880430399,700.1270575832041,25.77269859585419,32.215873244817786
740.9777821872813,697.8440429438075,25.77269859585419,32.215873244817786
740.9777821872813,696.4742341601695,25.77269859585419,32.215873244817786
735.0419441248503,686.6572712107644,25.77269859585419,32.215873244817786
736.4117529084882,687.3421756025833,25.77269859585419,32.215873244817786
734.585341196971,688.4836829222816,25.77269859585419,32.215873244817786
735.4985470527296,683.0044477877299,25.77269859585419,32.215873244817786
734.3570397330313,682.7761463237903,25.77269859585419,32.215873244817786
734.585341196971,685.7440653550058,25.77269859585419,32.215873244817786
734.8136426609105,689.1685873141006,25.77269859585419,32.215873244817786
736.4117529084881,692.3648078092557,25.77269859585419,32.215873244817786
733.9004368051519,683.9176536434885,25.77269859585419,32.215873244817786
735.0419441248501,685.2874624271265,25.77269859585419,32.215873244817786
735.7268485166691,687.3421756025833,25.77269859585419,32.215873244817786
735.0577146603196,680.6840709516855,28.024172164311615,35.03021520538957
735.8024515190168,682.4217902886458,28.024172164311615,35.03021520538957
737.0436796168456,686.3937202016978,28.024172164311615,35.03021520538957
737.0436796168456,688.6279307777895,28.024172164311615,35.03021520538957
738.5331533342401,691.6068782125785,28.024172164311615,35.03021520538957
738.7985471852757,695.0416907709448,30.472331897029612,38.09041487128707
739.6083434069487,698.5508077315279,30.472331897029612,38.09041487128707
740.6880717025127,699.6305360270919,30.472331897029612,38.09041487128707
745.2769169586599,698.0109435837459,30.472331897029612,38.09041487128707
746.3566452542238,700.170400174874,30.472331897029612,38.09041487128707
748.2648160528829,697.4269042692687,33.134360073095756,41.41795009136975
745.0361726993037,696.2528521406945,33.134360073095756,41.41795009136975
741.514016313581,684.2188178228083,33.134360073095756,41.41795009136975
742.9815814742989,683.0447656942341,33.134360073095756,41.41795009136975
747.9713030207395,688.0344872406747,33.134360073095756,41.41795009136975
749.7323812136009,695.0788000121203,33.134360073095756,41.41795009136975
751.4934594064623,697.4269042692688,33.134360073095756,41.41795009136975
753.8415636636108,698.8944694299867,33.134360073095756,41.41795009136975
757.07020701719,699.2910249543152,33.134360073095756,41.41795009136975
748.5583290850266,669.9397217399587,33.134360073095756,41.41795009136975
750.6129203100315,671.7007999328201,33.134360073095756,41.41795009136975
753.2545375993236,674.6359302542558,33.134360073095756,41.41795009136975
756.7766939850463,673.4618781256816,33.134360073095756,41.41795009136975
757.657233081477,668.472156579241,33.134360073095756,41.41795009136975
758.5377721779076,669.6462087078152,33.134360073095756,41.41795009136975
760.0256125379357,665.7825050310507,36.02893999591092,45.036174994888704
762.259690510123,669.2931989873452,36.02893999591092,45.036174994888704
766.1115848800525,667.3260445341882,39.176387120962104,48.970483901202684
771.6641436845983,670.1023239364612,39.176387120962104,48.970483901202684
771.3410811268318,664.1459369347072,42.598791638768034,53.2484895484601
772.4731356290431,652.0706889111193,42.598791638768034,53.2484895484601
775.4919476349401,644.5236588963769,42.598791638768034,53.2484895484601
778.8881111415741,646.4104164000624,42.598791638768034,53.2484895484601
785.6804381548422,647.9198224030109,42.598791638768034,53.2484895484601
787.944547159265,654.3347979155419,42.598791638768034,53.2484895484601
790.2086561636877,661.1271249288101,42.598791638768034,53.2484895484601
788.0487834574787,665.0309353089484,39.371507036443596,49.214383795554554
793.6289970531951,668.5185688062712,39.371507036443596,49.214383795554554
797.4653939002502,669.9136222052003,39.371507036443596,49.214383795554554
799.2092106489116,665.3796986586807,39.371507036443596,49.214383795554554
802.3480807965021,667.1235154073421,39.371507036443596,49.214383795554554
807.230767692754,673.7500190522553,39.371507036443596,49.214383795554554
809.3233477911476,670.9599122543971,39.371507036443596,49.214383795554554
816.3949541416926,675.2654966460588,36.38872152678642,45.48590190848308
817.039636215986,671.7197452374447,36.38872152678642,45.48590190848308
819.9407055503066,673.6537914603251,36.38872152678642,45.48590190848308
824.7758211075076,668.8186759031241,36.38872152678642,45.48590190848308
828.6439135532684,668.8186759031241,36.38872152678642,45.48590190848308
834.4460522219096,674.6208145717653,36.38872152678642,45.48590190848308
837.0247805190834,673.3314504231784,36.38872152678642,45.48590190848308
839.0478674279261,673.4427512806313,33.63191185768788,42.039889822109906
843.8145950927952,671.6552284063054,33.63191185768788,42.039889822109906
849.1771637157731,675.5281946340116,33.63191185768788,42.039889822109906
852.2386634696013,677.4185862124438,31.083958098683375,38.85494762335427
860.5752244420135,681.3685618985579,28.72903732529967,35.911296656624636
866.1739935270621,682.1320304101555,28.72903732529967,35.911296656624636
868.7188885657205,684.4224359449481,28.72903732529967,35.911296656624636
874.5721471546349,686.2038624720091,28.72903732529967,35.911296656624636
879.6619372319517,689.0032470145334,28.72903732529967,35.911296656624636
881.1888742551467,691.293652549326,28.72903732529967,35.911296656624636
883.7337692938052,696.8924216343746,28.72903732529967,35.911296656624636
888.5690698672562,699.437316673033,28.72903732529967,35.911296656624636
893.4043704407072,701.4732327039598,28.72903732529967,35.911296656624636
896.2037549832315,701.4732327039598,28.72903732529967,35.911296656624636
901.2935450605484,702.0443516716877,28.72903732529967,35.911296656624636
901.80252406828,701.535372663956,28.72903732529967,35.911296656624636
902.5659925798776,701.2808831600901,28.72903732529967,35.911296656624636
904.0929296030727,701.2808831600901,28.72903732529967,35.911296656624636
909.4372091842554,701.0263936562242,28.72903732529967,35.911296656624636
915.5449572770357,702.0443516716877,28.72903732529967,35.911296656624636
921.652705369816,702.0443516716877,28.72903732529967,35.911296656624636
924.961068920072,701.7898621678218,28.72903732529967,35.911296656624636
923.4341318968769,701.2808831600901,28.72903732529967,35.911296656624636
927.5059639587304,700.7719041523584,28.72903732529967,35.911296656624636
930.0508589973888,702.0443516716877,28.72903732529967,35.911296656624636
932.5957540360472,702.0443516716877,28.72903732529967,35.911296656624636
934.8861595708398,702.0443516716877,28.72903732529967,35.911296656624636
936.6675860979008,701.535372663956,28.72903732529967,35.911296656624636
940.9939076636201,701.0263936562243,28.72903732529967,35.911296656624636
942.7753341906811,702.0443516716877,28.72903732529967,35.911296656624636
948.1196137718638,701.535372663956,28.72903732529967,35.911296656624636
948.8830822834614,702.0443516716877,28.72903732529967,35.911296656624636
951.9369563298515,701.2808831600901,28.72903732529967,35.911296656624636
953.2094038491807,701.7898621678218,28.72903732529967,35.911296656624636
958.0447044226318,702.0443516716877,28.72903732529967,35.911296656624636
959.5716414458268,701.7898621678218,28.72903732529967,35.911296656624636
963.8979630115462,702.0443516716877,28.72903732529967,35.911296656624636
963.3889840038145,701.535372663956,28.72903732529967,35.911296656624636
964.9159210270095,701.7898621678219,28.72903732529967,35.911296656624636
964.1524525154119,701.535372663956,28.72903732529967,35.911296656624636
962.6255154922169,700.7719041523584,28.72903732529967,35.911296656624636
959.3171519419609,701.535372663956,28.72903732529967,35.911296656624636
956.7722569033025,700.2629251446267,28.72903732529967,35.911296656624636
957.0267464071684,702.0443516716877,28.72903732529967,35.911296656624636
959.317151941961,701.535372663956,28.72903732529967,35.911296656624636
961.6075574767536,701.7898621678219,28.72903732529967,35.911296656624636
963.6434735076804,700.7719041523585,28.72903732529967,35.911296656624636
957.2812359110343,700.2629251446268,28.72903732529967,35.911296656624636
959.0626624380952,701.2808831600902,28.72903732529967,35.911296656624636
960.0806204535586,700.5174146484926,28.72903732529967,35.911296656624636
961.6075574767536,700.7719041523585,28.72903732529967,35.911296656624636
962.625515492217,700.0084356407609,28.72903732529967,35.911296656624636
963.3889840038146,702.0443516716877,28.72903732529967,35.911296656624636
963.8979630115463,701.0263936562243,28.72903732529967,35.911296656624636
964.6614315231438,699.4994566330292,28.72903732529967,35.911296656624636
965.1704105308755,698.7359881214317,28.72903732529967,35.911296656624636
964.6614315231438,697.7180301059683,28.72903732529967,35.911296656624636
965.6793895386072,700.5174146484926,28.72903732529967,35.911296656624636
966.6973475540706,699.4994566330292,28.72903732529967,35.911296656624636
968.2242845772656,699.2449671291633,28.72903732529967,35.911296656624636
969.4967320965949,698.7359881214317,28.72903732529967,35.911296656624636
970.2602006081925,690.8468135015905,28.72903732529967,35.911296656624636
970.5146901120584,690.5923239977246,28.72903732529967,35.911296656624636
972.805095646851,696.1910930827732,28.72903732529967,35.911296656624636
974.332032670046,698.4814986175659,28.72903732529967,35.911296656624636
974.0951227106916,698.1853611683729,31.238773274935298,39.048466593669175
975.2020083779138,697.6319183347618,31.238773274935298,39.048466593669175
974.667680817782,695.3728607379653,33.967756896032114,42.45969612004019
976.7739492079887,695.0719652536501,33.967756896032114,42.45969612004019
977.9775311452497,696.5764426752263,33.967756896032114,42.45969612004019
979.1811130825107,695.6737562222805,33.967756896032114,42.45969612004019
978.2992117915439,676.9689937761302,36.93514141522662,46.16892676903333
977.3176676791314,671.4069104724592,36.93514141522662,46.16892676903333
978.6263931623481,673.6971800680884,36.93514141522662,46.16892676903333
979.9351186455648,676.6418124053259,36.93514141522662,46.16892676903333
977.9720304207398,676.9689937761301,36.93514141522662,46.16892676903333
980.9166627579773,678.9320820009551,36.93514141522662,46.16892676903333
983.5341137244106,680.2408074841718,36.93514141522662,46.16892676903333
983.5341137244106,680.8951702257801,36.93514141522662,46.16892676903333
980.9166627579773,681.2223515965843,36.93514141522662,46.16892676903333
984.188476466019,686.7844349002553,36.93514141522662,46.16892676903333
988.4418342864732,688.4203417542761,36.93514141522662,46.16892676903333
991.0592852529065,692.6736995747303,36.93514141522662,46.16892676903333
992.6951921069274,695.6183319119679,36.93514141522662,46.16892676903333
995.9670058149691,694.6367877995553,36.93514141522662,46.16892676903333
992.040829365319,693.0008809455345,36.93514141522662,46.16892676903333
991.7136479945149,692.019336833122,36.93514141522662,46.16892676903333
990.077741140494,694.9639691703595,36.93514141522662,46.16892676903333
993.3495548485357,694.3096064287512,36.93514141522662,46.16892676903333
994.3310989609482,693.6552436871428,36.93514141522662,46.16892676903333
993.37215577857,690.0027044281388,40.1617532631996,50.20219157899956
995.862500715166,692.8488129271058,40.1617532631996,50.20219157899956
996.5740278399077,691.7815222399931,40.1617532631996,50.20219157899956
991.9491015290864,690.7142315528805,40.1617532631996,50.20219157899956
988.7718047892658,688.1656648775883,43.670238243873996,54.587797804842566
987.9981194660475,692.0340914936795,43.670238243873996,54.587797804842566
990.7327402909003,687.328671630954,47.48522047278723,59.35652559098412
992.8359242685336,687.328671630954,47.48522047278723,59.35652559098412
990.3121034953737,687.328671630954,47.48522047278723,59.35652559098412
985.714155358538,686.8391964039927,51.63347520013859,64.54184400017331
984.3420059191643,685.9244301110768,51.63347520013859,64.54184400017331
981.5977070404168,685.009663818161,51.63347520013859,64.54184400017331
986.1715385049961,685.4670469646189,51.63347520013859,64.54184400017331
985.7141553585382,685.9244301110768,51.63347520013859,64.54184400017331
984.7993890656223,686.3818132575348,51.63347520013859,64.54184400017331
974.7369598435481,685.009663818161,51.63347520013859,64.54184400017331
985.2567722120803,661.2257402023491,51.63347520013859,64.54184400017331
988.9158373837436,663.5126559346387,51.63347520013859,64.54184400017331
987.0863047979119,664.8848053740124,51.63347520013859,64.54184400017331
989.3732205302015,672.6603188637971,51.63347520013859,64.54184400017331
989.3732205302015,681.8079817929555,51.63347520013859,64.54184400017331
992.5749025554069,679.063682914208,51.63347520013859,64.54184400017331
992.5749025554069,685.4670469646189,51.63347520013859,64.54184400017331
979.3107913081271,686.3818132575348,51.63347520013859,64.54184400017331
984.3420059191643,686.8391964039927,51.63347520013859,64.54184400017331
981.1403238939589,687.2965795504506,51.63347520013859,64.54184400017331
979.3107913081272,686.8391964039927,51.63347520013859,64.54184400017331
976.5664924293798,685.9244301110768,51.63347520013859,64.54184400017331
969.7057452325109,686.8391964039927,51.63347520013859,64.54184400017331
969.7057452325109,686.3818132575348,51.63347520013859,64.54184400017331
972.4500441112584,685.4670469646189,51.63347520013859,64.54184400017331
975.1943429900059,685.009663818161,51.63347520013859,64.54184400017331
965.1319137679317,687.7290779999133,51.63347520013859,64.54184400017331
967.8762126466792,686.3569285605396,51.63347520013859,64.54184400017331
961.0154654498103,685.4421622676238,51.63347520013859,64.54184400017331
961.0154654498103,686.8143117069975,51.63347520013859,64.54184400017331
961.0154654498103,686.3569285605396,51.63347520013859,64.54184400017331
961.9302317427262,685.4421622676238,51.63347520013859,64.54184400017331
956.4416339852311,684.9847791211658,51.63347520013859,64.54184400017331
958.7285497175207,687.2716948534554,51.63347520013859,64.54184400017331
955.9842508387732,686.3569285605396,51.63347520013859,64.54184400017331
956.899017131689,685.4421622676238,51.63347520013859,64.54184400017331
954.1547182529415,684.5273959747079,51.63347520013859,64.54184400017331
955.9842508387732,684.07001282825,51.63347520013859,64.54184400017331
955.6532112366207,686.5148579909215,47.72172293986422,59.652153674830345
956.192714791267,692.4335468472514,44.10632504439775,55.13290630549725
959.4262850013924,692.9591588927859,40.76482970603331,50.956037132541695
958.7040734514824,691.1536300180109,40.76482970603331,50.956037132541695
957.9818619015723,690.4314184681008,40.76482970603331,50.956037132541695
953.6485926021121,692.5980531178309,40.76482970603331,50.956037132541695
952.2291138514606,689.2890051359575,44.32599875724651,55.40749844655821
948.3297216725907,686.4761856222915,48.198267477040986,60.2478343463013
937.6558927529704,689.4648577197852,48.198267477040986,60.2478343463013
931.2515954011983,687.3300919358611,48.198267477040986,60.2478343463013
930.8246422444136,687.3300919358611,48.198267477040986,60.2478343463013
931.678548557983,686.4761856222915,48.198267477040986,60.2478343463013
937.6558927529704,658.2972772744939,48.198267477040986,60.2478343463013
935.5211269690465,660.432043058418,48.198267477040986,60.2478343463013
935.5211269690465,661.7129025287725,48.198267477040986,60.2478343463013
938.0828459097552,666.4093872534054,48.198267477040986,60.2478343463013
940.2176116936794,671.5328251348232,48.198267477040986,60.2478343463013
934.240267498692,677.0832161730257,48.198267477040986,60.2478343463013
934.240267498692,683.9144666815827,48.198267477040986,60.2478343463013
935.9480801258312,688.1839982494308,48.198267477040986,60.2478343463013
928.6898764604894,683.9144666815827,48.198267477040986,60.2478343463013
922.3150720422565,684.6985008728802,52.40881317781036,65.51101647226302
915.3833719773238,684.1582735038257,56.98718735097685,71.23398418872114
907.3413187348896,680.5420059158662,61.96552307256461,77.45690384070585
906.2291881964045,677.8882746703202,67.37876052748754,84.22345065935953
906.47509872041,674.2094423528863,73.26489223538186,91.58111529422743
973.9639063665098,633.5360030916135,79.66522969908767,99.5815371238597
980.8733551854075,626.6265542727158,79.66522969908767,99.5815371238597
979.8103630594233,627.1580503357079,79.66522969908767,99.5815371238597
976.6213866814705,627.6895463987,79.66522969908767,99.5815371238597
971.6666647757658,638.9026400795614,73.62979162073329,92.0372395259167
968.719285259269,638.9026400795614,73.62979162073329,92.0372395259167
967.7368254204367,633.499110965984,73.62979162073329,92.0372395259167
962.8245262262755,631.5341912883194,73.62979162073329,92.0372395259167
953.8241047945893,641.8977809530214,68.05159835213142,85.06449794016436
955.6401621506578,642.8058096310557,68.05159835213142,85.06449794016436
956.094176489675,645.5298956651585,68.05159835213142,85.06449794016436
956.094176489675,647.345953021227,68.05159835213142,85.06449794016436
961.0883342188635,650.524053394347,68.05159835213142,85.06449794016436
964.7204489310005,653.7021537674669,68.05159835213142,85.06449794016436
961.5423485578806,657.7882828186212,68.05159835213142,85.06449794016436
960.385950887339,654.9807427133928,73.9965084053515,92.49563550668947
962.0905907191762,652.4216156192648,80.46075902362344,100.57594877952937
954.6496458372865,657.205080186194,80.46075902362344,100.57594877952937
952.523661585318,660.9255526271388,80.46075902362344,100.57594877952937
949.8661812703574,666.2405132570601,80.46075902362344,100.57594877952937
934.4527954435857,665.709017194068,80.46075902362344,100.57594877952937
919.7768980292319,661.315917079669,87.4897192066619,109.36214900832744
918.1824098402556,663.9733973946296,87.4897192066619,109.36214900832744
909.1469767693894,664.5048934576217,87.4897192066619,109.36214900832744
903.300520076476,665.0363895206139,87.4897192066619,109.36214900832744
899.048551572539,663.4419013316375,87.4897192066619,109.36214900832744
896.9225673205706,663.4419013316375,87.4897192066619,109.36214900832744
894.26508700561,662.3789092056533,87.4897192066619,109.36214900832744
881.5091814937989,663.9733973946296,87.4897192066619,109.36214900832744
878.8517011788383,662.9104052686454,87.4897192066619,109.36214900832744
880.4461893678147,662.3789092056533,87.4897192066619,109.36214900832744
