716.5,386.5,57,94
716.5905511811023,387.18110236220474,57.0,94.0
715.4094488188977,388.9527559055118,57.0,94.0
711.2755905511812,390.13385826771656,57.0,94.0
707.1417322834646,389.5433070866142,57.0,94.0
700.5181465057482,384.8468894855119,61.979455019999996,102.21173284
695.3810180333072,391.2683000760631,61.97945501999999,102.21173284
687.0331842655906,389.34187689889774,61.97945501999999,102.21173284
679.9696326159843,388.6997358398426,61.97945501999999,102.21173284
674.1903630844882,389.34187689889774,61.97945501999999,102.21173284
664.5582471986614,390.626159017008,61.97945501999999,102.21173284
657.4946955490551,391.9104411351182,61.97945501999999,102.21173284
649.7890028403937,390.626159017008,61.97945501999999,102.21173284
642.7254511907873,390.626159017008,61.97945501999999,102.21173284
634.3776174230708,391.2683000760631,61.97945501999999,102.21173284
626.6719247144093,394.4790053713387,61.97945501999999,102.21173284
620.2505141238581,393.8368643122836,61.97945501999999,102.21173284
611.2605392970864,398.3318517256694,61.97945501999999,102.21173284
603.554846588425,397.6897106666143,61.97945501999999,102.21173284
597.7755770569289,404.1111212571655,61.97945501999999,102.21173284
590.0698843482675,402.18469808000015,61.97945501999999,102.21173284
583.6484737577163,406.03754443433087,61.97945501999999,102.21173284
577.227063167165,404.1111212571655,61.97945501999999,102.21173284
569.5213704585036,411.8168139658269,61.97945501999999,102.21173284
563.0999598679524,415.0275192611025,61.97945501999999,102.21173284
555.394267159291,415.6696603201576,61.97945501999999,102.21173284
549.6149976277949,418.8803656154332,61.97945501999999,102.21173284
541.9093049191334,423.37535302881906,61.97945501999999,102.21173284
534.8457532695271,421.4489298516537,61.97945501999999,102.21173284
526.4979195018105,425.94391726503954,61.97945501999999,102.21173284
518.150085734094,424.0174940878742,61.97945501999999,102.21173284
510.44439302543253,428.51248150126,61.97945501999999,102.21173284
505.30726455299157,431.72318679653563,61.97945501999999,102.21173284
500.8122771396057,433.00746891464587,61.97945501999999,102.21173284
496.959430785275,434.2917510327561,61.97945501999999,102.21173284
493.7487254899994,438.78673844614195,61.97945501999999,102.21173284
489.8958791356687,438.78673844614195,61.97945501999999,102.21173284
488.61159701755844,441.99744374141756,61.97945501999999,102.21173284
487.9694559585033,442.6395848004727,61.97945501999999,102.21173284
485.40089172228284,449.0609953910239,61.97945501999999,102.21173284
486.6851738403931,452.2717006862995,61.97945501999999,102.21173284
484.7587506632277,453.5559828044097,61.97945501999999,102.21173284
482.19018642700723,453.5559828044097,61.97945501999999,102.21173284
480.905904308897,456.7666880996853,61.97945501999999,102.21173284
480.905904308897,451.62955962724436,61.97945501999999,102.21173284
480.2637632498419,458.6931112768507,61.97945501999999,102.21173284
479.62162219078675,463.83023974929165,61.97945501999999,102.21173284
478.3373400726765,467.6830861036224,61.97945501999999,102.21173284
477.6951990136214,465.756662926457,61.97945501999999,102.21173284
477.6951990136214,470.893791398898,61.97945501999999,102.21173284
475.1266347774009,475.3887788122838,61.97945501999999,102.21173284
476.41091689551115,476.03091987133894,61.97945501999999,102.21173284
477.6951990136214,479.88376622566966,61.97945501999999,102.21173284
478.3373400726765,481.1680483437799,61.97945501999999,102.21173284
477.05305795456627,481.810189402835,61.97945501999999,102.21173284
478.97948113173163,485.66303575716574,61.97945501999999,102.21173284
481.5480453679521,488.87374105244135,61.97945501999999,102.21173284
480.905904308897,490.8001642296067,61.97945501999999,102.21173284
481.5480453679521,488.87374105244135,61.97945501999999,102.21173284
481.5480453679521,495.93729270204767,61.97945501999999,102.21173284
482.19018642700723,490.1580231705516,61.97945501999999,102.21173284
480.905904308897,493.3687284658272,61.97945501999999,102.21173284
480.2637632498419,489.51588211149647,61.97945501999999,102.21173284
478.3373400726765,489.51588211149647,61.97945501999999,102.21173284
479.62162219078675,491.4423052886618,61.97945501999999,102.21173284
478.97948113173163,494.65301058393743,61.97945501999999,102.21173284
479.62162219078675,492.08444634771695,61.97945501999999,102.21173284
478.97948113173163,492.72658740677207,61.97945501999999,102.21173284
478.7586987591693,488.89267531537143,57.28389129268365,94.4681716054783
479.3521912093629,488.89267531537143,57.28389129268365,94.4681716054783
479.9456836595565,489.486167765565,57.28389129268365,94.4681716054783
479.3521912093629,490.6731526659522,57.28389129268365,94.4681716054783
481.1326685599436,490.6731526659522,57.28389129268365,94.4681716054783
481.1326685599436,490.6731526659522,57.28389129268365,94.4681716054783
484.10013081091154,491.2666451161458,57.28389129268365,94.4681716054783
483.50663836071794,485.3317206142101,57.28389129268365,94.4681716054783
485.2871157112986,482.95775081343584,57.28389129268365,94.4681716054783
488.25457796226647,485.9252130644037,57.28389129268365,94.4681716054783
488.84807041246006,482.36425836324224,57.28389129268365,94.4681716054783
489.44156286265365,477.0228263115001,57.28389129268365,94.4681716054783
491.2220402132343,474.64885651072586,57.28389129268365,94.4681716054783
493.002517563815,471.681394259758,57.28389129268365,94.4681716054783
493.002517563815,469.30742445898375,57.28389129268365,94.4681716054783
491.2220402132343,464.55948485743517,57.28389129268365,94.4681716054783
493.5960100140086,458.62456035549945,57.28389129268365,94.4681716054783
497.7504571653636,456.25059055472514,57.28389129268365,94.4681716054783
494.7829949143958,452.09614340337015,57.28389129268365,94.4681716054783
495.37648736458937,440.81978684969226,57.28389129268365,94.4681716054783
495.37648736458937,434.88486234775655,57.28389129268365,94.4681716054783
497.15696471517003,432.51089254698223,57.28389129268365,94.4681716054783
499.5309345159443,426.5759680450465,57.28389129268365,94.4681716054783
501.90490431671856,423.0150133438851,57.28389129268365,94.4681716054783
505.46585901788,421.82802844349794,57.28389129268365,94.4681716054783
506.0593514680736,415.29961149136864,57.28389129268365,94.4681716054783
508.43332126884786,406.9907171886586,57.28389129268365,94.4681716054783
507.71167089958215,402.86440129978917,62.28814673237642,102.72080338321726
510.2930279958265,396.41100855917824,62.28814673237642,102.72080338321726
514.8104029142542,398.9923656554226,62.28814673237642,102.72080338321726
519.3277778326818,392.53897291481167,62.28814673237642,102.72080338321726
525.1358312992317,388.66693727044515,62.28814673237642,102.72080338321726
528.3625276695371,383.50422307795645,62.28814673237642,102.72080338321726
532.2345633139037,378.34150888546776,62.28814673237642,102.72080338321726
534.815920410148,375.7601517892234,62.28814673237642,102.72080338321726
537.3972775063924,373.17879469297907,62.28814673237642,102.72080338321726
538.0426167804535,369.30675904861255,62.28814673237642,102.72080338321726
534.170581136087,354.4639557452075,62.28814673237642,102.72080338321726
538.0426167804535,344.13852736023006,62.28814673237642,102.72080338321726
539.9786346026368,336.39445607149696,62.28814673237642,102.72080338321726
543.8506702470033,335.7491167974359,62.28814673237642,102.72080338321726
546.4320273432477,330.5864026049472,62.28814673237642,102.72080338321726
549.013384439492,326.71436696058066,62.28814673237642,102.72080338321726
552.2400808097975,329.295724056825,62.28814673237642,102.72080338321726
555.466777180103,322.196992042153,62.28814673237642,102.72080338321726
559.9841520985307,318.97029567184757,62.28814673237642,102.72080338321726
540.623973876698,313.16224220529773,62.28814673237642,102.72080338321726
542.3381097088952,315.7626278674964,57.56919651985961,94.9386749625755
542.9345580773148,314.5697311306572,57.56919651985961,94.9386749625755
553.074180340448,310.9910409201396,57.56919651985961,94.9386749625755
563.2138026035813,309.2016958148808,57.56919651985961,94.9386749625755
566.1960444456793,306.2194539727828,57.56919651985961,94.9386749625755
568.5818379193577,306.8159023412024,57.56919651985961,94.9386749625755
570.3711830246165,305.6230056043632,57.56919651985961,94.9386749625755
573.3534248667145,303.8336604991044,57.56919651985961,94.9386749625755
574.5463216035537,305.6230056043632,57.56919651985961,94.9386749625755
575.1427699719733,303.2372121306848,57.56919651985961,94.9386749625755
576.3356667088125,304.430108867524,57.56919651985961,94.9386749625755
579.3179085509105,306.8159023412024,57.56919651985961,94.9386749625755
580.9784574403022,308.6335188180778,62.598375898950515,103.23240937721664
579.5413028979775,306.0700462727551,68.06689865533431,112.2506749754636
581.6569338134976,298.31273291584796,68.06689865533431,112.2506749754636
585.8881956445379,287.02936803307387,68.06689865533431,112.2506749754636
590.8246677807515,281.38768559168693,68.06689865533431,112.2506749754636
591.5298780859249,274.3355825399532,68.06689865533431,112.2506749754636
591.5298780859249,276.4512134554733,68.06689865533431,112.2506749754636
590.1194574755782,272.92516192960636,68.06689865533431,112.2506749754636
590.1194574755782,270.10432070891284,68.06689865533431,112.2506749754636
590.8246677807516,266.578269183046,68.06689865533431,112.2506749754636
585.1829853393646,265.8730588778726,68.06689865533431,112.2506749754636
585.888195644538,264.4626382675259,68.06689865533431,112.2506749754636
583.0673544238444,262.3470073520058,68.06689865533431,112.2506749754636
580.9517235083243,260.93658674165897,68.06689865533431,112.2506749754636
581.6569338134977,258.11574552096545,68.06689865533431,112.2506749754636
578.1308822876308,256.00011460544533,68.06689865533431,112.2506749754636
578.8360925928042,253.17927338475184,68.06689865533431,112.2506749754636
588.466569883661,234.1593890767947,62.91015017708824,103.746563449935
589.1183534536682,231.5522547967662,62.91015017708824,103.746563449935
591.5013900514912,215.27688412997247,58.144076981442396,95.88672344308044
592.706198940456,209.25283968514833,58.144076981442396,95.88672344308044
588.4893678290791,208.0480307961835,58.144076981442396,95.88672344308044
589.0917722735616,205.03600857377143,58.144076981442396,95.88672344308044
586.0797500511495,204.43360412928902,58.144076981442396,95.88672344308044
581.2605144952902,203.83119968480662,58.144076981442396,95.88672344308044
583.0677278287374,202.02398635135938,58.144076981442396,95.88672344308044
583.0677278287374,198.4095596844649,58.144076981442396,95.88672344308044
578.248492272878,196.60234635101767,58.144076981442396,95.88672344308044
577.6460878283956,193.5903241286056,58.144076981442396,95.88672344308044
576.4412789394307,192.9879196841232,58.144076981442396,95.88672344308044
574.6340656059836,188.16868412826392,58.144076981442396,95.88672344308044
574.0316611615011,190.57830190619356,58.144076981442396,95.88672344308044
571.6220433835715,191.18070635067596,58.144076981442396,95.88672344308044
573.4292567170187,191.18070635067596,58.144076981442396,95.88672344308044
574.6340656059836,191.78311079515836,58.144076981442396,95.88672344308044
576.4412789394307,193.5903241286056,58.144076981442396,95.88672344308044
577.6460878283956,194.79513301757044,58.144076981442396,95.88672344308044
580.0557056063252,195.39753746205284,58.144076981442396,95.88672344308044
578.8508967173603,209.25283968514833,58.144076981442396,95.88672344308044
581.8629189397724,211.662457463078,58.144076981442396,95.88672344308044
584.272536717702,218.89131079686695,58.144076981442396,95.88672344308044
586.6821544956316,221.903333019279,58.144076981442396,95.88672344308044
589.6941767180436,218.28890635238452,58.144076981442396,95.88672344308044
593.3086033849381,222.50573746376142,58.144076981442396,95.88672344308044
597.525434496315,216.48169301893728,58.144076981442396,95.88672344308044
601.7422656076919,216.48169301893728,58.144076981442396,95.88672344308044
606.5615011635513,217.68650190790208,58.144076981442396,95.88672344308044
604.7542878301041,220.69852413031413,58.144076981442396,95.88672344308044
608.971118941481,225.5177596861734,58.144076981442396,95.88672344308044
611.3807367194106,225.5177596861734,58.144076981442396,95.88672344308044
614.3927589418226,226.12016413065584,58.144076981442396,95.88672344308044
614.3927589418226,228.5297819085855,58.144076981442396,95.88672344308044
616.8023767197523,230.93939968651517,58.144076981442396,95.88672344308044
619.2119944976819,232.7466130199624,58.144076981442396,95.88672344308044
619.2119944976819,235.75863524237445,58.144076981442396,95.88672344308044
620.4168033866467,238.7706574647865,58.144076981442396,95.88672344308044
621.0192078311292,244.79470190961064,58.144076981442396,95.88672344308044
623.4288256090588,253.83076857684682,58.144076981442396,95.88672344308044
617.8771032462212,275.5458822650291,63.22347726229344,104.26327829220322
625.7374609663572,272.9257630249838,63.22347726229344,104.26327829220322
630.3226696364364,271.6157034049611,63.22347726229344,104.26327829220322
632.2877590664705,256.55001777470056,63.22347726229344,104.26327829220322
636.2179379265384,261.13522644477985,63.22347726229344,104.26327829220322
638.8380571665838,253.92989853465528,63.22347726229344,104.26327829220322
640.8031465966178,256.55001777470056,63.22347726229344,104.26327829220322
642.1132062166405,259.1701370147459,63.22347726229344,104.26327829220322
641.4581764066291,261.7902562547912,63.22347726229344,104.26327829220322
616.5670436261987,316.15773048573146,63.22347726229344,104.26327829220322
611.9818349561194,320.74293915581075,63.22347726229344,104.26327829220322
604.7765070459948,328.6032968759467,63.22347726229344,104.26327829220322
610.6717753360967,326.6382074459127,63.22347726229344,104.26327829220322
612.6368647661308,329.258326685958,63.22347726229344,104.26327829220322
611.3268051461081,346.2891017462526,63.22347726229344,104.26327829220322
617.22207343621,331.22341611599205,63.22347726229344,104.26327829220322
619.1871628662441,328.60329687594674,63.22347726229344,104.26327829220322
619.1871628662441,325.9831776359014,63.22347726229344,104.26327829220322
621.1522522962781,321.39796896582214,63.22347726229344,104.26327829220322
620.4972224862668,318.1228199157655,63.22347726229344,104.26327829220322
607.910209886662,329.94440460031393,68.74660816116332,113.37159942367285
613.6082296265014,319.2606175881149,68.74660816116332,113.37159942367285
607.197957419182,320.68512252307477,68.74660816116332,113.37159942367285
608.6224623541418,314.2748503157554,68.74660816116332,113.37159942367285
607.197957419182,312.1380929133156,68.74660816116332,113.37159942367285
612.8959771590214,296.468538628757,68.74660816116332,113.37159942367285
607.9102098866618,305.7278207059962,68.74660816116332,113.37159942367285
612.8959771590214,303.5910633035564,68.74660816116332,113.37159942367285
609.3347148216218,305.01556823851627,68.74660816116332,113.37159942367285
614.3204820939814,295.0440336937972,68.74660816116332,113.37159942367285
610.0469672891018,294.3317812263173,68.74660816116332,113.37159942367285
617.8817444313811,288.6337614864778,68.74660816116332,113.37159942367285
620.0185018338209,285.0724991490781,68.74660816116332,113.37159942367285
619.3062493663409,285.0724991490781,68.74660816116332,113.37159942367285
620.7307543013007,281.51123681167843,68.74660816116332,113.37159942367285
627.8532789761001,279.37447940923863,68.74660816116332,113.37159942367285
625.7165215736603,277.94997447427875,68.74660816116332,113.37159942367285
629.032895677523,270.84845137740643,63.538364888397794,104.78256665805952
631.6660645498147,272.16503581355227,63.538364888397794,104.78256665805952
632.9826489859605,266.240405850896,63.538364888397794,104.78256665805952
634.2992334221063,262.94894476053145,63.538364888397794,104.78256665805952
632.3243567678876,269.5318669412606,63.538364888397794,104.78256665805952
638.2489867305438,265.5821136328231,63.538364888397794,104.78256665805952
639.5655711666897,262.29065254245853,63.538364888397794,104.78256665805952
642.8570322570542,256.3660225798023,63.538364888397794,104.78256665805952
644.1736166932001,249.78310039907313,63.538364888397794,104.78256665805952
644.831908911273,252.4162692713648,63.538364888397794,104.78256665805952
650.0982466558563,246.49163930870856,63.538364888397794,104.78256665805952
651.4148310920021,250.44139261714605,63.538364888397794,104.78256665805952
654.0479999642938,243.20017821834398,63.538364888397794,104.78256665805952
656.6811688365855,249.12480818100022,63.538364888397794,104.78256665805952
659.97262992695,242.54188600027106,63.538364888397794,104.78256665805952
661.9475065811688,246.49163930870856,63.538364888397794,104.78256665805952
666.5555521076792,241.88359378219815,63.538364888397794,104.78256665805952
669.1887209799709,249.12480818100022,63.538364888397794,104.78256665805952
669.1887209799709,250.44139261714605,63.538364888397794,104.78256665805952
673.7967665064813,247.8082237448544,63.538364888397794,104.78256665805952
673.7967665064813,252.4162692713648,63.538364888397794,104.78256665805952
678.4048120329917,251.75797705329188,63.538364888397794,104.78256665805952
682.3545653414292,249.12480818100022,63.538364888397794,104.78256665805952
685.6460264317938,245.17505487256273,63.538364888397794,104.78256665805952
688.2791953040854,249.12480818100022,63.538364888397794,104.78256665805952
688.9374875221583,251.75797705329188,63.538364888397794,104.78256665805952
688.2791953040854,257.6826070159481,63.538364888397794,104.78256665805952
696.1787019209604,251.09968483521897,63.538364888397794,104.78256665805952
694.8621174848146,254.39114592558354,63.538364888397794,104.78256665805952
699.470163011325,253.73285370751063,63.538364888397794,104.78256665805952
699.470163011325,260.9740681063127,63.538364888397794,104.78256665805952
703.4199163197625,256.3660225798023,63.538364888397794,104.78256665805952
702.7616241016896,261.6323603243856,63.538364888397794,104.78256665805952
705.3947929739812,266.89869806896894,63.538364888397794,104.78256665805952
708.6862540643458,269.5318669412606,63.538364888397794,104.78256665805952
710.6611307185646,266.240405850896,63.538364888397794,104.78256665805952
711.3194229366375,271.50674359547935,63.538364888397794,104.78256665805952
711.9777151547104,275.45649690391684,63.538364888397794,104.78256665805952
712.6360073727833,280.72283464850017,63.538364888397794,104.78256665805952
715.269176245075,287.96404904730224,63.538364888397794,104.78256665805952
719.8772217715854,284.01429573886475,63.538364888397794,104.78256665805952
719.8772217715854,288.62234126537516,63.538364888397794,104.78256665805952
725.1435595161687,291.2555101376668,63.538364888397794,104.78256665805952
723.8269750800229,293.8886790099585,63.538364888397794,104.78256665805952
725.8018517342416,299.1550167545418,63.538364888397794,104.78256665805952
731.5001461967831,305.0990572155085,58.72469814404391,96.84423904456365
732.7169861914795,309.3579971969456,58.72469814404391,96.84423904456365
731.5001461967831,314.83377717307894,58.72469814404391,96.84423904456365
735.7590861782202,309.3579971969456,58.72469814404391,96.84423904456365
736.3675061755683,315.4421971704271,58.72469814404391,96.84423904456365
735.7590861782202,327.6105971173902,58.72469814404391,96.84423904456365
738.801186164961,333.69479709087176,58.72469814404391,96.84423904456365
740.6264461570055,331.8695370988273,58.72469814404391,96.84423904456365
742.45170614905,335.52005708291625,58.72469814404391,96.84423904456365
740.0180261596573,340.9958370590496,58.72469814404391,96.84423904456365
743.0601261463981,348.2968770272275,58.72469814404391,96.84423904456365
743.6685461437463,347.08003703253115,58.72469814404391,96.84423904456365
742.45170614905,349.51371702192375,58.72469814404391,96.84423904456365
746.710646130487,354.9894969980571,58.72469814404391,96.84423904456365
743.0601261463981,359.8568569768424,58.72469814404391,96.84423904456365
747.9274861251833,358.03159698479794,58.72469814404391,96.84423904456365
744.8853861384425,362.29053696623504,58.72469814404391,96.84423904456365
748.5359061225314,361.0736969715387,58.72469814404391,96.84423904456365
746.1022261331387,365.3326369529758,58.72469814404391,96.84423904456365
750.3611661145758,362.8989569635832,58.72469814404391,96.84423904456365
746.1022261331387,367.76631694236846,58.72469814404391,96.84423904456365
748.4045247700701,359.88569579802925,63.85482082775171,105.30444136506422
745.0966703964816,361.8704084221823,63.85482082775171,105.30444136506422
746.419812145917,358.5625540485939,63.85482082775171,105.30444136506422
746.419812145917,354.59312880028773,63.85482082775171,105.30444136506422
745.0966703964816,359.2241249233116,63.85482082775171,105.30444136506422
744.435099521764,355.91627054972315,63.85482082775171,105.30444136506422
742.4503868976109,362.5319792969001,63.85482082775171,105.30444136506422
744.435099521764,358.56255404859394,63.85482082775171,105.30444136506422
744.435099521764,355.91627054972315,63.85482082775171,105.30444136506422
742.4503868976109,353.26998705085236,63.85482082775171,105.30444136506422
743.7735286470463,349.9621326772639,63.85482082775171,105.30444136506422
743.1119577723287,351.946845301417,63.85482082775171,105.30444136506422
743.1119577723287,353.9315579255701,63.85482082775171,105.30444136506422
741.1272451481756,348.63899092782856,63.85482082775171,105.30444136506422
743.1119577723287,345.3311365542401,63.85482082775171,105.30444136506422
741.7888160228932,340.70014043121625,63.85482082775171,105.30444136506422
739.8041033987402,342.0232821806516,63.85482082775171,105.30444136506422
739.1425325240225,337.39228605762776,63.85482082775171,105.30444136506422
737.1578198998694,338.7154278070631,63.85482082775171,105.30444136506422
734.3686777233611,334.1157898317687,69.43310518076835,114.50371731565308
728.6137581062233,336.99324964033764,69.43310518076835,114.50371731565308
722.8588384890854,330.51896507105755,69.43310518076835,114.50371731565308
713.5070941112364,328.36087021463084,69.43310518076835,114.50371731565308
709.1909043983829,325.4834104060619,69.43310518076835,114.50371731565308
699.8391600205339,324.04468050177746,69.43310518076835,114.50371731565308
691.2067805948271,323.3253155496352,69.43310518076835,114.50371731565308
678.258211456267,325.4834104060619,69.43310518076835,114.50371731565308
668.1871021262757,319.72849078892403,69.43310518076835,114.50371731565308
656.6772628919999,324.0446805017774,69.43310518076835,114.50371731565308
643.7286937534398,317.5703959324973,69.43310518076835,114.50371731565308
635.8156792798752,315.4123010760706,69.43310518076835,114.50371731565308
622.1477451891728,319.728490788924,69.43310518076835,114.50371731565308
613.5153657634661,323.32531554963515,69.43310518076835,114.50371731565308
606.3217162420437,314.69293612392835,69.43310518076835,114.50371731565308
599.8474316727636,322.6059505974929,69.43310518076835,114.50371731565308
594.0925120556258,316.1316660282128,69.43310518076835,114.50371731565308
586.1794975820612,322.6059505974929,69.43310518076835,114.50371731565308
581.1439429170656,324.7640454539196,69.43310518076835,114.50371731565308
574.6696583477855,322.6059505974929,69.43310518076835,114.50371731565308
570.353468634932,326.92214031034626,69.43310518076835,114.50371731565308
564.5985490177942,326.92214031034626,69.43310518076835,114.50371731565308
563.879184065652,324.76404545391955,69.43310518076835,114.50371731565308
561.7210892092253,329.7996001189152,69.43310518076835,114.50371731565308
559.5629943527986,327.64150526248847,69.43310518076835,114.50371731565308
560.2823593049408,329.0802351667729,69.43310518076835,114.50371731565308
558.124264448514,330.5189650710574,69.43310518076835,114.50371731565308
560.2823593049408,334.83515478391075,69.43310518076835,114.50371731565308
561.001724257083,328.36087021463067,69.43310518076835,114.50371731565308
558.8436294006563,333.3964248796263,69.43310518076835,114.50371731565308
559.5629943527985,329.7996001189151,69.43310518076835,114.50371731565308
558.8436294006563,334.83515478391075,69.43310518076835,114.50371731565308
556.6855345442295,329.08023516677287,69.43310518076835,114.50371731565308
556.6855345442295,333.39642487962624,69.43310518076835,114.50371731565308
557.4048994963717,336.9932496403374,69.43310518076835,114.50371731565308
557.4048994963717,330.5189650710573,69.43310518076835,114.50371731565308
556.6855345442295,337.71261459247967,69.43310518076835,114.50371731565308
557.4048994963717,337.71261459247967,69.43310518076835,114.50371731565308
556.6855345442295,336.9932496403374,69.43310518076835,114.50371731565308
557.4048994963717,334.8351547839107,69.43310518076835,114.50371731565308
554.5274396878028,338.43197954462187,69.43310518076835,114.50371731565308
555.9661695920873,342.02880430533304,69.43310518076835,114.50371731565308
555.9661695920873,342.7481692574753,69.43310518076835,114.50371731565308
555.9661695920873,346.34499401818647,69.43310518076835,114.50371731565308
554.5274396878028,343.46753420961755,69.43310518076835,114.50371731565308
554.5274396878028,344.1868991617598,69.43310518076835,114.50371731565308
555.9661695920873,348.5030888746132,69.43310518076835,114.50371731565308
555.9661695920873,353.5386435396088,69.43310518076835,114.50371731565308
555.9661695920873,351.3805486831821,69.43310518076835,114.50371731565308
556.6855345442295,354.97737344389327,69.43310518076835,114.50371731565308
559.5629943527985,357.8548332524622,69.43310518076835,114.50371731565308
558.1242644485139,360.0129281088889,69.43310518076835,114.50371731565308
557.4048994963717,363.6097528696001,69.43310518076835,114.50371731565308
560.2823593049407,369.36467248673796,69.43310518076835,114.50371731565308
558.8436294006561,370.0840374388802,69.43310518076835,114.50371731565308
559.5629943527983,375.11959210387585,69.43310518076835,114.50371731565308
558.8436294006561,379.4357818167292,69.43310518076835,114.50371731565308
559.5629943527983,383.0326065774404,69.43310518076835,114.50371731565308
560.2823593049405,385.9100663860093,69.43310518076835,114.50371731565308
558.1242644485138,390.2262560988627,69.43310518076835,114.50371731565308
561.0017242570827,390.94562105100493,69.43310518076835,114.50371731565308
558.1242644485138,393.82308085957385,69.43310518076835,114.50371731565308
559.5629943527983,397.419905620285,69.43310518076835,114.50371731565308
560.2823593049405,400.29736542885394,69.43310518076835,114.50371731565308
559.5629943527983,401.7360953331384,69.43310518076835,114.50371731565308
560.2823593049405,404.6135551417073,69.43310518076835,114.50371731565308
561.0017242570827,408.2103799024185,69.43310518076835,114.50371731565308
562.4404541613673,412.52656961527185,69.43310518076835,114.50371731565308
563.8791840656518,416.123394375983,69.43310518076835,114.50371731565308
561.721089209225,416.123394375983,69.43310518076835,114.50371731565308
565.3179139699362,420.4395840888364,69.43310518076835,114.50371731565308
565.3179139699362,416.8427593281252,69.43310518076835,114.50371731565308
566.7566438742207,422.5976789452631,69.43310518076835,114.50371731565308
566.7566438742207,420.4395840888364,69.43310518076835,114.50371731565308
565.3179139699362,426.1945037059743,69.43310518076835,114.50371731565308
568.1953737785051,420.4395840888364,69.43310518076835,114.50371731565308
566.7566438742206,424.75577380168977,69.43310518076835,114.50371731565308
571.7921985392162,423.3170438974053,69.43310518076835,114.50371731565308
573.2309284435007,425.475138753832,69.43310518076835,114.50371731565308
575.3890232999274,427.63323361025874,69.43310518076835,114.50371731565308
576.827753204212,428.352598562401,69.43310518076835,114.50371731565308
578.2664831084965,428.352598562401,69.43310518076835,114.50371731565308
580.4245779649232,425.4751387538321,69.43310518076835,114.50371731565308
581.8633078692077,421.1589490409787,69.43310518076835,114.50371731565308
581.8633078692077,422.59767894526317,69.43310518076835,114.50371731565308
582.5826728213499,414.6846644716986,69.43310518076835,114.50371731565308
585.4601326299188,415.4040294238409,69.43310518076835,114.50371731565308
587.6182274863455,408.9297448545608,69.43310518076835,114.50371731565308
588.3375924384877,411.8072046631297,69.43310518076835,114.50371731565308
589.7763223427722,406.0522850459918,69.43310518076835,114.50371731565308
589.7763223427722,410.3684747588452,69.43310518076835,114.50371731565308
591.2150522470567,403.8941901895651,69.43310518076835,114.50371731565308
591.2150522470567,408.92974485456074,69.43310518076835,114.50371731565308
593.3731471034835,402.45546028528065,69.43310518076835,114.50371731565308
593.3731471034835,405.33292009384957,69.43310518076835,114.50371731565308
596.9699718641946,402.45546028528065,69.43310518076835,114.50371731565308
596.9699718641946,396.70054066814276,69.43310518076835,114.50371731565308
599.1280667206213,398.8586355245695,69.43310518076835,114.50371731565308
602.0055265291902,392.3843509552894,69.43310518076835,114.50371731565308
606.3217162420436,397.419905620285,69.43310518076835,114.50371731565308
608.4798110984703,391.66498600314713,69.43310518076835,114.50371731565308
612.0766358591815,390.9456210510049,69.43310518076835,114.50371731565308
614.9540956677504,385.190701433867,69.43310518076835,114.50371731565308
619.989650332746,380.15514676887136,69.43310518076835,114.50371731565308
625.0252049977416,375.838957056018,69.43310518076835,114.50371731565308
631.4994895670218,360.01292810888884,69.43310518076835,114.50371731565308
635.8156792798752,365.0484827738845,69.43310518076835,114.50371731565308
633.6575844234485,344.1868991617597,69.43310518076835,114.50371731565308
639.4125040405863,340.5900744010485,69.43310518076835,114.50371731565308
643.7286937534398,332.677059927484,69.43310518076835,114.50371731565308
645.7314499610094,328.39496777439734,75.49870209562036,124.5066315261108
648.8602813781507,319.7906813772587,75.49870209562036,124.5066315261108
658.2467756295747,319.7906813772587,75.49870209562036,124.5066315261108
662.9400227552867,318.22626566868803,75.49870209562036,124.5066315261108
669.1976855895693,311.18639498012004,75.49870209562036,124.5066315261108
674.6731405695667,310.4041871258347,75.49870209562036,124.5066315261108
677.801971986708,302.5821085829814,75.49870209562036,124.5066315261108
690.3172976552734,301.79990072869606,75.49870209562036,124.5066315261108
693.4461290724147,296.32444574869874,75.49870209562036,124.5066315261108
707.5258704495507,291.63119862298674,75.49870209562036,124.5066315261108
713.001325429548,291.63119862298674,75.49870209562036,124.5066315261108
725.5166510981134,283.8091200801334,75.49870209562036,124.5066315261108
730.2098982238253,270.5115865572828,75.49870209562036,124.5066315261108
735.6853532038227,265.03613157728546,75.49870209562036,124.5066315261108
755.2405495609561,261.1250923058588,75.49870209562036,124.5066315261108
752.1117181438148,257.21405303443214,75.49870209562036,124.5066315261108
756.0227574152415,252.52080590872015,75.49870209562036,124.5066315261108
762.2804202495241,224.36132315444814,75.49870209562036,124.5066315261108
769.3202909380922,218.1036603201655,75.49870209562036,124.5066315261108
776.3601616266602,208.7171660687415,75.49870209562036,124.5066315261108
780.2712008980869,197.76625610874686,75.49870209562036,124.5066315261108
785.7466558780843,191.5085932744642,75.49870209562036,124.5066315261108
791.2221108580817,186.8153461487522,75.49870209562036,124.5066315261108
799.044189400935,178.9932676058989,75.49870209562036,124.5066315261108
804.5196443809324,173.51781262590157,75.49870209562036,124.5066315261108
811.5595150695004,175.08222833447223,75.49870209562036,124.5066315261108
820.9460093209244,171.9533969173309,75.49870209562036,124.5066315261108
824.0748407380657,167.26014979161891,75.49870209562036,124.5066315261108
831.1147114266338,176.64664404304295,75.49870209562036,124.5066315261108
836.5901664066312,181.33989116875495,75.49870209562036,124.5066315261108
842.0656213866285,190.72638542017893,75.49870209562036,124.5066315261108
849.1054920751966,195.41963254589092,75.49870209562036,124.5066315261108
851.4521156380526,213.41041319445355,75.49870209562036,124.5066315261108
859.274194180906,201.67729538017358,75.49870209562036,124.5066315261108
864.7496491609033,204.02391894302957,75.49870209562036,124.5066315261108
871.007311995186,202.4595032344589,75.49870209562036,124.5066315261108
874.9183512666127,204.02391894302957,75.49870209562036,124.5066315261108
878.8293905380394,207.1527503601709,75.49870209562036,124.5066315261108
878.047182683754,211.06378963159756,75.49870209562036,124.5066315261108
874.1361434123273,231.40119384301624,75.49870209562036,124.5066315261108
876.4827669751834,236.09444096872824,75.49870209562036,124.5066315261108
881.9582219551808,228.27236242587492,75.49870209562036,124.5066315261108
887.4336769351781,231.40119384301624,75.49870209562036,124.5066315261108
882.7404298094661,250.17418234586427,75.49870209562036,124.5066315261108
886.6514690808929,250.17418234586427,75.49870209562036,124.5066315261108
883.5226376637515,257.21405303443225,75.49870209562036,124.5066315261108
879.6115983923248,260.3428844515736,75.49870209562036,124.5066315261108
878.0471826837542,268.94717084871223,75.49870209562036,124.5066315261108
872.5717277037568,268.94717084871223,75.49870209562036,124.5066315261108
867.0962727237594,272.07600226585356,75.49870209562036,124.5066315261108
862.4030255980474,285.3735357887042,75.49870209562036,124.5066315261108
854.5809470551941,290.0667829144162,75.49870209562036,124.5066315261108
846.7588685123408,292.4134064772722,75.49870209562036,124.5066315261108
842.0656213866288,296.32444574869885,75.49870209562036,124.5066315261108
831.1147114266341,297.8888614572695,75.49870209562036,124.5066315261108
826.4214643009221,298.67106931155485,75.49870209562036,124.5066315261108
815.4705543409275,303.36431643726684,75.49870209562036,124.5066315261108
808.4306836523594,307.2753557086935,75.49870209562036,124.5066315261108
796.6975658380794,309.6219792715495,75.49870209562036,124.5066315261108
788.8754872952261,322.1373049401148,75.49870209562036,124.5066315261108
774.0135380638047,327.6127599201121,75.49870209562036,124.5066315261108
767.7558752295221,330.74159133725345,75.49870209562036,124.5066315261108
759.1515888323834,330.74159133725345,75.49870209562036,124.5066315261108
748.982886726674,332.3060070458241,75.49870209562036,124.5066315261108
737.249768912394,348.7323719858161,75.49870209562036,124.5066315261108
727.86327466097,351.8612034029574,75.49870209562036,124.5066315261108
716.9123647009753,356.5544505286694,75.49870209562036,124.5066315261108
709.090286158122,362.81211336295206,75.49870209562036,124.5066315261108
699.703791906698,368.2875683429494,75.49870209562036,124.5066315261108
692.66392121813,376.89185474008804,75.49870209562036,124.5066315261108
686.4062583838473,379.23847830294403,75.49870209562036,124.5066315261108
676.237556278138,388.624972554368,75.49870209562036,124.5066315261108
669.1976855895699,392.5360118257947,75.49870209562036,124.5066315261108
664.5044384638579,406.61575320293065,75.49870209562036,124.5066315261108
655.1179442124339,407.397961057216,75.49870209562036,124.5066315261108
647.2958656695806,419.9132867257813,75.49870209562036,124.5066315261108
640.2559949810126,421.47770243435195,75.49870209562036,124.5066315261108
630.8695007295886,434.7752359572026,75.49870209562036,124.5066315261108
624.6118378953059,431.64640454006127,75.49870209562036,124.5066315261108
615.225343643882,432.4286123943466,75.49870209562036,124.5066315261108
606.6210572467432,434.7752359572026,75.49870209562036,124.5066315261108
597.2345629953193,441.8151066457706,75.49870209562036,124.5066315261108
588.6302765981806,448.85497733433857,75.49870209562036,124.5066315261108
577.6793666381859,444.9439380629119,75.49870209562036,124.5066315261108
570.6394959496179,455.1126401686213,75.49870209562036,124.5066315261108
560.4707938439085,454.3304323143359,75.49870209562036,124.5066315261108
511.1916990239325,364.37652907152255,75.49870209562036,124.5066315261108
512.7561147325032,358.1188662372399,75.49870209562036,124.5066315261108
511.97390687821775,366.72315263437855,75.49870209562036,124.5066315261108
515.1027382953591,362.8121133629519,75.49870209562036,124.5066315261108
522.1426089839272,359.68328194581056,75.49870209562036,124.5066315261108
525.2714404010685,364.37652907152255,75.49870209562036,124.5066315261108
533.0935189439218,346.38574842295986,75.49870209562036,124.5066315261108
534.6579346524925,345.60354056867453,75.49870209562036,124.5066315261108
544.8266367582019,337.7814620258212,75.49870209562036,124.5066315261108
547.9554681753432,319.7906813772586,75.49870209562036,124.5066315261108
557.3419624267672,329.17717562868256,75.49870209562036,124.5066315261108
559.6885859896232,326.83055206582657,75.49870209562036,124.5066315261108
557.3419624267672,315.8796421058319,75.49870209562036,124.5066315261108
562.0352095524792,311.96860283440526,75.49870209562036,124.5066315261108
565.9462488239059,300.2354850201253,75.49870209562036,124.5066315261108
565.1640409696205,295.5422378944133,75.49870209562036,124.5066315261108
568.2928723867618,285.373535788704,75.49870209562036,124.5066315261108
569.8572880953325,272.85821012013866,75.49870209562036,124.5066315261108
569.8572880953325,269.72937870299734,75.49870209562036,124.5066315261108
572.2039116581885,265.8183394315707,75.49870209562036,124.5066315261108
572.9861195124739,251.7385980544347,75.49870209562036,124.5066315261108
575.33274307533,247.0453509287227,75.49870209562036,124.5066315261108
572.2039116581886,237.65885667729873,75.49870209562036,124.5066315261108
570.4705870934828,225.96281514673552,82.09418264217337,135.3833889186719
562.8157213270141,219.15849002098554,82.09418264217337,135.3833889186719
578.1254528599516,182.5852424700795,82.09418264217337,135.3833889186719
578.1254528599516,174.93037670361076,82.09418264217337,135.3833889186719
581.5276154228266,162.1722670928296,82.09418264217337,135.3833889186719
578.1254528599516,150.26469812276713,82.09418264217337,135.3833889186719
574.7232902970766,130.70226338623598,82.09418264217337,135.3833889186719
576.4243715785141,121.3463163383298,82.09418264217337,135.3833889186719
575.5738309377954,102.63442224251737,82.09418264217337,135.3833889186719
573.0222090156392,77.118203020955,82.09418264217337,135.3833889186719
573.0222090156392,64.3600934101738,82.09418264217337,135.3833889186719
572.1716683749205,49.05036187723637,82.09418264217337,135.3833889186719
568.7695058120455,34.59117098501768,82.09418264217337,135.3833889186719
575.5738309377955,17.580358170642768,82.09418264217337,135.3833889186719
581.5276154228267,-0.2809952844508956,82.09418264217337,135.3833889186719
585.7803186264204,-21.54451130241955,82.09418264217337,135.3833889186719
585.7803186264204,-32.601539631763245,82.09418264217337,135.3833889186719
589.1824811892953,-40.25640539823196,82.09418264217337,135.3833889186719
587.4813999078578,-33.45208027248199,82.09418264217337,135.3833889186719
595.1362656743265,-31.750998991044504,82.09418264217337,135.3833889186719
584.0792373449829,-28.34883642816952,82.09418264217337,135.3833889186719
575.5738309377954,-24.096133224575787,82.09418264217337,135.3833889186719
559.4135587641392,-4.533698488044628,82.09418264217337,135.3833889186719
559.2298942228882,4.862563785456899,89.26583685042542,147.2103274375437
574.0273806464979,8.561935391359327,89.26583685042542,147.2103274375437
576.6022000847275,8.605772509103303,97.06399859462456,160.07045382271423
566.5458388544515,9.611408632130903,97.06399859462456,160.07045382271423
557.495113747203,8.605772509103303,97.06399859462456,160.07045382271423
547.438752516927,9.611408632130903,97.06399859462456,160.07045382271423
546.4331163938995,9.611408632130903,97.06399859462456,160.07045382271423
534.3654829175682,13.63395312424133,97.06399859462456,160.07045382271423
515.2583965800437,17.656497616351757,97.06399859462456,160.07045382271423
512.2414882109609,15.645225370296544,97.06399859462456,160.07045382271423
509.22457984187815,10.617044755158517,97.06399859462456,160.07045382271423
501.96797134066134,7.647803064451466,105.54339885889257,174.05402618834918
492.98394644500183,13.167070591060707,114.76354986373073,189.25918749457352
483.21508737624595,13.223429254414995,124.78916274937939,205.79265435862573
459.9431755497973,18.394965215848046,124.78916274937939,205.79265435862573
454.7716395883642,17.102081225489783,124.78916274937939,205.79265435862573
432.79261175227373,19.68784920620631,124.78916274937939,205.79265435862573
427.6210757908407,23.566501177281097,124.78916274937939,205.79265435862573
431.49972776191544,23.566501177281097,124.78916274937939,205.79265435862573
428.91395978119897,24.85938516763936,124.78916274937939,205.79265435862573
430.20684377155715,27.44515314835587,124.78916274937939,205.79265435862573
426.3281918004824,22.27361718692282,124.78916274937939,205.79265435862573
425.0353078101242,26.15226915799761,124.78916274937939,205.79265435862573
418.2917043206958,23.627783269217133,135.69060174751962,223.7704660397693
419.69753318256403,23.627783269217133,135.69060174751962,223.7704660397693
426.4231047986892,23.69441889484311,147.54437802889694,243.31879885467228
424.8944643300931,29.808980769227574,147.54437802889694,243.31879885467228
438.6522285474581,34.39490217501593,147.54437802889694,243.31879885467228
452.4099927648231,42.0381045179965,147.54437802889694,243.31879885467228
461.5818355763997,28.280340300631465,147.54437802889694,243.31879885467228
463.11047604499583,31.337621237823683,147.54437802889694,243.31879885467228
464.63911651359194,38.980823580804255,147.54437802889694,243.31879885467228
467.69639745078416,23.69441889484311,147.54437802889694,243.31879885467228
473.8109593251686,28.280340300631465,147.54437802889694,243.31879885467228
476.8682402623608,54.26722826676543,147.54437802889694,243.31879885467228
273.55905793907755,66.49635201553436,147.54437802889694,243.31879885467228
282.73090075065426,75.66819482711104,147.54437802889694,243.31879885467228
290.37410309363486,95.54052091886054,147.54437802889694,243.31879885467228
298.01730543661546,132.2278921651673,147.54437802889694,243.31879885467228
304.1318673109999,150.57157778832067,147.54437802889694,243.31879885467228
314.8323505911727,188.78758950322356,147.54437802889694,243.31879885467228
307.1891482481921,176.55846575445463,147.54437802889694,243.31879885467228
320.94691246555715,199.48807278339638,147.54437802889694,243.31879885467228
316.3609910597688,187.25894903462745,147.54437802889694,243.31879885467228
317.88963152836493,187.25894903462745,147.54437802889694,243.31879885467228
325.53283387134553,201.01671325199248,147.54437802889694,243.31879885467228
327.06147433994164,190.31622997181967,147.54437802889694,243.31879885467228
333.1760362143261,193.37351090901188,147.54437802889694,243.31879885467228
342.3478790259028,199.48807278339632,147.54437802889694,243.31879885467228
357.63428371186393,204.07399418918465,147.54437802889694,243.31879885467228
357.63428371186393,208.65991559497297,147.54437802889694,243.31879885467228
359.16292418046004,223.94632028093412,147.54437802889694,243.31879885467228
369.33782688189206,311.1239007019765,136.36641543760956,224.8849658093913
376.40198018885485,339.38051392982754,136.36641543760956,224.8849658093913
382.0533028344251,370.4627884804638,136.36641543760956,224.8849658093913
389.1174561413879,394.4809097241373,136.36641543760956,224.8849658093913
391.45735487190086,408.6508752646201,126.03529533101346,207.84768001956613
397.9863278998232,420.40302671488035,126.03529533101346,207.84768001956613
400.59791711099217,439.9899457986475,126.03529533101346,207.84768001956613
397.9863278998232,445.21312422098543,126.03529533101346,207.84768001956613
402.7605451055645,454.3921893062135,116.4868609195308,192.1011390602789
408.3799352009733,467.7033187956862,107.66181593218471,177.54755609869062
412.8416764331401,483.31941310826994,107.66181593218471,177.54755609869062
419.1507768234692,491.16035014927826,99.50535638369325,164.09655263275735
424.9818997463413,499.4381876980954,91.96683023888954,151.66459723606349
431.651686440003,505.1551477212341,91.96683023888954,151.66459723606349
437.3686464631416,509.9192810738496,91.96683023888954,151.66459723606349
442.1327798157571,520.4003744496038,91.96683023888954,151.66459723606349
447.52213684576475,526.1454296559612,84.99942286096663,140.1744868233485
451.0446989204007,528.7873512119381,84.99942286096663,140.1744868233485
456.32854203235473,533.1905538052331,84.99942286096663,140.1744868233485
460.73174462564975,534.0711943238921,84.99942286096663,140.1744868233485
465.1349472189448,541.116318473164,84.99942286096663,140.1744868233485
463.3736661816268,542.877599510482,84.99942286096663,140.1744868233485
466.89622825626276,548.161442622436,84.99942286096663,140.1744868233485
466.01558773760377,550.803364178413,84.99942286096663,140.1744868233485
465.1349472189448,559.6097693650031,84.99942286096663,140.1744868233485
463.95152291105086,565.8002196876569,78.55986629016445,129.55486721535894
463.6716780227387,575.5912974219449,72.6081705475045,119.73979002570918
465.17619875517767,575.5912974219449,72.6081705475045,119.7397900257092
462.9194176565192,575.5912974219449,72.6081705475045,119.7397900257092
460.4039927192579,577.8702597771437,67.10737529495435,110.66830311799492
463.18506919231857,575.7844524223481,67.10737529495435,110.66830311799492
464.5756074288489,573.6986450675527,67.10737529495435,110.66830311799492
461.09926183752304,572.3081068310223,67.10737529495435,110.66830311799492
461.7945309557882,567.441223003166,67.10737529495435,110.66830311799492
459.7087236009927,563.269608293575,67.10737529495435,110.66830311799492
460.4039927192579,553.5358406378625,67.10737529495435,110.66830311799492
464.5756074288489,549.3642259282715,67.10737529495435,110.66830311799492
463.18506919231857,539.630458272559,67.10737529495435,110.66830311799492
455.53710889140166,534.763574444703,67.10737529495435,110.66830311799492
454.8418397731365,526.4203450255209,67.10737529495435,110.66830311799492
451.3654941818106,513.9055008967478,67.10737529495435,110.66830311799492
453.45130153660614,510.42915530542183,67.10737529495435,110.66830311799492
447.88914859048475,495.8285038218532,67.10737529495435,110.66830311799492
450.67022506354544,494.43796558532284,67.10737529495435,110.66830311799492
445.10807211742406,488.1805435209363,67.10737529495435,110.66830311799492
440.24118828956784,481.9231214565497,67.10737529495435,110.66830311799492
442.32699564436336,477.0562376286935,67.10737529495435,110.66830311799492
437.46011181650715,468.71300820951143,67.10737529495435,110.66830311799492
434.67903534344646,460.36977879032935,67.10737529495435,110.66830311799492
436.764842698242,454.80762584420796,67.10737529495435,110.66830311799492
436.764842698242,442.9880508337001,67.10737529495435,110.66830311799492
430.5074206338554,435.34009053278317,67.10737529495435,110.66830311799492
435.37430446171163,429.7779375866618,67.10737529495435,110.66830311799492
430.5074206338554,423.5205155222752,67.10737529495435,110.66830311799492
433.9837662251813,411.7009405117673,67.10737529495435,110.66830311799492
431.89795887038576,404.7482493291156,67.10737529495435,110.66830311799492
427.7263441607947,409.6151331569718,67.10737529495435,110.66830311799492
434.67903534344646,396.40501990993357,67.10737529495435,110.66830311799492
433.2884971069161,388.0617904907515,67.10737529495435,110.66830311799492
425.6405368059992,384.5854448994256,67.10737529495435,110.66830311799492
433.9837662251813,369.28952429759187,67.10737529495435,110.66830311799492
434.67903534344646,366.5084478245312,67.10737529495435,110.66830311799492
436.0695735799768,363.7273713514705,67.10737529495435,110.66830311799492
453.45130153660614,350.51725810443224,67.10737529495435,110.66830311799492
433.9837662251813,357.469949287084,67.10737529495435,110.66830311799492
439.54591917130267,356.07941105055363,67.10737529495435,110.66830311799492
440.24118828956784,351.9077963409626,67.10737529495435,110.66830311799492
443.02226476262854,344.2598360400457,67.10737529495435,110.66830311799492
443.7175338808937,340.08822133045464,67.10737529495435,110.66830311799492
450.67022506354544,339.39295221218947,67.10737529495435,110.66830311799492
456.23237800966683,334.52606838433326,67.10737529495435,110.66830311799492
461.7945309557882,335.22133750259843,67.10737529495435,110.66830311799492
465.2708765471141,332.44026102953774,67.10737529495435,110.66830311799492
466.66141478364443,332.44026102953774,67.10737529495435,110.66830311799492
472.2235677297658,332.44026102953774,67.10737529495435,110.66830311799492
477.7857206758872,330.3544536747422,67.10737529495435,110.66830311799492
484.73841185853894,326.1828389651512,67.10737529495435,110.66830311799492
485.4336809768041,334.52606838433326,67.10737529495435,110.66830311799492
491.6911030411907,332.44026102953774,67.10737529495435,110.66830311799492
497.94852510557723,331.0497227930074,67.10737529495435,110.66830311799492
493.7769103959862,327.5733772016815,67.10737529495435,110.66830311799492
502.1201398151683,330.3544536747422,67.10737529495435,110.66830311799492
505.59648540649414,329.65918455647704,67.10737529495435,110.66830311799492
509.07283099782,333.8307992660681,67.10737529495435,110.66830311799492
513.9397148256762,336.6118757391288,67.10737529495435,110.66830311799492
518.1113295352673,336.6118757391288,67.10737529495435,110.66830311799492
514.6349839439414,333.8307992660681,67.10737529495435,110.66830311799492
518.1113295352673,338.6976830939243,67.10737529495435,110.66830311799492
520.1971368900628,341.478759566985,67.10737529495435,110.66830311799492
521.5876751265931,342.17402868525016,67.10737529495435,110.66830311799492
520.892406008328,347.73618163137155,67.10737529495435,110.66830311799492
523.6734824813886,351.2125272226974,67.10737529495435,110.66830311799492
523.6734824813886,357.469949287084,67.10737529495435,110.66830311799492
526.4545589544493,353.29833457749294,67.10737529495435,110.66830311799492
520.1971368900628,353.29833457749294,67.10737529495435,110.66830311799492
522.9782133631235,350.51725810443224,67.10737529495435,110.66830311799492
525.7592898361842,356.7746801688188,67.10737529495435,110.66830311799492
523.6734824813886,348.4314507496367,67.10737529495435,110.66830311799492
525.064020717919,354.6888728140233,67.10737529495435,110.66830311799492
518.1113295352673,351.9077963409626,67.10737529495435,110.66830311799492
518.8065986535324,345.65037427657603,67.10737529495435,110.66830311799492
516.4817423182438,354.0141045002259,62.02332030981917,102.28407208987726
518.4095289006045,355.2992955551331,62.02332030981917,102.28407208987726
514.9756126344349,357.88862532839755,57.32443334799396,94.53503043353392
516.1634376105641,360.2642752806559,57.32443334799396,94.53503043353392
517.9451750747578,361.45210025678506,57.32443334799396,94.53503043353392
520.3208250270161,360.8581877687205,57.32443334799396,94.53503043353392
518.5390875628224,361.45210025678506,57.32443334799396,94.53503043353392
519.133000050887,362.6399252329142,57.32443334799396,94.53503043353392
521.5086500031452,361.45210025678506,57.32443334799396,94.53503043353392
525.0721249315328,362.6399252329142,57.32443334799396,94.53503043353392
525.6660374195974,362.6399252329142,57.32443334799396,94.53503043353392
527.4477748837911,365.01557518517257,57.32443334799396,94.53503043353392
529.2295123479848,364.421662697108,57.32443334799396,94.53503043353392
530.417337324114,363.8277502090434,57.32443334799396,94.53503043353392
533.9808122525016,365.01557518517257,57.32443334799396,94.53503043353392
534.5747247405661,363.2338377209788,57.32443334799396,94.53503043353392
538.1381996689537,361.452100256785,57.32443334799396,94.53503043353392
539.3260246450828,360.8581877687204,57.32443334799396,94.53503043353392
541.1077621092766,359.6703627925913,57.32443334799396,94.53503043353392
542.2955870854057,358.4825378164621,57.32443334799396,94.53503043353392
544.671237037664,359.0764503045267,57.32443334799396,94.53503043353392
545.2651495257286,360.26427528065585,57.32443334799396,94.53503043353392
543.4834120615349,361.452100256785,57.32443334799396,94.53503043353392
547.640799477987,360.8581877687204,57.32443334799396,94.53503043353392
545.8590620137933,360.8581877687204,57.32443334799396,94.53503043353392
546.4529745018579,360.8581877687204,57.32443334799396,94.53503043353392
548.2347119660516,361.452100256785,57.32443334799396,94.53503043353392
548.2347119660516,362.63992523291415,57.32443334799396,94.53503043353392
550.6103619183099,362.63992523291415,57.32443334799396,94.53503043353392
548.2347119660516,365.0155751851725,57.32443334799396,94.53503043353392
548.8286244541162,365.0155751851725,57.32443334799396,94.53503043353392
551.7981868944391,365.6094876732371,57.32443334799396,94.53503043353392
551.2042744063746,366.20340016130166,57.32443334799396,94.53503043353392
553.5799243586329,366.79731264936623,57.32443334799396,94.53503043353392
554.767749334762,383.4268623151747,57.32443334799396,94.53503043353392
555.9555743108912,389.9598996838851,57.32443334799396,94.53503043353392
556.5494867989557,388.17816221969133,57.32443334799396,94.53503043353392
554.767749334762,372.14252504194747,57.32443334799396,94.53503043353392
558.3312242631496,388.7720747077559,57.32443334799396,94.53503043353392
560.7068742154079,382.23903733904547,57.32443334799396,94.53503043353392
557.1433992870203,374.5181749942058,57.32443334799396,94.53503043353392
558.925136751214,378.67556241065796,57.32443334799396,94.53503043353392
555.3616618228265,378.0816499225934,57.32443334799396,94.53503043353392
556.5494867989556,378.67556241065796,57.32443334799396,94.53503043353392
559.5190492392786,379.26947489872254,57.32443334799396,94.53503043353392
556.5494867989556,376.8938249464642,57.32443334799396,94.53503043353392
564.2703491437952,383.4268623151746,57.32443334799396,94.53503043353392
564.8642616318598,383.4268623151746,57.32443334799396,94.53503043353392
563.6764366557306,379.8633873867871,57.32443334799396,94.53503043353392
563.0825241676661,381.6451248509809,57.32443334799396,94.53503043353392
567.2399115841182,381.0512123629163,57.32443334799396,94.53503043353392
563.0825241676661,377.4877374345288,57.32443334799396,94.53503043353392
568.4277365602474,379.86338738678717,57.32443334799396,94.53503043353392
564.8642616318598,381.64512485098095,57.32443334799396,94.53503043353392
569.6155615363765,379.86338738678717,57.32443334799396,94.53503043353392
571.3972990005702,376.89382494646424,57.32443334799396,94.53503043353392
573.7729489528285,379.2694748987226,57.32443334799396,94.53503043353392
574.9607739289577,381.0512123629164,57.32443334799396,94.53503043353392
573.7729489528285,380.4572998748518,57.32443334799396,94.53503043353392
574.3668614408931,380.4572998748518,57.32443334799396,94.53503043353392
577.9303363692807,381.0512123629164,57.32443334799396,94.53503043353392
579.1181613454098,381.64512485098095,57.32443334799396,94.53503043353392
581.4938112976681,384.0207748032393,57.32443334799396,94.53503043353392
582.6816362737973,381.0512123629164,57.32443334799396,94.53503043353392
581.4938112976681,383.42686231517473,57.32443334799396,94.53503043353392
583.2755487618618,381.64512485098095,57.32443334799396,94.53503043353392
584.463373737991,379.86338738678717,57.32443334799396,94.53503043353392
585.6511987141201,383.4268623151747,57.32443334799396,94.53503043353392
588.0268486663784,382.2390373390455,57.32443334799396,94.53503043353392
590.4024986186367,384.0207748032393,57.32443334799396,94.53503043353392
590.4024986186367,378.675562410658,57.32443334799396,94.53503043353392
592.778148570895,378.675562410658,57.32443334799396,94.53503043353392
594.5598860350888,384.0207748032393,57.32443334799396,94.53503043353392
596.3416234992825,385.20859977936846,57.32443334799396,94.53503043353392
598.1233609634762,380.45729987485174,57.32443334799396,94.53503043353392
599.3111859396054,382.2390373390455,57.32443334799396,94.53503043353392
599.9050984276699,396.4929370525956,57.32443334799396,94.53503043353392
602.2807483799282,391.1477246600143,57.32443334799396,94.53503043353392
604.062485844122,386.9903372435622,57.32443334799396,94.53503043353392
605.2503108202511,383.4268623151747,57.32443334799396,94.53503043353392
610.5955232128324,376.89382494646424,57.32443334799396,94.53503043353392
611.7833481889616,381.64512485098095,57.32443334799396,94.53503043353392
617.1285605815428,373.33035001807673,57.32443334799396,94.53503043353392
614.7529106292845,376.29991245839966,57.32443334799396,94.53503043353392
617.7224730696075,378.08164992259344,57.32443334799396,94.53503043353392
620.6920355099305,373.9242625061413,57.32443334799396,94.53503043353392
621.8798604860597,374.5181749942059,57.32443334799396,94.53503043353392
624.255510438318,375.70599997033503,57.32443334799396,94.53503043353392
626.0372479025117,371.5486125538829,57.32443334799396,94.53503043353392
627.2250728786408,377.48773743452875,57.32443334799396,94.53503043353392
626.6311603905763,383.4268623151746,57.32443334799396,94.53503043353392
626.0372479025117,386.39642475549755,57.32443334799396,94.53503043353392
626.6311603905763,383.4268623151746,57.32443334799396,94.53503043353392
631.382460295093,380.4572998748517,57.32443334799396,94.53503043353392
633.1641977592867,375.1120874822704,57.32443334799396,94.53503043353392
630.7885478070284,380.4572998748517,57.32443334799396,94.53503043353392
633.7581102473514,382.23903733904547,57.32443334799396,94.53503043353392
634.9459352234805,377.48773743452875,57.32443334799396,94.53503043353392
637.9154976638035,372.73643753001204,57.32443334799396,94.53503043353392
638.5094101518681,369.7668750896891,57.32443334799396,94.53503043353392
641.4789725921911,375.1120874822704,57.32443334799396,94.53503043353392
644.4485350325141,370.95470006581826,57.32443334799396,94.53503043353392
648.0120099609017,376.29991245839955,57.32443334799396,94.53503043353392
651.5754848892892,368.5790501135599,57.32443334799396,94.53503043353392
655.1389598176768,361.45210025678483,57.32443334799396,94.53503043353392
659.8902597221935,363.2338377209786,57.32443334799396,94.53503043353392
664.6415596267102,369.1729626016245,57.32443334799396,94.53503043353392
665.2354721147748,375.7059999703349,57.32443334799396,94.53503043353392
665.1072234933198,377.5158886066114,62.3322304954207,102.79350292227275
668.9819995290899,371.0579285469947,62.3322304954207,102.79350292227275
674.1483675767832,367.18315251122465,62.3322304954207,102.79350292227275
672.0715272840763,359.4642108660681,67.77750309275788,111.77342615296917
674.8803753194164,367.89075497208853,67.77750309275788,111.77342615296917
678.3914353635917,368.59296698092356,67.77750309275788,111.77342615296917
681.2002833989318,365.78411894558343,67.77750309275788,111.77342615296917
685.413555451942,362.27305890140826,67.77750309275788,111.77342615296917
688.9246154961172,354.54872680422284,67.77750309275788,111.77342615296917
693.1378875491274,346.8243947070374,67.77750309275788,111.77342615296917
695.2445235756326,347.52660671587245,67.77750309275788,111.77342615296917
698.7555836198078,350.3354547512126,67.77750309275788,111.77342615296917
698.7555836198078,351.0376667600476,67.77750309275788,111.77342615296917
705.7777037081581,343.3133346628622,67.77750309275788,111.77342615296917
704.3732796904881,354.5487268042228,67.77750309275788,111.77342615296917
712.0976117876735,351.73987876888265,67.77750309275788,111.77342615296917
707.8843397346633,351.0376667600476,67.77750309275788,111.77342615296917
714.9064598230136,347.52660671587245,67.77750309275788,111.77342615296917
704.3732796904881,365.78411894558343,67.77750309275788,111.77342615296917
726.8440639732092,327.1624584596563,67.77750309275788,111.77342615296917
740.1860921410749,328.5668824773264,67.77750309275788,111.77342615296917
739.4838801322398,348.9310307335425,67.77750309275788,111.77342615296917
740.8883041499099,325.0558224331512,67.77750309275788,111.77342615296917
748.6126362470953,332.0779425215016,67.77750309275788,111.77342615296917
750.0170602647654,322.2469743978111,67.77750309275788,111.77342615296917
749.3148482559303,325.75803444198624,67.77750309275788,111.77342615296917
751.4214842824355,328.5668824773264,67.77750309275788,111.77342615296917
761.954664414961,335.58900256567676,67.77750309275788,111.77342615296917
768.2745724944764,318.0337023448008,67.77750309275788,111.77342615296917
769.6789965121465,325.75803444198624,67.77750309275788,111.77342615296917
771.7856325386516,320.1403383713059,67.77750309275788,111.77342615296917
763.3590884326311,333.48236653917166,67.77750309275788,111.77342615296917
772.4878445474866,322.9491864066461,67.77750309275788,111.77342615296917
752.8259083001055,345.41997068936735,67.77750309275788,111.77342615296917
773.1900565563217,318.0337023448009,67.77750309275788,111.77342615296917
773.8922685651568,318.0337023448009,67.77750309275788,111.77342615296917
763.9096657748914,327.89795498682787,73.69846849658768,121.53782523998674
779.180794762995,311.86326954931917,73.69846849658768,121.53782523998674
773.8358996171587,311.09971309991397,73.69846849658768,121.53782523998674
782.2350205606158,307.2819308528881,73.69846849658768,121.53782523998674
787.5799157064521,304.99126150467254,73.69846849658768,121.53782523998674
792.1612544028831,303.4641486058622,73.69846849658768,121.53782523998674
789.1070286052625,301.93703570705185,73.69846849658768,121.53782523998674
794.4519237510988,301.17347925764665,73.69846849658768,121.53782523998674
799.7968188969351,300.40992280824145,73.69846849658768,121.53782523998674
898.1307195720196,273.72163929497424,80.13668268819549,132.1552310998312
923.6894904130886,275.42151296235306,87.13733193201799,143.70016143174902
924.5922808392388,261.87965657009994,87.13733193201799,143.70016143174902
927.3006521176894,260.97686614394974,87.13733193201799,143.70016143174902
915.5643765777368,262.78244699625014,87.13733193201799,143.70016143174902
920.981119134638,260.97686614394974,87.13733193201799,143.70016143174902
916.467167003887,264.58802784855055,87.13733193201799,143.70016143174902
921.8839095607882,260.97686614394974,87.13733193201799,143.70016143174902
916.467167003887,266.39360870085096,87.13733193201799,143.70016143174902
924.5922808392388,263.68523742240035,87.13733193201799,143.70016143174902
912.8560052992862,265.49081827470076,87.13733193201799,143.70016143174902
911.0504244469857,271.8103512577522,87.13733193201799,143.70016143174902
912.8560052992862,260.0740757177995,87.13733193201799,143.70016143174902
910.1476340208355,260.9768661439497,87.13733193201799,143.70016143174902
908.3420531685351,266.3936087008509,87.13733193201799,143.70016143174902
911.0504244469857,272.71314168390234,87.13733193201799,143.70016143174902
909.2448435946853,281.74104594540444,87.13733193201799,143.70016143174902
912.8560052992862,277.2270938146534,87.13733193201799,143.70016143174902
904.7308914639343,261.8796565700999,87.13733193201799,143.70016143174902
905.6336818900845,266.3936087008509,87.13733193201799,143.70016143174902
898.4113584808829,271.81035125775213,87.13733193201799,143.70016143174902
900.2169393331833,277.22709381465336,87.13733193201799,143.70016143174902
906.5364723162347,271.81035125775213,87.13733193201799,143.70016143174902
893.8974063501319,264.5880278485505,87.13733193201799,143.70016143174902
902.0225201854837,282.64383637155464,87.13733193201799,143.70016143174902
898.4113584808829,288.06057892845587,87.13733193201799,143.70016143174902
905.6336818900845,291.6717406330567,87.13733193201799,143.70016143174902
895.7029872024323,288.06057892845587,87.13733193201799,143.70016143174902
898.4113584808829,293.4773214853571,87.13733193201799,143.70016143174902
906.5364723162347,300.69964489455873,87.13733193201799,143.70016143174902
884.8695020886297,279.03267466695377,87.13733193201799,143.70016143174902
876.7443882532779,267.29639912700105,87.13733193201799,143.70016143174902
882.1611308101791,284.449417223855,87.13733193201799,143.70016143174902
880.3555499578787,292.57453105920683,87.13733193201799,143.70016143174902
888.4806637932305,306.11638745145996,87.13733193201799,143.70016143174902
890.2862446455309,310.630339582211,87.13733193201799,143.70016143174902
880.3555499578787,309.7275491560608,87.13733193201799,143.70016143174902
870.4248552702264,300.69964489455873,87.13733193201799,143.70016143174902
867.7164839917758,285.3522076500052,87.13733193201799,143.70016143174902
865.0081127133252,288.0605789284558,87.13733193201799,143.70016143174902
859.591370156424,288.963369354606,87.13733193201799,143.70016143174902
862.2997414348746,292.57453105920683,87.13733193201799,143.70016143174902
855.077418025673,297.08848318995786,87.13733193201799,143.70016143174902
856.8829988779734,302.5052257468591,87.13733193201799,143.70016143174902
848.7578850426215,291.6717406330566,87.13733193201799,143.70016143174902
841.5355616334199,288.06057892845575,87.13733193201799,143.70016143174902
834.3132382242183,293.477321485357,87.13733193201799,143.70016143174902
839.7299807811195,283.5466267977047,87.13733193201799,143.70016143174902
829.7992860934672,289.8661597807561,87.13733193201799,143.70016143174902
823.4797531104158,292.5745310592067,87.13733193201799,143.70016143174902
818.9658009796648,293.4773214853569,87.13733193201799,143.70016143174902
823.4797531104158,286.2549980761553,87.13733193201799,143.70016143174902
815.354639275064,293.4773214853569,87.13733193201799,143.70016143174902
818.9658009796648,300.69964489455856,87.13733193201799,143.70016143174902
814.4518488489138,311.53313000836107,87.13733193201799,143.70016143174902
804.5211541612615,344.03358534976854,87.13733193201799,143.70016143174902
798.2016211782101,355.76986088972126,87.13733193201799,143.70016143174902
796.3960403259097,354.86707046357105,87.13733193201799,143.70016143174902
799.1044116043603,362.9921842989229,87.13733193201799,143.70016143174902
794.5904594736093,368.4089268558241,87.13733193201799,143.70016143174902
796.3960403259097,375.63125026502576,87.13733193201799,143.70016143174902
795.4932498997595,377.43683111732616,87.13733193201799,143.70016143174902
790.9792977690084,381.9507832480772,87.13733193201799,143.70016143174902
791.8820881951586,385.561944952678,87.13733193201799,143.70016143174902
794.5904594736093,391.88147793572944,87.13733193201799,143.70016143174902
797.2988307520599,399.10380134493107,87.13733193201799,143.70016143174902
790.9792977690084,402.7149630495319,87.13733193201799,143.70016143174902
790.0765073428582,409.9372864587335,87.13733193201799,143.70016143174902
786.4653456382574,410.84007688488373,87.13733193201799,143.70016143174902
792.7848786213088,417.15960986793516,87.13733193201799,143.70016143174902
795.4932498997595,421.6735619986862,87.13733193201799,143.70016143174902
798.2016211782101,427.0903045555874,87.13733193201799,143.70016143174902
790.9792977690084,431.60425668633843,87.13733193201799,143.70016143174902
792.7848786213088,437.02099924323966,87.13733193201799,143.70016143174902
789.173716916708,442.43774180014094,87.13733193201799,143.70016143174902
790.9792977690084,450.5628556354928,87.13733193201799,143.70016143174902
796.3960403259097,455.0768077662438,87.13733193201799,143.70016143174902
790.0765073428582,455.0768077662438,87.13733193201799,143.70016143174902
789.173716916708,462.29913117544544,87.13733193201799,143.70016143174902
795.4932498997595,470.4242450107973,87.13733193201799,143.70016143174902
787.3681360644076,475.8409875676985,87.13733193201799,143.70016143174902
784.659764785957,483.06331097690014,87.13733193201799,143.70016143174902
789.173716916708,480.3549396984495,87.13733193201799,143.70016143174902
781.9513935075064,487.57726310765116,87.13733193201799,143.70016143174902
779.2430222290558,489.3828439599516,87.13733193201799,143.70016143174902
780.145812655206,499.3135386476038,87.13733193201799,143.70016143174902
782.8541839336566,504.73028120450505,87.13733193201799,143.70016143174902
781.9513935075064,510.1470237614063,87.13733193201799,143.70016143174902
773.8262796721546,515.5637663183076,87.13733193201799,143.70016143174902
777.4374413767554,520.0777184490586,87.13733193201799,143.70016143174902
773.8262796721546,526.39725143211,87.13733193201799,143.70016143174902
767.5067466891031,527.3000418582602,87.13733193201799,143.70016143174902
768.4095371152533,534.5223652674619,87.13733193201799,143.70016143174902
772.0206988198541,540.8418982505133,87.13733193201799,143.70016143174902
765.7011658368027,544.4530599551141,87.13733193201799,143.70016143174902
760.8768142861716,548.9936318932399,80.53580736257675,132.8134367031968
763.3799993471716,554.8343970355735,80.53580736257675,132.8134367031968
757.5392342048381,561.5095571982405,80.53580736257675,132.8134367031968
759.2080242455047,568.1847173609075,80.53580736257675,132.8134367031968
753.3672591031711,570.6879024219076,80.53580736257675,132.8134367031968
755.036049143838,575.6942725439078,80.53580736257675,132.8134367031968
750.0296790218376,582.3694327065748,80.53580736257675,132.8134367031968
753.3672591031711,594.0509629912419,80.53580736257675,132.8134367031968
753.3672591031711,602.3949131945757,80.53580736257675,132.8134367031968
755.8704441641712,608.2356783369092,80.53580736257675,132.8134367031968
760.0424192658381,598.2229380929089,80.53580736257675,132.8134367031968
755.8704441641712,599.8917281335756,80.53580736257675,132.8134367031968
757.3590561259844,596.593697983039,87.57132368295106,144.41586712627026
753.7299088535868,604.7592793459332,87.57132368295106,144.41586712627026
753.7299088535868,583.8916825296477,87.57132368295106,144.41586712627026
755.5444824897855,580.2625352572502,87.57132368295106,144.41586712627026
758.2663429440836,577.5406748029521,87.57132368295106,144.41586712627026
765.5246374888785,571.1896670762566,87.57132368295106,144.41586712627026
762.8027770345805,557.5803648047661,87.57132368295106,144.41586712627026
730.1404515830031,555.7657911685674,87.57132368295106,144.41586712627026
728.0139325674056,566.6799853743896,80.93691989695365,133.47492053181838
731.3681356298571,558.2944777182609,80.93691989695365,133.47492053181838
718.7898741456642,560.8101300150995,80.93691989695365,133.47492053181838
725.4982802705671,551.5860715933579,80.93691989695365,133.47492053181838
666.7997266776665,508.8199825471019,80.93691989695365,133.47492053181838
658.4142190215379,505.46577948465045,80.93691989695365,133.47492053181838
661.7684220839893,503.7886779534247,80.93691989695365,133.47492053181838
662.6069728496021,508.8199825471019,80.93691989695365,133.47492053181838
662.6069728496021,513.851287140779,80.93691989695365,133.47492053181838
666.7997266776664,504.62722871903765,80.93691989695365,133.47492053181838
666.7997266776664,514.6898379063921,80.93691989695365,133.47492053181838
667.6382774432792,518.0440409688435,80.93691989695365,133.47492053181838
672.381269640583,515.5531142995793,74.80513856479757,123.36286008931535
672.381269640583,517.1031586129817,74.80513856479757,123.36286008931535
676.2563804240889,521.7532915531888,74.80513856479757,123.36286008931535
677.0314025807901,525.6284023366946,74.80513856479757,123.36286008931535
677.8064247374913,532.6036017470052,74.80513856479757,123.36286008931535
673.9313139539854,539.5788011573158,74.80513856479757,123.36286008931535
673.9313139539854,545.7789784109252,74.80513856479757,123.36286008931535
677.8064247374913,551.9791556645347,74.80513856479757,123.36286008931535
675.4813582673878,558.9543550748452,74.80513856479757,123.36286008931535
675.4813582673878,568.2546209552594,74.80513856479757,123.36286008931535
674.7063361106866,572.1297317387653,74.80513856479757,123.36286008931535
676.256380424089,575.2298203655699,74.80513856479757,123.36286008931535
677.0314025807902,579.879953305777,74.80513856479757,123.36286008931535
675.4813582673878,583.7550640892829,74.80513856479757,123.36286008931535
677.8064247374913,590.7302634995934,74.80513856479757,123.36286008931535
673.9313139539854,589.9552413428922,74.80513856479757,123.36286008931535
667.7311367003759,596.9304407532028,74.80513856479757,123.36286008931535
666.9561145436747,603.1306180068123,74.80513856479757,123.36286008931535
668.5061588570771,600.0305293800076,74.80513856479757,123.36286008931535
669.2811810137783,604.6806623202147,74.80513856479757,123.36286008931535
666.9561145436749,599.2555072233064,74.80513856479757,123.36286008931535
666.9561145436749,591.5052856562946,74.80513856479757,123.36286008931535
668.5061588570773,580.6549754624782,74.80513856479757,123.36286008931535
665.4060702302726,576.0048425222711,74.80513856479757,123.36286008931535
666.956114543675,571.3547095820641,74.80513856479757,123.36286008931535
669.2811810137785,556.6292886047416,74.80513856479757,123.36286008931535
666.956114543675,552.7541778212358,74.80513856479757,123.36286008931535
666.956114543675,561.2794215449487,74.80513856479757,123.36286008931535
666.956114543675,555.8542664480404,74.80513856479757,123.36286008931535
663.0810037601691,551.9791556645346,74.80513856479757,123.36286008931535
663.8560259168703,548.8790670377299,74.80513856479757,123.36286008931535
659.9809151333644,555.8542664480404,74.80513856479757,123.36286008931535
657.6558486632609,553.529199977937,74.80513856479757,123.36286008931535
659.9809151333644,548.1040448810287,74.80513856479757,123.36286008931535
660.7559372900656,538.8037790006146,74.80513856479757,123.36286008931535
659.9809151333644,532.6036017470051,74.80513856479757,123.36286008931535
658.430870819962,522.5283137098897,74.80513856479757,123.36286008931535
659.9809151333644,524.8533801799932,74.80513856479757,123.36286008931535
658.430870819962,518.6532029263838,74.80513856479757,123.36286008931535
659.2058929766632,514.0030699861767,74.80513856479757,123.36286008931535
659.9809151333644,510.1279592026708,74.80513856479757,123.36286008931535
659.2058929766632,502.37773763565906,74.80513856479757,123.36286008931535
662.3059816034679,496.9525825387508,74.80513856479757,123.36286008931535
663.5895560686462,500.07552357949896,69.13790100763623,114.01688938101417
663.5895560686462,499.35921710407797,69.13790100763623,114.01688938101417
665.7384754949093,498.642910628657,69.13790100763623,114.01688938101417
667.8873949211724,501.50813653034106,69.13790100763623,114.01688938101417
670.0363143474355,501.50813653034106,69.13790100763623,114.01688938101417
667.1710884457514,504.37336243202515,69.13790100763623,114.01688938101417
662.1569431178043,505.80597538286713,69.13790100763623,114.01688938101417
662.8732495932253,507.2385883337091,69.13790100763623,114.01688938101417
663.5895560686463,506.5222818582881,69.13790100763623,114.01688938101417
665.0221690194883,507.2385883337091,69.13790100763623,114.01688938101417
665.7384754949093,504.37336243202503,69.13790100763623,114.01688938101417
664.3058625440673,504.37336243202503,69.13790100763623,114.01688938101417
665.7384754949093,503.65705595660404,69.13790100763623,114.01688938101417
668.6037013965934,502.22444300576205,69.13790100763623,114.01688938101417
662.1569431178042,507.2385883337091,69.13790100763623,114.01688938101417
662.1569431178042,507.2385883337091,69.13790100763623,114.01688938101417
662.8732495932252,510.1038142353932,69.13790100763623,114.01688938101417
664.3058625440672,507.2385883337091,69.13790100763623,114.01688938101417
661.4406366423831,506.5222818582881,69.13790100763623,114.01688938101417
662.8732495932251,507.2385883337091,69.13790100763623,114.01688938101417
660.724330166962,507.9548948091301,69.13790100763623,114.01688938101417
663.5895560686461,513.6853466124982,69.13790100763623,114.01688938101417
666.4547819703301,512.9690401370772,69.13790100763623,114.01688938101417
664.305862544067,509.3875077599721,69.13790100763623,114.01688938101417
664.305862544067,501.50813653034095,69.13790100763623,114.01688938101417
665.022169019488,501.50813653034095,69.13790100763623,114.01688938101417
665.738475494909,502.94074948118293,69.13790100763623,114.01688938101417
666.45478197033,502.94074948118293,69.13790100763623,114.01688938101417
665.022169019488,504.3733624320249,69.13790100763623,114.01688938101417
666.45478197033,506.522281858288,69.13790100763623,114.01688938101417
667.171088445751,507.238588333709,69.13790100763623,114.01688938101417
667.887394921172,506.522281858288,69.13790100763623,114.01688938101417
670.0363143474351,504.3733624320249,69.13790100763623,114.01688938101417
672.1852337736982,502.2244430057618,69.13790100763623,114.01688938101417
674.3341531999613,500.79183005491984,69.13790100763623,114.01688938101417
677.9156855770664,503.6570559566039,69.13790100763623,114.01688938101417
683.6461373804344,500.07552357949885,69.13790100763623,114.01688938101417
687.9439762329605,499.35921710407786,69.13790100763623,114.01688938101417
690.0928956592236,499.35921710407786,69.13790100763623,114.01688938101417
693.6744280363287,497.21029767781476,69.13790100763623,114.01688938101417
699.4048798396967,499.35921710407786,69.13790100763623,114.01688938101417
701.5537992659598,502.22444300576194,69.13790100763623,114.01688938101417
705.8516381184859,505.089668907446,69.13790100763623,114.01688938101417
710.8657834464329,500.79183005491996,69.13790100763623,114.01688938101417
716.596235249801,497.2102976778149,69.13790100763623,114.01688938101417
722.326687053169,490.7635393990257,69.13790100763623,114.01688938101417
726.6245259056951,490.0472329236047,69.13790100763623,114.01688938101417
733.0712841844843,490.0472329236047,69.13790100763623,114.01688938101417
737.3691230370104,492.9124588252888,69.13790100763623,114.01688938101417
743.8158813157995,489.33092644818373,69.13790100763623,114.01688938101417
748.8300266437466,487.18200702192064,69.13790100763623,114.01688938101417
753.8441719716936,485.03308759565755,69.13790100763623,114.01688938101417
762.4398496767458,478.5863293168684,69.13790100763623,114.01688938101417
769.6029144309559,477.1537163660264,69.13790100763623,114.01688938101417
778.1985921360081,472.85587751350033,69.13790100763623,114.01688938101417
781.0638180376922,469.99065161181625,69.13790100763623,114.01688938101417
790.3758022181653,468.55803866097426,69.13790100763623,114.01688938101417
794.6736410706914,464.9765062838692,69.13790100763623,114.01688938101417
798.9714799232174,461.3949739067641,69.13790100763623,114.01688938101417
805.4182382020066,457.09713505423804,69.13790100763623,114.01688938101417
812.5813029562167,447.06884439834386,69.13790100763623,114.01688938101417
819.0280612350059,441.33839259497574,69.13790100763623,114.01688938101417
824.758513038374,436.3242472670286,69.13790100763623,114.01688938101417
831.9215777925841,427.01226308655544,69.13790100763623,114.01688938101417
836.2194166451102,414.8350530043982,69.13790100763623,114.01688938101417
844.0987878747413,411.9698271027142,69.13790100763623,114.01688938101417
849.8292396781094,399.792617020557,69.13790100763623,114.01688938101417
851.9781591043725,387.61540693839976,69.13790100763623,114.01688938101417
854.8433850060566,381.16864865961065,69.13790100763623,114.01688938101417
856.2759979568986,366.8425191511904,69.13790100763623,114.01688938101417
862.7227562356877,363.9772932495064,69.13790100763623,114.01688938101417
864.1553691865297,349.6511637410861,69.13790100763623,114.01688938101417
867.7369015636348,343.920711937718,69.13790100763623,114.01688938101417
872.7510468915818,341.771792511455,69.13790100763623,114.01688938101417
874.8999663178449,333.89242128182383,69.13790100763623,114.01688938101417
878.48149869495,328.1619694784557,69.13790100763623,114.01688938101417
883.4956440228971,326.7293565276137,69.13790100763623,114.01688938101417
884.928256973739,320.28259824882457,69.13790100763623,114.01688938101417
888.5097893508441,318.13367882256154,69.13790100763623,114.01688938101417
892.8076282033702,315.2684529208775,69.13790100763623,114.01688938101417
895.6728541050543,310.2543075929304,69.13790100763623,114.01688938101417
899.9706929575804,307.38908169124636,69.13790100763623,114.01688938101417
904.2685318101064,313.1195334946145,69.13790100763623,114.01688938101417
908.5663706626325,315.2684529208775,69.13790100763623,114.01688938101417
913.5805159905796,320.9989047242456,69.13790100763623,114.01688938101417
919.3109677939476,322.43151767508766,69.13790100763623,114.01688938101417
919.3109677939476,324.5804371013507,69.13790100763623,114.01688938101417
924.3251131218947,336.0413407080869,69.13790100763623,114.01688938101417
927.9066454989998,343.92071193771807,69.13790100763623,114.01688938101417
932.2044843515258,348.9348572656652,69.13790100763623,114.01688938101417
935.7860167286309,360.3957608724014,69.13790100763623,114.01688938101417
938.651242630315,363.26098677408544,69.13790100763623,114.01688938101417
942.2327750074201,374.72189038082166,69.13790100763623,114.01688938101417
943.665387958262,381.8849551350318,69.13790100763623,114.01688938101417
948.6795332862091,396.21108464345207,69.13790100763623,114.01688938101417
956.5589045158403,414.1187465289774,69.13790100763623,114.01688938101417
958.7078239421033,419.1328918569245,69.13790100763623,114.01688938101417
964.4382757454714,434.1753278407658,69.13790100763623,114.01688938101417
966.5871951717345,447.7851508737651,69.13790100763623,114.01688938101417
969.4524210734186,462.1112803821853,69.13790100763623,114.01688938101417
969.4524210734186,464.2601998084484,69.13790100763623,114.01688938101417
970.8850340242606,477.15371636602663,69.13790100763623,114.01688938101417
973.0339534505237,482.8841681693947,69.13790100763623,114.01688938101417
973.0339534505237,495.7776847269729,69.13790100763623,114.01688938101417
978.7644052538917,510.1038142353932,69.13790100763623,114.01688938101417
985.2111635326809,524.4299437438135,69.13790100763623,114.01688938101417
983.7785505818389,538.0397667768128,69.13790100763623,114.01688938101417
992.3742282868911,552.3658962852331,69.13790100763623,114.01688938101417
996.6720671394173,566.6920257936534,69.13790100763623,114.01688938101417
991.6579218114703,569.5572516953375,69.13790100763623,114.01688938101417
988.7926959097862,578.1529294003897,69.13790100763623,114.01688938101417
987.3600829589442,584.5996876791788,69.13790100763623,114.01688938101417
991.6579218114703,591.046445957968,69.13790100763623,114.01688938101417
993.8068412377334,595.3442848104941,69.13790100763623,114.01688938101417
992.3742282868914,601.7910430892832,69.13790100763623,114.01688938101417
995.9557606639964,613.9682531714404,69.13790100763623,114.01688938101417
995.2394541885753,616.8334790731245,69.13790100763623,114.01688938101417
982.3459376309971,618.9823984993876,69.13790100763623,114.01688938101417
985.9274700081022,613.9682531714406,69.13790100763623,114.01688938101417
983.0622441064181,609.6704143189145,69.13790100763623,114.01688938101417
981.6296311555761,612.5356402205986,69.13790100763623,114.01688938101417
976.6154858276291,612.5356402205986,69.13790100763623,114.01688938101417
975.8991793522081,611.8193337451776,69.13790100763623,114.01688938101417
963.0056627946299,608.2378013680725,69.13790100763623,114.01688938101417
976.6154858276292,594.6279783350732,69.13790100763623,114.01688938101417
957.9915174666828,597.4932042367573,69.13790100763623,114.01688938101417
969.452421073419,589.6138330071261,69.13790100763623,114.01688938101417
969.452421073419,579.5855423512319,69.13790100763623,114.01688938101417
965.870888696314,571.7061711216007,69.13790100763623,114.01688938101417
960.1404368929459,569.5572516953376,69.13790100763623,114.01688938101417
950.1121462370517,565.2594128428116,69.13790100763623,114.01688938101417
945.6596291787997,569.591204284749,75.17770922245619,123.97727485808566
940.2074538311289,554.0135604342607,75.17770922245619,123.97727485808568
933.9763962909336,545.4458563164923,75.17770922245619,123.97727485808568
921.514281210543,535.3203878136749,75.17770922245619,123.97727485808568
919.1776346329698,523.6371549258087,75.17770922245619,123.97727485808568
921.514281210543,514.2905686155157,75.17770922245619,123.97727485808568
881.791289391798,492.4818672248321,75.17770922245619,123.97727485808568
879.4546428142248,491.7029850323077,75.17770922245619,123.97727485808568
886.4645825469445,493.2607494173565,75.17770922245619,123.97727485808568
885.6857003544201,501.828453535125,75.17770922245619,123.97727485808568
887.2434647394689,505.722864497747,75.17770922245619,123.97727485808568
883.3490537768469,512.7328042304667,75.17770922245619,123.97727485808568
887.2434647394689,516.6272151930888,75.17770922245619,123.97727485808568
892.6956400871397,522.858272733284,75.17770922245619,123.97727485808568
894.2534044721885,525.9738015033817,75.17770922245619,123.97727485808568
897.3689332422862,531.4259768510525,75.17770922245619,123.97727485808568
902.0422263974326,542.3303275463943,75.17770922245619,123.97727485808568
897.3689332422862,544.6669741239675,75.17770922245619,123.97727485808568
901.2633442049082,549.340267279114,75.17770922245619,123.97727485808568
896.5900510497618,555.5713248193092,75.17770922245619,123.97727485808568
902.821108589957,550.1191494716384,75.17770922245619,123.97727485808568
898.1478154348106,557.9079713968824,75.17770922245619,123.97727485808568
908.273283937628,562.5812645520289,75.17770922245619,123.97727485808568
906.7155195525792,564.9179111296021,75.17770922245619,123.97727485808568
911.3888127077256,567.2545577071753,75.17770922245619,123.97727485808568
913.7254592852988,573.4856152473706,75.17770922245619,123.97727485808568
923.0720455955918,574.264497439895,75.17770922245619,123.97727485808568
932.4186319058848,578.9377905950414,75.17770922245619,123.97727485808568
929.3031031357872,581.2744371726146,75.17770922245619,123.97727485808568
926.1875743656896,575.0433796324194,75.17770922245619,123.97727485808568
926.1875743656896,579.7166727875658,75.17770922245619,123.97727485808568
924.6298099806407,580.4955549800902,75.17770922245619,123.97727485808568
926.1875743656896,582.053319365139,75.17770922245619,123.97727485808568
926.1875743656896,572.706733054846,75.17770922245619,123.97727485808568
930.0819853283116,578.9377905950413,75.17770922245619,123.97727485808568
924.6298099806407,582.8322015576633,75.17770922245619,123.97727485808568
921.5142812105431,592.1787878679563,75.17770922245619,123.97727485808568
920.7353990180187,590.6210234829075,75.17770922245619,123.97727485808568
919.9565168254943,589.8421412903831,75.17770922245619,123.97727485808568
923.0720455955919,589.0632590978587,75.17770922245619,123.97727485808568
924.362012966282,595.3172828695648,69.4822457109782,114.58475608477112
922.2023907415313,596.0371569444817,69.4822457109782,114.58475608477112
925.0818870411989,593.1576606448141,69.4822457109782,114.58475608477112
922.9222648164482,592.4377865698972,69.4822457109782,114.58475608477112
924.362012966282,589.5582902702296,69.4822457109782,114.58475608477112
922.9222648164482,590.2781643451465,69.4822457109782,114.58475608477112
922.9222648164482,586.6787939705621,69.4822457109782,114.58475608477112
927.2415092659495,586.6787939705621,69.4822457109782,114.58475608477112
924.1145042546601,580.9410276809588,64.21827053488684,105.90381456630466
928.7718591421882,579.6103548559507,64.21827053488684,105.90381456630466
925.4451770796682,576.2836727934307,64.21827053488684,105.90381456630466
922.7838314296521,574.9529999684227,64.21827053488684,105.90381456630466
926.1105134921721,572.2916543184066,64.21827053488684,105.90381456630466
922.1184950171481,570.2956450808946,64.21827053488684,105.90381456630466
924.7798406671642,573.6223271434146,64.21827053488684,105.90381456630466
926.1105134921722,572.9569907309107,64.21827053488684,105.90381456630466
927.4411863171803,570.2956450808946,64.21827053488684,105.90381456630466
931.4332047922043,569.6303086683906,64.21827053488684,105.90381456630466
932.0985412047082,565.6382901933666,64.21827053488684,105.90381456630466
928.1065227296842,566.9689630183747,64.21827053488684,105.90381456630466
924.7798406671642,565.6382901933666,64.21827053488684,105.90381456630466
926.7758499046762,564.9729537808627,64.21827053488684,105.90381456630466
922.7838314296522,564.9729537808627,64.21827053488684,105.90381456630466
921.4531586046442,564.3076173683587,64.21827053488684,105.90381456630466
920.1224857796361,563.6422809558547,64.21827053488684,105.90381456630466
921.4531586046442,561.6462717183427,64.21827053488684,105.90381456630466
919.4571493671322,561.6462717183427,64.21827053488684,105.90381456630466
918.7918129546282,562.3116081308467,64.21827053488684,105.90381456630466
918.7918129546282,556.9889168308147,64.21827053488684,105.90381456630466
916.7958037171162,558.3195896558227,64.21827053488684,105.90381456630466
918.7918129546282,558.3195896558227,64.21827053488684,105.90381456630466
917.4611401296202,555.6582440058066,64.21827053488684,105.90381456630466
916.7958037171162,553.6622347682946,64.21827053488684,105.90381456630466
918.1264765421242,551.0008891182786,64.21827053488684,105.90381456630466
918.1264765421242,551.0008891182786,64.21827053488684,105.90381456630466
917.4611401296203,549.0048798807666,64.21827053488684,105.90381456630466
916.1304673046122,549.6702162932705,64.21827053488684,105.90381456630466
914.5710370288334,544.3671431976713,59.35309413639642,97.88054120739062
914.5710370288334,545.5970042448407,59.35309413639642,97.88054120739062
915.1859675524181,546.8268652920101,59.35309413639642,97.88054120739062
914.3596102433265,540.0807614617754,54.856503518732495,90.46511106597993
915.4962970132962,540.6491048467602,54.856503518732495,90.46511106597993
914.9279536283113,542.3541350017147,54.856503518732495,90.46511106597993
916.064640398281,544.0591651566691,54.856503518732495,90.46511106597993
912.0862367033874,536.6707011518668,54.856503518732495,90.46511106597993
908.6761763934786,536.6707011518668,54.856503518732495,90.46511106597993
906.9711462385242,533.260640841958,54.856503518732495,90.46511106597993
906.9711462385242,530.9872673020188,54.856503518732495,90.46511106597993
902.9927425436306,530.9872673020188,54.856503518732495,90.46511106597993
