786.5,357.5,16,42
786.0,357.6732283464567,16.0,42.0
786.2244094488188,359.6929133858268,16.0,42.0
786.4488188976377,360.3661417322835,16.0,42.0
786.6732283464565,361.0393700787402,16.0,42.0
787.1220472440943,361.488188976378,16.0,42.0
787.1220472440943,362.1614173228347,16.0,42.0
787.3464566929132,360.59055118110246,16.0,42.0
788.2440944881888,362.3858267716536,16.0,42.0
788.6929133858266,363.732283464567,16.0,42.0
789.1417322834644,365.52755905511816,16.0,42.0
789.3661417322833,366.8740157480315,16.0,42.0
789.5905511811021,367.996062992126,16.0,42.0
790.2637795275588,369.79133858267716,16.0,42.0
790.7125984251966,371.1377952755905,16.0,42.0
791.3858267716532,370.4645669291338,16.0,42.0
791.834645669291,371.3622047244094,16.0,42.0
792.0590551181099,372.03543307086613,16.0,42.0
792.2834645669287,372.93307086614175,16.0,42.0
792.9566929133854,373.60629921259846,16.0,42.0
794.5275590551176,375.40157480314963,16.0,42.0
794.0787401574798,376.9724409448819,16.0,42.0
794.3031496062987,378.31889763779526,16.0,42.0
794.3031496062987,380.11417322834643,16.0,42.0
795.6496062992121,378.99212598425197,16.0,42.0
795.874015748031,380.56299212598424,16.0,42.0
797.4448818897632,382.5826771653543,16.0,42.0
797.6692913385821,381.9094488188976,16.0,42.0
798.5669291338577,382.8070866141732,16.0,42.0
799.0157480314955,383.9291338582677,16.0,42.0
799.4645669291333,384.8267716535433,16.0,42.0
800.13779527559,386.62204724409446,16.0,42.0
800.8110236220466,390.2125984251968,16.0,42.0
801.9330708661411,389.3149606299212,16.0,42.0
802.8307086614167,388.6417322834645,16.0,42.0
802.8307086614167,389.3149606299212,16.0,42.0
803.5039370078733,388.8661417322834,16.0,42.0
803.5039370078733,390.88582677165346,16.0,42.0
804.17716535433,392.0078740157479,16.0,42.0
805.0748031496056,396.49606299212587,16.0,42.0
805.0748031496056,398.29133858267704,16.0,42.0
805.2992125984244,399.4133858267715,16.0,42.0
806.6456692913379,399.1889763779526,16.0,42.0
807.5433070866135,399.4133858267715,16.0,42.0
808.2165354330701,398.29133858267704,16.0,42.0
808.6653543307079,398.51574803149595,16.0,42.0
809.1141732283457,400.3110236220471,16.0,42.0
809.1141732283457,402.3307086614172,16.0,42.0
810.4606299212592,404.12598425196836,16.0,42.0
811.1338582677158,404.57480314960617,16.0,42.0
811.3582677165347,407.26771653543295,16.0,42.0
812.0314960629913,407.71653543307076,16.0,42.0
812.9291338582669,407.94094488188966,16.0,42.0
813.8267716535426,409.0629921259841,16.0,42.0
814.4999999999992,409.73622047244083,16.0,42.0
814.4999999999992,407.49212598425186,16.0,42.0
814.948818897637,411.7559055118109,16.0,42.0
816.0708661417315,413.9999999999999,16.0,42.0
816.2952755905503,415.79527559055106,16.0,42.0
816.5196850393692,419.8346456692912,16.0,42.0
817.6417322834636,418.71259842519675,16.0,42.0
818.0905511811014,421.1811023622046,16.0,42.0
818.0905511811014,422.07874015748024,16.0,42.0
818.988188976377,422.07874015748024,16.0,42.0
820.3346456692905,421.40551181102353,16.0,42.0
820.7834645669283,422.527559055118,16.0,42.0
821.9055118110227,423.64960629921245,16.0,42.0
822.8031496062983,425.6692913385825,16.0,42.0
823.476377952755,429.7086614173227,16.0,42.0
824.3740157480306,431.05511811023604,16.0,42.0
825.2716535433062,431.95275590551165,16.0,42.0
826.1692913385818,433.5236220472439,16.0,42.0
826.8425196850385,434.6456692913384,16.0,42.0
828.4133858267708,436.21653543307065,16.0,42.0
827.0669291338573,434.8700787401573,16.0,42.0
827.740157480314,436.44094488188955,16.0,42.0
828.4133858267707,436.88976377952736,16.0,42.0
829.0866141732273,438.6850393700785,16.0,42.0
829.759842519684,440.7047244094486,16.0,42.0
830.4330708661406,442.05118110236197,16.0,42.0
831.1062992125973,442.4999999999998,16.0,42.0
831.7795275590539,443.84645669291314,16.0,42.0
833.1259842519673,444.07086614173204,16.0,42.0
833.3503937007862,445.6417322834643,16.0,42.0
833.799212598424,447.4370078740155,16.0,42.0
834.6968503936996,447.4370078740155,16.0,42.0
835.3700787401563,451.0275590551178,16.0,42.0
835.8188976377941,451.2519685039367,16.0,42.0
836.9409448818885,452.3740157480312,16.0,42.0
838.287401574802,456.63779527559024,16.0,42.0
838.7362204724398,458.8818897637792,16.0,42.0
840.7559055118098,462.47244094488155,16.0,42.0
842.1023622047232,463.14566929133827,16.0,42.0
842.9999999999989,465.38976377952724,16.0,42.0
845.0196850393689,469.2047244094485,16.0,42.0
845.0196850393689,470.32677165354295,16.0,42.0
846.1417322834634,472.5708661417319,16.0,42.0
846.5649086475579,468.71664504236185,17.397741760000002,45.669072119999996
847.0250532163985,462.32960115959435,18.917588646727996,49.65867019766098
845.4330711009504,457.55365481325015,18.917588646727996,49.65867019766098
845.4330711009504,456.22700305037677,18.917588646727996,49.65867019766098
844.3414312593122,453.5272799364356,20.570207624855097,53.99679501524463
841.4563381623223,453.2387706267366,20.570207624855097,53.99679501524463
840.5908102332253,448.0456030521546,20.570207624855097,53.99679501524463
841.7448474720213,446.3145471939606,20.570207624855097,53.99679501524463
840.5908102332253,447.7570937424556,20.570207624855097,53.99679501524463
840.0137916138273,445.4490192648636,20.570207624855097,53.99679501524463
837.7057171362353,439.67883307088357,20.570207624855097,53.99679501524463
837.4172078265364,440.2558516902816,20.570207624855097,53.99679501524463
836.8401892071383,434.7741748060006,20.570207624855097,53.99679501524463
836.8401892071383,432.4661003284086,20.570207624855097,53.99679501524463
836.8401892071383,428.71547930232157,20.570207624855097,53.99679501524463
836.8401892071383,428.71547930232157,20.570207624855097,53.99679501524463
836.5516798974394,429.5810072314186,20.570207624855097,53.99679501524463
836.5516798974394,430.4465351605156,20.570207624855097,53.99679501524463
837.4172078265364,430.1580258508166,20.570207624855097,53.99679501524463
837.7057171362353,430.73504447021463,20.570207624855097,53.99679501524463
838.8597543750313,432.75460963810764,20.570207624855097,53.99679501524463
838.5712450653324,431.31206308961265,20.570207624855097,53.99679501524463
839.1482636847304,433.04311894780665,20.570207624855097,53.99679501524463
839.4367729944294,435.63970273509767,20.570207624855097,53.99679501524463
839.7252823041283,438.2362865223887,20.570207624855097,53.99679501524463
839.7252823041283,439.6788330708837,20.570207624855097,53.99679501524463
840.3023009235263,438.81330514178666,20.570207624855097,53.99679501524463
840.5908102332253,438.52479583208765,20.570207624855097,53.99679501524463
841.1678288526233,441.98690754847564,20.570207624855097,53.99679501524463
841.7448474720213,443.1409447872716,20.570207624855097,53.99679501524463
841.4563381623224,443.42945409697063,20.570207624855097,53.99679501524463
842.8988847108174,443.71796340666964,20.570207624855097,53.99679501524463
842.8988847108174,445.44901926486364,20.570207624855097,53.99679501524463
843.4759033302154,446.6030565036596,20.570207624855097,53.99679501524463
844.9184498787104,445.7375285745626,20.570207624855097,53.99679501524463
845.7839778078073,447.4685844327566,20.570207624855097,53.99679501524463
846.3609964272054,449.1996402909506,20.570207624855097,53.99679501524463
847.5150336660014,451.5077147685426,20.570207624855097,53.99679501524463
848.6690709047974,455.2583357946296,20.570207624855097,53.99679501524463
850.9771453823894,457.2779009625226,20.570207624855097,53.99679501524463
851.2656546920883,459.0089568207166,20.570207624855097,53.99679501524463
851.8426733114864,459.87448474981363,20.570207624855097,53.99679501524463
851.5541640017874,463.91361508559964,20.570207624855097,53.99679501524463
852.1311826211854,464.7791430146967,20.570207624855097,53.99679501524463
852.7082012405834,465.93318025349265,20.570207624855097,53.99679501524463
853.8622384793795,467.37572680198764,20.570207624855097,53.99679501524463
853.8622384793795,473.14591299596765,20.570207624855097,53.99679501524463
854.1507477890784,476.0310060929577,20.570207624855097,53.99679501524463
855.0162757181754,478.6275898802487,20.570207624855097,53.99679501524463
855.5932943375734,479.49311780934573,20.570207624855097,53.99679501524463
857.0358408860684,482.9552295257337,20.570207624855097,53.99679501524463
