1750.5,667.5,152,74
1740.965897547887,669.8316576607476,152.16317077948673,74.03004182612955
1723.4586370289853,671.1745726998741,152.13098808700397,74.05024021141858
1710.5463734817922,673.198137380341,152.20679979108348,74.08866909118798
1695.6070907464846,675.6437157736492,152.23498102848018,74.13463677159311
1681.188037064301,675.8958994497789,152.26471633901892,74.17101431258982
1666.9204639278141,677.482990329321,152.356378190536,74.19824074509062
1652.536771817645,679.755696181904,152.38550664620297,74.22371949631538
1636.330102359471,681.8943045718389,152.49750151368275,74.26238693381333
1620.7568519066394,683.1683793167804,152.56791855099212,74.29720370391745
1605.6724735266696,683.7773724228036,152.63325558892592,74.36992768343048
1590.3968823183502,687.4566151783848,152.67059679097966,74.4283151664787
1575.961187966329,688.4568632571758,152.73388177820237,74.4950635215008
1559.0761982796346,690.3789232429206,152.7367086764594,74.49671579144184
1543.8392070931777,692.918354133249,152.79709440261544,74.56150615896273
1526.362175178863,693.855012765185,152.91508837750223,74.65567675818608
1507.5924559029522,696.2199102403218,152.9525120387197,74.67007751888809
1486.45246628649,697.7649597079849,152.95445520383896,74.67092843564775
1464.36992819225,699.3196144376852,152.95498983826076,74.67117593631674
1440.5423971638843,699.0949464137713,152.95546906171853,74.67175850831003
1410.276481649782,699.799601301538,152.95547262444236,74.67176906566642
1378.2483949991602,698.2569949785983,152.95547274081656,74.67177083009462
1345.7034222022016,700.8128497119015,152.95547281830977,74.67177364394648
1310.4455037591142,699.4423616015338,152.955471751355,74.67177476715874
1274.9184555317283,700.890029958495,152.9554678395382,74.67177826861663
1237.5638384440872,699.5128636117423,152.9554651946634,74.67177957351879
1198.651469742462,701.2279067636476,152.95545937047208,74.67178330078308
1160.1355582334647,699.4100673743554,152.95545706182662,74.67178428798647
1123.3772267176857,700.8139854847878,152.95543967121012,74.67179548232339
1084.3347778139564,702.6083929485139,152.9554367679855,74.67179676914226
1043.9247374058605,708.2156491148025,152.95543307156754,74.67179831573998
1009.4418475692779,702.109661209382,152.95542080383592,74.67180585847788
973.1916766991142,706.2480998775834,152.9554191237094,74.67180721328397
942.5762567569545,709.6913703257173,152.95541025849099,74.67181843510707
913.5688104489727,711.7670665500841,152.9554011764647,74.6718360907017
886.1453485754181,712.6405316156912,152.95539923929542,74.67187171096613
858.3541967248606,715.9653686659719,152.95539770422536,74.67188435447919
832.8824350643946,719.1019534146354,152.95538363377833,74.67204156957685
807.3555653559654,721.5700770305295,152.95539852188384,74.67210151952018
787.5608372533319,723.5882042349727,152.95572976516158,74.67252184620396
765.2055630996199,731.7851455091934,152.95574982461062,74.67255353875657
743.3396229684682,734.9683193261453,152.95584299913688,74.672672938556
723.4129626346723,739.6316755216142,152.95634431353426,74.67362334803403
701.9574946983106,747.8343599544955,152.95637206132795,74.67366194000473
682.1252691300059,748.4661978655209,152.95714476554818,74.67453563663071
662.3692941112994,750.2624411440407,152.95767224458538,74.67518908013355
643.6376106435481,751.9418841648662,152.95877406468776,74.67633094991926
626.1369776661951,751.3390433965059,152.97720590556415,74.68761240248949
608.2567965152474,755.6994766215515,152.97921171611094,74.68930786266748
591.7467713050406,759.5658438597436,152.98146142660542,74.69124159917953
572.2216304875657,768.3410075471195,152.98771169559677,74.69808579400365
558.0926880147827,768.7871349360742,153.00720156171903,74.90307909941605
546.7508080998268,769.249320102379,153.0914942237337,75.07346474365511
537.2359988222098,776.8920472585413,153.19252175277566,75.1894661704267
526.7720727907358,778.7737615972678,153.2149643354219,75.20689263180292
518.6769737010809,785.1651656711033,153.47089372879927,75.43520615769279
516.2128740324597,783.8895150032018,153.6765792619044,75.6144173196784
514.7288459146534,780.0607981966982,153.88652341871457,75.75205584260051
519.7829328183125,782.2387106626005,153.94188398637124,75.77793413601327
526.411903480734,784.4011875542625,154.02116925219678,75.82254661473797
530.1319744291233,785.9634398219359,154.1719417081562,75.9517716842707
535.55602355282,780.3571409656404,154.38880171702596,76.06347960422104
539.2416556130363,782.4675366719131,154.65228957305757,76.23791248926804
547.3198242677006,783.9875077075213,154.9155579513054,76.35656344497315
556.502227032173,781.5929888499353,155.06212989028964,76.44533858280865
563.511508351566,780.1803780496456,155.26651085080127,76.55300073755097
573.382702304124,779.7173490058058,155.40359933818772,76.6182559491431
581.7313199805428,777.0330584555495,155.6016969687126,76.67075081148506
587.5059637769004,776.163760319153,155.74191606524855,76.71771266635335
595.0681455820176,775.2180416164689,155.87193135855475,76.75943052212078
602.4669852133879,771.7200796033957,156.1157476335085,76.81923088462514
610.7579474737269,770.9189184682617,156.24320386320156,76.86349843117219
622.7038639626953,766.9334835040739,156.50863840891412,76.9277340763672
629.1993056555713,766.7598454934745,156.80847423967097,77.02123843273588
639.9593174908493,763.3238200415184,157.03439012487317,77.1211318317772
645.4228547040981,761.75066389926,157.32037894884706,77.22766373613852
655.7756436703517,758.746278009619,157.6371169582248,77.33054365657843
665.0676244692625,756.0450529823378,157.92974307422486,77.44201857241903
671.6393670863176,754.8758135859813,158.14734879801821,77.63634859226315
681.9279723257536,749.7960799157006,158.30709594638537,77.79496695325818
695.172324896316,744.9595485840978,158.4307709520888,77.8475048329284
702.5812975483151,742.4261379253289,158.54090807719564,77.9168553839894
711.8018665370103,739.5298095027873,158.5975406454654,77.98004100494148
720.3390862879636,736.7593681001658,158.6271460336814,77.97399208210773
731.5437599116506,731.2207626101889,158.647066301341,78.06088641945901
744.0670447010917,728.0397311756307,158.62570429879847,78.08692353218835
752.4791125424382,725.4582179743027,158.5535256124228,78.08611211935866
762.7524162028009,720.4577421048182,158.44014067022385,78.07543098360064
775.0288528231628,715.9674069041857,158.3720942095058,78.0506764622161
784.2007742116133,711.3519630281401,158.23269574331488,77.96946191186416
796.4737238809358,708.329397845538,158.10069207688795,77.9250771829517
804.7908772340295,702.9175631952335,157.99811609197923,77.87570176656624
818.5850025816844,699.2345571278876,157.87306194469386,77.81269394669033
831.5935126608904,694.8089776505843,157.72514231841495,77.77866481901279
843.8338784813651,693.2748454109869,157.58304343263472,77.74928823471258
856.1067167519334,687.5009771804058,157.52056832208044,77.70308290226062
867.3706459997225,682.1780428595747,157.36964073371144,77.63238788406719
881.2338812691377,677.5881450486437,157.2050704039339,77.58851522566714
898.3494560161332,669.5128160245749,157.0345573134463,77.61419348261924
907.128322316368,669.703547031789,156.94645806234635,77.58881151157497
920.2564864119074,667.1857257840545,156.8880797102391,77.56381070273562
938.8989541119427,662.1297477715748,156.85655241943738,77.55464406840912
954.3262978388129,661.475179399664,156.84408602454224,77.53847678133214
971.0171885448882,657.8896488727631,156.83378602616554,77.52038161686556
991.792182837289,653.987056591234,156.85101589731693,77.5016430885477
1001.3410021630147,649.1580605502288,156.8247950483389,77.47387900658177
1011.0270759777852,647.1264588684982,156.78583178343524,77.46227840314229
1021.7879508750066,643.4713057810939,156.7043267138116,77.45277615416659
1039.4409057845357,639.4282918883565,156.6081969442017,77.44391592592675
1056.7547266564154,638.905489328784,156.5966160293432,77.44414930791315
1071.0313085641671,636.8371278444504,156.53801382970832,77.4488036534845
1089.2611736634808,634.3287724292875,156.53590475373676,77.44862244640042
1103.6250690069583,631.5554488925821,156.5295530352454,77.44861245635707
1123.5755112862414,626.8285524059024,156.52772687931912,77.44800736498014
1144.6353900395493,625.0405747295988,156.52733858647193,77.44789477540921
1161.5771656619677,623.6270364188654,156.5271507330038,77.44789898253981
1178.6988469106159,620.2131283533668,156.5256211608957,77.44775773290463
1196.3920174204002,615.9723964769598,156.52513807853393,77.44773250872056
1216.778550894013,612.638814425296,156.5248536666114,77.44770443687784
1240.547663707134,612.3230672812866,156.52461107495145,77.44769668538879
1255.0423757778753,609.556825137782,156.52459119456154,77.44769230887196
1273.7356631026228,609.5263886717745,156.52456009460755,77.44768604208186
1292.8035740967048,606.1841583507153,156.52451103014363,77.44768234549115
1306.5773262218327,605.6956384213489,156.52450501396234,77.44768034649022
1323.5870286349482,602.0309569396438,156.5244956350924,77.44767976485424
1329.8434864383876,597.0024934020043,156.52449062077287,77.44767798882813
1339.78699217738,595.0280855068061,156.52448533948328,77.44767714231699
1337.557912968887,595.4537871559916,156.5244862872723,77.44767479843946
1344.5000068375593,595.1006450778865,156.5244823683866,77.44767332892884
1340.4491874453934,590.217646352415,156.52448180718983,77.44767301449811
1332.5394020530598,590.4114944398295,156.524481029825,77.44767371317832
1320.8007127039402,588.9607841436365,156.52448006542127,77.4476745554537
1319.376865140107,588.4313831807949,156.5244792808597,77.44767494080416
1317.330735978976,584.653007984401,156.52447869454627,77.44767499894303
1308.6106752326987,578.5599926049672,156.52447500367455,77.44767635045346
1300.3461924963713,573.6013397938474,156.52447338845948,77.44767652882213
1290.4245099454797,571.7346336450018,156.52447230847562,77.44767695632292
1291.2246426674187,568.3568375514546,156.52447207075707,77.44767670971812
1276.218514311854,562.9000531240092,156.52447102599157,77.44767682435406
1265.943320645178,558.091519239181,156.52447251428248,77.44767560022615
1258.664797125742,554.9054764186019,156.52447240887824,77.44767502864283
1251.5101237652523,552.6730819968916,156.5244724442682,77.447674321375
1245.2504067110306,549.071359857271,156.52447245991394,77.44767406727365
1237.7944026781508,550.4972859587062,156.52447242846085,77.44767372993748
1235.4281260326632,546.8864812530003,156.52447246706302,77.44767323929119
1229.756492981725,546.1809493517852,156.52447281271287,77.44767244651666
1235.1272351998584,540.5507887639877,156.5244723316891,77.44767220400155
1216.4873987007443,536.8765801819039,156.52447177483708,77.44767159659783
1209.4035618332998,534.1049454032333,156.52447181444555,77.44767131464504
1193.4484725989366,532.4511902914966,156.52447207684293,77.44767110231007
1194.5028306322522,529.0214072901672,156.52447197377532,77.44767095766146
1200.5979750353117,528.2058212491553,156.5244719584361,77.44767074450277
1200.8996000221487,529.1762151379489,156.5244722216491,77.44767037933572
1195.391005681939,524.8497800052838,156.52447184051718,77.44766963230477
1190.7528883749524,519.7091101578005,156.52447171668405,77.4476692373309
1190.5489855995263,517.9177885368836,156.52447207570603,77.4476682981493
1192.9700735838535,513.5000182356538,156.52447189788407,77.44766758935798
1186.8287792995657,511.0099424635391,156.52447299733953,77.44766606428882
1182.741573855574,508.4571959704175,156.5244727429802,77.44766481214855
1171.8411801687405,504.6401764686225,156.52447315408645,77.44766369293691
1172.5177533129802,500.3112694291449,156.52447342237096,77.44766303886631
1163.2600722155685,498.7401726103926,156.52447317976453,77.44766177656378
1151.3613094362345,497.2718816639479,156.5244739323619,77.4476588241197
1153.476432411519,496.9175532741773,156.5244741713041,77.44765765681638
1148.339454772096,494.65779429366546,156.52447376111692,77.44765646318587
1143.4513622080024,489.0475121498117,156.5244730068861,77.44765446831043
1141.9103346925576,488.26674572738534,156.52447300056173,77.44765316698518
1126.2741957857584,485.75859971312497,156.52447298387676,77.44765215674975
1121.411368172707,485.54342156898554,156.52447316079105,77.44765153567113
1115.8352834194088,484.18552260515787,156.52447308330514,77.44765128147513
1106.8332757746064,483.71367980231275,156.52447313626004,77.4476510620063
1108.2919200371625,482.0088610345388,156.5244731272005,77.44765054206694
1099.7864943298791,483.72612570957597,156.52447292366426,77.44765049538434
1096.5068715204197,481.2096793609186,156.5244724454673,77.44765027617906
1094.9913798520977,485.0398937734414,156.52447170076854,77.4476502002009
1089.6341873920462,483.07333560673834,156.52447127832502,77.4476501875801
1091.8036855936418,482.29308290136703,156.52447073331152,77.44765011646537
1087.0353897885134,479.47382523863376,156.52446950373346,77.44764999440342
1080.76155754572,481.3635692658462,156.52446808774124,77.44764998293346
1097.6736923382966,483.02409346429806,156.52446796248557,77.4476499574275
1119.7954159754545,494.85770126370676,156.52446784067803,77.44764967573995
1123.0678838113563,503.2412715146472,156.5244674521985,77.44764978589095
1107.3843442956488,518.0292593211113,156.5244669701414,77.44764998539739
1113.1107330025206,553.0779150409832,156.52446563099178,77.44765099294392
1105.889287192283,581.1296940288198,156.52446496668875,77.44765190016813
1136.3743877186562,614.1737206590416,156.5244651556383,77.44765265322553
1138.8604204931896,655.1812753495846,156.52446521164,77.44765575683174
1154.572281748719,678.1723372748851,156.52446627765292,77.44765846303957
1130.2546797707892,711.8580727355145,156.52446809329655,77.44766238468478
1107.6538306826508,720.6918895414436,156.5244740599674,77.44766455774054
1095.4097689509938,714.0916401115079,156.5244758380998,77.4476645487807
1090.9428278108476,708.8937836704702,156.52447783149503,77.44766647345942
1085.5834279390517,707.107082442609,156.5244787993398,77.44766844863206
1098.9437262866581,723.2370504452207,156.52448086337813,77.44767018758526
1080.045756041237,740.4025164769616,156.5244826885181,77.44767630443499
1026.629724749284,750.6745948492593,156.52448467882587,77.44768610169082
1020.5010953295271,754.0556762798668,156.5244854422307,77.44768632418406
1009.43207138304,749.2679413269899,156.5244866808288,77.44768827864415
1010.4805857293591,749.656889796803,156.52448882784356,77.44768917646807
955.5384891677121,741.1491232493198,156.52449034425385,77.44769088805124
940.6403314132505,734.9858023985043,156.52449210209676,77.44769219913269
945.6266077423217,731.3822481396676,156.524494050406,77.4476942131336
925.7269864551189,717.0134322660988,156.52450031872948,77.44769869963008
943.4382564226055,704.6548946001934,156.52450582005645,77.44770292891538
959.1177676584755,717.5202153085642,156.52450946587948,77.44770725898918
950.8197241364974,708.0289025248193,156.52451143414146,77.44771312019037
932.7898095747647,715.4221404017378,156.52451645873833,77.44772406186381
940.4893900411396,722.904250236806,156.5245210954614,77.44772558985329
929.9125312296762,745.1242602750848,156.52452416553854,77.44773151208697
946.3110247164681,765.8851568240636,156.52452828650644,77.44773394490166
975.8933079503056,787.0229240125387,156.5245306667084,77.44773737068451
974.6825709217803,782.7715234885038,156.5245310244736,77.4477392793303
983.9088748163429,780.635421291624,156.52453343059375,77.4477430310369
989.36361718724,777.0675799785074,156.524533334464,77.44774484436263
1006.5196301481193,777.3925847357747,156.52454119893153,77.44775534062173
1015.9629803039995,781.8280486373418,156.52454574211288,77.4477637435035
1012.9431427346415,792.6211782652454,156.5245517824932,77.44776937754092
1023.5116275358938,795.9541390499919,156.5245548840541,77.44777166936775
1028.8631543511333,805.0412461851228,156.52456423150534,77.44778610405476
1066.800822767776,803.4936835145984,156.52456610840753,77.44778948617062
1035.4288998201853,803.2017304520751,156.52456843625598,77.44779814809212
1055.9787741857613,807.5023333479629,156.52457152101184,77.44780362174104
1053.3395483296397,810.1814825795444,156.5245747337297,77.44781218582867
1073.3875349937964,787.356071372283,156.52458050086253,77.4478188980257
1023.9349860691137,797.0499166432439,156.5245796617389,77.44782627279474
1060.4105612317553,795.0757966383657,156.52458219828813,77.44782728281047
1009.2694328446948,795.183296312713,156.5245866308829,77.44783436026391
1013.0349677366081,783.6971147452807,156.52458833089963,77.44783678546703
1021.3662103548669,797.0533196609773,156.5245897081762,77.44784037052887
1020.5844482637046,797.3175202823887,156.52459311016406,77.44784656131004
1018.7871582511344,802.6723295682983,156.5245963002873,77.44784914963013
989.9342562755425,805.02430528996,156.5245987390497,77.44785671161497
1017.1806757421261,806.9736762024612,156.52460258180508,77.44785963635867
989.9582804733204,789.5096603513332,156.5246065661776,77.4478674951947
979.6946650403172,791.5878111965986,156.52462630241195,77.44788227853921
1009.5909688223518,802.6443141550444,156.52463255991674,77.44788834341159
970.8955025085642,778.6340822904341,156.52463574436638,77.44789680336162
986.5345013921684,779.4913115882102,156.52463874794162,77.44790066545924
992.4668692704441,787.9889382947877,156.52464187951156,77.44790375508913
974.0661057817915,785.0023865056444,156.52464507396826,77.44791185565089
1003.0294447274393,794.2976880203742,156.52465004809522,77.44791678462235
974.1753492308712,803.7810760389314,156.52465331580333,77.44792097703423
1001.251862567866,804.3731283409495,156.52465748077194,77.44792495838863
1000.4181812300316,802.0430761987508,156.52466620461544,77.44793453995453
989.2025991566146,802.8524198548522,156.52467017326836,77.44794083025177
987.5705945588238,788.5279333793059,156.52467247768712,77.44794679216844
977.4393441346398,798.3530319817575,156.52467588941707,77.44795608357272
973.050186321142,792.0652685696034,156.52468049306594,77.44795999039658
979.4214306715814,788.7435003501632,156.52468127691327,77.4479607297647
985.9749597539449,808.7333383780773,156.5246819457066,77.44796406055313
996.2390601383116,795.2447886520018,156.52468467044008,77.44796959153649
1012.7699919669759,794.5926424118597,156.52468756641136,77.44797375918239
992.2330135543324,798.7172514494493,156.5246890892188,77.44798105977952
992.5479552859824,794.0231030569824,156.52469068150015,77.44799469221114
994.0339793554633,784.1962495593185,156.5247013782565,77.44800509809473
995.6701476641068,785.8923493081705,156.52470595871796,77.44801096192641
997.5434172132991,789.2619038432322,156.5247074743465,77.4480188269765
1002.9514904181931,798.801248912978,156.52470879922606,77.44802439901025
1000.5762470771399,811.6064557797317,156.52471026768362,77.44803020546429
1005.9042008111389,791.8063046036019,156.52471441860777,77.44803834102349
1008.4065637423903,793.4516092934192,156.5247210690046,77.44804365371341
1013.736219037006,793.9301953925459,156.5247242873964,77.44804640034221
990.7726058761134,793.1049426743884,156.52472350664092,77.44805621511959
999.3385358576454,783.9226931502694,156.52473426659805,77.44807364806962
1013.8497042475497,783.7705791682937,156.52473577771295,77.44807805787
1008.1764196109978,785.3610567012166,156.52474284715527,77.44808788536726
1028.9082003048372,780.5656894002182,156.52475040320172,77.44809776534248
1014.2639886558933,797.6672738221288,156.5247522813586,77.44810283118038
1021.9744949396177,806.975225862214,156.52475320424625,77.4481074511276
1025.5588981472658,797.6859264683055,156.52475627443485,77.4481080921381
1037.2431643741784,789.7932415349918,156.52476167769484,77.44811585978913
1003.1760059520672,794.0882020720595,156.5247635752496,77.44811783600541
1014.713701936063,795.720794647215,156.52476348594072,77.44811764867046
1021.533476007448,791.3205231303565,156.52476284576343,77.44811872270016
