729.5,609.5,38,97
728.3032427969132,605.6088991469263,38.63706352234425,95.71892152011343
728.393828111209,605.3971013820228,39.49865227215774,94.46358934904268
725.7544447120672,602.2980315993241,40.303038595580404,93.34290177967094
725.0493390045561,611.2946471076169,41.3264598100448,92.01025118614999
725.5484451221469,609.1772902586831,41.98732112378251,90.763292107299
723.8923881633068,606.0899976844937,43.618283865957295,88.9027042240675
721.3034650595238,604.3261039017427,44.563424927378826,87.38948394106642
723.2294607095484,604.1023428906129,45.21522425995177,86.34555234120043
726.4030615014489,604.1165597071902,46.07790589830213,85.26014063858419
726.1895072901347,609.5510834769757,47.08261711024301,83.95181274805087
723.7763309750699,610.2955975511007,47.89444459709483,82.86634602692024
723.5760358230222,608.882686195795,48.591947888529724,82.02083724553054
726.1902594035779,610.7216087012744,48.87218901789714,81.39321165148398
722.9342903491452,610.6442591887296,49.101417913388644,81.20063443113722
726.7491078667576,612.4786575803537,49.58395344426205,80.32205047235885
723.9830143974298,608.4215319818626,50.5974379302333,79.13180836513713
718.4180671685161,606.7376474023257,50.567675823656884,79.32770959833739
723.3410442860736,610.2347387403014,51.4926435677143,78.33982059309935
732.1591496726419,611.1897829479252,51.89955196217366,77.52644169474578
723.966621412514,611.0328236353843,52.57604594994926,76.81832266336008
723.9190470742172,610.3324836656489,53.54443452434583,75.84525709566414
719.0627046460665,605.958646212505,54.406036405964905,75.41047397364693
723.7023539250558,604.428062705771,55.71850910212199,74.53249616575597
719.2452195962292,602.0939814694781,56.36963907001002,74.006339071176
720.3264852684539,600.9980377793041,57.338081231895984,73.02814058665604
735.5206663007456,601.9112927474046,57.90211901373138,72.63244592029668
740.9164061039094,602.8542657172035,58.28219029635891,72.50749125003206
749.6485678446167,601.8685015407794,58.017776883236166,73.05360718633969
739.6338404895281,599.9554721194171,58.489006388743086,73.02377878073898
725.2221730629961,602.6500883963688,59.46341564384903,72.89207401722868
717.9926064974129,607.5613740686988,60.114857018665006,72.67007917665418
721.3575737325931,610.0750195601122,60.529966831888046,72.49174196848854
714.5532875838975,599.1904022422744,60.538538301743785,72.08450177474249
713.7537884751081,602.5181109119795,59.984439643574845,72.79320916574449
726.3476619503821,595.7601831862962,60.69228709979278,72.00901203715979
732.24713123151,597.4070884871072,62.05229018247286,71.20931970090618
735.7337623880102,599.129420040903,62.92988228113792,70.78032465666269
720.8084630204401,599.5113667750611,63.446932168851525,70.81575839302934
717.119799274158,597.6419082503003,63.1685060534491,70.87246462314081
719.2252290970674,593.5109568470897,62.905312042233135,71.0634039215489
717.6467622617666,592.8275470967098,62.99797616213303,70.90348737886352
718.2416738808084,592.7803448242099,62.19365207452093,71.65079958875188
718.6914484941084,594.7835052914826,62.13531429047926,71.87219769695459
718.0223874177376,596.7093977098124,62.576805646842594,71.57410621103897
717.7851451779657,591.1110962583456,63.145635874858364,71.14315237836055
721.3599393123372,597.0827998901475,62.79363614462105,71.41666932151425
726.7641335474134,597.2195201599935,62.85760633607203,71.69278644960396
724.7781497403962,586.8122005925874,62.93834760347798,71.3091719996424
727.6219465366182,588.5009937918694,63.584722974777264,71.32914598554896
728.6710550409211,595.6384300769914,62.21255188827564,72.42653921394393
729.3174631204631,595.7054407024449,62.47157880026763,72.18339634084245
738.1100000818892,586.3569231808459,63.69478449278085,71.23474055007866
736.4369587521733,590.6652109192705,64.1092677429786,71.29098086343593
730.7010478803151,595.4677524832047,63.654265095070116,71.56327498537007
736.694806576861,595.065932327744,62.53832975693648,72.86160072268146
740.6754546053583,590.3004912223325,62.78011871449984,73.30958807344545
736.882090431543,595.9474990753154,63.08790513102497,73.14638170143571
744.184912459731,588.9499274377636,63.94838532322821,72.92989924986414
758.9761173087908,581.4022491965347,64.52219707578595,72.9096454949224
758.3287577032079,591.2689717996743,64.82921282907273,73.10201077231392
744.0068997156337,598.5141330242624,64.96911237233729,73.0743461051299
742.8494805782499,603.3017845953322,64.61856686161867,73.34753791606839
774.0521664655323,588.48460525706,64.3457605636341,73.68806617938516
775.9998838773213,591.297788010498,64.9471576609829,73.67955662326239
774.5014660579621,589.9391684903959,65.95970030861562,73.42590602100901
742.2059052533955,598.0340906597436,66.08545649394836,73.67692042088633
742.9566203668223,602.5953451794056,66.4987932989907,74.08397354916775
732.2373530673473,605.0844562837302,67.36620725897284,73.90990485650651
709.5760626143756,611.5172220539984,67.46900047976402,74.18604923918967
693.3362085736793,616.1327908189724,67.30007864287774,74.48403440218951
678.6383647560511,616.157489172191,67.54369483102639,74.8789698210657
666.6652774065952,616.2156348045465,68.95357133905145,74.38904463868965
665.8086709112054,617.3257947440374,69.75857352369114,74.28194769699908
662.2152347805389,631.8046915340449,69.85159652565979,74.83197506391178
641.321430739534,655.4302726015493,69.81331471908925,74.8828509349647
636.7258917802793,666.9238741571079,70.1220783374883,75.10674204264595
625.3193854423216,675.8255954974594,70.14956081794284,75.32074189200755
617.7441683296014,672.1664316697337,69.61148622445438,75.30559657853671
627.4465453627456,672.5517851200666,70.34894957693598,74.97629455580203
615.2707178947999,674.7840126158907,70.5691607552969,74.82706403289708
624.398222416477,674.9966854529536,71.22167629868136,74.5879971520063
608.5394604026451,682.0874557818935,71.44772406001921,74.82752946791989
624.1781949831874,682.933029415577,72.2581052255002,74.60944115442194
655.9398614117722,681.7412663500601,73.16302749806175,74.78377966119815
636.753576617194,678.6814485994638,73.9370220956886,75.52905410371055
657.541100703462,676.7988526036529,74.88515672040678,75.68875788563315
647.9533496233255,677.680502877124,75.93763249647377,76.42372722414127
633.9763594049251,689.3633013391129,76.73633034933829,76.64676138234562
647.6566881286498,691.3269302476745,77.66953021723272,76.75377045734359
645.5271943534849,690.0575168223878,78.58581549794792,76.72730546741626
614.5340878000843,699.4603017003711,78.65871394260645,76.96244526353185
633.5019970545243,708.4026538579063,79.78329038243632,76.79761354877657
643.1860174055696,707.9395608306097,80.60769918604807,77.0335819284345
640.5215582609931,716.283156559992,81.85112628419645,77.52451942256754
645.1811346630884,717.8815221033644,82.84938648523905,77.49346131288523
655.0099185473333,712.2382359265866,83.75555510716984,77.33616744051145
695.5520819403877,708.6655406042589,84.20415895544761,77.53484033736238
681.1486329296537,707.575181338161,85.11460429975413,77.64007044519747
649.6090953593904,702.4137974543293,85.54650361543105,77.73962387274234
662.1985454323411,699.5591755996805,86.4253968440114,77.7198307500089
654.1459029873988,697.0215734015883,86.96356646204376,77.74736234848767
628.6518817299769,706.0704992476082,87.56590693170719,77.61480729240876
618.7876909576757,715.3788843395438,87.66812093623398,78.06787019657598
612.8231342222454,725.5462657504113,87.4989398762598,78.61360917538889
618.7371936570526,735.9679185279865,87.57315165925502,79.2933103255483
678.9181041046975,725.5001035317019,88.01060555033499,79.38797111359398
702.5281734832531,734.3785921421307,88.46172701407433,79.82845810507426
679.7922628655681,742.7722509898408,89.13744429621931,80.02785862797148
663.646550887753,730.2152853144905,89.59607760511976,80.31287410074361
679.1149104561568,740.487959639711,91.31642150103059,80.37742387366258
675.1280458804833,741.8860643830013,92.11138038058218,80.43694493906872
676.006021516105,739.2943300131403,92.85043547126189,80.77283688659222
657.1492221579641,742.4100466678667,93.40096055032716,80.89717275865462
672.4131854218238,741.7598732401474,93.90223971212083,81.34975159649201
678.2614104286009,737.6711350359913,94.49973208364037,81.96833117971043
650.7546254776313,734.7653197480801,95.19369194858055,82.44229615238042
663.0770577915994,746.3757070901651,95.71603018035746,82.92504816679191
710.0105479508762,734.3342277364479,95.97009025921575,84.32625941052811
683.0908540858286,743.9965279442941,96.78916894504493,84.20413971684533
697.5406682066937,752.0999324021744,97.08774706372304,84.9334654754598
674.3115528101631,764.8755192139164,97.71643674244783,85.21811608201742
665.0936965230547,765.9174257724194,98.76532364626631,85.6983756535093
655.45265613574,768.3302562558001,99.21958948957285,86.74879658501251
667.1487992972777,770.010127088501,99.4515618966237,87.29249080834103
671.0619316098154,777.608049839596,100.18368324884065,87.5992586334217
682.3949642331772,773.3441261280902,100.20584753646642,89.28583806945667
660.9562864608223,776.3472407385069,101.25133935057762,89.78590813376931
649.252263975673,774.9192862508754,101.71184353214414,90.35787864917287
712.6107054525315,751.5045226460885,101.65971588442879,90.98381341107748
756.2400629618677,759.7057347183168,100.98459213886905,91.60813180731566
745.301012654817,756.2785922916121,100.88434700333353,92.06922358029156
769.0126623329843,763.116968085233,100.53637130093696,92.50852653272972
765.9574625388685,760.3646190614974,100.39778810082588,92.94018449491551
757.4064111089144,760.9523519731302,100.05948512371413,93.57786737816524
751.0042045347398,773.0144286343109,99.55689529184554,94.59922133504278
745.0308518767056,800.4849850689767,98.99671382711756,95.02538296333596
736.9710821674825,797.1826641567094,98.809685872779,94.88595388302636
749.3491323761098,791.5010848872528,98.17507767657989,95.6511833789806
752.5968003129656,793.883216584382,97.68394118242024,96.25857425874455
755.6537619056413,779.5526602519217,96.88018008957555,96.61582000389359
739.818660580456,788.7568430642339,97.26603592645674,97.12743700685013
713.3891898885626,789.2382868247903,97.30100831621372,97.95132243723923
724.3032884498889,795.6834239468267,97.34757378189697,98.51692585421799
704.1367125974522,807.5118511871382,97.61061392379585,98.65415458396461
717.9216083717777,853.5239711407506,95.66239908412183,101.21314730506579
735.5398229251845,858.8813789656033,94.21047381191934,102.65096732275329
739.0139487444624,878.0865343185012,93.75928202442856,103.04326258133949
722.452124823877,888.0335783585039,93.43044790871954,103.4975023016322
728.7626628253224,892.0236051468148,93.2734767421666,103.8474594149327
711.644407686889,893.0601447404827,94.47882467855585,103.62970152798839
717.0837476380946,904.5599236243627,95.03230926376905,103.59496317323568
725.7866607440577,903.7407202773653,94.38430774498595,104.24253663999936
715.6393636655705,902.8779753040297,94.96582272334922,104.03259461670031
710.1894999198754,888.7187573830626,94.86071929233141,103.81635096492718
690.5469143830684,886.8118756346,95.28174753711217,103.72361724145435
702.7931918393602,882.2790760067669,95.24138002943866,104.17917136806906
695.0851245064522,892.8499873464233,94.73378932580404,103.74774151110911
690.10607728073,906.0343926975687,95.67464268130423,103.68268148552137
716.5617561523167,908.6427406639878,95.8935724724786,103.11870845047326
694.6279690368588,886.2532123696327,95.4119504614077,103.86189662424104
698.719090216855,876.7428831561124,95.50109221011911,103.2376613567939
694.493625582649,884.7229922406044,96.04553828710087,103.55708633787295
682.2841338213137,885.9465063084323,95.63994062341378,104.34702813494783
680.040551989769,881.0282600609324,96.46189738758403,104.84243186084066
695.3497537948774,866.5200263247759,97.45210641093644,104.98230530659379
685.664894501914,863.3490372265885,98.31640510333192,105.03478826488825
678.4063140557569,867.6205099270903,98.53585328861386,105.11796025858081
650.1954426277331,878.5209649163049,99.1223357569736,105.29589002986603
649.1662127684451,878.1786719638719,99.37844657972147,106.21252097626962
644.9210880282994,878.6160411802467,99.12081617296931,106.30347740243496
644.1152879195339,876.9550108247453,99.8441053417162,106.14252618218111
613.8216882090211,890.4585390533849,100.58314451403331,105.28179481683489
646.5024743636004,867.422426476009,101.01765977919665,105.63743747555951
628.0487783250273,900.920147720663,101.26624298820674,105.77630282639541
640.2459094780204,900.1853569518896,101.03921876527981,106.5820463058065
656.5205663578831,881.9186070658251,101.01543113204677,106.92621076235709
652.1502714623989,879.4332247328682,101.4440387270281,107.39199019609163
659.7714059238597,880.8826911343804,101.18638262927516,107.69557663559429
632.2038502056275,873.2329736032623,101.74365564032283,108.00184458060147
657.9174188738319,879.0480639518911,101.38196058854052,108.17676106556775
633.2023281247976,886.2943018410979,101.45805400818941,108.2534742184358
652.7806528565557,898.0288012659569,101.8536519898461,108.24909123855169
661.9313238346014,895.1142197447286,102.9793591490716,107.7903341887735
650.0289346781627,893.9849042994257,103.37522812582188,107.81935944869896
636.9648715074884,889.7350149074379,103.32326085084733,108.35371961805107
639.1064399560213,886.8730332133462,103.55068545479511,108.3309482144083
681.7211705886517,890.3501232247954,104.35422958460549,107.97849266963362
662.2255271190372,895.8821948276704,105.52639565630247,107.72683840947049
653.0691675693083,897.6184969932018,106.4223826702116,107.10316989909424
635.7248440035203,895.1225351250736,106.43906224528703,107.46908714190045
644.7061404374493,873.9404279996976,106.55062864392269,107.43182376408654
623.2417393075973,871.5744755939394,106.64035080593672,108.1471016437786
635.1860349419567,868.9249677780712,106.29397585095289,109.08374881800816
674.6740742272586,874.2757284493164,106.84743103043142,109.5393778619803
651.8178333594678,888.4303095073813,106.72975868711713,110.14191950499173
663.737680487887,905.1142867782582,106.85476813582679,110.23466583227489
638.2102522473712,909.153148902838,107.20309895824917,110.16122232820078
642.5163357921106,902.7492421152439,108.28415369522185,109.54172517590307
660.6170457752502,891.9225324594274,108.3944809098347,109.6971370516467
655.9900858606334,886.9378598289045,108.21618638844141,109.68115236839992
664.956990062261,897.2558046470378,107.94317531262966,110.6294421485269
631.2534593148384,891.9133735899367,108.595935355694,110.48446119843952
660.0361916880852,904.4486790805513,107.80223973984299,110.48805398038922
644.7787910849217,890.8298006763191,108.29297395077937,110.3766440898286
617.8117387098389,891.6849345583482,109.36423695323688,110.24242518897223
583.9070144186749,890.5224482412634,110.30267498717453,109.60787798164895
600.4202143874759,899.0319721993712,111.47818382127909,109.3570518224166
577.486342325426,905.7332270461196,113.15302074029918,108.79648337946827
617.3394066862109,895.0197109348567,113.53265255312616,109.21979038453708
642.7858227814197,905.1759970745397,113.62733038501518,109.46603629494214
655.5185874861969,908.2170805433495,113.4507610105763,108.67273308595426
705.3668878965361,888.923024990869,112.89148092750007,109.11597235276582
679.0801092684741,864.156568112975,112.87546453013343,109.78396544600557
728.6509463692153,864.1547996699018,113.05598531374365,110.3884564509026
698.3150722915772,875.3912115651545,114.3446492724343,110.84092766512177
685.0379326284319,876.8075251423177,114.87165560566547,110.74544806047777
722.3315576311812,889.3526416516637,115.56498232531686,110.8505055658795
710.4751476256608,872.0620350913139,115.26268601181043,111.42476651039584
683.6420740069088,896.6607673540898,116.27282152325108,110.70450973634387
684.3270338913502,907.8708811879194,117.34595178711103,109.9883003696061
729.3180080654303,895.410145142961,117.70940094832213,110.01523435898619
739.8544137640368,900.2665453856667,117.2593536167386,109.99536544833995
726.3881487687437,913.2023154209593,117.55270662011276,110.25934198372322
745.1254532964932,906.8029857529096,116.859590013617,110.06283543593194
751.3902049872111,903.7548096156607,116.15025914053956,109.598741097046
767.1824184243552,908.606018186053,116.29474385925666,109.08086195905088
761.5054177937208,906.7025293030358,116.57081696109486,108.8445989920808
753.6820238513844,908.6711343094004,116.57059086018421,108.98130216315516
749.661823981658,908.9816755319531,116.6705371646423,109.1370755107051
748.1616034502041,905.4492557396846,117.45052125799086,108.80410254878771
765.8714681894398,912.6183960925449,117.32197900410459,108.73718207186126
763.1391832400775,895.081356904439,117.76661709182281,108.31923710575589
760.9557095656804,906.5550624756395,117.83831397781871,108.47148796591662
788.3613339967887,913.7408507007779,116.6749786942578,107.9553285078521
781.6957141119673,926.0767537710193,116.36739201401068,107.7366710806541
797.1788353346881,908.0514409220524,115.88430039310254,107.79583766200857
786.2198119873208,903.9521014727632,116.32811454729168,107.49844174043182
801.9879981075381,911.6581712350437,115.72397097290504,107.64839330299277
801.8961569632028,915.6952549223495,115.17260407357551,107.68832438435449
790.8726544420655,919.4414681166704,115.97175570368363,107.22687721020326
764.3610590547978,907.5532220795054,116.58464047920364,107.11763037311856
774.7164805710622,902.0702089433486,116.23194239026812,106.90350544561235
793.0181664653543,895.986938691442,115.75664295116476,107.26806652181521
825.7706666005627,912.9748121770981,114.81325641807564,106.91812710795766
799.7830365265545,905.3159123062253,114.45767218413452,107.30213857736156
787.5869263485212,904.3249586561388,114.16957403563404,108.07173581370586
782.9407010990873,913.4243367161737,114.5512620290161,108.51116026104285
801.1936785849624,913.1290038222759,114.46120074041951,107.84357789853169
778.0876771952268,920.2560418880674,115.16724413752945,108.08516435521561
786.5540992666928,915.2871009529022,115.0594962157817,108.14176758379097
800.285144632721,914.1141670783629,114.48651469289305,108.15295449599395
821.4690840960068,899.5470235121215,114.31972212826656,108.05423246558048
819.3474111314011,907.1537646680177,114.23015905940852,108.10389099162647
816.015391632897,908.9061751213586,114.32250398842709,107.94765494363843
814.8196548896997,915.093373703544,113.50011781062983,107.30368433688082
790.0837052986574,905.2616482711221,113.50420464288396,107.26408802932116
814.4273201774985,915.3525376223577,112.63656174250151,106.92739208866861
832.8339155660049,906.3968804426128,112.81900398843719,106.49411025486808
835.9524923797758,915.6184036602494,112.15597322772521,106.13627514189204
884.4873026158043,916.3767150164257,112.25315178046888,105.70608331129473
886.550371468281,910.2638778359343,113.02337587577873,105.54754103782594
858.028170808547,920.9436242380802,114.4909508572978,105.59751541376455
842.6442267928767,915.0294958256604,115.21619570439782,105.34406401946623
818.3746911468744,911.9207983622398,115.70502146306237,105.53096510283228
811.8642255569463,908.1216090467456,116.05364220300632,105.61172246679476
785.6407666403073,903.47251434846,116.98627311996742,105.56294820564128
811.437141931885,908.2309253281971,116.68527127921074,105.81244508075524
831.9398791965733,915.3900377079392,116.87426734251875,105.62896452037725
830.9045795165238,914.5636517894563,117.36680916745625,105.39222168052382
839.3808184994725,917.4410824686132,117.67584315249869,104.67730184852807
835.0982556258124,910.8115361727049,117.93245377711872,104.32507376824569
853.1162106089889,907.360821764193,118.3214067681449,104.0090862668917
832.3515143568314,911.2661038219265,118.93410997149718,103.49497621671702
842.8070433408825,914.7533095990203,118.71587027041862,103.15706931518841
815.1002922768027,921.7009399023715,118.70725873121887,103.29103100254885
803.2627145873416,925.5819455113485,119.35053705357358,103.21659046031047
796.3407627233959,910.0111702669801,119.20341493726545,103.23544694527178
801.1728086970853,920.8075454317955,119.25615840835957,103.05554309066183
783.6450128007695,926.2134759750099,119.45694890742325,102.86119395952517
796.4552852694497,914.033202571713,119.45985038940904,102.71996806613302
817.8483255838854,909.5434258448222,118.30964364069466,103.10119095393974
811.3577274287271,900.712413486406,118.7380487110875,102.94686622467209
806.4167670020229,905.1870042907804,119.10148097148056,103.16958906435474
830.4410461314426,904.6051181387851,117.9687255779145,103.21809249716281
832.2365616518314,907.1738604151576,116.90933546806961,103.25912194530267
831.3737357677436,917.8162645474167,116.13348186286139,103.50560004963555
820.8856103595077,905.7184062713885,115.76162713431962,103.84603483292321
853.0334907696225,912.9826735076572,116.46892517695618,103.67030777822444
839.270432809183,903.8494837503771,116.82629220375244,103.87271736391762
833.4420988770282,907.3170698981062,117.02957120627804,103.71605841208444
823.2299956968053,914.4694529016704,116.32951508903037,104.45010492199684
810.0154280377596,908.0107261782362,116.75943295475908,104.37299111435784
827.9092794003725,898.0313458538258,116.17538377046617,104.92969340356532
805.8608131478583,901.6577846539279,116.04661833459568,104.90925883897293
827.6480930575087,903.6665150066132,115.32966104697691,105.16633588899812
831.1736179867547,913.2306345395408,115.39455623766528,104.9885896964968
840.4959757552818,911.0146212298276,115.2739973331123,105.03917577487027
834.1282687602404,899.2956304864325,115.35819259184206,105.44305162701113
825.9153586825721,886.8400461924134,115.19610907864799,106.00666127139164
833.7089210733077,886.9521090611712,114.76468311931399,106.4920397144133
818.83835237887,887.9884192313384,113.63791924856017,107.33733351438468
847.7637594915248,867.7261572217241,113.55059963809863,107.27543257481501
870.6984033450666,874.198131078071,114.66325519485095,107.86069391590878
853.7425662725768,857.7090744840028,114.880972723725,108.29796095038482
836.2188409927819,851.2749428619633,115.78303930777096,108.74390251440789
820.7862603223074,858.5565102898493,115.4595139113437,109.90858759180983
856.4300479679431,863.2078868164782,116.00656146488151,110.48365987229494
863.9536077041729,858.1249359218543,116.71453239560607,111.26229651212795
835.2971915327225,878.7463702998751,117.18953580036828,111.88946168604485
853.8606952054596,880.6108124609418,117.96274277761314,112.14595280260258
849.2321561957915,889.6674351142038,118.19805634970564,112.95315958426063
862.2523614888164,902.1117330421761,117.93434205823226,113.1293409847262
869.9989716667775,912.2059683958832,118.95860940498837,112.68234855864549
861.7517503096444,905.380515888203,119.97815564108237,112.07951569256886
876.2913095260169,905.3206719677803,119.64587261758885,111.6020352694292
859.697184983839,892.4303356896454,120.1281647344307,111.4775031197492
849.3326111435368,892.0571943694932,119.44777435261446,111.57421294270685
849.1153195516458,895.9244677433561,119.55931856807072,111.7693936244033
840.308628721215,890.0119438246068,120.20333612750079,111.26369037570356
827.4689364219072,880.9164384989678,120.37637093774677,111.72269941664901
862.0265217200761,865.5679205715663,121.1516934211694,111.8331884046571
849.0349958292655,868.851665378149,121.06401812485659,111.8220936573398
827.0867859168936,877.1907891621763,121.96844163159349,112.69738607522278
861.6848021320235,863.0492933427082,122.96463192744702,112.65097545928683
866.8031068642872,848.0838423880175,123.81981139855299,112.44333242951234
893.0003964361788,853.3728665955836,124.98559002268381,112.17737048149387
895.8125780589048,859.8900618362601,126.12759673339036,112.36472884989783
931.5436341859054,880.8004091257,127.24639624876147,112.7719553949334
981.3019624118983,876.5958764780198,127.77958181295386,112.96571802939476
1002.8964887182115,867.7051186761972,128.4489030603272,113.00480913861172
986.9428893231054,866.5432634846032,129.52419569167063,113.29367092309576
976.1292110332362,859.446179984065,130.0224836881455,113.85884388918346
980.3083144754232,855.3982317616795,131.42648292476275,114.13926032361215
998.1026244640268,861.0414829510775,132.87116739435305,114.48838401460368
984.9035173423489,859.798808976712,133.4790563629219,115.28196801304429
993.9328882136042,852.4522152002331,134.52983816177576,115.48071697128125
1036.3262741671222,850.6802003998664,136.2353426655339,116.11337243465385
1059.8049397714958,860.9556264759632,138.5128519522878,116.00070871948766
1099.6117175021704,861.9299229431081,138.30354027306575,116.47811312720626
1117.8704817853823,845.9841901341468,138.95823077326472,116.84291772104025
1132.9650747888873,872.6973989280892,139.12351033854185,117.29671714421121
1120.3940486545328,862.9752153633709,139.78846585100786,117.70215388484162
1118.355966211319,866.9748675888949,139.94426950870033,117.71011077391503
1121.166166566726,869.4150695506405,139.9610430170275,118.23268792081669
1105.4961260910593,878.5915457243278,141.13482276968926,118.70145655730532
1116.047382653672,885.1154870481569,141.08253783538237,119.14557250359587
1117.2061329749467,879.3367826434157,142.1396096667312,119.72808848911265
1117.8136702259633,883.2538012040757,143.27782540359618,118.9629357972978
1143.1187966574025,893.9614530589268,143.4497887438631,118.71757485368315
1144.1876043066331,888.7179824696516,144.4085662967586,118.51362475194745
1139.2669513119774,888.1668184075781,145.24469622991836,118.14494752826641
1125.6258384111977,884.5732428183313,146.23270059380766,118.12244533181214
1129.067647170425,879.9243122077653,146.5637718664701,117.79550937000667
1160.0772062133747,867.078128837168,147.09820049127003,118.84445787807094
1133.769591998311,887.3370132301834,147.32982977556273,119.55458475536068
1132.932921333173,899.2372438851637,147.93297411601554,119.36335015249202
1122.702173601737,896.9182628445399,149.29235615968133,119.51466934001672
1126.047805505573,884.9629042286385,149.69511701639468,119.6106064662974
1120.8624446158988,886.1382708982741,150.406364227506,120.19781453226432
1107.4764496954415,878.4006052163936,150.70113030016722,120.670435360493
1104.9400304247429,896.467851261875,150.71588679332817,120.18921371514826
1109.7789973176955,897.9041749410028,152.25755454250105,120.51487122156371
1105.0781817022403,888.7134721425059,153.38810612480586,120.11585455486099
1120.0647659773042,903.816048872916,152.50901393180445,120.94817067908448
1111.600578018101,922.3034341679461,153.14348661428573,120.67196636475752
1132.1639104692936,902.7487961788455,154.14328050687357,119.76712635305253
1152.7593374623161,913.9726083144607,154.40436797866045,119.40562179898862
1133.9055807438695,912.645716196399,155.58516734238694,118.57245905830175
1181.0099644843713,916.4881170776268,156.3329012440563,118.6804135254046
1160.8510905307467,908.971158637598,157.20326338120805,119.27538915839403
1154.1251883157229,920.1548582175178,155.85059016267962,120.41315870289995
1160.368835372456,925.3222319036405,156.95592831661492,121.21772176661224
1144.3261446745857,915.3221989686048,157.19424394756842,121.06515095385139
1142.0128357639055,919.9746605225133,157.57739075744615,121.3454476326078
1151.735999243724,929.825118413155,157.94577987475282,121.81317754105564
1149.173347472546,930.4429262971166,156.75029214583762,124.057332544742
1153.4578169048486,907.5436373318311,158.72234555706683,124.49591528927661
1156.3066728474046,911.1981618065352,159.7261682948493,125.88904859656336
1148.4978623486645,887.5554159026813,161.08929876323626,126.72082167348174
1187.2036450615415,901.5377388514307,162.52053168038333,126.98514918801435
1158.0247596706668,881.2075265671954,163.1720898374711,127.72486446197018
1187.267035158276,898.0246731334441,164.87179811105705,128.24612216562358
1225.6706220556794,894.4669788284921,166.54438144550573,129.83552610721932
1262.0505328603792,897.6285640093668,167.553516229717,131.42188255839932
1220.7834279697577,894.9367119787294,168.92409990758404,132.11290344827296
1258.3871560493603,901.7638047001006,170.0480374758721,133.26863105234375
1297.0503804260609,915.0952793408478,170.02281807152193,134.8391034047728
1338.0528488294347,923.090140193945,170.1316102538972,136.2822288049917
1303.5856886535905,901.2836973990392,170.98195904390633,137.93986603532454
1344.3850117893949,925.9254838721347,172.36313495541464,138.8233216928551
1305.5727374423366,933.7594703060371,173.13460571339425,139.68536409392348
1364.9566312497734,900.1764720796879,173.81889525204295,140.28836549454158
1416.0135322922094,921.6617197504057,175.62961331510735,141.07566623429776
1492.4156028560574,883.9318959789193,175.51872630596694,141.23021041150707
1554.5310701631338,892.416516376633,175.29066498958178,141.21590946080892
1564.4552682690346,877.7655213697525,176.51216320062122,141.00270714958356
1609.8283220284186,827.0825922053672,178.3257830534215,140.54362876994563
1676.5297639921864,817.906445377809,181.88655095684533,139.8805130524846
1732.8067157832381,830.1332847642694,182.44884436105812,139.4778748736277
1739.964952581066,822.4700312537536,183.1416387189813,140.3659514830848
1756.436002555223,823.5318612470464,182.63054130194507,139.35522954550945
1746.4117761558416,835.5638805962029,182.72086916234684,139.82260344018454
1746.6427156690372,829.7114569101391,183.26875383785713,141.77247727035663
1712.673383855951,830.2968425491993,185.30819425399207,143.25603275270657
1715.3944334999687,829.6304902544956,186.23213585627227,145.34094329872397
1704.9101358465366,806.1248496301482,187.0573936049122,147.094517185889
1691.202394339383,823.7230212050582,187.87363148630305,149.6863082784399
1715.8096173459849,816.2114631439221,188.25733815007365,151.7360421506107
1701.5691311077892,835.0741745887875,188.6730437422842,153.6939971793066
1698.7092496562384,829.4525381611188,190.59406811902682,155.24799523043578
1716.14828885171,835.8598958162105,191.35901829855084,156.54301498875276
1718.1510949622557,826.8771443668808,193.11954024825272,157.89709940433332
1734.0663908221634,807.4156910110545,193.03422649805924,159.62016173727642
1629.3076110677214,744.3234766615572,195.21293880824476,158.52826141669266
1635.11777043043,747.272577387213,197.30543995072424,158.0428026766357
1627.6125557851897,737.047764708191,197.6002196279787,158.20426812030487
1580.4249281899563,764.7962326393898,196.6237040423839,159.64849287907822
1583.7318788290106,790.2146029633418,194.78141339947794,161.79921656426603
1591.5496567394127,777.3034923253126,194.33891929121552,162.37837837826612
1599.0368537507227,772.9265727810842,194.79020450410786,162.07961991418526
1604.220577247964,754.7345013621122,195.266539424026,162.22853055284617
1606.0811143190967,757.5041062595865,195.3898804167581,161.07768738202256
1593.110061833874,744.107730671309,193.86314151895516,159.86862449736205
1611.627930292635,780.8310296310672,192.9818191934139,160.78136891419848
1606.8739862578211,772.889051785769,192.51524487180956,159.6429098053504
1609.1896916726387,786.8640774565605,190.86583369302573,160.6016909071058
1630.8658375474772,766.7545282848217,191.36024865242854,160.7708238977373
1607.3582269056947,760.9233997631688,190.46868608607073,160.18272411729507
1614.620759472427,755.3738227938529,188.74085348302566,160.33775360164884
1637.4035906125887,718.30112858029,188.6388610463054,160.2131173413192
1620.422503719336,740.1922814247762,186.2914817323611,161.21778855643683
1643.6118097838228,750.0870543367328,187.45503082376544,160.3669806836801
1645.7805897399753,750.7361751673645,188.1888726204016,160.19902943345477
1669.0113570577967,748.50893247725,188.9843006278066,160.17011145006302
1647.6489497418208,758.6222794954297,189.4556642051683,160.65358134541867
1634.8561671276432,750.8223291602171,189.14278674518033,159.2342030812801
1613.489057939309,741.4203026593034,186.9841858107958,159.8608886320446
1635.8377480101683,768.6642958615104,187.50517856284412,159.25415031810303
1632.7728901352925,766.4552916891682,188.11083842939354,159.6685439941424
1653.5323042690356,772.7435382256324,187.54970745191173,161.6285761392355
1644.6389262699647,781.6990695392433,187.14390035882278,161.95441138563095
1631.300425017023,769.2794471889188,186.84255464416378,161.48000208064568
1647.0754588490418,773.5465384216999,187.59235025637514,161.76133243510284
1635.4703389299243,751.8094129173456,187.25166604654584,161.43412785937934
1626.3340338163932,744.2791152497547,185.11377970200732,162.71150803312133
1670.6261529991202,709.7725927365025,185.73396444373725,163.8397076521053
1657.0053910284507,708.3677432318659,187.1542242772796,164.45643657007398
1647.5677435006098,723.7271722173415,186.39234457515985,165.14813115310284
1629.6110359919844,737.6905047428311,185.38374143526528,163.74971651107106
1642.9660469213293,747.0496193883839,185.11540531011647,164.09980281241633
1636.5372876028364,731.6842503327923,184.11011366724216,164.4515296766861
1627.2071931790974,735.303448668853,181.6709654050969,165.54651141566288
1640.4153475808307,764.5716740837339,181.3370847349713,164.22023807113825
1624.437787425778,722.0408785617211,179.7729148169718,163.97783397374133
1636.9868457800067,730.5625414999888,178.9281420112426,163.8626264506417
1644.7497495719822,744.776667731133,178.88226764967135,163.58404787687564
1641.2988597933966,750.732297897049,180.5672883547816,161.7976437176055
1627.7699439556334,734.9251006272658,180.2712954275721,160.99812666209112
1625.6939047626017,744.2047288569547,178.7410864999419,161.66520816490447
1636.230259839809,736.496690358944,178.1621289020273,161.06225671911466
1639.799762621017,769.2235506972677,178.23765192950333,162.4048107929085
1636.9235095790282,766.5313782027208,179.2235668349354,161.3627688216079
1637.9764938648452,772.0699596398057,178.93137995918332,162.36211153088638
1631.6825482016582,763.2619547522135,178.49998169203076,163.4923438353739
1637.6020112068531,781.9924671411276,178.8170359423305,164.4602135596937
1628.5081744679,764.5684496100221,178.16459604026682,164.7212166554301
1647.814535381884,765.6079782607716,179.57165049291856,163.7450955809636
1633.586367257041,774.3044635474658,178.67083340610836,163.60135281968027
1633.7357113238031,767.9464302922894,178.00383146705684,163.8895727085615
1637.468129945937,784.5367883314286,176.57435120655515,164.95608633392953
1629.2841746385002,772.0392176557555,175.62989674728414,165.9914870128339
1636.9553443331192,765.0715857852948,176.33862453728787,164.74397823980803
1646.6357904141641,769.4401588922099,176.0613436207281,164.76089608705945
1628.1998997212077,777.9695671994026,173.63971815686514,164.6907818164763
1640.0023137951227,768.6996111116846,172.52462846062423,165.01948205236914
1643.6685938888165,748.8776625515382,171.88055087931875,165.62649467708997
1644.1240769414298,726.6269360052511,171.01089917473988,166.03083900773527
1649.4197969478728,700.6856650302711,170.84550076241814,167.71705404224656
1668.042578973145,744.2637409946161,171.40821907085098,167.95737949355922
1651.1332140632576,762.3686685340291,171.40482847418622,167.96589631220385
1636.7775974409208,733.1835486334418,170.0522963598731,168.66627370594543
1667.822407448241,761.0456606164978,171.71230181795062,167.79478201676915
1655.534171998629,781.6467107921181,172.94119944782372,166.38915695948003
1633.723865497792,758.506930135312,171.82303386215153,168.19201132460958
1663.5058510432805,740.4178536069169,173.57036174500934,167.6719511070248
1652.4462912212207,736.0455538603294,174.17066521374196,167.74529781478586
1671.3722863781668,735.0286685637079,176.69956334871313,168.72210865746547
1654.842532238447,721.591114412389,176.79180243826772,169.72412363347593
1629.0348374319374,745.2526653730702,175.7503788755496,169.25146924717663
1643.6683960170005,723.4005233177561,176.0396702367258,169.37299426366144
1636.0626913971123,730.7697175605838,176.25965197332823,170.0349198684037
1641.3414846137664,720.7103629669655,176.36201082356246,170.33557659691172
1647.1701284071971,714.5096045221302,177.43632306332137,170.1302560947315
1630.162442912105,718.2323182312514,177.9650648748622,168.59449757089794
1624.2665405868383,768.6330277963374,176.1932698869818,168.29641881098956
1621.393758324987,787.0625278107062,174.71687367484589,169.28019484464403
1618.0210297640226,759.0665051972171,174.60315272888522,169.5654525207455
1603.1006780817095,725.6993736225256,171.55736547661226,171.68456666208385
1618.6698618725147,737.0921773490169,170.61065925509496,171.71171500079518
1638.803620914429,726.1163559588542,171.42435834625363,171.19962133089905
1633.5015002826674,712.7622127961828,172.07073691789728,172.6558900841018
1630.3156127618126,733.2806375343346,172.94643323656675,172.25926912342157
1624.2035637158624,756.6421857548457,174.17605008766566,169.44357852661602
1612.5332092664955,756.1682135134804,174.40112407288746,168.32481464003428
1612.8642289426045,767.4112514903629,173.41110599837364,168.26966375103123
1613.0285072568254,747.6860740810997,172.5968663391743,168.23949594113085
1620.710243694371,736.0257993190479,171.1675052955679,167.19588360169564
1620.121035348049,781.2107499726344,170.44340892196988,167.44144312886826
1619.2947716442868,765.2057873582287,169.76448065208476,168.0665805244243
1603.0973479019535,737.8397053612351,169.23581608228403,168.373181658462
1643.738875000024,724.2459556658207,169.81884262977954,168.1855984309355
1619.6148999181105,743.4630189929618,169.8123488726583,167.0787784542308
1619.7028250668789,746.6039889945602,170.99994251972385,165.64196994636467
1599.259461722139,716.9325635871405,170.12319749845685,165.42350574727152
1610.484726864808,733.8251524016898,170.21766535860414,165.21147809672476
1607.2167841062187,728.3664382488557,168.948586855139,164.16739279786316
1609.1441580532103,738.6922788933034,167.63531178464189,163.3610196191766
1609.4428985870354,734.1330439031032,166.9011143347364,162.7901689862048
1599.8312496846324,742.1295820640424,165.67236220814559,162.44206041452432
1595.0577157655555,737.4673831678787,164.26446031535554,161.82018629196855
1582.9476502123123,727.3341983823882,163.74143100981811,162.49334041155123
1595.6074255696567,757.99457529746,162.3811488353865,162.3362664964011
1589.8894343234329,728.1386339115971,162.4928167485209,162.5842750683457
1627.859011500123,730.4762859963018,163.0978160911825,162.28456517901816
1608.8584543730726,742.7535793008682,163.04623415343664,161.25248782678014
1612.8904075640155,750.2908882077229,162.22420915529403,161.68320192309898
1609.4424230197549,731.2762078071165,161.87846780787575,160.5117272599774
1616.6261659846696,745.3378364930957,161.9875838487006,160.11097923007438
1616.5207459532458,755.5253498257575,161.49280960156867,159.8451428761027
1623.2357411583873,753.1503904688016,161.43894056821762,158.34303205176633
1610.9725631880656,739.9428131630136,161.58256178042421,157.68376034833017
1600.9494980640814,750.5448534835207,160.0052031012962,158.09039046657057
1608.5148675416465,749.3741761108342,160.15937128165308,157.23711558801006
1610.7273140702594,727.8485240377329,160.64405224214087,155.83435176613082
1610.2270212563287,739.391375330164,160.70399310845403,155.96814501283285
1609.3569321165198,755.1860634400709,160.23789144594747,155.29071431155373
1600.4786247391917,749.9551753569432,159.4579353461654,156.29625011346113
1587.4257836687316,712.041178649307,159.63285432085246,157.25365689276933
1597.4602868361858,774.0705532754215,158.12834502967888,157.76311769278576
1604.2016656648925,754.159519181782,157.55961976526723,157.70933565919069
1594.3307339130408,739.3542341731403,157.37837602088356,157.03409287754496
1618.1825137971084,767.1239828045711,157.79525796045584,155.88228456483955
1599.590635484729,754.4099936589329,156.89865093162436,155.66537785178824
1597.7036348098272,743.0804546128098,156.0699699362894,155.43662664913816
1626.0478515860316,741.2916863022193,157.71065397082936,153.73233533214528
1776.8364295711087,690.0068003537092,156.9571664605665,152.76618901420758
1775.797107796113,683.0385597865038,155.50182652590289,153.53376786028144
1780.5011688929121,685.6580897022001,154.2043478869818,153.1745435047608
1780.5734036656604,690.3484887565721,152.83937242526346,152.38537082891804
1782.2551397850784,694.8678871238965,151.56088415296003,152.5648483860447
1779.2461589000516,681.30426187243,151.08628055741377,151.5321029214173
1777.2795840953627,678.4054736748267,150.55749862279782,150.77437569448114
1783.5347903937068,684.287384521966,149.62341228025625,149.84953685260317
1784.8452499594575,699.1918661371365,148.62653863374595,150.51743289917778
1782.7933101658411,687.1234800314271,148.18950219039635,150.03648465262268
1786.6232044384935,684.9279375067616,146.67159759359902,150.83911513683353
1788.6330188143609,680.6674025971008,145.4428979432402,151.6259315760044
1789.526850810615,675.598495979991,145.0652898644033,150.6570779194503
1781.4755666505735,675.937723348175,144.6234598174346,150.84413253971752
1765.341222898161,689.4704009897235,145.9928556383384,150.53483892401346
1783.7964703239065,680.032479807707,146.72286504300703,150.32232903354802
1784.198661666959,704.6026967345626,146.05313587741975,152.27920351205915
1785.0345257732029,667.4113927903329,145.85643861366756,151.50654528581802
1778.0384107194695,654.0571182794691,147.2260334776135,150.3197183092715
1779.7598422466015,671.1483478878367,147.30878421572478,149.75030467641943
1783.7672886905366,675.5647200294777,146.40428041869313,149.93413825434777
1782.8591424231654,672.1821235930792,146.53303641307446,150.27180008568425
1782.668256038591,698.1171809861116,145.12845013450178,151.84998697939625
1778.3795259432259,682.4158864267414,144.79522013297657,151.5849536700075
1789.1475986445573,690.3882683047599,142.79093569263162,153.39980821155152
1779.425573276902,687.4898761320923,143.1963527737317,153.4919082883595
1790.1288240197437,677.2359292380737,141.653399763764,153.4824217297943
1791.965850247557,670.9516586704847,140.57734925828862,153.81275720745168
1791.637763386163,654.0828476000372,139.5326692072457,154.52648705594828
1784.5259599727071,643.5991466530506,140.5939880251035,154.11520377262445
1787.0265230323103,675.0576016942822,140.14837347891427,153.86824256983869
1785.4439062399815,671.8356957759254,140.36143822036695,152.86083721080985
1785.287190040689,663.8466061991012,140.19991887421213,153.24695851724178
1780.1185794937303,656.2057806429628,141.26022110087655,151.9473166989075
1795.7169354326963,666.0404605695516,141.33687308052865,152.32538109904002
1789.6143675592284,663.9040205758806,141.17433190751285,152.07601223171775
1790.669596739058,668.2257678145293,141.02700509330873,151.4719866185588
1792.0888788545958,670.1227667195153,139.76740380433196,151.20788080517127
1792.5859042522916,664.77819781144,138.30233508944448,151.97030012972508
1780.4165965626144,664.4420722811318,139.1558315591381,151.10279481395423
1787.4784939240246,664.3221155214759,139.23284661367424,151.51833135568617
1790.9716642205526,652.6816706065092,138.3261423345001,152.6903597665031
1793.2562899138488,664.127005813413,138.15397781673892,152.8009243425326
1789.7940839988958,673.2109024587695,137.91719336375536,152.49730486954235
1781.4536919047755,670.7561372949865,140.02890749368186,151.3389567786884
1788.0242532451214,666.2239110268905,141.06829190373665,150.74503950025252
1790.6696852437115,666.0143886799774,140.85501972290245,150.7925436803099
1795.6002294248117,663.7989281100221,139.53247691051757,150.97598210436544
1794.7959132836038,665.9498396492547,138.51211810961001,151.9887270410257
1789.317084956059,663.2581276757435,138.33467957404167,152.27860580611426
1800.813844881699,661.3078903587498,137.59293992867887,153.30870695741527
1786.216089071549,663.5629301478965,137.9835819480878,152.10939789970422
1795.3426264941459,666.5096815411034,137.31423244051885,152.0656500716961
1801.7133005896071,658.668202486798,136.25774438821108,152.40097935165838
1794.1397104638697,682.1597904178782,136.0461922964728,153.25298219715654
1795.0616260924685,680.3326570647887,135.96135926973588,153.5328118730348
1799.134580063943,663.473449151324,134.6991842490974,153.3857179477543
1807.9294210606165,655.4339273633079,133.61796775172218,154.42483681683586
1769.283636058658,667.3572469036445,136.73119356844774,152.1507155144622
1788.6639055875507,671.0747997473147,137.08815331184454,151.56824472182473
1795.1109190238294,663.6477774227737,136.21323594254915,151.78830438571123
1802.5557607968742,673.6354747824736,135.71700729738114,151.44108517341374
1807.5573557649516,695.9588850088356,134.49759537986384,152.44605212079637
1804.4342108959765,665.8826337545568,135.019434428668,152.95288792663095
1803.4225077982503,668.7233513534795,135.21374594125123,153.62548677262697
1789.0712665509207,681.2720097359426,135.59475759543434,154.0114831468939
1799.964921664008,670.205463698028,135.77119845111832,154.62319162237324
1773.1839872378396,688.4153569196649,137.61435879590772,155.28569114635908
1782.3217080964341,685.4799040965197,139.48314775594355,155.72672279615034
1711.1784490562097,790.0275268168211,138.63125411265418,154.95307940968536
1730.6457354940314,789.5775672090497,138.8277392593128,154.36498135550013
1721.4688551275422,796.5498997397242,139.1985964093704,154.20015755724017
1736.1147992907154,802.8321491402271,140.2322363697093,153.74102781909568
1746.5410881745088,810.9962483481995,141.18608291348266,152.45322806466714
1770.4021233532317,798.5168383921693,143.24474584499623,153.02098669365637
1756.4536034229102,783.1469386811123,144.9340320568508,152.96169852841103
1760.5470720340422,799.5181829137865,146.00045786754043,152.0182650370421
1769.3157095757526,816.3110330365805,146.31674922721174,151.7311191902606
1761.6793597397566,821.5059803037914,145.5784337102291,152.5029193051941
1759.1670638861945,793.4880948920124,144.8388732295668,153.00688321693593
1758.0900574701018,791.1449483079849,145.59102031151917,152.0718075299153
1776.8767344912044,821.8042262512231,144.89063507353166,151.70341773060153
1778.4725062591447,816.8036567623365,145.0502509588783,151.984182914367
1783.1161428916478,823.3066366747903,144.25810628276378,152.2253504202378
1782.7981165972608,819.6193598967521,143.89746409872203,152.8367302803147
1785.278708559906,814.060061871769,143.03404871639162,153.22065195978803
1795.1593901146198,816.823613772569,142.25000344720357,154.74401338534614
1789.9673759957725,815.7518347979484,142.5155325324862,155.29924337562738
1796.9689127276495,819.1768058253807,140.3816492173134,156.69938903901425
1800.5893545746676,820.3687590861063,138.2041177898655,158.0292574876083
1801.968118536113,827.1908995133083,135.0755215963873,160.23537933533848
1805.852682193022,848.8652865326304,131.64548572776522,163.71496235184446
1808.7172984544316,828.2491489328725,129.04790713442605,164.72352055647693
1808.5741817046924,825.9203798392052,126.59456772720912,165.69644319281156
1811.2343189041806,834.2108797313766,124.90177231137528,167.3516628977411
1809.4058034249551,842.448093978343,123.07516547735483,168.89155193484484
1803.7502018432695,796.8860508581436,123.71594300292881,168.69550370644905
1816.2383446852082,821.4979084237222,121.74809417681908,170.07610441900525
1807.07204253985,823.6255448417995,122.2604197628676,169.9478885010507
1811.1683068012214,823.5901004057407,122.49850633510411,169.53963477999923
1806.8753717702502,832.0225008373994,122.46185767405575,170.97275753594857
1811.642593504057,845.2201040205131,121.19121608639074,171.51594595709986
1811.0920374501727,834.4610540192145,120.1182347208277,171.3859443524085
1813.7545364779803,836.2483244221164,119.14036676106579,171.87069497561936
1809.7877366079913,850.9558648687056,117.9145887219816,173.18246930590797
1808.168181485683,834.9139307997488,118.83044153477576,170.6082326685744
1813.871333262142,840.8034058164563,117.74960165631256,171.75859103970112
1809.056051896555,843.8963179997338,117.87467447362172,171.7646165518578
1810.3186009772417,856.060308001116,118.14201950110206,171.89287690849412
1798.5111446714786,864.1918155455645,119.6206803767082,170.66556343292223
1800.629554971117,851.3230570762688,120.36598672241618,169.30291215751794
1803.1596916162634,850.3894745370947,121.24507121363523,169.29649782802403
1807.167586017805,865.3951144675323,120.40038810491532,169.14027092843332
1807.168950323594,866.2539639375706,119.94700225336967,168.36356839708083
1801.7473164391024,871.862412494154,120.27833311599932,169.47739209936623
1789.0546882489243,863.9824894993366,122.42270533349469,167.82903210900653
1785.3674748427993,864.5838821635713,124.9928458646516,166.2866581959845
1792.5678424343675,844.1917301977475,125.7315967462503,165.57335973270574
1794.6198108099497,861.7672852681867,126.64374869502102,164.65670197217173
1790.844266557938,874.4550975126683,127.49717293802439,162.63260709730775
1788.2289621511495,865.3129085517452,129.0127040342034,161.61562586140687
1778.418041108501,870.5061467316082,131.41388398629667,159.64784286090622
1785.5422324347874,880.3538548218354,132.60961005160922,158.2565867412654
1777.9575579926386,879.4100085066041,133.65966311800963,157.40579994096595
1771.3369005442119,880.6389139382737,133.9710276466535,157.43678938023123
1761.915401474096,880.3076111700614,135.35223793411697,156.03168131101546
1777.2062984531794,896.3555220296096,136.98002965309092,155.61181717510146
1763.6661432667245,896.3473124738025,138.4610864819369,154.75361008990714
1769.8518377861592,894.5941203456626,139.8391269922978,154.2680966787083
1755.7737941436492,895.9280184885478,140.68177608623972,154.47521554897887
1752.74909874401,889.5072018911364,140.64358023279732,154.7537151872353
1749.8580549405692,892.6046411846958,141.35185290986826,154.4095934256583
1753.7909377087171,900.7737445329192,143.14327462424558,153.21753364775094
1747.056213518187,897.818147814487,145.21276722637106,152.05291440754274
1763.972589833133,909.5505739866647,146.76071982971382,151.11060483710975
1727.5839558836299,908.6167733730293,146.72899016854146,151.08566441410738
1742.4645256105323,909.7931472427667,147.81729562726449,149.72128247117587
1735.6720279048031,914.5015506132399,148.10283397618593,150.01714175216858
1732.4290146830244,914.0644687767357,148.58304634447734,149.63799113919345
1739.1580750294092,920.3865944631209,149.73444517117946,149.08439576095614
1729.7090603690635,922.1973543253453,149.32664186329833,149.42468879377287
1738.3862218526945,922.613671329728,150.00145372557466,148.69078670368174
1747.5796651044682,925.839237040127,150.87325691187885,148.40150973571107
1744.3584055252345,927.3081453197758,151.33778618714584,148.27713958661423
1741.7438866160915,919.109115913368,152.78384015823903,146.98394271813748
1756.6882946589583,925.9214726172365,154.65488513800838,145.85192984021853
1747.497893781707,933.005693864592,155.72201793148452,145.22312011326332
1744.7576953993362,936.1329115352439,155.8171835679399,145.4101817040918
1742.1672402914985,936.8865142879346,156.22608727339687,145.61507921863245
1735.0608884834403,936.7668224189831,155.65358371688612,146.59815541947498
1752.868799847455,939.6225726489256,156.47865446467083,146.1003756909007
1759.9017065141325,935.6902564428747,158.0438050957363,146.22139244421174
1752.3256490123397,938.9214908827909,160.43602583182445,144.36581032907324
1741.9740528006278,933.7299025812165,162.29521334776663,142.99087612015714
1752.2054405900496,931.1064460288711,162.93387225044577,142.8199344077288
1761.4659821280836,931.1545017368145,163.18726918838448,143.16083755693808
1763.5418652806648,934.4097065739805,162.498381726197,143.98891292873154
1764.1452242701425,939.1064747924519,162.3512644346963,143.94695159294014
1769.7744335301838,941.1302392237295,162.04316079940594,144.44433951851687
1752.7716633025304,933.5571068623805,162.78393446843108,143.3615724832282
1741.5404603350394,937.9346332261886,163.39771818472582,143.75652873588592
1763.5860774423104,931.2500108927181,162.64007665640258,144.8668312800902
1768.7071712480906,933.8670424796676,162.89734167466082,146.01625896011083
1768.0666778892662,936.1024985874117,162.41272937477973,147.05846859862842
1748.3208762342556,928.5136664062966,162.63969449140177,147.25829178499404
1762.388620151143,888.0777975605081,163.86754696065054,148.21144520384476
1784.1391469407085,903.7795938387544,163.0476267122034,150.1907322797448
1775.2720985261624,893.7988347337368,163.4982862121443,150.79737756752377
1776.0426588434016,844.1367072567225,162.43779158211305,153.41472801056858
1773.3159333307121,832.1659832827706,162.51306640595237,155.10230257472867
1763.6079346722995,807.0816962661077,162.29152325241594,157.86436121006642
1752.007425540844,798.8339173926447,163.53992617094164,158.5889709219668
1759.5316352203615,777.9296287124711,163.9405157300361,159.30243374163257
1763.4560299204938,792.4696380777615,164.13471536715284,160.28489313935773
1760.197881885359,781.0044080804888,164.9940467446147,160.6666141469111
1761.285672873396,771.7228701230048,165.0211355982511,161.30477929500506
1753.1821017051707,752.3208827526075,164.73300716468853,161.85479418057872
1777.427598076756,732.8537153482977,164.68931481190026,162.78389238637956
