5.14600301
0.01039934
0.01094675
0.01060629
0.00524426
0.00424218
0.01009703
0.00509262
0.00441432
0.00430894
0.00515842
0.00422335
0.00419402
0.00408840
0.00468993
0.00389028
0.00391626
0.00381088
0.00394511
0.00385618
0.00652504
0.00997543
0.00673723
0.00989366
0.00738430
0.01063037
0.00790977
0.01011062
0.00795531
0.00996041
0.01008129
0.00954986
0.00742221
0.00398469
0.00982594
0.01017237
0.01023650
0.00994205
0.00943232
0.01396537
0.00617981
0.00803900
0.00803208
0.00409603
0.00792623
0.00848222
0.00784492
0.00406218
0.00392318
0.00390887
0.00388837
0.00384903
0.00396204
0.00390148
0.00393772
0.00393677
0.00391221
0.00441074
0.00408006
0.00383496
0.00456047
0.00391650
0.00383472
0.00387383
0.00387406
0.00383496
0.00387526
0.00388336
0.00389457
0.00383592
0.00393844
0.00381541
0.00417280
0.00396991
0.00386357
0.00388551
0.00390267
0.00386238
0.00389218
0.00380445
0.00396895
0.00391388
0.00399518
0.00393319
0.00407624
0.00391150
0.00396109
0.00408721
0.00458026
0.00392580
0.00407600
0.00499964
0.00541115
0.00414038
0.00418591
0.00396395
0.00412154
0.00448346
0.00384045
0.00390410
0.00387192
0.00382209
0.00392389
0.00424552
0.00399184
0.00386095
0.00408077
0.00384140
0.00386834
0.00410652
0.00393534
0.00399399
0.00397491
0.00392413
0.00391221
0.00386524
0.00400567
0.00395226
0.00385547
0.00391579
0.00385523
0.00462389
0.00400615
0.00396109
0.00387073
0.00697708
0.01019216
0.01024437
0.00996900
0.00744367
0.00997496
0.01051354
0.01031733
0.00998807
0.00980115
0.01047754
0.01045418
0.01039958
0.00975227
0.01066709
0.01056957
0.01227260
0.01094389
0.01089740
0.01047444
0.00951624
0.00967145
0.00755405
0.01018476
0.01009846
0.00985432
0.00980020
0.01004171
0.00749397
0.00971007
0.00737333
0.00984192
0.01017714
0.00677061
0.00747824
0.00896335
0.00989890
0.01042628
0.00968790
0.01096869
0.01013851
0.00610852
0.00484705
0.00450158
0.00483418
0.00421047
0.00472641
0.00469589
0.00445223
0.00450754
0.00462604
0.00483155
0.00489855
0.00448298
0.00411558
0.00402141
0.00433183
0.00939798
0.00999475
0.00787878
0.01115847
0.00847530
0.01010633
0.00682020
0.00970674
0.00933933
0.00755906
0.00977826
0.00769210
0.01315093
0.00770354
0.01270723
0.01080894
0.01059222
0.01049948
0.01021934
0.00901365
0.00888634
0.00424504
0.01012397
0.00407457
0.00406694
0.00528598
0.00768399
0.00533295
0.00414848
0.00429869
0.00605297
0.00790095
0.00421906
0.00564671
0.00409794
0.00406289
0.00609922
0.00410891
0.00402594
0.00393128
0.00388861
0.00571918
0.00396729
0.00768757
0.00397325
0.00383711
0.00397539
0.00901484
0.00396872
0.00387645
0.00773787
0.00393224
0.00388241
0.00380731
0.00394917
0.00386667
0.00390053
0.00382853
0.00400352
0.00460243
0.00426793
0.00449038
0.00447655
0.00513315
0.00405216
0.00396347
0.00452137
0.00412607
0.00410295
0.00414562
0.00400114
0.00384927
0.00405264
0.00384498
0.00391793
0.00384593
0.00380564
0.00397491
0.00386572
0.00381374
0.00387001
0.00384974
0.00387144
0.00381303
0.00394320
0.00386047
0.00385523
0.00404096
0.00428629
0.00634885
0.00398993
0.00394130
0.00387621
0.00381684
0.00408530
0.00718117
0.00390840
0.00389481
0.00384021
0.00756168
0.00754642
0.01020217
0.00798821
0.01023006
0.01035738
0.00799322
0.01023602
0.00877333
0.01025915
0.00807095
0.01071024
0.00977564
0.00657344
0.01008868
0.01043320
0.01047254
0.01106143
0.01046610
0.01054716
0.01017046
0.01007986
0.01053309
0.01038527
0.01045942
0.01002812
0.01052260
0.00765657
0.01005578
0.00889421
0.01040769
0.01044464
0.00606418
0.00905895
0.01047945
0.01040840
0.01046133
0.01025987
0.01019001
0.01012754
0.00399494
0.00406528
0.00407314
0.00406408
0.00402808
0.00403595
0.00410533
0.00408530
0.00412083
0.00424266
0.00404453
0.00384021
0.00389743
0.00392675
0.00393915
0.00388932
0.00387836
0.00694537
0.00919628
0.00759411
0.00980878
0.01014829
0.00946832
0.01000166
0.00979447
0.01013279
0.00980830
0.01030970
0.00992417
0.01192856
0.00831318
0.00703549
0.01018071
0.01050568
0.00999498
0.01026821
0.00808239
0.00821805
0.00678110
0.00814295
0.00786161
0.00389004
0.00778532
0.00780511
0.00392127
0.00394464
0.00384188
0.00438213
0.00388670
0.00389624
0.00444651
0.00397778
0.00385594
0.00391841
0.00386786
0.00393081
0.00381136
0.00396156
0.00387192
0.00450039
0.00419164
0.00418162
0.00397587
0.00392437
0.00438213
0.00389838
0.00392723
0.00392294
0.00391507
0.00395918
0.00397325
0.00392509
0.00382471
0.00394249
0.00385642
0.00403452
0.00396037
0.00424504
0.00390339
0.00446248
0.00411654
0.00436544
0.00402427
0.00405574
0.00441885
0.00396419
0.00395536
0.00421858
0.00390601
0.00401664
0.00474167
0.00412822
0.00420189
0.00388718
0.00378966
0.00388837
0.00384307
0.00387311
0.00426555
0.00402904
0.00394917
0.00380564
0.00397825
0.00427771
0.00384140
0.00417566
0.00448847
0.00427437
0.00386643
0.00453782
0.00392389
0.00388241
0.00392604
0.00393605
0.00425029
0.00388670
0.00388002
0.00388813
0.00396419
0.00628757
0.00969338
0.00822473
0.01063704
0.00960445
0.00952935
0.01004410
0.00936532
0.01043224
0.00904918
0.01011062
0.00979400
0.00999331
0.01067424
0.01037812
0.01047635
0.01037526
0.01013970
0.00966835
0.01035547
0.01054645
0.01161623
0.00750017
0.00996399
0.01030135
0.00980282
0.00997567
0.00979805
0.00771928
0.00989628
0.00961924
0.01009178
0.01015949
0.00779581
0.00751877
0.01112795
0.01053977
0.01031017
0.01037860
0.01055789
0.00443339
0.00403166
0.00406528
0.00393796
0.00392890
0.00401759
0.00399017
0.00394464
0.00458336
0.00403881
0.00389743
0.00382090
0.00399065
0.00385475
0.00387836
0.00386333
0.00391960
0.00384784
0.00668001
0.01011968
0.00800586
0.01014972
0.00714254
0.01080966
0.00636458
0.01022458
0.00731158
0.01163077
0.01007342
0.01021338
0.00710750
0.00816202
0.00780582
0.00820875
0.00788999
0.00771666
0.00806141
0.00793982
0.00768566
0.00875831
0.00533199
0.00800729
0.00829625
0.00892687
0.00697780
0.00496435
0.00393486
0.00384879
0.00387573
0.00383353
0.00381541
0.00402093
0.00452042
0.00399828
0.00396776
0.00393772
0.00403142
0.00390911
0.00385857
0.00385952
0.00383949
0.00394797
0.00391269
0.00382185
0.00389814
0.00382257
0.00386024
0.00381565
0.00468588
0.00385451
0.00396132
0.00382185
0.00386286
0.00392222
0.00385427
0.00381160
0.00386453
0.00383043
0.00387096
0.00397205
0.00402331
0.00397158
0.00614715
0.00544024
0.00404906
0.00449634
0.00396991
0.00419307
0.00387597
0.00414157
0.00396895
0.00398493
0.00390291
0.00380278
0.00393653
0.00382805
0.00387454
0.00384808
0.00421357
0.00465846
0.00397539
0.00442529
0.00390935
0.00383186
0.00396228
0.00398684
0.00392747
0.00390625
0.00390744
0.00383615
0.00381184
0.00389671
0.00382924
0.00379968
0.00407958
0.00404644
0.00395632
0.00380492
0.00393748
0.00381923
0.00592232
0.00750756
0.00992227
0.00799704
0.00969315
0.00733018
0.00977468
0.01026964
0.00888801
0.00954294
0.00979996
0.00994110
0.01005697
0.00991631
0.00880837
0.01036119
0.01025033
0.01023936
0.01090574
0.01039481
0.01057100
0.00817299
0.00957966
0.00996566
0.01032162
0.01026058
0.01012754
0.01043820
0.01033378
0.01013446
0.00987077
0.01000261
0.01015019
0.00839567
0.01063013
0.00928187
0.01062131
0.01181149
0.01012731
0.00999594
0.01043439
0.00421882
0.00400305
0.00405526
0.00384116
0.00381017
0.00388694
0.00391889
0.00395036
0.00385952
0.00395012
0.00382304
0.00386882
0.00385404
0.00386453
0.00383687
0.00387096
0.00397778
0.00413275
0.00713873
0.00984192
0.00809026
0.01018000
0.00763750
0.00970912
0.00961089
0.01033926
0.01135230
0.00955033
0.01015925
0.00997829
0.00773501
0.00810528
0.00802469
0.00813627
0.00812936
0.00774622
0.00807357
0.00828719
0.00771332
0.00453162
0.00739384
0.00800228
0.00804853
0.00398016
0.00813174
0.00390220
0.00377059
0.00374699
0.00462365
0.00402808
0.00385880
0.00399303
0.00387073
0.00385785
0.00385189
0.00392413
0.00406051
0.00390220
0.00391650
0.00405455
0.00422859
0.00394058
0.00388694
0.00383377
0.00381851
0.00386405
0.00381899
0.00385714
0.00388122
0.00385451
0.00384879
0.00400639
0.00388360
0.00602722
0.00398827
0.00387263
0.00379562
0.00394273
0.00381470
0.00389838
0.00396037
0.00399971
0.00393510
0.00483680
0.00453734
0.00391960
0.00395083
0.00406051
0.00395608
0.00409055
0.00395060
0.00400710
0.00385714
0.00390387
0.00382757
0.00395560
0.00381279
0.00393033
0.00387502
0.00381732
0.00389171
0.00383115
0.00381231
0.00389385
0.00381160
0.00386047
0.00389218
0.00400662
0.00396800
0.00432539
0.00389504
0.00386310
0.00379634
0.00383115
0.00393391
0.00390267
0.00378323
0.00397325
0.00384259
0.00387025
0.00383520
0.00389791
0.00383902
0.00818276
0.00596714
0.01049876
0.00633645
0.00902772
0.00794244
0.01002240
0.00822783
0.00999117
0.00688028
0.00835156
0.01006365
0.01003122
0.00990248
0.00393772
0.01000094
0.01027942
0.01039505
0.01058221
0.01048541
0.01025248
0.01038551
0.00959611
0.00766587
0.00921869
0.00984478
0.01020241
0.00987768
0.01076436
0.01075482
0.01006055
0.01095271
0.01002717
0.01057434
0.00861526
0.01021338
0.01068544
0.01061440
0.01073408
0.01032805
0.01068473
0.01054049
0.00425601
0.00400424
0.00396085
0.00382018
0.00384927
0.00388193
0.00387692
0.00437188
0.00401926
0.00456381
0.00391245
0.00378990
0.00393534
0.00387764
0.00400424
0.00393319
0.00389218
0.00383520
0.00624204
0.01000333
0.00796700
0.01001143
0.00758982
0.00962448
0.01053286
0.01023054
0.01010990
0.00995398
0.01024747
0.01191354
0.00426102
0.00783348
0.00787568
0.00803018
0.00797582
0.00788093
0.00808764
0.00755787
0.00824881
0.00662780
0.00727868
0.00794792
0.00423813
0.00796890
0.00792480
0.00405240
0.00392151
0.00382400
0.00396037
0.00392580
0.00388360
0.00402522
0.00395513
0.00391364
0.00391269
0.00421882
0.00389028
0.00379395
0.00397205
0.00388479
0.00384426
0.00387359
0.00386953
0.00383425
0.00387645
0.00385547
0.00385618
0.00393820
0.00396800
0.00384045
0.00396228
0.00391293
0.00400376
0.00388241
0.00398302
0.00398469
0.00401688
0.00389814
0.00405979
0.00385904
0.00390983
0.00396585
0.00396323
0.00394607
0.00401998
0.00398517
0.00409126
0.00407934
0.00395226
0.00400138
0.00403881
0.00409842
0.00419378
0.00393486
0.00399518
0.00387526
0.00388670
0.00389361
0.00389695
0.00384402
0.00413752
0.00398564
0.00388765
0.00381637
0.00396395
0.00387216
0.00385404
0.00391006
0.00389051
0.00393510
0.00391555
0.00386238
0.00388718
0.00381589
0.00397086
0.00389552
0.00420928
0.00399756
0.00387096
0.00384188
0.00393105
0.00445819
0.00390029
0.00755405
0.01019645
0.01051044
0.01085448
0.00696778
0.00977874
0.00993180
0.00963497
0.00957370
0.01109314
0.00729179
0.00985837
0.00960493
0.00826836
0.01001954
0.01005149
0.01144171
0.00911593
0.01078796
0.01034379
0.01040578
0.00864792
0.00866914
0.00988173
0.00776458
0.01007819
0.00942564
0.00995898
0.01013494
0.01041603
0.01006532
0.01030493
0.01044750
0.00873518
0.01002192
0.01027083
0.01056600
0.01063704
0.00999403
0.00995874
0.01229548
0.00430417
0.00400376
0.00402379
0.00401068
0.00384974
0.00423026
0.00402427
0.00391173
0.00394654
0.00391650
0.00388575
0.00383043
0.00419903
0.00385976
0.00383830
0.00388598
0.00387955
0.00734329
0.01063538
0.00835371
0.01044893
0.00927162
0.00915813
0.01083255
0.01008487
0.01067591
0.00897956
0.01000547
0.00962830
0.01028919
0.00407362
0.00805497
0.01056409
0.01046181
0.01039124
0.00761151
0.00736094
0.00902176
0.00500774
