0.03476262
0.00410485
0.00399613
0.00394154
0.00393772
0.00396895
0.00382185
0.00382662
0.00381017
0.00380707
0.00380516
0.00378990
0.00386524
0.00382805
0.00378942
0.00379610
0.00380111
0.00378060
0.00394058
0.00405478
0.00394225
0.00384784
0.00380135
0.00379300
0.00377798
0.00377274
0.00376892
0.00377512
0.00376439
0.00380111
0.00677705
0.00847030
0.00863791
0.00661325
0.00894451
0.00915718
0.01118875
0.01145411
0.00906587
0.00898123
0.00866437
0.00915670
0.00902104
0.00896025
0.00919461
0.00976539
0.00935340
0.00927639
0.01048636
0.00891733
0.00912499
0.00928807
0.00950789
0.00988317
0.01081443
0.00887156
0.01097846
0.00908327
0.01107073
0.01124406
0.00880361
0.00884533
0.00877976
0.00874305
0.00899172
0.00878429
0.00898981
0.00995064
0.00914240
0.00932765
0.00921965
0.00930095
0.00942659
0.00930524
0.00915790
0.00573373
0.00387216
0.00397015
0.00392628
0.00389528
0.00390720
0.00389242
0.00388694
0.00386691
0.00388265
0.00506830
0.00391197
0.00389457
0.00374413
0.00386500
0.00376630
0.00378489
0.00385141
0.00379491
0.00574446
0.00857162
0.01081800
0.00869560
0.01395059
0.01032901
0.01117110
0.00877953
0.01094055
0.00849247
0.01081371
0.00876927
0.01094627
0.00935650
0.00971270
0.00923443
0.00945067
0.00950646
0.00956225
0.01080012
0.00933361
0.00783682
0.00820613
0.00807166
0.00689459
0.00753736
0.00706601
0.00385213
0.00734496
0.00378227
0.00380826
0.00379729
0.00380135
0.00384235
0.00385332
0.00382495
0.00381756
0.00378132
0.00379443
0.00380516
0.00378871
0.00371432
0.00380683
0.00371718
0.00376606
0.00377774
0.00381613
0.00374365
0.00373530
0.00371504
0.00371838
0.00371099
0.00452185
0.00392985
0.00390625
0.00392795
0.00385380
0.00378919
0.00377727
0.00378656
0.00375080
0.00373697
0.00374150
0.00386119
0.00385261
0.00377345
0.00374818
0.00392914
0.00393486
0.00391865
0.00389242
0.00393295
0.00529528
0.00389814
0.00390863
0.00386119
0.00405169
0.00393319
0.00386786
0.00378466
0.00374889
0.00373697
0.00375509
0.00374222
0.00374007
0.00381637
0.00377893
0.00379992
0.00375080
0.00375986
0.00374007
0.00378108
0.00377083
0.00372505
0.00373387
0.00427747
0.00387907
0.00374484
0.00374007
0.00373936
0.00381255
0.00405002
0.00372839
0.00370789
0.00372458
0.00371480
0.00474620
0.00394344
0.00385118
0.00372863
0.00378942
0.00377965
0.00715208
0.00629139
0.01049495
0.00644851
0.01070189
0.01026988
0.01059389
0.01053548
0.01018071
0.01094723
0.00984335
0.01079059
0.00876093
0.00850368
0.00897837
0.00892806
0.00894618
0.00893807
0.00899553
0.00868082
0.00884891
0.00806808
0.00969362
0.00601482
0.01022005
0.00641418
0.00854063
0.00628710
0.01035810
0.00888586
0.00854468
0.01083994
0.00820351
0.01072812
0.00461888
0.00925636
0.01177645
0.01086736
0.00924134
0.00863528
0.00891972
0.00895000
0.00899410
0.00404096
0.00396323
0.00390148
0.00400686
0.00398064
0.00393915
0.00397730
0.00392103
0.00388932
0.00389314
0.00383735
0.00385523
0.00384283
0.00376344
0.00375605
0.00379062
0.00372934
0.00374508
0.00749421
0.01023293
0.00822067
0.01020026
0.01036787
0.01025224
0.01024532
0.01037788
0.01028562
0.01046109
0.01039481
0.01050019
0.01085305
0.00389743
0.00697899
0.00630808
0.00652027
0.00864363
0.00660801
0.00644755
0.00652623
0.00929523
0.00384808
0.00781059
0.00373459
0.00365639
0.00364733
0.00368237
0.00693107
0.00370049
0.00364733
0.00363398
0.00363159
0.00482559
0.00795674
0.00383329
0.00375056
0.00389361
0.00383925
0.00381231
0.00379777
0.00373816
0.00372767
0.00375938
0.00379229
0.00374365
0.00373983
0.00375581
0.00374413
0.00372887
0.00375223
0.00386834
0.00376987
0.00374413
0.00763845
0.00376368
0.00373602
0.00769591
0.00379229
0.00372672
0.00370145
0.00369000
0.00368309
0.00374937
0.00374556
0.00375509
0.00376272
0.00394726
0.00398302
0.00396252
0.00390768
0.00390887
0.00480795
0.00412035
0.00416708
0.00400138
0.00407195
0.00441480
0.00382638
0.00372720
0.00380611
0.00375724
0.00374079
0.00375390
0.00370407
0.00416017
0.00372505
0.00373602
0.00369549
0.00371909
0.00372839
0.00370002
0.00382614
0.00376081
0.00384307
0.00386333
0.00382423
0.00375724
0.00374174
0.00371671
0.00370121
0.00371480
0.00366998
0.00372291
0.00402164
0.00421238
0.00393271
0.00372553
0.00374770
0.00370169
0.00370884
0.00783396
0.00761938
0.00989151
0.00815749
0.01019740
0.00832796
0.01044607
0.00829387
0.01023412
0.01032519
0.01009250
0.00812674
0.01021409
0.01028132
0.00381756
0.00945711
0.00889635
0.00887394
0.00879431
0.00889516
0.00889015
0.00972629
0.00950813
0.00940180
0.00890827
0.01130939
0.00884485
0.01064587
0.00865197
0.01071644
0.00994444
0.01021957
0.00883222
0.00874114
0.00897527
0.00920367
0.00910068
0.00905061
0.00909185
0.00936103
0.00923538
0.00914288
0.00913882
0.00519156
0.00388956
0.00374579
0.00370407
0.00380349
0.00379491
0.00381732
0.00379252
0.00383854
0.00385022
0.00381446
0.00378871
0.00378060
0.00378609
0.00754261
0.00385952
0.00382805
0.00374579
0.00372267
0.00721097
0.01036692
0.00830078
0.00973463
0.00840783
0.00851178
0.01101065
0.00860333
0.01078773
0.00894523
0.01060820
0.00913119
0.01101613
0.00917196
0.00892425
0.00917149
0.00915527
0.00909948
0.00895166
0.00872254
0.00914001
0.00809264
0.00384808
0.00754857
0.00376439
0.00367284
0.00364876
0.00396204
0.00755954
0.00369740
0.00363803
0.00367761
0.00365257
0.00796676
0.00472546
0.00374436
0.00373363
0.00373745
0.00378561
0.00373006
0.00369740
0.00369549
0.00499892
0.00384760
0.00379801
0.00370097
0.00370955
0.00410318
0.00372028
0.00370383
0.00370288
0.00370502
0.00380015
0.00384212
0.00460315
0.00830603
0.00775695
0.00374508
0.00380349
0.00371242
0.00368953
0.00368619
0.00375152
0.00374174
0.00370669
0.00378370
0.00395179
0.00387740
0.00386429
0.00388122
0.00431752
0.00391507
0.00391507
0.00442958
0.00389123
0.00388336
0.00383043
0.00381565
0.00379014
0.00376439
0.00376463
0.00371647
0.00374937
0.00372338
0.00371766
0.00374484
0.00376678
0.00374269
0.00373483
0.00372362
0.00369430
0.00367856
0.00374699
0.00370407
0.00647068
0.00380278
0.00379276
0.00382781
0.00369525
0.00369263
0.00370049
0.00367808
0.00370669
