0.03587294
0.01207495
0.00884271
0.01117563
0.00871396
0.01099992
0.00398183
0.00792980
0.00665188
0.00655985
0.00662518
0.00673604
0.00664067
0.00673246
0.00795245
0.00377202
0.00813746
0.00403833
0.00391746
0.00385690
0.00384760
0.00801611
0.00390768
0.00389075
0.00384331
0.00383139
0.00732970
0.00661373
0.00373650
0.00376105
0.00371552
0.00371385
0.00368404
0.00370407
0.00379586
0.00368261
0.00367117
0.00367928
0.00374103
0.00371003
0.00388241
0.00437260
0.00378537
0.00370359
0.00374866
0.00375366
0.00838304
0.00390005
0.00381207
0.00782657
0.00411057
0.00370646
0.00372624
0.00372386
0.00369453
0.00368142
0.00367594
0.00367904
0.00386977
0.00393677
0.00390673
0.00390792
0.00388122
0.00386834
0.00384569
0.00389385
0.00416422
0.00388741
0.00375032
0.00370812
0.00374198
0.00371766
0.00370502
0.00370288
0.00371027
0.00368094
0.00368810
0.00371289
0.00368237
0.00370097
0.00411725
0.00372434
0.00369883
0.00369716
0.00370097
0.00377655
0.00371647
0.00370407
0.00658226
0.00638008
0.00390720
0.00382471
0.00382113
0.00373054
0.00368476
0.00380707
0.00381827
0.00374222
0.00378776
0.00494194
0.00435448
0.00408053
0.00779176
0.01022243
0.00843382
0.01035070
0.00845146
0.00852132
0.01038098
0.00846219
0.00941277
0.01023149
0.01048541
0.00828290
0.01043129
0.00486088
0.01047873
0.00905561
0.00882077
0.00880098
0.00900245
0.00883317
0.00878525
0.00869870
0.01029229
0.00811887
0.01024914
0.01078296
0.00841594
0.01064873
0.00617671
0.01064873
0.00871539
0.01076937
0.01035380
0.01089764
0.01091838
0.00618792
0.00926495
0.00932217
0.01024055
0.00876760
0.00905466
0.00917721
0.00921512
0.00899935
0.00412726
0.00391865
0.00383854
0.00376940
0.00382328
0.00378346
0.00384045
0.00387764
0.00379944
0.00377989
0.00375509
0.00376749
0.00375509
0.00374413
0.00376916
0.00377703
0.00373602
0.00373554
0.00370216
0.00764966
0.01062441
0.00628352
0.01070690
0.00639415
0.00985503
0.01111412
0.01074433
0.01013398
0.00877476
0.01103997
0.00861096
0.01085544
0.00534248
0.01042986
0.01148653
0.00880027
0.00949287
0.00877213
0.00860000
0.01185608
0.00683212
0.00763416
0.00419021
0.00405955
0.00403953
0.00400257
0.00401378
0.00792289
0.00407076
0.00398254
0.00407743
0.00403333
0.00749230
0.00391746
0.00423050
0.00439262
0.00391746
0.00373983
0.00372052
0.00389457
0.00370073
0.00370407
0.00370169
0.00369811
0.00376439
0.00371265
0.00371790
0.00370741
0.00371194
0.00379133
0.00371742
0.00371075
0.00369239
0.00732899
0.00378728
0.00371718
0.00750279
0.00374842
0.00370407
0.00368667
0.00368929
0.00369263
0.00374842
0.00371337
0.00370502
0.00374413
0.00461435
0.00396991
0.00399709
0.00392318
0.00393200
0.00403261
0.00391459
0.00390124
0.00402880
0.00386453
0.00407672
0.00386047
0.00374746
0.00374889
0.00376654
0.00374579
0.00392818
0.00386858
0.00376773
0.00376964
0.00375795
0.00372314
0.00374246
0.00381422
0.00384068
0.00386548
0.00379634
0.00386930
0.00381017
0.00377178
0.00376868
0.00379992
0.00375414
0.00372577
0.00373292
0.00371766
0.00373459
0.00371385
0.00372601
0.00372863
0.00371432
0.00371838
0.00371957
0.00382662
0.00373316
0.00375748
0.00770235
0.00846553
0.01026058
0.01052070
0.01025534
0.00844932
0.00929213
0.00999880
0.00865221
0.01064372
0.01033807
0.00863671
0.00947976
0.01062226
0.01054931
0.00888300
0.00874209
0.00889683
0.00888610
0.00900793
0.00890970
0.00874352
0.00618696
0.01048613
0.00829029
0.01020360
0.00632453
0.00837541
0.00861239
0.01047707
0.01062989
0.01027107
0.01065278
0.01050568
0.01078534
0.00438118
0.00891662
0.00666118
0.00898385
0.00900698
0.00897121
0.00874949
0.00975156
0.00893378
0.00384903
0.00416303
0.00430012
0.00376749
0.00385165
0.00393605
0.00415730
