621.5,294.5,17,37
620.5639171067081,294.62439116107373,17.872165786583743,35.7512176778525
620.2253195659795,295.17958447697555,18.54936086804103,34.640831046048916
619.9522719340575,294.6017944370015,18.267453649077787,34.96840864318999
619.3246139106193,295.0815300464135,18.694787595977118,34.00893742436601
618.6866511829195,295.03472018769594,19.149539376885542,34.10255714180102
618.3254722821177,295.31110538784634,19.041587896792315,34.3800960231968
618.2666492995115,295.7948778073218,19.15923386200477,33.41255118424581
617.4802053100561,295.3565538768127,19.09160220515004,33.468939227381284
617.0290820955108,296.1469201613011,19.17390176542313,33.52810039603965
616.0468947180004,296.4656280879591,18.671614308535634,33.71290528002651
615.9106575854886,296.2642024028932,18.944088573559274,33.29934950695466
615.2027101750101,297.198715679052,20.359983394516256,31.430322954637056
614.762885103579,297.5820714581584,20.428709649734298,30.663611396424294
614.8935958317387,299.06805842708377,20.167288193415104,30.893866805667503
614.4746197479506,300.29058654913115,20.20557574692724,30.048139789701217
612.855720885423,300.5573154571231,20.293000709493047,29.514681973717245
612.6616955363088,301.44717333890486,20.681051407721586,28.515970998785193
612.7793482909242,302.7919092476739,20.44574589849081,28.915683727219033
612.7644463663275,302.89608719056395,20.475549747684028,28.707327841438996
611.9625993777297,304.0507490201015,20.535610493938712,27.94163741330484
612.3621136511215,306.0539811900852,19.736581947155265,28.50231738581366
612.1794270403021,306.00304958575924,20.101955168793896,27.84765494998544
612.104616838142,307.8393887832969,20.2515755731142,27.185556131608518
612.0567121144177,308.8009424727398,20.347385020562683,26.752535928679983
611.6517289321489,308.0228372292984,19.677322575804567,27.568732010914907
611.2747519294478,308.17656018576525,20.431276581206717,27.26128609798115
610.7802205448857,309.66507625628816,20.671203277773422,27.280798247165617
609.5942334595283,309.160414138762,20.783115187257952,27.536768395141173
609.4337418934603,307.94918797743856,21.104098319393785,27.681972936989727
609.5298165136114,308.73065098588546,20.911949079091507,28.41865710900186
608.8351887927005,309.40866643922567,21.526596479330536,27.837234243904355
606.9115126694479,309.73539282273396,21.494981476605812,27.183781476887816
607.3725979590861,310.7565752485899,21.338095776606146,27.43727126300616
607.3626678843145,309.9985312239115,21.357955926149234,26.653519682622107
607.623394210725,310.3532617739862,20.83650327332829,27.453929726759103
607.7276963304053,311.52357267868166,20.62789903396787,27.38938420942545
605.9544409869565,311.08757911715253,20.402904069242062,28.26137133248365
606.2883540247036,310.2772513293632,20.498942397416204,27.590433697057428
606.5199918575836,311.3224200506143,20.035666731656132,27.765851203872185
606.3952226919176,310.3898540452994,20.285205062988183,27.380038256286554
605.7944240327366,311.83550459851034,20.73825034428663,27.482945298118352
606.1962705301295,310.41310251707995,20.692086933846248,27.297631123598062
606.0453954229941,311.10440462491187,20.993837148116906,26.668978571733284
606.244448694134,313.2681949045739,20.5957306058371,26.83698299500523
605.9521251916765,311.53717966585634,20.43502409328311,26.572245885094524
606.0023587856884,313.2998337295168,20.33455690525914,26.740402667976724
604.8801117799144,312.8588404830598,20.360190836845906,26.882769134236916
605.7242297940213,316.6076252606231,19.414163602845242,28.291705109668946
607.3693508584224,320.68023380817766,18.367964850409734,30.618690437603906
607.2525147317755,319.58615069338316,17.836248373237574,32.04146793672703
607.1881305044488,315.794356193516,17.965016827890764,31.8503453049469
607.687150918872,321.0917573830555,17.743813753625517,32.908109244584466
606.818686186487,320.76339191554393,17.903382039588887,33.564840179607565
606.2774329617052,321.0633791315423,18.18480150044336,34.567039725028515
606.8883718285435,321.2138024647104,17.78358545249492,35.90751643014838
607.0050056826013,321.5000811649341,17.550317744379253,37.00175710915167
606.5664745825504,320.6076421247068,17.582055413591714,37.941310658716944
607.0281360308609,320.08488693632063,17.518295126289672,38.986821035489285
607.0692225613685,320.5738870814885,17.436122065274485,39.75610121126231
606.460403813277,320.499673043813,17.770407983908207,39.904529286613354
605.397268777732,322.4036116401978,18.113901129574224,39.6622059446912
605.3945746429005,318.59780852201465,18.1192893992374,40.12261467406562
604.7715109421323,319.5812785512914,18.46473363829879,39.95704094046202
604.0469524384351,323.5945744565595,19.00952085549993,39.16508745147277
602.9401631106008,323.82772861600006,19.418530847548126,38.698779132591625
602.3712162215868,325.4239569883528,19.653870094692266,38.21398598053732
604.4127928564858,323.6767852679556,19.16875807531897,39.00979848351324
603.1976779158095,323.5462817181481,18.890649324588306,40.1735851271559
602.9239525684849,326.77455694828393,19.43810001923776,39.20658129189529
602.7960840818075,326.18590598349004,19.69383699259253,39.473557035545774
602.1781123733444,327.9599357550087,20.011119132596235,38.68148132327543
601.7953148965461,328.94686428333455,20.776714086192978,37.62015111525531
601.2705226928938,329.1181970785495,20.916276378442067,37.277485524825416
601.3952653190873,327.306650378773,20.66679112605487,37.27123105662706
601.3570601682023,331.29087042994513,20.743201427824996,37.42973486705379
601.5055620087052,328.18349015814067,20.44619774681931,38.20466633688349
600.223307607983,331.68527906027884,21.184727068627517,37.592016711333656
599.815620921108,331.3897277122811,21.083542575263042,38.183119407329016
598.6832665693117,335.0009718455313,21.50111033736413,37.425624436049276
598.7481730816393,334.4151256791162,21.371297312709054,37.677847139573785
585.4230298197688,345.99879791634726,24.99656432600019,33.85151905388955
597.0410721061945,331.3198531504905,23.015121971189515,36.41007709329081
597.752447711163,335.36967405261726,22.522238091947308,36.67924126528936
598.1389768231015,334.7503467154813,21.7491798680702,37.91789593956128
597.5395930670584,336.4743730991438,22.01697321301178,37.26276567367002
597.1755647063397,341.8344810338468,22.74502993444918,35.80043552542956
596.8176097320624,338.71354452143487,22.54471288425761,35.628719559030024
595.4776218446935,335.6018821920855,22.493771398115395,35.479903942342006
595.7657811336263,348.0193577384443,23.731906845671773,33.32562816740119
593.8245706461673,348.3427620055056,24.0328764815214,32.67881963327851
593.9832587435975,330.5524843257068,22.825001197703514,34.42040961248976
592.3449392630091,328.76859070648334,22.514171563762908,35.297595404598454
593.2220343639738,332.6028435299301,21.66482143019722,36.677490441341135
574.8693528965845,352.8794972565529,24.65799067258436,33.4809381607454
589.9181172771684,343.9589616883395,22.861421293073704,35.802128345940716
591.0834115017556,348.8479271862508,23.285429574003004,35.20618645046301
588.6604970443516,347.54929265797756,22.63326119309168,35.97078974176964
588.0512963106273,349.57881081132473,22.934758985695254,35.57936813445457
588.0564855554165,337.83778065015065,22.00829278212118,37.07532332090608
588.171305578322,341.442387143494,21.778652736310356,37.248959317193055
585.2771728768407,350.9430109981139,22.959154465807266,35.75721356712208
585.1846743527784,348.849548302563,23.144151513931668,35.348340781997166
583.89472032251,355.7905691694257,23.891828769837907,34.29191468068647
583.7565196386332,347.7706532463909,23.255617438026203,34.81733063414403
583.8272256885264,336.3557085434147,22.20421313669162,35.80740720294064
582.1579881898662,333.39612325098665,21.913616480637444,36.282970307735226
580.5154806865415,333.0722722528878,21.5607486065394,36.93067230393292
580.3429045934934,340.98356211008604,21.905900792635634,36.631468429204446
580.2703956939631,346.60998026051664,22.050918591696167,36.3529591819626
579.9615631640103,342.21233244479106,22.668583651601935,36.019997166189754
579.1357294713628,348.9658698336238,22.48378896889199,36.28638789856206
578.3608946571624,336.8862616027036,22.195236068104627,36.54871148095681
577.0264570443479,344.40725606659754,23.0277677018696,35.27929949214758
574.8238796314698,345.54114270899663,22.867222803770275,34.83780609689168
574.2072926635182,353.74946674776083,23.196557593782973,34.69026264539852
573.7060219051092,352.45306581642603,23.291999148503912,34.561764621777385
571.7968905799352,350.7945715000578,23.48325741072062,34.251748866382535
570.9168071444932,351.28324029677464,23.432923611402487,34.17966160804993
570.2784751677865,350.1544531038198,23.806257515184626,33.727245845065696
569.5380555646711,351.90605553083617,24.38443121790217,32.93203750157265
569.2701038212242,354.2786973687408,24.020225908983356,33.58740660063894
570.9407762224123,349.9043277703617,24.29517593577529,33.29540872447686
571.0210718393353,341.20077340514,24.1345847019292,33.523376807407345
573.0759340973923,345.40497911254903,24.549784562064566,33.25982926983828
574.0711385507348,351.5904458127631,24.374976917401014,33.598104703558946
575.7234605768762,336.52104254361177,25.620677222639873,32.794569610714696
580.1393823932307,340.6047159534532,25.052536631487794,33.80911505942848
584.2810595703397,350.8229816447379,25.088667661676382,33.709103505409146
588.2655428001209,354.1533434158711,25.43082226101506,33.51258523117676
592.4770497411314,352.15501603990015,25.342337393799184,33.80500486542762
595.3085501907963,351.8883550950596,25.25374238807978,34.33832675510873
599.3031684498104,351.43080230613106,25.68605435093609,34.317704723978544
601.2517032891733,343.4796119801646,25.55895934819177,34.1976930029896
605.8840248032047,341.69925894520975,25.68019669099305,34.00404692455352
609.2655837757848,341.93162495134334,26.41804961614607,33.5393149122864
614.305673969259,345.2924544224705,26.70585342768407,33.41546409634175
617.161710164933,337.38253297827526,27.611001687836783,32.219596738017046
624.0615035953525,351.0722236969873,27.934141232676787,32.1441530182396
626.5100911889439,340.942187508329,28.710169727277474,31.602478562351052
632.0116864839747,341.9259106637839,29.101368073001716,31.534097074072303
636.6927234214778,335.27593196331446,28.331567780838153,32.42299263312722
643.9756835144852,353.11908868858217,28.108980497144472,33.073122535138936
648.9232720359112,350.6926510650966,28.80355286800934,33.112475321329825
655.1389818293886,338.1769660289123,28.065714316353187,33.78221823682598
661.9576549726985,350.7576769368577,28.049563604034034,33.917302487493274
666.5270249808216,349.80994007545337,28.65844153444816,33.863252620969845
674.5541174858074,362.8507273748201,28.34410140220432,34.34266625340194
680.2643054918278,352.6700529313659,27.770414041712783,34.982763046584665
684.0527079604461,359.3219946707462,28.086456371050517,34.50475637600738
688.5560425976277,344.8895379332558,27.93931474562818,34.822302982178385
690.4331283757808,339.4601806763279,28.132682754851434,34.825283690828115
694.269798206485,341.96417015948003,27.389781102344585,35.75768016072527
695.9285201193615,342.24575489515155,27.049126310936046,36.186773700830365
698.9463970459743,342.2963532613886,26.97280246232259,36.08557696835618
697.2683982626353,344.2677260158158,26.36700164385567,37.09507944093296
698.7594543750567,345.11740460294686,26.372368836424066,37.387375211611854
697.7304775236113,346.160053595029,26.429647504194982,37.302752262567765
695.4060737291451,370.92882794058954,26.078447232597284,38.76528374885288
692.9699251103494,352.49170809284624,26.885691953537027,38.03778766531197
691.408243068461,349.31399932513233,27.971777835897875,37.262731495784614
691.0296996081867,350.623051562577,27.704157790170534,37.718747919724
687.5781946669681,353.2740768279016,27.416348583449313,38.58025660835333
686.8872186251939,352.8754715986594,27.7627081896726,38.34187458951254
683.7537321585403,353.13073039268164,27.80360765013312,38.86903591360921
681.3116390301908,351.0733848575484,29.54876938874134,36.7056779476949
680.2480945718934,357.26207375686215,28.550295823171197,37.87240423844939
676.5158994410012,359.4189984878057,27.667100690205626,38.775795648280905
692.4460426596902,345.78734264315875,31.258014160292305,34.75863683098846
674.5658328385223,361.8077759207634,29.60482789561494,37.0135756905412
670.222191586068,356.567985309347,29.912226130468028,35.97081604204766
671.2600201833238,363.0499154903891,28.872999833622067,37.51698824728339
671.345390302318,365.1859585851952,27.658965775072154,39.5046649810401
676.789853602181,359.3463598723401,32.573653357500646,35.38024822459593
669.1750759722654,360.2942998932332,31.754528976087425,35.624192134975615
668.5160683658436,360.8436208167898,30.951254888251974,35.58619493820192
652.8167322445499,363.1129634003386,34.07557843080384,33.141905971107036
654.2023760697773,364.4647315910038,34.47984337512329,32.55540465295918
665.3098398396096,373.8832655914281,31.26507573190739,36.94075430332576
662.717604005346,397.56065575924873,31.083660196701338,37.8789588012846
662.1229876955097,398.01786935582174,31.188186194678373,38.04923822983431
659.9572239768222,419.581973408634,30.07464390090177,39.570601919652084
662.3731495406878,422.9601824321368,29.61968811286163,40.47375071710603
661.6333360130055,421.8094488726091,29.998795053981617,40.57417760767247
663.8739687868186,426.5038378187002,28.842313914777005,42.26801441022853
661.4449277461921,428.85186393503807,29.241008841893045,42.03134933168967
661.2501528797943,434.88236389233373,29.63055857468871,42.2669399337351
659.7123240318779,433.46495936147676,30.450488829350533,41.71815783369247
678.4664068674934,405.6959779911283,29.199788803904575,42.86992210571137
646.9784345771498,416.0894906107652,30.03451510770343,42.420022847964646
639.4825310794837,416.8844159359761,27.973707279429092,44.24069516226413
637.8504303689535,410.718686931898,27.84791325295345,43.01217138027632
638.268189312763,417.1951569935279,28.121895642228665,42.26373430285196
638.6036048920575,421.39367355091673,27.451064483639477,42.689322676408054
639.5732414316324,417.6290268571704,27.707865047606354,41.43432149143496
639.2887557709149,424.7063238668975,28.276836369041348,40.281436944511995
639.0823172529675,431.53994235008145,28.689713404936136,39.52034476248308
639.5832790307418,430.88807685628996,28.758573356076788,38.68250873668771
637.6398046337333,439.09972024583277,27.349593302127428,40.26538004068752
638.5932491382068,440.58055734945475,25.442704293180537,42.603380693288
640.5129391666143,443.99263937926804,24.7924397113226,44.28352456688053
640.8406539695906,445.3858449877458,25.213939817099586,44.727902485113304
642.3331481513227,446.5602288819536,25.500980240169135,45.65116348323174
660.7829381476661,469.72287495030446,27.42396193888211,43.69451327955809
660.7722000454485,469.2181331774482,29.67068677485686,41.36612387796117
645.3461739910307,464.45970076092647,28.19083950260596,43.078737136259676
655.5557529662814,482.9580013788386,31.212231642862818,40.68485270107848
644.9126027877284,469.6152308924868,28.77319184150152,43.64505351531479
645.7404157822637,473.9801967138447,27.11756585243087,46.259290655300546
643.0176296627839,471.2905849287809,26.834792087197016,45.91016822123458
646.1345480066542,477.0446372668677,27.415160168158245,44.62337069811396
643.8976801747648,477.40948028470086,27.383518912408547,43.89368466244762
642.0570101306577,483.23268752639234,27.720092768744667,43.39649095199147
639.3351047383272,488.1864960207386,27.598288145759888,43.5069816970612
637.3656152920055,491.54170363830565,28.19904874373112,42.360263619714274
636.3594198792865,494.88336555429544,28.000316893883237,42.31030781359146
632.7595154296179,497.24163082652626,27.48958482493803,43.101306532188765
629.162197722696,501.78815445418064,28.055119550014375,42.84706019523661
627.0423931608999,505.3165421780308,28.96329343182636,42.45315523109636
619.863983514392,509.5955122343808,28.76477583569958,42.85234551171485
622.7408738689871,512.6284732026603,29.745157924453487,43.52058637310014
610.5381702689631,516.228428707437,30.028255789117758,44.36144514200778
603.4365422958439,518.5130132341698,29.07296172269297,45.622487631874435
597.1378242913532,520.3757095457307,27.641604924610313,47.742425345029275
599.3582617565512,521.2022734875642,30.2600419836881,46.08929746136228
597.3520775132615,531.0689103720225,31.880662343905264,45.49000870334433
577.5834214554787,536.1917968316872,31.365402557260364,46.16766448461801
574.6057963681606,534.2785255888389,31.24356524829618,46.34795448015413
564.5098477739266,543.1675915355804,30.761559713776197,48.02761338477744
555.9524681593662,547.7823268909023,30.61006840488951,48.66457155299521
549.1717192449174,549.9909240614727,30.52827798714667,49.208572937905615
552.4284624316286,560.6785297173739,32.74416887680581,47.78622394171868
537.6534354728869,566.4225935360084,31.990569691287682,48.924618430700086
536.434540925696,572.7632126660613,34.42835878566955,47.64871463727289
537.0357439138626,612.6413837051698,38.379367675644204,45.19359555367561
549.7734496836563,616.4178741251807,43.14931236635733,41.58566117847564
547.4699864349112,628.4725746145306,43.753182172834684,41.494600345853335
540.5369428062018,640.5280629014571,42.85323282132314,41.54622913206799
526.7558147176519,647.6971159822955,46.49194924853883,39.16989284533347
515.7479087524674,662.0329466819793,46.94339618723098,38.80146049754123
485.7370719745161,682.3984805278396,46.26952180822002,39.882881383205586
478.54435628173945,695.4020500753601,47.09696876305837,39.63591270652291
482.77178513711544,709.0090432978805,42.73593543816562,43.807913219736214
474.2965186682633,725.0261309120092,39.2434316321682,47.20833501389512
465.4159403278145,722.009933961095,40.684590025631024,45.08072977200592
454.59019249506457,742.2522277187506,42.08321605500747,43.751690219866695
439.51821023222436,753.9174546266423,42.49050738898486,43.39957477949036
427.2205659591346,772.462380420876,42.739341916437716,44.18198499793111
413.1561735931005,782.615434922633,42.12348079212212,44.407765891833975
399.73544073551477,798.8087495180962,41.71338471952949,44.72301084622457
387.98276401452546,813.0235759446807,42.08179289255846,44.87429038411085
373.7815384635435,831.2694552740824,40.361610894373534,46.72042839822455
337.0002629475857,838.9081605593595,48.142256512869125,41.036212367127334
341.66414263704877,866.8369326062206,45.830848436660034,44.11601921622783
306.88860315001165,875.4747135005551,50.22652705469086,41.00467489626396
282.27613407566787,898.9125807880978,53.535442885082375,38.61008694202792
271.2901720618231,920.8233355985606,53.812208056538736,38.17889503356888
243.00336248904054,947.026094009196,56.97856848079442,37.737197508707204
223.5526168695269,973.789362011362,57.29937949920868,39.11393720293966
202.81053923346627,996.5140654900338,57.97161348346779,39.01110945433172
185.0526731035212,1034.3918426887142,55.4880331144181,42.29412532516592
211.06272905310306,1013.1527991538178,52.63169830995728,46.36301153972221
202.77307145795925,1012.643567824921,50.51273103463238,48.939664402983595
199.01599312207188,1004.2125981853035,50.1962353297085,50.14029892882125
188.15350849613043,1034.9705324650945,51.37986765738496,48.66833830153475
180.32017055624817,1017.6052833912286,48.14153198261373,53.46590148791853
145.92722035877966,1029.5630468714826,49.745586995981846,51.94432298793345
140.42117774102124,1034.7712111545509,52.75106064210301,49.53460601119248
99.87804880796598,980.7958804302235,53.30737923802039,51.1857476231921
