586.5,171.5,47,25
583.4385564389406,172.24785314447334,47.774440752947726,24.54314211116931
581.2974977522176,173.73755311056448,48.71040224451184,24.26617290408469
578.6691615323076,175.30328138765861,48.43897180957614,25.048906880673375
577.0485559311506,177.59239724156114,48.161679107547286,25.508947553697148
573.6791243003232,178.5988316395134,48.67976724179124,25.770553855448878
570.3211103562328,179.8171228469365,48.559128069120206,26.050026595403107
566.0937100617142,180.83385053907432,48.57406163850402,26.19651858737869
564.1428304188277,182.3340787280016,47.95706453465921,26.089919927038167
560.4853535780763,183.47526797009812,48.0779235582638,25.952793670628328
555.9634730097674,185.0807613710112,48.53101410924922,25.991834048520207
552.6362346606882,185.53817910975397,48.73876496207089,26.22010240900156
550.3903216505147,186.6293661222003,49.45778028486233,26.43276865777526
547.3001930511631,188.2601524506687,49.727031986586844,26.784572141433003
544.3735483260087,188.17684235283332,49.96138823605935,27.15331101698485
541.4669796746613,189.69339857747576,50.70310439236146,27.54790790874914
537.6383732645136,190.8916601189335,50.737180692271174,27.875916237958307
533.2752288924826,191.6045453372592,50.98244755522947,27.936049183608255
531.7067956033386,192.68991046167164,50.853827654711964,27.8124397443384
528.2471932467644,193.3272078575958,50.650501430665635,27.744757231619147
525.4801692049048,194.06609947387938,50.62831372413223,27.62615540316574
522.0867919523008,194.77126641655352,51.120057662628554,27.373240960947946
519.2211655492074,196.24140343576065,51.286764360569656,27.275171970141095
520.6791453458136,196.72603880903614,51.20815632794994,27.215464109351394
519.0567882142058,198.22836577481584,51.097907526971824,27.148998969067023
512.316573853004,198.51126318232713,51.41771746733181,27.146811787158303
511.45314940795873,199.60331234896506,51.47432309417772,26.885554883592807
503.92739577942814,200.6263865744461,52.26106270444933,26.00722843599531
499.2192005251429,200.27766040876503,53.08731477765608,25.884907272160156
496.2093759009241,201.74387484009418,52.78897372305409,25.953373671266387
495.9618306225458,202.55254252103413,52.67811070563015,26.234093982032075
492.8504825292776,203.61063009185273,52.644657600174384,26.55963312719907
490.24098410325405,204.15956636094165,52.67080720032934,26.69377119197225
487.1941983257646,204.53311962440918,52.98224660656557,26.6363382676182
480.74491290370105,204.51416045991456,53.03763965528257,26.799112412971724
476.3533459094991,205.02812308480202,53.28190283222398,26.870375133358255
470.3560354718752,206.88264478556337,52.92258274372674,27.152527172127893
466.8980230225063,207.33698473091854,52.82971272211536,27.17279997535676
465.8156108309928,207.9996673716409,53.1347567935579,27.18963735733373
462.0226009888199,207.1609359829392,53.343921581358344,27.64864172065932
459.67970962068244,207.7715911071228,53.54541991669333,27.897313261881088
458.5840477290137,207.8224793704215,53.62730385017723,28.251532980429502
456.14649086281366,208.53035482150324,54.009768504208196,28.154699233531804
445.56146871789656,208.66551863100838,56.12786424667911,28.02607550329541
437.1396984913228,211.89458288685574,57.270501760983855,28.04351767031163
431.1555683266173,211.23236376993694,59.24274940271171,27.979682545804213
427.35366882307585,211.8967850724791,60.49445614371188,27.916043416672025
420.5597583248682,213.06064535295232,60.90164740990262,27.697941519513442
415.8851457453716,213.1992821697769,61.58240409355403,28.091332732761416
412.71580395796275,213.14755071617202,62.07549373908088,28.3481870906147
410.3229250006464,213.39416022189087,62.882523120922414,28.61270821913824
409.1753790480437,214.3103878969636,62.980162242543344,29.077074701649693
406.0682600920591,216.30230130984137,62.61293824807928,29.42373035880429
405.00169822123445,216.63543051527358,62.046801516477316,29.800129561694114
405.0360294702604,216.80754848562356,61.2645233625263,30.211574301269145
409.64266439641807,217.58707127581826,61.4672758109313,30.161151009583662
411.8509170971056,219.11059606374008,61.162793286295766,30.321165585503955
415.2779135025563,219.4060137877533,60.50697352150637,30.55157223151739
417.53191830837886,219.80729697519573,59.833468037363716,30.88923424732623
421.603138783254,220.86936075604916,59.52106134359482,30.9029233531761
426.2726445604683,221.74183826007615,59.27070144627072,30.705363336043167
428.27051983115996,223.02779211905062,58.608981294673185,30.625090463827874
431.256703482056,224.8006754186966,57.90053525371483,30.22081217821077
437.203300156281,225.60051338583438,58.16711477818968,29.916292961235694
441.68866676843913,226.12279001893268,58.76187036918101,29.529796311822196
448.6068549381092,226.77048019566487,59.04362757476268,29.49420721335506
454.82646534151195,226.72540117549545,59.1896728812385,29.52080248052586
465.8711445291527,230.86917289173385,59.61558664645997,29.238132323805853
472.4216514861626,229.69551929717883,59.726624124041706,29.249338934607824
480.0780553699308,230.28601782798123,59.31582155212297,29.23462834150888
490.4906963963622,231.16534917826672,59.34574884984616,28.968057058250498
499.72725519156415,231.67946216537925,59.14461726713267,28.955443567050033
510.3860827101012,232.1830345111698,59.15636515364243,28.827549759525052
525.4620982436202,233.2233342745871,58.84561407012501,28.944386803811625
535.0552898950797,233.31410646407537,58.99966579528224,28.80375623765125
550.9613723696738,233.5813922327559,59.33960045546899,28.689766786138055
567.1184226639258,234.71051010425035,59.375509785177975,28.48348197469825
578.3547832647245,235.81104490826746,59.551792566124604,28.35390980700214
590.3467947044431,236.67213579073902,58.83197943400168,28.65017496436129
603.0519187809595,236.27151671663842,58.29226808516827,28.76454104749518
614.8492743584794,236.99190056014967,58.56810327107061,28.772815203886964
622.2818069512051,237.41160039161008,58.33784948698636,28.5774239390222
633.8191922582926,237.7931056770052,58.263757888924786,28.964143216140002
641.4095981356683,238.07188682534402,59.04334862288202,29.23013638897526
648.0361716072517,238.33495642225813,59.133091465481556,29.32003426589823
654.4315962292887,239.41116327551427,59.32716844516241,29.38395657127255
661.4980804312605,239.60515938052174,59.448969366475346,29.582036984987347
667.650230035633,239.985525397616,60.01166406184426,29.686424765671582
671.8977920854384,240.78954014191666,59.35426226371645,30.22643867115897
673.552174481579,241.8946088005134,59.472852999313204,30.72089811185431
676.5030449827881,242.7723583511798,60.48355372739417,31.23221181188258
676.7029872732418,242.116049931038,60.59994485039372,31.908497332357253
675.8883085528872,243.30039717349223,60.842089060969876,32.263348875585976
675.641292113713,243.66234718074935,60.97776549329053,32.39883858341901
674.049487279994,243.78398353575062,61.07973181775672,32.61175094607689
671.4076670549811,245.56321389970503,61.13410943895574,32.42029318218785
669.3077429748089,246.26473515646884,61.690214561122545,32.414749514714295
666.7416677594076,247.69678739180762,60.8996812761048,32.62859480638113
664.9179708089142,249.18946935707837,60.50407972421063,32.549672087540024
662.2332063593084,249.17647683741586,59.98733857718811,32.7969228452059
661.3245452790571,249.90142433687367,59.15835374611363,33.2131866893308
658.7414055967328,249.50676685800477,58.91838168025076,33.57363713820132
659.3728563807256,250.80768286229807,57.86201220316751,33.45299724158372
657.4762731376592,252.23305124193772,57.24011244708238,32.98492540120397
655.8079314381074,253.40246713558105,56.83979800339712,32.81406164866158
654.2282613667273,254.47466201035905,56.85428431581974,32.66519857051515
653.0726618170701,255.3519032727702,56.25622457266603,32.46646760781143
651.8934510740299,255.86422613264725,55.706455331512394,32.299667075244486
647.4033880871972,257.04171375720443,54.94376914850068,32.028396774555425
645.6852734592629,257.7939399666283,54.47849341093048,31.874647714357963
643.3829399023108,257.7705924547441,54.2309566788569,31.614379532788792
641.8935203769785,258.13432837098634,54.25157214820747,31.289275262359823
640.97564487417,258.87578450399997,54.27188035330263,30.953652034037063
641.1242368849724,260.4705573831094,54.156699367839096,30.397814514419892
643.0762593800777,260.1168487590667,54.02757031123759,30.351088107205072
642.4299224455632,260.7156837888265,54.179769026343536,30.097603483457554
643.9829251477645,261.61831495589155,54.21082164157907,29.758644378659383
644.3165889600355,261.6177021647116,54.7626504015053,29.613349540110356
644.6242563413176,261.9327940558151,54.94244082538428,29.614423351535017
646.9649263171908,261.91135706508294,54.55547724692887,29.6633849984455
651.8202676604932,265.53522320134,54.210182476888924,29.992513630625027
650.3137980048102,264.2049361986284,54.37786188339361,30.141879817063213
650.8352327563512,262.98375087609134,54.755117030313144,30.319398415170816
654.5837083930631,262.3176521967996,55.219194332786294,30.492461266575
654.9950550301912,261.37371382195215,54.2135124893899,31.07928926062418
657.8331877284078,261.25090393338843,54.20357456945824,31.298824569982948
660.3895614011766,261.15409405467733,54.8902952643868,31.22574841075242
662.2289342355767,260.761497896468,55.05796654581248,31.590934362587205
667.1687902615382,258.7981834191742,54.17371309679465,33.61201748644805
668.0383472713734,259.0096429851716,53.41116801442604,35.29764866458824
668.395146310752,258.73797024464216,52.905454262246,36.8418978712711
667.553271338738,259.32385498837493,52.07790006618292,37.88707498567332
667.7766870022258,260.28509776910386,51.29064035704924,38.65001184471719
673.6986578781749,257.6462853493982,50.51784366282906,40.11274725312869
678.3235962750726,257.93135412269373,49.86056769148235,40.82927204670176
676.8495848282191,258.2003592798092,49.87062352319306,41.02218145121325
670.0339019236006,262.9115799112768,50.909089056245826,39.99970738188153
669.6784491323712,263.1632356892395,52.12333041264962,38.81128245553755
665.5274118237071,258.4125222645159,53.81028652640727,37.574714157279736
665.3977097322025,263.5390321963634,55.39385617286386,36.66452971991532
666.6650237042875,258.9973580399076,57.04962310708157,35.549010234975285
663.716170534704,260.02489173954854,54.90456192152909,37.07203707969677
667.0323611613235,264.9697918609196,55.470762840684095,36.64265553812648
664.446390064775,264.6606126751047,56.02292973852358,35.87664692062057
668.9901107800373,264.67418185319764,56.5178285484774,35.43621758695672
667.6528407006942,265.1527807817632,56.83844800899763,34.98766675445699
670.8364301997145,265.49827621782873,57.006390928681576,34.75828917978842
667.6863769512744,265.73104819765166,57.33709082079503,34.36258811004755
669.5776108634271,266.7297087117364,57.723245013396344,33.9553059774851
668.1991780370247,265.96338426353225,57.38551833336132,33.90226735577352
671.0095122006611,266.2353262158949,57.540042743667755,33.6618638675847
672.5818017620139,265.34220307038044,57.80165687734038,33.838261897733986
673.4567848796783,264.90287988632565,58.14067584670818,33.82468908001444
675.5084046271995,264.9025355379597,58.277428016552165,33.77972641912533
672.0485774304861,261.30601843130233,57.91060675156222,33.478525116845624
673.7978349022786,258.0818073710914,57.12739356006764,33.042017103447954
673.8463502837049,258.5461620130424,57.00414883276796,32.822421775043594
675.5987483878132,257.2273432472554,56.49831812633637,32.79434957265462
675.4078256400999,255.95775349605483,56.47046674476046,32.683563073545166
675.4859900177867,254.09766199428233,56.23368065218615,32.81569165852631
674.4428052174551,252.59301176985667,55.73931409257112,32.81476657293857
675.8344885392181,252.1250634950828,55.773335029916474,31.631308159183686
683.7486047079341,252.31573558497553,56.07918357932534,30.791802893554173
684.808025666959,252.2343029953861,55.77443095952384,30.506768373521943
689.4307814902966,250.6024533720038,55.75353059519742,30.52927885571436
641.5437984507372,270.3038493549556,55.798805573241886,29.976779095621325
672.5226205030485,274.92812520269104,54.91505215465439,29.898696684208076
693.8333143028643,248.8684928274849,54.601338962981835,29.978578500050006
694.1447128444631,248.9351624754107,53.450638680588234,30.784348768025964
695.5376356969965,244.49533490843845,51.78977795515108,31.884734206688435
698.7974475666598,244.13858838338592,49.383609511387284,33.50007879163694
701.3487609341616,246.25426821198084,48.1111858327189,34.4755534507008
706.3288672153965,244.63298290585485,47.624837825608175,34.712638289866234
707.1221646845204,244.47254300895017,47.02237934957207,34.94125477252789
713.1098578878572,246.82032763313293,46.451011344998065,35.41600508135227
716.6779884909959,244.6699135379971,45.636866990527416,35.79604474508891
718.2051137642142,246.57090635319616,44.80757009551898,36.5240917494259
719.9398396522766,243.07626769877814,42.82404518592543,37.96355006564721
724.2542125044057,239.11223584116624,42.56471381119598,38.1177199477106
726.8003698862005,239.2174186727741,42.11934261678965,38.59932224866724
730.5875846861685,238.9533949285161,42.09436818271679,38.60377434447921
733.7534245642903,239.11338329699734,41.47015836665867,38.672177747582914
737.5536515777633,239.3756917578928,41.359001252859784,38.355512818542124
740.3656545838603,238.92291477898422,41.62541472385047,38.13453064545416
742.7627278356445,238.9513008489356,41.65707150015908,37.85682564934929
748.537714333614,237.58174715028227,41.816972657357105,37.895771351175604
750.4659175245203,237.34196904050688,41.33657764715706,37.9760072365303
755.7599279237609,235.53575619344093,42.1610629521916,37.39579167242241
758.6099981473519,235.06580569405247,42.07992580090793,37.104720619578885
761.4770821951265,234.75969029352825,41.926376563695996,36.986994793735235
767.3388682632049,234.4151561428626,42.378840308581744,36.75254515263795
768.3741700893445,233.8954296310404,42.20915609371112,36.782439617818305
775.2221833498988,234.2554751738301,42.32577071640107,36.436937200585305
781.8175380681632,233.9610424589104,42.29864217434257,36.53387029790896
787.362318816131,233.47759940072984,42.308104497376775,36.669510336255726
789.1387848216033,233.1390652449797,42.166766400464184,36.793138553761864
795.7047862953217,233.05043700532758,41.53862488033455,37.0018280901061
801.6862021647512,232.34287469373365,41.13454043304036,37.21673916177263
807.8827681288625,231.60815014890167,41.257211841914966,37.26062455839003
813.4325712530596,230.7303248353492,41.01065677912886,37.59097828283841
820.1415868261325,230.5660504514142,41.42872430394222,37.44355091140135
826.3657265872263,229.84674437453307,41.2281931566938,37.73112620660498
830.9681594725855,228.64877908942688,40.89124921519906,37.89668005638891
837.9838416011834,227.99040594591185,41.069610337947054,37.846518031575094
844.6289533018162,227.85526587268916,41.45926517154487,37.80321471459006
845.5882704735766,226.52559257023148,40.79500425922959,38.12975044075179
852.0876709842025,224.6653004965686,41.240741354432885,37.91133922674942
854.1395249445369,223.9688217199623,41.44313427910097,37.58639602694077
858.3965184140997,222.4150783839496,41.57359085193848,37.39581012244331
856.6336650143496,222.23441506278806,41.437022337107486,36.97061276698274
859.3158004140255,225.57268717233967,41.00124599118601,37.29551050344591
859.4348614950683,222.86011359437933,40.57639511320367,37.481018377140046
859.7673977202253,221.1719556428056,40.23873553639613,37.60099902180361
857.9994056690186,219.922320988481,40.20432965277143,37.603917088387384
859.1249837151123,218.43117468280923,40.03670803972512,37.51416771135815
860.4757536834866,207.99287052929398,39.96412275194819,37.263431886918895
860.1900442631306,206.29903614160108,39.80423897367968,37.00596549804384
860.0336351952118,204.9925415828137,39.917229825896534,36.60781260016149
860.9949831671197,204.01825274398465,41.9728518580786,34.98188828654756
853.8742006739101,204.57381970914932,43.905850751053116,33.29301017029371
851.7965632734588,204.3644653741045,45.460296427505085,31.9768788049448
845.2786650150845,205.9648056673704,47.15052524100646,30.329249809332488
841.0836123913282,210.47986000658568,48.12026563179909,29.623233042217887
834.7104883586205,210.8609029330791,48.77839514405277,29.04704710254201
846.4524301907717,191.13024267557438,49.754676503554336,28.32897384924091
843.8853676001611,191.68748915246394,50.824062457480636,27.57547353571869
846.4064307526656,192.43317840355462,51.01487158109088,27.208131107221988
843.2348041609683,191.8870535854635,51.374331028981246,27.035242474933497
839.6987558999298,196.4301371787526,51.998871055391916,26.500449723780065
838.4485336713786,197.0584139522913,52.89409388335142,26.22928904522154
838.3418108073514,197.99454121353125,54.04564561182938,25.964871007650675
832.4308196856011,202.6768593655879,55.48555636027371,25.540085510727348
827.5896773552012,202.5196529301983,56.88207918788267,25.41896524537716
813.7105128055282,203.8023982553593,57.66355396288786,24.992021300301154
807.8600686559341,209.44608030747835,57.904566201590185,24.81405031587503
797.6629583293267,210.2480965899089,59.00810883051293,24.79311830834118
794.6416722677349,210.15598606538902,59.40536673708293,24.78374786699307
785.6622430705906,214.42523585052479,60.28293583998937,24.697711446745906
801.8645967914201,224.74927186071776,59.881638737685904,25.009028159270137
806.8619350188671,225.37328672402924,59.35395942939839,25.54598051787516
802.4926745142797,226.64880771225228,59.464446800572915,25.645914007203576
797.1576334049016,228.07559280940262,59.42807283494186,25.925430971106028
787.553357324487,228.61927230603433,59.48555344730907,26.11566773628071
782.3171494413576,228.97486433468603,59.63895657166102,26.3134193450616
778.5384091807134,229.70728612094882,59.4617759906546,26.598532261145365
773.4099340217297,230.32675287666555,59.11449542788467,27.140834563806457
768.9180410019368,231.36123868214634,58.57472666552961,27.62645222439026
762.9378475620077,227.5348792196139,58.60212156388139,27.64003626557452
762.4691556173011,228.7161086390064,58.7730818702639,27.88942792689636
767.2465363262545,230.16004547944632,59.53886278786734,27.629103655882847
754.3258842823419,234.88994647828318,58.69225298103919,28.634797721441522
751.0272267121817,233.3498778622697,56.691060240195135,30.460411080139345
748.0927167080994,233.57070756675242,55.0941125931778,31.794801523545097
748.3767111227114,233.63812771671266,52.69163656417039,33.33935844900457
746.5900092425078,233.60223687168002,50.80101959551289,34.384340579476664
747.0419086404379,234.5593251792909,49.17993367644929,34.97310199640514
748.7015718671358,233.86459493390132,47.698378638763934,35.80891985660727
748.1837767968094,236.5833809846335,46.70180205998006,36.05370554322886
748.2490924508196,236.70285316499297,45.85429531803781,35.83331085576913
747.7469207206561,237.2133489581252,45.21186496320977,35.56076215776454
751.9106150397612,236.766860065068,44.05495991417204,35.93282193221365
751.2601320795543,237.0894843112431,43.27275351326614,36.172745747354746
753.0683980315819,237.4925541742292,42.78605649957673,36.1789340023777
753.7930971105716,240.24731161578836,42.58787797183858,36.09906275024083
758.4681676292734,238.24555283628794,42.182141536485915,35.49612593683564
760.2831385504976,240.1837535832149,42.28408679616439,35.05995147468949
764.6899546505082,240.27939863596316,42.188241385083735,34.93008780758416
766.8572555892741,242.22656054851745,42.05243625666693,34.95601177567323
772.4268080384227,241.289314768971,41.661844580110476,34.948700060611465
774.5143222706125,243.32251853102048,41.893145270699144,34.69080760838144
781.9316369438714,242.8075421126933,41.283728975023735,34.77152995292073
780.7125929848622,246.24432420404773,43.16045701068721,33.35730014368603
790.8552032292241,243.18405963879067,42.70731164098204,33.43327885534636
793.3922509949376,246.0805876364457,42.50890132455119,33.17621786659761
799.7037647890755,243.17778870661073,42.3784331692588,32.992507845865944
805.3356296693261,244.88853138975944,42.322269670049394,32.83508154634099
809.730017101716,249.24292797943983,42.84724221127531,31.529231024450915
810.6712854358184,248.31122137539626,44.26860101655077,30.189702099588214
817.1975229199278,248.5585369673145,44.93672999120298,29.360721611314098
821.3019554439973,249.28827115989316,45.05997344068362,28.592174413557597
828.2913757265198,249.3812098490753,45.15580366726446,27.805544860338994
831.9199389729583,250.59109156814267,45.194351021586044,27.05996097618987
837.2296651023024,250.75669460013978,44.829513592914914,26.767754890648572
841.0336803734168,251.3237924708274,44.52114707122451,26.455634933479672
844.3712493715262,250.98118610573098,44.630263625939456,25.766384463103414
849.533730359755,251.3951813536944,44.63331983795844,25.568477706934118
855.3829600230032,251.09312813861138,43.95004109923069,25.533229729312847
860.2037645018578,252.13560445832672,43.623851338604055,25.27056834487939
863.3405617143876,252.42152547900642,43.77781152093575,24.924144006910133
868.7191913757854,252.23346707791524,43.45229200526902,24.650855866103136
872.945168065661,252.04396573526876,42.77420003375143,24.541013530863516
877.1282849731391,252.25504046688803,42.199108205642204,24.545731284450405
881.0726190222334,252.2291267627128,41.66750292407347,24.424855158436166
883.3317793832026,254.59939341272982,41.384883763109286,24.41103933047854
885.9452824725092,253.26330623358064,41.308672567406205,24.3508273381452
885.7499671859888,252.47980287060136,41.13693069438676,24.221957942582776
890.1444950897121,251.91901630232138,39.82025933976013,25.122542462795423
890.026965243761,250.16745016047255,38.64300640482366,26.135218165377378
891.6143207591317,246.5547999985891,37.68498782174444,27.377162013314198
891.4216015932802,242.10027084453858,36.78300611903895,27.876697311161287
890.797508815905,247.3931273770597,35.93361553243199,28.640706154688438
889.5764031092692,248.54143130041618,35.76721989194685,28.890016534217512
887.3828458659536,251.77745214931363,35.63515503440057,28.952430612637233
886.6861595147111,247.93559547473077,35.7490565779044,28.845727721110816
885.9786054410282,248.9438251098913,36.73653897973532,27.899332280211773
879.3328383318005,251.77717471394337,36.391926652780455,27.718187767237
877.347261724143,247.41212835035432,36.26375850273919,27.819263618194366
875.9135614902956,251.74273464246014,36.934615038472856,27.14052774525595
869.6004058827828,251.49778996727667,37.49644451826911,26.565188037357206
865.4528754136239,251.46639832258165,38.00394737782078,26.092578505912115
859.8768751719093,252.08072382411655,38.76858061271487,25.408488590927533
857.656061255164,252.40258869485348,39.12622168701978,24.932892331790615
853.6137174068584,254.21403223886864,39.50058891091372,24.801194246751024
849.2204231049005,253.40631249393954,40.13233704546906,24.377569090842023
844.71777600333,252.36738900479753,40.81639177717471,23.994485960102015
840.6125998157022,252.67502928256656,41.5936525119578,23.505483149333973
838.0481273858712,253.3559838885282,41.63663841394769,23.187645373339084
833.6484527229131,253.1531143997544,42.38048580199757,22.840506579032237
831.9159692201162,253.05655874023356,41.93197347943599,22.914163171497137
826.7894405632808,252.7651987959989,42.370544289505716,22.7743950738786
824.6533611673252,253.1579716575322,41.811516310023904,22.718605884911643
821.1894475162533,253.9808193330009,42.223231761429396,22.2954492436147
815.754341150699,253.38204449481447,42.19796624394173,22.283079586529677
815.2751225651546,254.15748833846047,41.877335660285084,22.29355452340607
812.5856027035334,254.54143335185836,41.35099418082978,22.45619403142702
809.4629543336296,255.29472984263043,40.82163843955816,22.457488055688856
799.0820735874634,254.9512722187289,41.63297764490341,22.191549206602396
804.3934547646368,255.6968481808917,41.68121863223124,22.12542715612477
798.5544186394308,256.49284105304065,41.60132960944995,22.0145754688718
796.1275437611063,256.1540122565408,41.49473171366377,21.995228028378484
794.5707510091581,256.8090228742985,41.18402679893518,22.108976982148473
789.4790506286255,257.3826877411116,41.19174453845505,22.143001055971464
786.5539048807078,259.84496915148,40.91681716603458,22.324647036504246
785.4758819657008,260.01657036921813,40.959740055985264,22.26662618300206
782.3057354813701,260.09365691674947,40.893961838581006,22.286716401352017
779.0573240986564,262.0844272574014,40.66663251584308,22.573863445115325
783.764384892903,245.9787343355275,41.86013402763079,22.16629558402912
778.4052444334084,246.34130352823007,42.60752394777944,21.946610487179072
771.7998302121076,246.83350227932524,42.79248206719991,21.98906821532016
773.6045647358302,250.27216874247213,43.1892834283851,21.91183561556449
766.4547142426477,257.0912390349898,41.95449859779467,22.942758598644282
759.2501198333862,264.4018277701347,42.182158371212566,23.11291432690205
752.4007899536099,266.3772044750918,42.92346930721779,23.12381438798082
752.1787538647366,268.33184279149685,43.2978675518758,23.146024123350042
750.702354497899,267.1272539130677,43.16524973014602,23.325383297673472
738.8651915363337,266.18999003071485,44.060398941240685,23.26465362753422
735.8649626086271,267.8889803054817,45.10581586495203,23.51659640258552
732.8362801062353,267.3795790347097,46.04463915220629,23.468152864684626
728.4879317526078,269.70468308736577,46.473727216883496,23.547702545169578
737.08877329795,269.2102423255694,45.766674939797646,23.806166101919594
731.4561373436242,271.74839745232555,45.46368760925256,24.11942417726485
721.459768017703,270.7633850813152,46.6923977119003,23.981034269322123
720.0254166980857,270.9327355107601,47.49516569308466,24.014665297915933
717.58106392879,273.31833164170285,47.89884677946659,24.141906244496035
713.0805417614109,272.73195449132317,48.3058349847691,24.252556200887437
710.9843951295853,273.5685449563898,48.891689134803244,23.93019712343808
710.2450432177534,274.4177300457228,49.5649719041039,23.76949636501443
706.048136671253,276.4680992993596,49.590876519321455,24.125448169172685
705.8576486607208,275.7188451443821,49.99690047593139,24.042737163598893
702.1393835914077,275.9386859272497,49.87839788445483,23.903581233344518
698.5512679306289,275.7290621170499,49.15966355736151,24.195072973388285
698.5976275906297,275.6787786584888,48.58076187551871,24.334641213793255
697.8541742951365,276.196199695866,47.89250400536907,24.292901927964003
695.9257668751972,278.96651015596217,47.627997643923344,24.26389485359682
693.720235828472,278.31740477175987,48.033020594765134,23.929987754531723
692.6768052154953,280.62862153780145,48.28047187332325,23.753761745794442
690.3032659536392,279.9334086036675,48.76969212066812,23.52665738735496
