1011.5,236.5,64,30
1009.8056816783409,237.1583345540758,64.13460927668007,29.575553653956263
1007.7175437885113,238.1563930056557,64.67426381953803,29.22260090866388
1004.9435885399442,238.60187684040832,65.03025498989,29.156507521041867
1003.2875927260117,238.87391999944668,65.06605180688777,29.223806429214875
996.9235989874344,238.9089713701932,66.63758138304138,29.520009545618638
994.5163497179078,239.21997802692073,66.72093787802714,29.522063359868167
990.9503487581663,239.18327826527664,67.01647634612463,29.784912700098598
988.7024925427974,239.62751607642898,67.47974716080424,30.08876302746279
985.4091912263694,240.72712464155757,67.76635484813383,30.184148529728173
983.2146081129829,240.68874274598255,68.10614744819812,30.378642491366584
980.5130387784791,242.85874165152353,68.45278329814445,30.49192942073264
977.329142410453,243.03567795534815,68.76557429850925,30.65611266931123
975.6337038952312,243.55209353986308,68.51717220183198,30.74348869079502
973.1790036673258,244.4552665443333,68.21316943269773,30.776168179291037
969.8849535769556,245.0496584994937,68.53824337595034,30.578634366721914
967.9171696436414,245.92825758747912,67.77721462011156,30.41071226611423
966.3780289858826,246.63222743993185,67.72579861278388,30.209028831617385
963.9393600473252,247.4736665028807,67.55953306964099,30.081648352051488
960.4315823964117,248.52376036443513,68.08607231540708,29.83276206059851
961.1068321736396,250.76667815202234,68.04069978560197,29.70368221891407
958.6764901662191,251.08937160009924,67.90128986352295,29.708363963469207
960.2697200225028,253.0681410887579,67.34892272030659,29.53119236057204
957.498999306393,253.78241190425584,67.73648355636533,29.35823187009434
958.919120676869,255.4363631601014,67.65373741079581,29.147940070454645
959.723690906498,255.75140337114746,67.97732178502659,29.351393948689818
961.6889480776686,256.81686823302374,68.20512882330061,29.172266359451054
963.752182406564,258.2499919347692,68.22408834620441,29.325018294110208
965.5490596930256,259.71514117108006,68.44101440110398,29.282245618378795
967.6310228623661,260.7562011985102,68.43368806089723,29.35057650841895
967.6828813136764,262.1350883900205,69.40236862875086,29.409101325456405
970.248967540425,263.174490758319,70.19590017763375,29.576283527335917
972.6713367019391,264.6085597312691,70.49739875112047,29.767296992492188
973.9159325717878,265.55185936597735,71.16032569428442,30.014336820289536
975.30473820281,266.89017916624226,72.07894961214136,30.273955058962592
977.4564427445108,267.7865438462345,72.9176532606732,30.214755505115114
979.9031166477679,269.5358682498907,73.83963739004155,30.619847342257724
979.8879786098867,270.85044474100334,75.07512069446474,30.540564851060257
982.9377358150568,272.2542873927322,76.37153991220659,30.873349337107534
984.9292789601285,273.52920864698757,77.38015427132464,30.997207876494123
983.0049671098295,274.8261463259774,79.67318281239213,30.85629897015935
986.363796060585,275.5719862276841,81.43704556365228,31.287342460050525
986.6722885553617,276.814521103532,84.32020910887363,31.034331471858664
989.5785048846029,277.63443036459046,85.54127998280077,31.47931629256095
992.0706664442104,279.62461487939765,87.18807516116266,32.12067234534406
994.2784011804312,280.46933901639255,88.29791048303265,32.81819721397816
993.9250143108341,281.178657002944,89.74123139429639,33.32579238673396
996.0906192759982,280.72079375784045,90.47294203434173,33.935502938420626
997.7017547826653,282.4833639705728,90.95518790867237,34.20050671804936
998.027243630933,282.92148989891365,91.52628758182696,34.32785450507495
999.8229829998531,287.79511538727644,92.03328143920132,34.65401737722631
1000.965424898418,287.91854229214283,92.89927511781016,34.87481263990216
1003.9562712114761,288.9954814847582,93.4157957828622,35.418310267473544
1003.6927957753101,289.95426049295935,93.75212968990033,35.542861740512144
1000.6159068592362,291.3170043550936,94.66143978675754,35.8654299034659
1002.6764242175975,293.56337085814636,94.68663052245807,35.93415643868123
998.3388413278338,294.43659689085405,95.24036304392877,36.21786146249925
996.1782646299399,295.49656303870404,97.11580244282942,36.155884431844484
995.7701421170906,296.51072403851583,97.52701104889789,36.334474234512705
996.9417553643975,297.9273451409435,97.05240435389796,36.90783560441027
997.093128255644,299.8652259399748,96.41582776777233,37.417473347930894
996.4105862638752,299.99327161208566,96.84786177448437,37.4720950564588
998.6370049633418,301.1998916711679,96.7409916683366,37.84015572145164
994.6721600656393,302.85643142017994,98.17242430355478,38.14268801503824
995.8749047816772,304.64711810731126,97.65489065627692,38.39534479214281
998.8198289242451,306.33767825944926,98.30211216865673,38.752503115262435
994.5730913609161,307.0644592598588,100.15033602120586,39.29129336168163
995.9763788903888,308.72812409337195,101.33712219692542,39.7343575430745
993.6343252534886,308.8305841879337,102.36918875073997,40.1767713335575
995.1088212681257,310.71814578202685,103.01454872837814,40.521880727463554
988.2083129918827,310.6868892858105,104.91636484141077,41.34568027661707
991.8649205060156,312.7632615137413,105.3361009773908,41.63152777784764
989.2412236660045,314.2015088922373,107.70220326794738,41.6803391026275
989.2765761886591,314.9133321315805,108.2741504362118,42.021878576127776
989.8951652620414,317.2132888020243,109.45850277460045,41.97024070597371
988.9471953118386,317.98097823820547,110.68369491804795,42.163992459336164
991.0206161546852,319.2231021522063,112.01464263436293,42.870050102754824
995.889752975168,320.73464206360416,113.43866052019165,43.46455093219606
1002.3966850584769,323.0146438983013,114.00288988232145,43.583493281020765
1008.6175585031662,326.16003729925364,115.33461291786969,43.65314005760731
1013.9912375412464,328.90883711475766,117.56783135690704,43.79523797832651
1019.8225862785869,331.28062987086935,119.09040514534844,43.94882491712252
1025.165691904299,334.08867653221665,120.07206346179562,44.27106033740884
1029.8435270065636,336.26661619375477,122.4579370271026,44.51971564033967
1031.1516908230765,337.8086383949082,125.59709159088473,44.8544646778979
1033.8475282482968,341.3986168238515,127.45992475893783,44.84903403461094
1037.339907433511,342.4321782520733,129.2494688711143,45.44135670238305
1039.6999103403869,344.54242732376713,130.91078639491764,45.48797415195189
1042.726924734695,347.66794079938535,132.19755884531475,45.51942648690926
1043.0714461363914,349.8245574806046,134.7021369621032,45.65518966835505
1046.240975279796,349.6331351750516,136.12730558874622,46.205743510837706
1048.8326468651978,352.0953302379789,137.93675836215672,46.76589289380271
1051.9522605477232,353.42861728463026,140.26031137735475,47.27445918135931
1056.1661733002156,355.85227177723516,141.64320345507258,48.15688747794889
1058.8128263205026,358.94690629160016,143.12505391245395,48.626703722961544
1057.8107217693037,360.8793214599983,145.65146055942657,48.77402605797916
1059.4157282037677,362.94342561061285,146.74184747077197,48.944609165288966
1058.559256889585,365.35021378345033,148.7138995068006,48.9139317225071
1059.3361394589215,367.71939051397965,149.58724980849632,48.778172160221665
1059.1330467172231,368.5292222070721,151.04206982100706,49.15682518124033
1059.4363924621182,370.4583619189548,151.53566839126023,49.23857132548347
1060.5326224324624,372.8874879586806,151.52459635187768,49.34849465725617
1060.4903697375116,374.6347950526529,152.0125987522489,49.295989815701304
1060.387777762565,376.5105304155115,153.50105627983214,49.39484038286143
1061.269905679025,378.44386813064165,154.62372638265742,49.57551297506205
1061.024164816502,379.28378590044423,157.18900390314388,49.498462545930465
1063.7639908670724,382.0512008498423,158.2158215285658,49.711014334298575
1065.2643063160685,384.00722915974086,160.29569361748145,49.71223033374899
1068.7187515002774,386.27909994237115,161.25022993439703,50.194261340052094
1072.0877631651506,388.29428314332466,161.63534312503654,50.3376467691998
1074.7427834444602,390.54726592669437,162.2774319304307,50.31130452017889
1074.0660626608014,393.02902755683533,164.85586398484705,50.18398245084543
1076.0348610631047,395.7421018066277,165.75276081732537,50.03807925536825
1077.441083571347,398.5286462298579,166.91175134771566,49.8083551244841
1079.8159742286641,400.96992212471935,167.92476834240767,49.79791131739673
1083.4944783668248,403.93945380328245,169.27624948411653,50.05569969061717
1081.417079242212,404.33923353120076,170.38143711856517,50.241253795933986
1079.081404456007,405.17514049120575,171.6927727291833,50.67551707013783
1078.8758377589613,407.3181326341346,172.5097776933847,50.883177975472755
1073.6795762767888,407.5005818903542,174.02564794013978,51.26399430630675
1069.7245647153463,408.44444179230806,174.8050038533994,51.249936735751746
1067.93459614131,409.27984859678213,174.88233151012344,51.59847699338066
1062.6233507282836,409.68530271895185,175.7575097903998,52.18149334296675
1056.130231692996,410.58714578937827,176.11586204249403,52.400383534206235
1052.276827858028,410.805351705676,177.109410969144,52.66511782740412
1045.6779948842175,411.36506495600196,177.90905712611547,52.699383572235696
1040.3148329670353,412.0827162229516,177.69255278207388,52.78875163922751
1034.3046958222028,412.73344279348356,177.35825954396788,52.801398286829375
1029.8310670797769,412.5498967225076,178.6176388969534,53.135540779983785
1022.7246972843925,412.27124335427663,179.5793160945335,53.372270431427516
1018.629770361412,413.6189652117712,179.6532088656653,53.3767337808763
1012.3926156964939,412.7930990144331,179.61554862915656,53.9207301840745
1009.1099368118753,412.57113756266097,179.58264694938867,54.75065306520736
1009.9831915535018,412.5216615156476,177.1025201603799,55.6068118376246
1000.8214690794359,411.6581596992538,176.34699133837017,54.980925217345224
995.7573414970916,411.71304403261604,174.76159198493139,55.10393921253552
982.123844961557,411.4403043325888,174.5389228855905,55.21260242687718
974.7559844697738,411.87263680439,175.593685121293,55.12407668300853
964.0884109058237,411.8258121523977,177.6873447461414,54.9827061988471
958.6072580748947,412.1508476854384,178.44294436094128,55.28016850183009
949.0267051919961,410.93366578030543,177.8769840866995,55.68957727784007
933.5718707397732,410.21152345453436,177.5783323734695,56.091316491569344
912.0354999699846,410.04929669184764,175.8021893305272,56.22611316326702
901.0729492726202,407.17499733242124,174.70962676956754,56.02787302637634
890.7269139241102,405.9490091925877,174.27713806412157,56.11559578507783
878.946211534959,405.41596918824763,175.96495237306368,55.92653155528602
869.151668167767,404.09927514470996,177.10912905800927,56.01827840700983
854.5252531184346,402.49490764687425,177.88103264300204,56.479090505342405
841.953177486093,402.9091431154426,178.35305713766587,56.06942087588395
832.0350307180039,400.64050444846544,178.10998971193,56.62620728691036
819.551983104168,400.3425093701999,176.6492241302755,56.711291939214746
810.830537508883,398.58846154297066,175.96173087565506,56.9383848337397
797.2960035256962,397.18328853891904,176.06198589952388,56.70469040032994
785.3547542308637,396.9672301586105,175.46081139348573,56.463415282342154
774.1231842335983,396.3661492924076,175.8543770319376,56.1451916301883
764.4834487711324,395.71090461577217,175.03848243257724,56.02422537127656
748.5341791870413,395.1295935647712,175.5305579777125,55.52437224496885
744.9331510204157,394.20578901059713,173.83812788365663,55.48610970452854
734.8888137849666,393.1506831548035,172.8943106705949,55.562141728615735
728.4196824938857,392.6726438775921,171.87885029896034,55.35587546969173
716.3469564994591,391.76609067298244,171.08342628073353,55.5359401394472
704.4790815563399,391.3878172806367,171.73205801816817,54.98460664173666
699.5238960998649,390.14309267536345,170.60602241408935,55.03934034286853
687.5049416939066,390.6258205285948,169.11732371257824,54.78151825094602
680.4173449066349,389.50480865793253,167.82140598951426,54.7877329045172
671.3573143965939,388.5827079600194,166.93149729829256,54.48258103458117
662.1130606691713,388.1058386559115,165.83058824923134,54.47783886744055
654.7222087202675,385.93240721413645,164.15433201825476,54.811918223616374
644.6779324117856,386.04462066329563,162.9259290688123,54.64646231682008
634.520941254907,383.846744393281,163.0567944697277,54.76295088361321
625.4687894717676,384.41873578548467,162.63941911144593,54.75912401065162
616.7125195984827,383.475300395694,162.10475960874828,54.76138258758868
608.9227269176389,382.1875914583125,160.9201962582776,55.07148969803882
601.0920621464687,380.93350032446676,159.31978034773715,55.32269536126864
595.9049976183406,379.7668931342301,157.2032954666154,55.59005996070562
586.5134197978944,379.17032271540853,156.1251916470587,55.32862835915499
579.2900185440739,379.2035764500489,156.1206220080933,55.1623443685491
570.968393453051,377.91511029812057,155.34980969013907,55.768207694096134
564.4731123628004,377.028447534908,154.53749444449278,55.82645403217441
559.2359548980476,376.5853125997172,153.6436243306634,55.779575280043176
554.8554594101201,374.89894863017565,151.88426961865213,55.84538102178439
545.8838670737057,374.457033211543,151.18004294504544,55.34099417144296
540.9513800905638,371.8075599828181,150.2647758987559,55.23147762764155
535.9038031039223,371.32768540809246,150.22709734487836,55.32448988820728
529.695470797631,370.4254229721842,150.1878989584987,55.48380508995696
525.7613746573411,369.95485657174646,151.04376070700428,54.80801193601366
519.7265172722618,368.8384010014811,151.95157686418676,54.64955754843776
516.3594261674734,368.240426387044,152.62907314923365,53.888450374151866
512.0987945046908,366.56335595502077,152.91773340167873,54.00456819551953
510.1829460774137,365.0491915065427,152.70790775333376,54.72718701518983
507.2470777130406,363.41253254520797,153.65506152385854,54.76058479854657
503.34781353621327,363.61710310571334,155.8257355302842,54.469399436703455
501.3278490876416,364.1038947673064,156.96011513963154,53.88105187015307
497.5518266765754,362.81270807581194,159.37952722937263,53.3549152357469
494.4603057762255,362.515800146777,160.67678106620517,53.19846323054326
496.10466422159175,359.81754022782417,160.49527266584442,53.21638628576458
496.99875906895454,359.06425193207247,159.28790919401536,53.91918625544943
495.9215984389407,357.0893288973377,157.16724704797613,54.313784064420915
494.7497744973375,354.64742058958257,155.6477436193082,54.63839371734568
496.1903487540022,352.955250611025,153.68566058144268,55.01581667464388
493.29643533213056,351.4369192660098,150.86677508387734,55.159219839375226
493.7941415578116,349.83277978648454,149.089468842747,55.27534286504567
493.737651710822,347.4508120704734,146.67396252331372,55.270140437723455
496.511337147978,346.66304749371193,144.8403625153958,55.25168594103894
497.19048370726887,344.35250573204553,142.81347384436953,55.29775964152625
497.89792913212034,343.1388910495617,140.47342801066932,55.35178572890593
500.4862519982585,342.30658546169633,138.82768728670897,55.07525422637593
498.7858429154311,340.3787627294314,139.26451118776117,55.03407318524475
501.59242758238315,338.337425910086,138.59357589316363,54.8697280098487
501.02209166691387,335.99861334371525,137.93432120470834,54.70953452000111
503.7043547414358,334.57162913618254,137.47687284497115,54.631619123115826
504.0002015047794,333.50652080334936,137.44065389761815,54.4924931278782
505.91064168771936,332.1119962943504,137.36856117326357,54.178768002657215
507.3871128651589,330.45480439514444,136.8890809231819,53.79570593162329
508.78665653426594,328.72892345112837,137.42838107428653,53.304802719557756
511.421859359512,326.1861377704888,138.00783847616262,53.18532933443797
514.0372920596649,324.62427171760265,139.0488341522119,52.38044014809605
516.2689360693737,323.871050816612,138.2310346333893,51.70114982384137
520.7186416263903,322.69390228710677,138.32428499549138,50.97970749915432
523.6894955914455,321.17046230785405,138.27486241236582,50.80767986297899
527.3276021861427,319.9834182957976,137.4216910434976,50.787946409201815
529.694789283316,317.3831249463948,136.1929597400811,50.709223358404195
534.4513522945392,315.39222921029057,136.27877075224157,50.87016231253098
537.4686924939441,312.93744277386963,136.38554266590137,50.91544447110887
540.2827534979655,311.8508991252341,136.21321642278173,50.621743476448856
544.8930663685877,311.17325869142,134.9140908875308,50.24317148076528
548.4098203105079,311.02032892985073,133.9185697590616,49.64788888354247
551.7416232787709,311.34398013122467,132.38272804754155,48.825190068183616
557.8820117486573,310.24852817241714,130.46409653165796,48.199162261250336
559.318615467448,309.0195061335327,128.9142314173798,47.56410841383307
564.9080616743516,307.33436898162256,127.73540099240307,47.463655989214
566.5644216990252,306.6315904861671,125.94728883986092,46.68351876244294
571.1195888183495,307.2833786789516,124.34962225715702,46.070927579663326
575.4811489976654,306.8009711388146,122.85989985918818,45.56238498247763
580.8472691317218,305.4672430880712,121.2882383187975,44.86696204610736
585.9746651420829,304.9737930111179,119.54312513871234,44.4096409418505
588.7106217763261,304.2090268825899,117.85310464671531,43.45462772962237
589.1175380208732,303.4071732446765,116.02327439017277,43.13495069663419
589.4768447072074,302.7818214584788,114.67455546244678,42.69680613117405
590.0850547055732,301.9127520201623,113.53545316550536,42.24074115419994
590.2277517065046,298.70225083491687,111.84971729524187,42.23310649695028
586.8662682245239,296.8966884967814,110.17214199998688,42.36747698468361
583.2688451867148,294.7460114532312,109.61669958912437,42.39577408783637
577.7172307997708,294.18304932985274,108.22870216672315,42.53220401086279
574.0430783966208,293.4494747804184,106.77712408422931,42.461500226392445
568.4744919127479,290.1756042540225,106.65886301572034,42.55098408085056
561.4572257489501,290.0925849797349,107.79230948973921,42.01269754950786
557.1749967033722,289.0422894459305,107.89210502901508,41.82173035143057
549.8983868906626,288.3620885524509,107.51213621601903,41.70793868460105
542.4387294045762,287.684598581196,107.76310955153383,41.46090885385647
541.0655807610461,285.2986753244753,107.06046370047156,41.350547496814414
530.4497249809323,284.31590388461257,107.03512188545514,41.34795466200895
527.6497029293955,283.0574707176966,105.62086468847986,40.91946343472942
519.694359263207,281.58764384704796,105.25351971800015,40.89348497578564
516.1130551289834,279.91649608055945,104.93429071380335,40.59295681262622
503.4280449672802,279.9497934532356,106.21346211448041,40.36531942170029
503.7965856504074,278.8386880392158,105.25809921093166,39.84179722705002
495.5291631918799,278.1063586760037,105.23824518389486,39.39337275778796
492.7864963203336,277.1781935776795,104.33760642714005,39.07157065882775
487.2400555930279,276.71148874213304,103.97005106076756,38.618315224100996
479.35449523213174,276.2039423613259,103.71659178072875,38.41541508391322
475.9901700039957,276.1502955849108,102.49795515432885,38.1442626538104
469.06500779865667,275.8001865672473,102.5624776774946,37.78266459283161
466.17751192290086,274.30324366216587,101.5885194244286,37.337221970911344
457.2294798536518,274.5782608373938,102.67575711639353,37.1142468298022
454.81423954722516,274.67445189334853,102.5750286418749,36.66117444603829
446.6300827065268,273.8917316240584,102.04554378506361,36.429697784530035
445.7794009176341,274.2303138331642,101.4657219742839,36.14660944544866
437.0528203235242,274.5427380973286,101.2533043203407,36.125428235940824
435.2754887180877,273.7900727729847,100.07276378823283,35.601483467300774
425.36939074988663,275.05973194081656,99.91694214650991,35.75156246668947
425.560564089201,274.70260026462995,99.08713988287823,35.26292636303851
416.2778041927438,276.1062876733508,98.46365668506994,34.9435390639074
416.06707609302526,274.35454877210714,96.91523158834924,34.68077770013499
406.481668216902,276.02989023654817,96.60001103993659,34.07996316419728
407.78809300306244,277.17120424133196,94.44502533489852,33.23652399263467
399.89509391189813,277.6822733027385,93.77252170143132,33.79847669871717
399.7847147234617,278.2578811639724,91.92366423739225,33.62806220095801
391.719405425683,278.4792326063865,91.14324157318404,34.0536628534985
389.72983029431623,279.49423088092095,90.69508899854574,33.789374512513696
383.2849186277246,280.9046634367682,89.68582061114799,33.940185273621935
378.8519055272741,281.78293810221294,88.83070213584051,33.77007650593441
375.61305288018576,283.0549468400686,87.73136103566898,33.37004310958405
370.18334878716814,283.6741878244543,87.4440292619875,32.680125753678126
366.97517803612556,284.1297010494872,86.77711308890174,32.176431813368396
362.0445748627774,285.4156742646101,85.6729988484399,32.05747829922976
357.95771902158685,286.71855597811333,85.5741637626324,32.051591276031914
356.05990611999624,287.3022353044711,84.08641287208806,32.10385976526892
349.0112295326234,288.2161979614708,83.7045160926101,32.1645561391585
351.5345703686925,288.6542089293565,82.43368042495796,31.936253646231478
346.96437533748406,289.8686643866925,80.84322980439146,32.09919635018135
347.38934201776675,289.90698888161415,79.26778870762004,32.05577836168535
344.17342977270425,291.5467144699676,77.57335244029879,32.23745375091174
343.06431550345997,291.2483456083975,76.80694848672188,31.862297388644606
342.37194796116427,292.43092296835323,76.22365872142169,31.949101325044182
344.16539907548895,293.37509070258307,75.04357369057195,32.075361126741456
345.0070650976595,294.11695076829074,74.54672395652597,31.793138788523773
347.17835226005866,293.97936763002537,75.12524214195102,31.67448126258325
349.28765488356555,294.0844646437364,75.38941353678293,31.619616343399443
352.6456649640854,293.07671160519436,75.84521878467876,31.392839791470415
355.33806437807584,293.1007864428338,76.35248595858997,31.063548000598637
359.4092490102342,292.7403607779567,76.2030676105636,30.62700229856872
364.07691466822257,292.353969793334,76.05544228823922,30.51693898525958
368.4868030358131,291.8775760512818,76.33612655922263,30.266515877094065
373.081384895574,291.60115048391316,76.60338373813842,29.912365933702535
380.22383130031227,290.95973191134215,76.80353445435763,29.67221273288964
385.68661618860705,290.83128335155715,76.46450203891314,29.388786773827317
392.74023190407297,289.9416527380481,76.26044882300815,29.25672791055146
399.0928207824464,289.55107937302824,76.4729632507095,29.2846498504949
407.1992196439517,288.74889979585294,76.38378269994007,29.026897317185348
413.02320215957747,287.31875517654834,75.41943335319789,28.961959628990897
421.0707851686133,286.7582044452864,75.02716440696449,29.11310427627202
428.23158607537613,285.8269009751451,74.01771545598774,28.927652706727976
436.5081008910499,285.2119655842521,73.74083175969879,28.631260609142334
442.763885091744,282.9385257437082,73.0350428154029,28.35668576523622
452.0801722045277,282.1533283170143,73.09034624486476,28.278435098413787
458.4324171804232,281.3547934571662,72.5615917667066,28.078955855516945
466.5436759571287,279.2497657753467,72.23649032810269,28.328526237619077
474.26944642266113,278.0165710791367,71.35146913428154,28.271156503375835
481.36478937991797,276.37719118908717,70.48928587479719,28.139837996350288
487.16775725351835,275.853366087414,69.66231703128292,28.11034834526548
492.7266424683173,275.10852680697843,69.28390741101106,27.919660628441843
498.09478900620763,273.1926173867198,68.1293613902842,27.658295951503035
501.88678939074777,271.3272427259731,67.14213662980988,27.420396362473998
506.07682942647705,270.5028557366395,66.26397296689012,27.43082927191974
508.3308325003518,270.1688765467349,64.54313007673957,27.78532911963393
510.1143780308678,267.91413996037915,62.986999356207406,27.965555771349354
509.4324266606854,267.39628951092135,61.66301895791561,27.914228643684126
508.77907145980697,266.47056883934863,60.51803177170556,27.587681696042825
506.37092108776017,265.3477591139942,59.9835987587801,27.45160229993468
501.920461672796,263.87348964182786,60.017517962548666,27.042917256688
501.43021487798404,262.85293640131437,60.379436396437676,27.15372648219894
496.9047113450919,262.1063903578487,60.54905384430194,26.83718304914892
493.7845190100426,260.5372128967558,60.308758048702444,26.75417967207937
491.9433271584912,258.9824422685466,60.495955661335884,26.59803584701575
489.43943848915046,258.3535624078378,60.03404220030417,26.49931473156518
484.1675294119302,256.8753758715366,60.113447665535716,26.48720483297607
482.96276359014337,254.91674993571132,59.75142007067551,26.670618146429643
481.3993061126622,254.10158150441347,59.40066507133787,26.46465964273811
478.244521754637,253.43846769711539,59.36011848816353,26.41750290083556
476.44285043089775,252.26993597742415,59.52300093056389,26.22671165920305
472.3031790939824,251.46055266120433,58.86564373714606,26.090409155023107
470.24890910393304,250.26004364719904,58.82253758000715,26.02205967891384
467.6862926968005,248.71242343284317,58.84225443739364,25.83520610585555
464.2131432181471,248.49994577125065,58.44090668144361,25.712942212216976
464.29601521958324,248.1102347201334,58.277672869512664,25.255550769224442
460.20400261597865,247.031426427938,58.23662521600413,24.853250618919862
457.8618001526568,246.3015006911201,57.95507774625491,24.759283270648552
456.96925881502995,245.06503670340126,57.832146481651186,24.522013797355783
452.9258100191366,243.0070309741677,57.901500280713364,25.11450097146013
450.70794062059804,241.85368086165636,57.62157087634382,25.46331485824883
450.371060372236,240.69942721759645,57.43814755901912,25.74258797545498
449.2708647508858,239.4508676551423,56.60301157241052,25.67151247260143
448.277987128078,239.45995829647353,56.142073874453146,25.340552180596784
447.8064481294321,238.59958371227776,55.69613357454942,25.143848417584174
447.02267507797075,237.47691364326602,55.43217843197354,25.139497069249067
448.69934590417876,236.24590967643982,55.45629177566652,24.863423309252152
449.1800844427235,235.27839743000135,55.398698572993354,24.891518547597222
451.1216031186432,234.38483170128072,55.06379817069316,24.66909371155096
452.326673487942,233.1070921192878,54.092970247761734,24.207074382342185
454.15087516011204,232.01146283245387,54.188546595880766,23.875028016740014
454.74999278059624,231.7080517055417,53.12763276747563,23.745585743720348
455.9228560512398,229.78476479537701,52.58115635207349,23.496091658623712
456.29752310868616,228.99573983226472,52.11033337395106,23.337475024675275
456.7502361062027,227.78322012708304,52.08119829631456,23.254508100733794
456.70635787453733,227.8225295632089,51.508908420610325,23.21351927613125
458.1603229629369,226.33855582774407,51.22893487261064,23.284205842748776
459.54156139253473,225.26092864583632,50.54916088855224,23.396469998892123
460.62370265394196,225.2084778332183,50.451758353454515,23.21869212593252
459.95272852343635,224.22408162066884,50.221724111528395,23.03670125063166
461.74904424366366,222.27170974218944,50.475195385612345,22.80053533580699
461.9028235516857,221.84836888398584,49.859866994177665,22.513017552130318
463.54798503482704,220.9826667216189,49.89851398333927,22.235017932848685
463.9573296012714,219.54038933576845,49.46970595468149,22.211690014119895
464.63238978412613,218.6689684697367,49.144391492406754,22.08055170086475
466.41654216998586,218.67261033764302,48.93608566210882,21.862302883002766
468.0082947117595,216.75736342064982,48.791330273385675,21.802255401910404
469.7617344568981,216.17510708351244,48.77341104922174,21.725045611623717
471.0620813942228,214.57899474004947,49.50054558185998,21.668044682094603
472.471039928336,214.3479117430619,49.856783510505565,21.640807309027192
472.7214262647997,213.552396067339,49.93554816963617,21.714341597789904
473.80049783092096,213.52106377250885,49.40391279648779,21.640446537148232
473.40628128803417,212.68870927824028,49.02425577720464,21.675688872815236
473.8448628475,211.31861816902546,48.454076039782784,21.760322995541753
473.6083906401165,210.43778309450627,47.89832272543906,21.68881045205236
474.53262176029705,209.92682769848992,47.195655353547224,21.46390544341825
474.32139740808645,209.60261047410523,46.82183553522899,21.338404156961957
472.5065911045893,208.88103373993607,46.50724285810458,21.26085240221677
471.9381384114241,207.63096182418153,46.24765671687766,21.41124929120572
468.6926786595415,206.45704381931097,45.579316901337414,21.20702374317706
467.77241119609334,205.7326840083534,45.303462315217956,21.06791794757356
465.6068737007065,205.87944100327368,45.79310211197615,20.865685885855058
462.9524862929125,204.63060357668869,45.7080170642829,20.780607795986086
460.0308157604142,203.52162404494305,45.74164428879486,20.61481642078719
457.75708825544984,202.94204094741653,45.50914629579392,20.636805744540467
454.4821003951985,203.1106295800918,45.0409454606631,20.59435109586249
452.1623762771906,201.40983633726523,45.14908123101109,20.75545358226329
451.73600154355825,201.23255213376524,45.22830444695982,20.941828470147815
449.88367832042377,199.91222306727988,45.159558215921635,20.833990785934084
447.68995472618883,199.5298879019554,45.429958571353154,20.96920400045604
445.48517479289245,199.02376437058436,45.16049135740999,20.882568864864382
444.11925066732806,197.9760573686616,45.28797139869993,20.89172016576802
440.7111556789539,197.6860894070307,45.073747747823695,20.871551041803883
438.24886784771456,196.56426269093768,44.46332117870448,20.7862135377106
437.9043385066331,196.24304966125905,44.14293180941478,20.50319618619445
436.38252655544653,195.20391959449427,43.98948749737147,20.432908908759003
435.2710860648354,194.98075226392467,44.045609702882686,20.28869320683438
430.66488517694444,194.70540417981422,43.85300888467039,19.939787021482434
427.83974673065154,193.8359867643239,43.719929110691226,19.627203548019736
424.6985800898865,192.33940309100797,43.69994954126927,19.48676589129471
423.7974109213709,191.1928939735691,43.34602667262719,19.353358192334518
421.80727783145466,190.35652711087133,43.428785661755335,19.435837134099703
419.9934060625046,189.6492144990504,42.61518636899747,19.40778927062148
418.735506731704,188.3867855506385,42.64593435234551,19.464488683940015
415.43201944395963,186.82765490156652,42.342206699288155,19.439609904493096
413.0792125681587,185.33648830035384,42.48781478606457,19.474133410720928
412.4237436565667,184.08450990656326,42.406137648577996,19.361330898070133
410.227012425268,183.4444600673006,41.869972215820184,19.191824634823007
408.8136778952427,182.10478943796605,41.19613892792478,19.149245641645777
406.80661451149695,181.53545311103915,41.159719049298054,18.917401637670295
407.149092241094,180.04451935893155,40.93835972548171,18.814118661615094
404.28565103404725,180.14386756299368,40.097573224780334,18.319184069515636
401.4824045575339,179.91436545723002,39.500832935772074,17.989529840929894
400.18570109464224,180.12852426836756,38.8933576651291,17.834725565565268
397.4502128050894,180.71372875308435,38.47474827240251,17.74901706133404
396.2830890631399,181.60082784797297,37.833234342727195,17.687087581693216
395.7050303749508,183.22964990635776,37.72929999181055,17.788474665332576
394.9775104328103,184.9234730040799,37.375762338554985,17.63814984668879
392.4057034049387,186.9201941310785,36.96617233469721,17.518403681482553
391.4785144789803,187.92879090070244,36.210701448897396,17.01468126879106
389.9411075475569,189.1289120048612,35.49014115669968,16.756927540087776
392.27710604007626,190.0151952338229,34.91982349676472,16.498235374537998
390.55245604208517,190.38405428533343,34.36861089280178,16.10127791976751
387.58142373440074,190.61211525649594,33.69847810903131,15.696713194235823
384.2832098898571,190.36981484905323,33.07612241951744,15.327257591179178
382.94615417671054,189.52483319000117,32.95318575392222,15.264260465786588
381.6707083124827,189.3877712580286,32.27326254860101,15.010429989750651
380.743449253881,188.6091916194863,31.476867188860428,14.790129883824417
379.8554075539094,187.51096983666392,31.23723785076656,14.577796450949258
378.02962257585034,186.45541056459965,30.941452059661735,14.490522842291556
375.45522234252877,185.5827095554796,30.65562737753166,14.251711985165436
372.71167690657137,184.83142633546612,30.108547145015322,14.117083314871362
371.84116173323343,184.6256777677333,29.711662595679904,14.12285008363017
370.11333716605225,184.6106084355132,29.91183048690864,14.064798788544307
368.2279808837346,185.3508664688529,29.71698023110943,14.139028157579592
366.407752757788,186.65266497080958,29.26590902099696,14.069613225352022
364.7934204931986,190.0384454277493,29.076532320927754,13.930748940043152
363.30030160112653,191.27835302802532,29.092959380813443,13.965607449360514
362.72095910104974,193.72987377306916,28.661759265343537,14.136288321791117
359.4679897967398,196.10893574410736,28.28392454708963,14.011922447799453
357.37762046798713,196.7511065468403,28.062472996159997,14.091833051996938
356.4458460025806,197.61912413847688,27.82986056146398,14.167578559870641
353.58600510533313,198.18259425901755,27.71729652923775,14.286085000765645
353.2452930920857,198.0968681509036,27.482717924545128,14.104685319515468
350.20302673625656,198.51081686959594,27.234657195193858,14.040961211007254
349.26845438274097,197.50311376487042,26.87095182745705,14.013957762026298
347.48629302356863,196.1788624591311,26.772679273737452,13.972147034271503
345.231281082157,195.46587717192753,26.800488705724558,13.981834478032933
342.83445988316674,194.28953099132113,26.449504009436325,14.065764250744738
342.1010708097372,192.5511556482206,26.248080352134306,14.210450546763274
339.0754766538806,191.8600923619818,26.719063700163407,14.045028825173533
335.72899155908794,191.2197238119996,26.770014141061,13.76264865943664
330.5963572115203,190.23505017799098,27.103847251174273,13.588836299539413
326.67923887103194,189.79327751894624,27.006223962058293,13.363493110739565
321.2492838373953,189.71334552307474,27.343387943210985,13.136982062666664
314.5120635764765,194.32388425533102,26.740182209555336,13.462604122079863
304.0374574220061,194.0285540602681,26.312788530947238,13.654202742958669
301.4381299698318,194.14542471656205,25.89424973641288,13.719812586128706
295.7728862063877,194.26366073195823,25.507333851435828,13.851842129137376
296.35384285432355,194.23985728467042,25.049796835871916,13.8400921926988
294.5281944510884,194.35027450814314,24.66921612464205,13.72020136327607
292.7654824545965,192.29421710321785,24.191706138591357,13.657767547180624
286.28235089289836,193.33743738241944,24.548857476098966,13.870706575950905
284.9149597709648,192.3641297464788,25.259461453440814,14.094587515747577
284.3976740394629,192.69952729606922,25.876558080333496,14.11499314975152
284.9636677295904,192.43907688639862,26.333819118886638,14.256572900567408
285.1430715198986,192.06600277023927,26.67361063838308,14.511939795863299
285.6565608659628,192.42430086112313,27.194778432537134,14.585490680211961
286.0040774802053,192.34756886915838,27.15513034065637,14.902422548205175
286.087674794872,192.68349875067423,27.42910074132554,15.054134824777606
286.4159464244594,192.6410542936722,27.85966239872331,15.163794613311758
287.11669509974445,192.2138254452996,28.448252676517733,15.268830713529905
287.36110689121745,192.7255343000805,29.138180323811646,15.525047360466795
288.37766242494973,192.7235034245806,29.58970890096988,15.629040209987327
288.9221198902518,191.70955265571143,29.93845633341806,15.850167250693522
290.271127324088,191.32600580208685,30.595642948518552,16.310181761966444
290.22688141509803,191.74236028395222,30.870470061937205,16.73479510963702
290.2747122366555,191.59863886194026,31.38702930219175,16.967851382611308
291.6490168990788,191.40082705914733,31.762518755116155,17.19485154077895
293.5789053975169,191.5445859293796,31.86988410176104,17.659313449381344
293.22126239090693,193.43536965005373,31.655377770410844,17.71034588634421
292.6138433769731,191.48687226228108,31.63795044507574,18.226421443826176
292.14195854995626,190.30499184949272,31.92057190861098,18.88967331726205
293.45795795108234,192.10914645992662,32.00627930981953,19.02396739839624
295.2212124870139,191.91273530003414,32.49936347678707,19.084868647367042
295.90580435411783,192.29793614065198,33.031807760004654,19.20978773925608
298.3107847286529,193.48588649430118,32.65135855802313,19.373680523321195
298.95455566860016,194.66266513124737,32.6351489420751,19.25538087500865
300.0230437422482,195.82767320839343,32.33804205556706,18.948662745847766
301.0800328187495,196.47173055854154,32.66998699254554,18.84140141240337
302.2999558147318,197.0648057790988,32.90560157759207,18.819014136762753
302.8273844829278,197.232451518868,32.59449570747429,18.948039174338987
304.833414396752,197.69985853901923,32.58110073578289,18.885144527575985
304.27444804629476,198.05928382903852,32.15049475185237,19.041069536049793
305.513955159977,198.4888954089504,32.589330780454084,18.800751503274505
303.68201803191585,199.5777973616078,32.81809852069202,18.65897312209916
