746.5,353.5,46,42
746.823984031133,355.4280499878116,46.45842217554209,41.36921178051075
746.6001141398725,354.6839903396509,46.952858658218936,40.871389428348984
746.371300252688,355.648811254067,47.52399093923556,39.900031381521984
748.5015569175422,355.94197263245087,47.407804296386395,39.480569816146286
748.3561308084714,356.97121923668345,47.16310955608132,38.89616730306228
750.8169504574222,356.90376110142523,46.00711933845625,38.82106596696272
753.7246263077493,355.74057395210116,44.65937656648247,38.85835130114856
754.7020844670201,355.30564738753003,43.479005321450245,38.64474302644406
755.9529928395921,355.3653288902867,42.704110015476886,38.10304266770116
757.0482414157581,355.743245003203,42.045027968011055,37.51630512360843
757.5811939521135,355.62848658564684,41.03503944680072,37.40082479113348
758.7077239164532,356.01871284982764,40.548860745614576,36.93148812371092
759.7419535844756,356.85344434962235,40.195126665535966,36.57233679919324
759.5248769358083,356.33804995924606,39.702001026961376,36.30022157012672
759.5876050064849,357.6111219647628,39.16813442585139,36.16551745472321
760.8531603733558,357.6656500081074,38.52138269422284,36.06404977319612
762.1274352646457,358.090522377998,37.91523622814093,36.14041398975172
761.7403309515303,359.5468750981405,37.75163556586994,36.265905113187515
761.8380973560353,359.60324214938015,37.05852738440237,36.38843175063076
762.028724314275,360.3463886791405,36.550680414582104,36.421927433175505
761.8240230046514,361.45706267584137,36.737446006327254,36.62562636055004
762.0419167457766,362.38010952592555,36.331088287632355,36.84660481347313
763.1985081395101,362.2749124330738,35.93756404184488,36.94144553071088
763.4013151568449,362.07201802814353,35.75149908194401,36.89750665631195
763.2028264539646,362.38402914685116,35.732296949931644,36.618187437562014
762.9766730055578,361.40643923075777,35.60855028696513,37.01652494263095
763.5329675272986,361.66994724808643,35.33390950617498,37.23383335369811
762.754337538038,360.0712170593186,35.116208609184945,37.33711267044268
763.7093521097576,358.6927467241324,34.917569484209025,36.98021204557275
763.4576208715877,357.522250530136,35.22083341449678,36.42331720364616
763.2128179620312,357.298138153207,35.32975464923067,36.0926671429938
763.869759367562,353.93532581476074,35.0403310809898,36.22001806576651
764.6780899179223,352.1564377966269,34.89921896288926,35.98542855103921
764.0392274412709,348.8523792144358,34.85553874384417,36.122895996183104
763.4808909522965,347.3401355819724,35.332099560156564,36.433729219819696
763.72635650505,343.21500305459205,35.31898131108528,36.7266764454483
763.2028580495529,342.02071566869023,35.719427328296064,36.654912386304126
762.4739103197112,338.31732715330315,35.85894875023673,36.43068412990779
763.1445550845134,335.92322006099016,35.99529663079623,36.42018796831191
762.8097507388204,332.2718467116869,35.806736124145964,36.68751520280708
761.6657898228242,328.9019562972102,36.398838339820806,37.41528736476839
760.6610061939051,325.42777254641146,37.24235957429009,37.34216810717996
760.6995351673813,323.456870555287,37.34849472981658,37.12524635090344
760.0797220514933,321.71995054315227,37.72263898889824,37.005503983434124
758.6641804918623,317.3114791018002,38.406838620458814,37.55162529478814
758.4314493619264,313.2552309310345,38.993912766056994,38.38917780773686
758.5684737025178,310.53522938864126,39.43719978586307,39.153170760687274
755.8013347353901,306.81064408888057,40.57345125374881,39.621862596628326
755.9017451227442,302.96899431717776,41.58161020487843,39.76598090758155
753.6108090050569,300.05158202418136,42.8148584492403,40.26706525919945
754.0254768812666,296.9904784904354,43.85669953569566,40.67873870776434
754.2591492688051,293.6412160284729,44.398340041609345,40.88708456979967
752.4734727065515,289.6074229173995,45.09203527579661,41.94232547792054
753.1069824224993,286.9217724694896,45.13017875054785,42.353763187857766
753.0033362217923,282.0194099165767,45.43720533908799,42.75851728538284
751.2697227011566,280.3334335230318,45.336236322086016,42.92443708106343
753.239168717205,278.1805145202949,45.16259115812291,43.17146580614161
752.0428691883089,275.4166798769235,45.647058378070135,42.75381877818708
752.5701692735563,272.79014142433897,45.670547802416536,42.50175633246507
753.509437412489,272.4927551295152,45.884746338241364,42.26081583360022
751.9970482045464,270.49746554129194,46.47636945589322,41.94688584714391
753.0163256621165,270.13302440155036,45.9093445013854,41.774481226583546
754.5748756024255,267.8636759054936,45.86146111055936,41.87165514359338
752.9000627806864,266.7065926973193,46.01253724498908,41.474029567754386
754.6815479850507,265.19171248710353,45.252799267672415,41.792310085918494
753.2816748897687,264.91386027523515,44.88615289346252,42.3168943341596
753.3546556642729,263.9192057709331,44.5647489021564,42.230231739370026
754.3321228211659,263.5587327590778,44.71167821103577,42.361670898532886
754.1707244698829,261.4655132242482,45.17838164103511,42.150805433280055
754.0756585400742,260.4087906958806,45.593081375918544,42.09603593046023
754.5611351580242,260.72891387940035,46.05861641077804,42.20690703130093
753.3168367263453,259.772571851252,46.12990828146015,42.42302605559238
753.5117641786451,259.5057533567201,45.77112931267128,42.127485247815514
754.5127936217506,258.9206244633424,45.387487212654236,42.0449698688681
753.022289514822,259.62561076803553,45.58235713038413,41.99513686786496
753.5880757575493,259.1539482483852,45.287568471280636,42.19721186901875
753.710009754951,258.72557054717527,45.240924124906,42.307186816326066
754.8660337234667,258.36562828142786,45.12625315435124,42.3028396874548
754.1799321008026,257.96381109101685,45.103454869032035,42.05200853597397
753.3890523095688,257.6693080763011,45.082903317161225,41.82876895802944
753.4625984515247,257.66507467377954,45.43267436862037,41.84457407925228
752.4332965090206,257.5966316350085,45.836189232899734,41.506913664694565
753.8277260089711,258.2452743061879,45.91419014587088,41.00704667827752
753.9460233584821,258.43990110011566,45.61699390693907,41.36123157270657
752.942290697853,257.47499269317944,45.638277969042036,41.165338852887686
752.460300305131,257.2161239478309,45.570773077720574,41.234209797430736
752.541302448226,257.98282930304185,45.38406777178146,41.13382754655781
752.6764923367621,257.262861078033,45.772366526356095,41.49466207644766
752.7176700261164,257.8936124312643,45.659670090540686,41.23200226501601
753.451589262338,257.7219447799106,45.62475231244859,41.21967507282554
751.7340722634015,257.3698886437347,46.38701414120859,41.25607763696348
752.2875971539113,258.07107097428656,46.376478942822864,41.13575059163589
752.8920608489417,258.0374739818108,45.92435643624216,41.42777299865695
751.6398284120257,257.26708389815036,46.15922521022046,41.39672849613987
753.62475407109,257.0143873576809,45.34487788035781,41.49663707953161
752.7710708062205,256.4792449518969,45.63234971481498,41.141315640336785
752.0165758623795,257.09498311217527,45.739941301372426,41.33584265668644
751.9301869118239,256.3668728782801,45.128530455077644,41.845322795211175
752.9267147368552,256.23600096164915,44.78121161856029,41.722167578475734
751.3018196997717,256.3231446199735,45.15452945800116,41.34042969315098
749.2896495254153,256.4273088051123,45.57178839344505,40.86456110642748
749.9956069792522,255.87062523885402,45.99783647080996,40.24756403549098
747.9914778320378,256.79363200567553,46.87015159087655,39.809141487146164
746.7313618933516,256.69418958054945,47.36349080620053,39.72830135203721
745.2535619451725,257.0414122559468,47.60088596584943,39.79373564992794
744.0936374218737,256.6192184952709,48.530316721355,40.00948728794849
742.1266900895952,256.47445817628136,48.72395436114704,40.250966399699344
740.4354880841223,256.28997687787614,49.34384020459689,40.05839393610405
737.8154840216678,256.3756092825349,49.04284844013229,40.392312883137976
737.6185625649503,256.7446139266354,48.34150309348894,40.87544541012253
735.6397416426844,257.37013705488437,47.1476108575152,41.990070311461565
733.6378759956826,257.6700500925009,45.73306536471447,43.13172387146708
733.1712775601632,256.95852472232065,44.06349166881322,44.035102039214806
733.3334606118069,257.1330012426174,42.51825185203222,44.60366493213496
731.6176130982764,256.9055994814697,41.8436503397868,44.73533039624478
731.1714678295202,257.0262193105633,41.117026034693566,44.24928219830946
730.7736295351136,258.37617793776604,40.409282270570955,43.83147444288155
729.1792006092712,259.22984619834733,39.97270190890728,43.259372635273344
728.0034604149353,261.7263661085531,39.57769777952818,42.24112887160922
726.3960374598204,262.3261144640849,39.303375761062206,41.60758446157102
725.7938831230796,263.8018669423586,38.88100000728241,40.62308809572197
724.0838748502399,263.0570032577164,37.66128705314477,40.42571803477711
723.8575778046579,263.73564541630344,36.925580057883,39.891511634702084
723.47329611028,264.22037934256656,35.985911639883774,39.79240624278908
723.6798017647982,264.5851548266138,35.050698554342844,39.55345127107449
723.7501766866346,265.1138660717457,34.3514877598185,39.225741624705634
724.9703410135025,264.74940976888547,33.83711964685429,38.74372805530852
724.8817677767714,265.0799589840162,33.368310974957446,38.34677973791448
723.9884223108045,265.65222832899235,33.36771955921211,37.76498566542435
721.9420915718034,266.61955614990256,33.87619805953803,37.03918410285046
720.225969545061,268.01861353358277,34.68813991270535,36.3742184825237
716.2675397644751,269.4729399461692,36.127870491333276,35.69490430328582
712.9481032283747,270.63974254448596,38.187278174282156,35.06850762086597
709.3823535923174,271.31051279636836,40.354796294816246,34.77260090997829
716.0637523831532,269.62508638551,40.79525093329845,34.881184711614544
714.0415845217494,270.6295168850824,41.53294722319868,34.7290671674028
712.0129071222717,271.7233421336565,41.89682725256192,34.58774330752276
714.2026878966179,270.21714790473675,42.725572493267634,34.6013596210446
711.2774436569204,270.8409654874064,43.58627768561446,34.70908639418194
708.3794040808436,272.16244745152017,45.52476902343681,34.15137427412083
695.1355632476287,275.80187518419984,44.61334180314799,35.08083084336841
692.1482826155142,277.3840055327278,43.55614666631497,35.80619831823324
690.7199052304398,277.74925066987635,42.658962999955435,36.30400480068056
689.3174497238867,277.9739981348652,41.97578683578523,36.479818741972096
691.0585179295475,278.5491343477542,40.61932228801956,36.95619819931938
690.3188086424526,279.35447875919687,39.43879942734908,37.39456471433992
689.4246830134572,279.95952668757394,38.32357993071659,37.687701336681215
689.190370835533,281.30060372836823,37.59916057776365,37.627951353603386
688.3759972359919,282.5507505604849,37.44759380818739,37.13826588562858
690.3731707665403,284.72847868845844,38.38810888393147,36.091043367627044
689.1142119705324,285.66501368593117,39.1265503101756,35.30321290229128
688.7452864972026,285.5594287386257,39.07404706457824,35.19687979163611
688.4756032668317,285.79827497599535,38.95818848679167,35.432441470625186
688.9103971153326,286.4746564144082,39.009217058901655,35.73596352212142
686.2367089878632,286.80131166706207,38.156734171537074,36.33492073512874
686.1766331118711,286.6660203577421,38.097179066912844,36.82642281382692
686.1244857248532,286.45759546232057,37.846819618221545,37.30507845642747
678.4429789642821,285.00857259457837,36.82077788728859,37.0242771174032
677.9520672458776,285.6392235928901,36.09895907499031,36.785792494055514
676.1453346037997,286.3127346286441,35.74917014581288,36.2795356007512
673.5153869387461,287.7954028224824,35.356518593290744,35.9673640766609
671.5440112392096,287.120459962132,35.59182794715204,35.73390652992099
669.8153342464741,288.18186066281515,36.07729458254053,35.63235323074278
666.3222053922484,289.57048113472297,35.69186440189285,35.60200378549281
664.5430973682166,289.69728413309946,35.47745619572977,35.48176364336071
663.4556027233048,290.076848989355,35.727965524158286,35.322678896593615
662.538941116324,290.74182249278954,36.4674058197618,35.085034569740145
660.2769280739453,291.210707082797,37.25320763655958,34.6043739469495
659.464086228752,291.7976400817295,37.53000829414748,34.423780372828695
656.5384309095515,292.714759698951,37.92990339376075,34.32373589393993
654.0404198422883,293.2514386845122,37.78649071383394,34.65520372943527
654.3894356693963,294.6065672881756,37.25323721768652,34.57046389042511
651.5456014267063,295.6248465150635,36.91235221719637,34.59392039979937
649.6554039323311,297.30700027646424,36.452154249403705,34.589893390761326
650.6902559631463,297.9518602858953,36.21540530976715,34.10136279450659
649.9772178647473,299.5327648545933,36.305231439808146,33.415096202429154
648.5572587930744,299.8877098738799,36.37151514940757,32.76543517473605
649.4629785788246,300.4113023319592,36.723813351802406,32.08096770824255
648.7036682998882,301.059276693072,36.636453990241534,31.853161400109883
648.572833964882,300.9825940012703,36.315446011160496,31.575321213015563
647.6126586710025,300.902689194491,36.0497693104826,31.406817088466337
647.4018610877517,301.31797191896396,35.80311278373522,31.314463628923242
646.5487255590195,301.7359218289829,36.132848187131756,31.196997546640176
646.7488554677922,301.4390387346487,36.08186932299363,31.039850711359914
646.8246123684436,302.1471491552343,37.113918277275616,30.85874694801626
645.0400907705051,301.9289844272379,36.79949785201299,31.031978283319575
644.1500647294595,303.2438434597701,37.3929180161508,31.114506159417317
642.259621497896,303.0868491663527,38.280930715239634,31.1992701985083
641.9329464175858,303.40790675037346,39.10703549140539,31.415260749556268
640.8487950593478,303.60921163556543,39.05910066286798,32.085604084145146
639.9731967468072,303.69078937797923,39.39409283543446,32.5409298181324
637.9966864724046,304.3829301774057,39.813365949623595,32.9405781633179
635.4679591630418,304.85819392578134,39.7811222536824,33.41118037008832
633.9877854730698,304.3725179996926,40.176413786458404,33.77741198062385
632.5728810363717,304.74391753047985,39.84033482721322,34.181227709012056
627.8983185563706,304.9869734002357,40.009016023482374,34.339738414606884
624.4191627139763,304.9437460400386,39.92241918471126,34.292920069910856
622.8087422580736,305.02692958115637,39.72657713791398,34.32602382061929
622.0449448147423,305.59722391266575,39.476571855394624,34.65839038449872
620.8381621752592,305.6973153900272,39.15724438266723,34.81435209644761
621.0154296863665,306.37399361486456,38.54220761808957,35.193166824636975
619.015881630901,306.86192115551245,38.187369917832825,35.51749396666113
619.173834783011,306.99435518544146,37.94458459506772,35.54287528429221
618.0805273739254,307.80759233093147,38.01974349588044,35.41193815513935
618.7052903187428,308.7635204906385,38.736783453642495,35.02486795041796
617.7534477988863,309.81516839332846,39.743162051094785,34.46130519729168
616.1469796855826,310.0718082170183,40.14079995883928,34.073676104807454
614.7752362512337,311.25584724242225,40.77473468253293,33.897342143126124
614.8992676328744,313.0584208881794,41.247688743496894,33.57459545967463
612.9270017744873,313.84541270882903,41.571693192815125,33.283775127472566
612.3030462225579,315.6707257985651,41.81735326765911,33.2762723362908
613.1321913859377,317.1462522955442,42.14236267310782,33.320953080278265
611.5092459823139,318.6476687670124,42.283494025628144,33.31632246125535
612.6424083504847,319.9648021100147,42.300105623896606,33.32770783099111
611.4511969462268,320.55521106714025,42.23743742327238,33.306046954475015
609.7672312444504,321.65343849944105,41.236565325696006,33.6206466057121
611.0831804535179,323.5430731557248,40.972998816740834,33.69080141690854
610.9924571515566,324.21789559486683,41.04559030727647,33.94447320332033
609.429337508527,325.25658141931837,40.657549035702985,33.95540011360608
609.4203620079574,325.75539618978695,40.622289536214545,34.01533495045364
608.3758074560614,326.68437636133194,40.80669991049157,34.01774798516361
606.9238569617312,327.51360453750084,40.6777620777407,34.17546542471118
605.3158767053791,327.30569883517,39.588097628591925,34.52025769395731
604.4068952673778,327.00614565313475,38.70280628172459,34.83145183826505
604.0096409291725,327.1027912176306,37.378073243657596,35.23279637469
603.4881982232093,327.99678501799224,36.69344105075598,35.33713119504074
602.0517028606477,326.6679951129684,35.85911895353761,35.591202103492314
601.1428984430336,327.81186536990174,35.20820595534589,35.72733024578405
599.7958556259404,327.97122227761656,34.19364624575176,35.74183545191323
600.0148267693432,327.8455559076947,33.7676780533816,35.634262667741545
600.3962040414792,328.1834903690799,34.87585394238306,35.29010292127301
597.9719589700941,328.32102234636915,35.9675510629974,34.76745794669692
597.5593243524667,328.9002371120334,36.82884438442961,34.72688599078505
596.749750200337,328.6842556379043,38.025310761008,34.551231501203716
594.0028590383555,329.5613326999689,38.2942438608805,34.21811934255912
593.132673865437,331.27766021372673,38.69663322107596,33.64335158310984
593.4227481700783,331.87074434667477,38.87401506261418,33.00671710160328
594.5355516944018,332.6962964386595,39.52899535336866,32.88475791999899
594.95064782761,337.35195081671543,39.6646020013846,33.94692900702674
592.3651327386418,337.71782887023585,39.19617209249854,35.36715401532701
591.5371819239367,338.9776674158384,38.308404021286265,37.3511929160958
592.7062856039819,336.5637450944487,39.587513384065666,37.72105549558179
591.7407700613412,338.2885156774621,41.11078176306725,37.75288072550532
590.1933525096164,335.52969483932594,43.36672124760137,36.49233703419343
599.1741742238517,337.6779248862357,42.9559735100487,36.11051474440521
600.590844815775,338.2245847317642,42.493161739425446,35.86396712804763
598.5582411222194,338.9794989927515,42.48324390909878,35.53832065391697
598.3389938545262,339.55479153188014,43.31422483793703,35.20631584547323
596.6124271874999,340.24968511856224,43.31369386916365,35.05756949795281
596.3548319063709,339.3853142433548,42.459216782152566,35.282664278572526
595.183806607835,340.18095551818715,41.54027079910044,35.518256342669744
595.0266255452119,340.7992023905802,40.776116560248894,35.78722417148433
593.8404484363352,340.51720775863356,40.46509303523499,35.75994823380905
592.4840945161585,340.53033393695637,39.750792485161796,36.02664990481621
594.7241222360337,340.2764815438349,39.57373844921983,35.98113006785582
593.5138614570561,342.1407173832364,39.089008027347205,35.91795995040849
591.6944366038849,342.10743529688796,38.47908749672064,36.13911110881256
590.5461689271938,342.9792201280743,37.68353891913373,36.47669245504579
589.8473403347843,343.0575636926888,36.71387556638558,36.559498412750926
589.5968723587373,343.0398371667309,35.7269291427623,36.454489244951716
591.4017494966733,343.9789422156726,34.551840546821985,36.73594568530676
590.8075594044562,344.39997155373266,33.60488457059632,36.939233984513216
589.1404339823152,344.943242576932,33.03020344428213,36.98204808397325
590.4451835886083,345.51283625318894,32.967857466177726,36.56152662930563
590.5241891202398,343.393383746654,33.39701301029455,36.07428589805168
589.3145895870199,345.86900706372313,33.22659553964039,35.86826230926265
589.8603536277222,346.48535472211233,33.45236384400065,35.27233741971125
588.3219880960607,346.77708759750925,33.71471879152476,35.11306049142527
588.9951236471305,347.4771912206719,34.072279958100175,34.53638439591786
588.3844966767865,348.1459302767657,34.77826932807514,33.95121608292461
586.9040558130929,348.9884788546142,35.18268089974638,33.41373388312966
586.8258147193061,349.1426622941111,35.10516641290158,33.44406676218868
586.7442634364699,349.55603240483276,34.872323399760425,33.367704672611794
587.1694809623217,349.9109565846582,34.34897873063272,33.54015782234126
587.1301425702688,350.05889126469884,34.25526114966616,33.424645054199885
586.7962454494971,350.2697455821615,34.16403053273511,33.16521358134975
587.1934241172854,351.36334316769165,34.228241627105334,33.15079439409976
587.2297563043406,352.17698274129924,34.15665966892023,33.062375806348115
587.5780733989302,352.3889316480249,34.342138817257755,33.01326583016375
587.4832282813522,352.75257811988854,34.32349030002469,33.188332431667234
587.3594181428572,352.8313078866143,34.66375795069111,33.010808268601394
587.2482874886798,353.2320079865076,34.78257670188992,32.99695607439576
587.2352459782746,352.911870893442,34.639508625164225,33.11919365659929
587.7290228600693,353.8619451592118,35.22372362225585,33.071888290457345
586.8786947650043,353.2217192384673,35.18238876929519,33.386190861411826
586.8746482931523,354.20504447194025,35.027664219918144,33.8143441569018
586.088455240012,354.483577763472,35.22002660831835,34.15770902802003
581.2491730589165,355.44346805795163,35.09172623204489,34.68517475215581
568.3318579016806,355.3066659133689,36.207720987434975,35.149551172406746
563.0974784042232,355.58657366656155,37.88708369633868,34.994196066364395
560.1502175101244,357.4939497077738,38.98488021140414,35.27850022783629
557.8958164411499,357.7033148833902,39.883257353930674,35.76834672272629
558.119813159919,357.4697944313083,40.04600994243176,36.51867291689295
558.7037014025977,358.30132710314166,40.60359742687711,37.657325092986284
560.4128628552556,357.76385102642024,40.60153285667484,38.707566352798196
560.5843257970237,358.23365613466626,40.97305602118114,38.800695179541876
562.4034748869531,358.4678103278127,40.720093763563426,39.12632584726137
562.9357762923685,358.1167588138407,40.233645993473516,38.903692017791016
564.78224660879,358.04403237328404,39.84661904738285,38.46542200948106
565.7848137981936,359.51849246930664,39.40613293918283,37.87676278087579
567.4845793685728,360.44525542607914,38.677354800591154,37.32614564552135
567.2215339100019,360.52789969748085,37.216891333501394,37.513657561387575
567.7953816137469,361.2111039430955,35.86924284678757,37.749148813238406
569.5184590376444,359.76515716881187,34.761253997451426,38.18127883488925
571.0820921134305,360.4190085927943,34.73251098583303,38.460378111901534
573.2082850677539,360.51027606300823,34.379477866111344,38.617374056693116
574.6516397608698,361.424009517599,34.374343587454,38.44065110884585
577.6315886245811,362.1449823630688,34.7365593739777,38.516682894026346
579.5762334646248,362.07203016975603,34.471362988034215,38.20387282528563
581.8092092625851,362.1704310710475,33.43551016416241,38.29557797761111
583.1104925693643,363.7802896003839,33.12085806514578,38.1927792443624
583.2526603350996,365.91294692365074,32.701877161045914,38.40535842717449
587.1287249232108,366.0399674529604,32.63295835774839,38.490620116996865
588.1263119000542,366.89514942266675,32.58720890929513,38.631037260691194
589.6893436559373,366.55817457565547,32.740683552131244,38.58843362429226
591.5032344850372,366.2668464426047,32.693544355708056,38.53596425333941
592.3456425159841,364.34003346693595,32.55094137612779,39.17994397970129
593.5199050079231,365.87224982888756,32.25157615749342,39.1923371129605
595.2183553211113,366.37448727078606,31.804258346287263,39.194155406768196
596.8280535441901,368.0301938596285,31.57756462267905,38.773871961215264
601.2102813852333,366.20770726270257,31.28322364853949,39.09822962505313
600.6161776235775,368.6838053055285,31.10394850965008,38.922424568759205
604.0866240714475,366.4583624353314,31.17954368916631,39.24038861344415
602.7892306872161,368.57847676665375,30.850843032778698,39.493310185021855
607.6116125265795,369.1519145367587,31.088195671801046,39.2226822296318
608.3117386071486,370.048652912116,31.55144195998835,38.98432856966123
609.1047757527765,370.3432497304142,31.731853240593807,38.50318486965736
612.7066259997841,370.06506127836553,32.100214285274774,38.37330929896979
613.8421981345914,371.26300973564906,32.34445278238392,38.61234275664092
613.6028840838533,371.87370676418556,32.47109113776646,38.72479765281505
613.794617236425,373.4130306096205,32.64508067034977,38.62113293885861
614.6221603335908,374.6938038979321,32.977705905613846,38.71290119110806
615.1276241620334,375.811262897909,33.1109662951843,38.92898268952159
616.4170957572898,377.264881314542,33.928356322292274,38.92735093399911
617.9314677939141,378.02384952244086,34.47954136243176,39.02662323745492
617.8147631015934,377.36540930775266,35.214528303206414,39.22302932829979
619.523116380636,378.4579150706919,35.55968759938451,39.660986714546006
619.7042435622732,377.9255214353979,36.01312971400014,39.6724721739157
621.5640539757358,378.27984543720584,36.51470601537079,39.551850872703824
622.3194978060825,376.7795364402525,36.621244034837815,40.229013532900865
624.2967880701626,378.2001792411599,37.77239165609167,40.452676728312035
623.6385623312716,378.28291087138325,38.51978048367008,41.146272622852564
623.7701230837783,378.9381820960052,39.09490061540972,41.7783301854343
623.8615052134151,378.30658186895,39.60429797579935,42.49308219613192
624.2371361967179,379.28691571614155,40.41589411389974,43.282099073968666
624.1704326188826,379.8318851221192,40.67408692381688,43.92975903883061
637.021437780882,370.9885720819879,40.626571839075964,43.943724291456526
639.0841761151094,368.49526720185196,40.61668335879261,43.80456395971795
641.1123443042736,367.3824857572161,40.916644950282304,43.67457727509132
641.7264057871375,373.17584433472035,40.94530010554896,43.55062486007307
644.7651210871423,373.63488771809426,40.394279608383655,43.71197832941689
646.0324360730616,371.01293721076297,40.54660246590613,43.50195087346789
647.0136147000401,373.43020962035246,40.368414885868795,43.09436223104674
649.38185747173,375.21972927734197,39.81004089568111,43.1021046572563
650.1124762276478,378.2820425043911,39.668804747599864,42.661636051516226
650.9880756503851,379.92874699713303,39.53768732683821,42.73381000899496
660.4085495519734,384.9850126411008,37.146087973368836,45.75314899083476
659.1770880539254,380.5053452324943,35.88053969032028,47.21124260092505
662.3129947375783,376.93494890192136,35.066565811997755,47.7238838452923
664.8402804314153,378.3949050961865,34.48112970874766,48.222649978872
659.4933037106441,375.5589389476998,36.00023840846874,46.80213737914739
662.1093986550708,375.0664569916395,36.97565245104237,45.78838887080456
660.4627618056509,378.0566545202108,38.23331022886168,44.57496158709931
665.221359503218,379.39337334355446,38.5657280234247,43.9225815461555
666.0808839683615,378.09815531432713,38.92431414295771,43.53957814957776
666.845480014763,380.2210970238895,39.17058074365893,43.18216108863786
666.412213292966,382.43524385050017,39.99133596487073,42.4799678802102
670.4465511198661,380.35000485858865,40.177064379063864,42.78666655762148
670.8601490029752,382.4306883196406,40.42015274103491,42.26314848958261
672.6058858007556,381.05516703602785,40.33326116909469,41.913283731063444
673.5934702131387,383.9884273575951,40.64301589779501,41.62176861923988
676.4528100599623,385.3781611897199,39.91918636283936,41.95120936983102
677.4263543661078,386.6033007251233,39.66235327327631,41.611599196653046
678.5157052280335,383.9537208877702,39.69239989003145,41.156842130941754
679.5656951423996,385.9493522748231,39.46519072837555,40.995502748178126
679.955798310491,389.0148499779998,39.443808323409996,40.55546774908182
680.3393141980364,391.28613686281886,40.015654226236535,40.31940728892245
683.1109153903252,389.33818340196405,39.89102903587286,40.6650281560209
682.5802116141942,390.43541729544415,40.08900137933726,40.718911943004684
682.9373288451241,391.7157410912153,40.124638171445035,40.79457111415772
686.0222974803081,390.10569497061476,39.73582358555555,40.92641391039727
686.1120319938802,391.7006356644463,39.43862888062314,41.43388588577139
686.9942666851276,393.56242922840386,39.35824355593616,40.93754885703828
689.5394269982241,391.57428126575184,39.66531186483245,40.93028922699873
689.6328817783062,392.9193335650213,39.530377163756896,41.20483335206212
690.4793369534524,394.7673555506455,39.58756456508203,40.78478010537731
689.7112431810694,393.69477404131214,40.14024566873146,40.79194382785563
692.1078241123448,391.7827436956436,39.91144204058633,40.732936434475945
693.6221730397745,392.9858410802509,39.242501132290684,40.43762013282113
695.9852352146928,390.3296878071716,38.68828039268361,40.38677751287261
697.3980264709236,390.79848352253424,38.036454479648164,39.95194261815421
694.3750726718454,392.3166267239592,37.97377147492988,39.282985097521816
695.3005086903881,394.3130036162841,38.361586953103235,38.837849463582934
696.025283239443,392.0254617225394,38.27685094436414,38.90881433169983
695.1744476719365,392.97650348127684,38.11178268709652,39.19098450685197
696.7321151816534,391.2020886272521,37.99722991902084,38.83421462078519
697.0035933075472,392.943285620224,37.89706298341044,38.8756863346094
694.5003582491693,394.8148606496028,38.18702471164727,38.85714064406165
696.6798953338409,392.534923740903,38.16336113724403,38.36980853647342
695.4599437696697,394.5243250220095,38.39019792609364,38.75474212690936
697.7825883711632,392.7569236176117,38.028291615715275,39.01772868204293
695.296581327448,395.7081921078484,38.578803112966156,38.78880715719693
695.7948245404964,393.75893522449223,38.68232255196662,38.968512034520295
695.1169686534931,395.7434973456677,38.71007812632696,39.120647004663155
696.1091993424394,393.78819707524565,38.75533657799381,38.94058554294388
695.352988763107,396.3581787294512,39.12438782355749,38.9526794054006
696.2093198876837,397.3809743315202,39.149455481439944,39.39305488369679
695.2479031325722,395.7248697790249,39.28818488285243,39.50604690761736
696.6920120331395,393.87326825511434,39.18345392482698,39.87468884589565
694.8305107173825,395.5051829170591,39.42909606935679,40.42887414374083
696.1048128221164,393.2135444852618,39.534102804636746,40.40164399592172
695.3184057193805,396.5472448282396,39.43537925318871,40.73992387103183
695.3793015595019,395.0211775788952,39.900161114110496,40.82415857037368
693.7897918050725,396.7693395453692,40.14606514063884,40.95505717542017
695.4390720317479,394.0944810600371,40.08275778291488,40.91430173397503
695.983900700167,395.1985411418288,40.306508940072206,40.77962379107941
698.1791671688709,393.13679610538185,40.184570267648745,40.75243713667844
695.7743968427783,394.5985941613653,40.27265486896121,40.84406715042857
695.7953033028988,395.90144859072103,40.48703609320761,40.74464682015957
694.4259423431578,396.1245509642968,40.47379034415616,40.5695460213627
695.8292272784971,396.7185729517374,40.23285591621135,40.429587497607606
697.955489662088,395.5426100605677,40.38004657261348,39.918591565164355
696.8972749133196,394.2899680697116,40.52297903703101,39.610496735993955
697.3818753157989,395.024294764729,40.72793668601396,39.221790817577855
695.6578662674899,395.88891091684263,40.943865024712565,39.03150478429329
695.8845045790533,396.854451249558,41.05648312452412,38.94169349275626
697.1126353888226,393.92401545235856,40.607207646190616,39.67865275271296
696.2762771653577,394.0928305658393,40.79001802050388,39.887656603777366
695.5343530610273,395.3542229559466,40.97748487483257,39.984500014557
695.8590215091122,394.2088401222805,41.05678156125492,39.922619331028635
694.4921819845406,395.6971811005158,41.87118568421239,39.833392599548816
694.9774908670188,392.54721273560654,41.76149615669418,39.99111312377042
694.1023112442124,393.5959475402279,41.93070737393336,39.81186832608175
695.5920595224655,392.3263020731859,41.626604637236,39.95339195479151
695.5736480487143,394.0145871877463,41.388256513447374,39.53087298185045
697.2932960534325,392.7348810377596,40.83622642465,39.590862970041194
697.0351494770214,394.6565616791638,40.669251507251445,39.02340920371216
696.3773334410922,395.6259831102595,40.660278591011576,38.811406003119025
697.0673511907933,393.77937855334505,40.569858722712915,38.332708168858275
697.2243525830934,395.85387785189727,40.373045762693856,37.986098716651355
698.0460937021589,392.1684642165868,40.03455655797191,38.14711859133712
698.4303331748899,393.6842955418909,39.75016007291342,38.21524222231475
698.468217342605,394.00453786810743,39.35777782490063,38.19425343856446
698.3468409233467,394.4509478632003,39.47210235326162,37.84612995821685
697.9883706734947,394.0991047933993,39.519596205798216,37.61724397143027
697.8356591073267,394.26574335362636,39.40573970318182,37.67839045498769
697.2813513637043,393.85160346770664,39.663358934552065,37.68315606333303
697.6229664913841,393.92056932642424,39.6275253032807,37.56741731954142
697.0711008610687,394.52292977371997,39.93557276273734,37.235719219673456
696.5058502125065,394.04328290743484,40.05265657748551,37.22170814410392
696.6961174698876,394.2327347347696,39.920434610526314,37.05221572309789
697.6382940469683,395.613776469925,39.641221903981496,37.1220407172189
698.5298018804848,395.67121010404395,39.462549174417894,37.096792228699925
698.528534862756,395.76630531191137,39.45164703212998,37.04074903977554
698.7124043167605,396.0752913812589,39.33518220320556,36.963661395861834
698.3799043376999,396.33077280721363,39.22583378314521,36.891813978837526
698.7593183362678,397.1110458719338,39.1759265032487,36.70015026707598
696.2809341788259,395.4173664287377,39.35112915193383,36.52032422838884
697.3137822942107,396.6817079487045,39.12196396421707,36.56103863794867
696.8153095153336,396.77102806725316,39.28777412978217,36.368061112635615
697.3026153798328,397.61254031975034,39.3006670022623,36.15388817395598
696.6200599540188,397.406003128189,39.60561387912848,35.9440926482689
697.154685353055,398.41811976048245,39.51148475797768,35.6832880717313
697.5524819783413,396.8124190294939,39.50970670296556,35.48805019616875
697.4549255802398,397.6878172506836,39.498044713054014,35.705687849172065
698.1407731153099,398.11770487276004,39.096103861968814,35.89688911983549
694.47838975004,398.4405197540234,39.361201097879785,36.07849887070598
697.1190289406483,397.0548823166201,39.04264024977486,36.38488636491263
698.7916584576476,395.6385106300439,38.635591703141976,36.882233686658026
698.4904627236924,397.34029645660826,38.56422293574265,36.75928737685213
699.3973120110157,395.8500373632352,38.58535679098196,36.68616257539337
696.7521113983742,395.5786113560806,38.83955940023714,36.695912315761404
696.974882934243,397.73566628273534,39.00095695559756,36.45250978361903
698.1029508533509,396.1685764087883,38.76305918500884,36.73188596934885
699.048256838169,395.06341204714266,38.62705179339073,36.7708198676584
698.7647356472313,396.5050051305135,38.701938802169806,36.469043393680955
698.6717966701731,397.6777038081814,38.515961974181565,36.30041601019275
699.3636048132175,395.2662307387654,38.026946973550466,36.724175537849185
701.9310133697883,394.3442763744789,37.69757076311889,37.01430359148771
699.443436199307,397.0850891776576,37.36939945100507,37.298374510704086
699.6437426466297,395.3340994145053,37.440350968476935,37.37877729865115
699.1969359548642,397.2274120986965,37.848699395056684,37.30684762233109
697.9524986665332,399.5253465186677,38.288578000038974,37.21358708164414
697.8384278083594,401.1292333270505,38.578759918706346,37.58671604132512
698.7980768947391,399.56816759001765,38.238330850332275,38.43246626119455
700.3776673914048,398.65406720384556,37.993434801535145,39.256759949073796
700.7194696844039,401.8928331957773,38.332235005461655,39.69953893933133
700.4482479920645,401.8275820064171,38.625696035141786,40.27872049700488
698.710324324969,401.38533499381765,39.04443329815051,40.33084203561249
700.154559641764,399.7927037665304,38.97702427573618,40.51442101659994
700.8495853964727,398.67854352418857,39.039056950011684,40.5151685833454
699.6141554484906,400.9663409568182,38.88839108151038,40.65597386457043
698.6239635467011,399.35164708312004,39.504842871577694,40.54848974955533
697.9737184992969,398.8813631630896,39.53239590698377,40.777093638028525
696.0605339311168,401.5401815854733,39.7789391652007,40.612892500353325
695.6007074891628,400.45989645504477,40.46963549874886,40.62312125043775
694.1423637848569,402.1671750979984,40.88700716868264,40.63900462882189
693.5794852594094,400.9204750876694,41.48764282875814,40.993364417775155
695.9797138164132,401.94704734347795,41.1277632217696,41.248963383025774
696.9422092833295,402.269896913584,40.89615228614416,41.6397400204397
693.8036967655318,403.04716492750316,41.126368125267405,41.448138343568715
694.5277616673279,401.79807043772655,41.70296161307215,41.46960436741819
694.2982012218944,402.0384247074431,41.92812755277216,41.57168715641535
697.335836911805,404.1303604960646,41.14520074311084,42.369569882150806
685.0006807173385,405.49001475517395,42.84276532930948,42.06072016710902
684.9070945660133,403.54794813424587,44.2059035371494,41.959359748991986
685.7067190011303,405.08203994084806,45.18538095857176,42.25649228836026
686.2182206429443,402.4686955405071,46.2895112828082,42.685367196677724
685.070845204824,404.4528289790633,47.00033309715921,43.19526928395121
683.6096467197665,406.7885995104125,47.21306667616081,44.449747412994874
683.2050616779624,409.6621365038848,47.97524163405826,45.42854355849651
681.4629280372591,410.0405628060894,48.65819503835906,47.155946744797774
680.0810346451984,408.92659174850655,49.348884593476384,47.78105749628548
684.4317824859216,404.14762189777423,49.493195033856274,48.63371117174916
684.2168627780998,405.5771257122343,49.149951001089825,49.50879863941712
688.8780722159273,405.0035859311033,48.44174606891616,51.283020273403004
692.6665697225033,401.59548384567415,47.56842823319348,52.269901152482845
691.7482558662318,403.97501183671824,46.326648419720144,53.20771311320472
694.5973874880267,403.18485888265513,45.21280013508426,53.83041795092681
693.7016124703623,406.0895820973393,44.31270812443831,54.37521336955051
696.3863198595648,407.3802072789469,43.498142016992986,54.248274615603485
698.2403508912384,408.0703388732421,43.22227227923765,53.542451036063724
696.1096686314761,411.8452536100353,42.877580108546155,53.46939339398992
696.9487465043723,410.63847518799196,42.464876270865595,53.04009859928257
701.3677805992777,412.76313171898346,42.144712362670894,52.24377225452371
699.3959373128197,414.6445309088627,43.44011211612888,52.068361436563336
698.6385047112858,416.3438741817786,43.94751410241504,52.65182997534157
696.6566167470551,417.36839952264876,44.888654332557984,52.98228540474621
698.0105031335427,415.7116230028443,45.107508241864195,52.65199574721161
699.0366678046877,417.2429358768662,45.46879174213399,52.34398864388205
698.6579559732778,420.4654092163538,46.30340892591692,52.635239436525595
698.4676189225908,418.71698933427695,47.345742804455575,52.736624793941026
700.23515971334,418.65991553298636,47.58249893429134,52.44455815930906
700.4419442050846,422.1738787446088,48.420118109791105,52.50336841514122
700.4155165463799,423.16078278390495,49.32386293115625,53.04206229158136
698.8575901137518,421.8233911031934,50.47292583555122,52.91829981560213
698.3958598941666,425.02296023581425,51.47666532697914,53.4327910822208
697.3826100823823,423.02587090028175,52.1418443357331,54.30960272409574
695.8987192749212,420.7919525752355,51.941721573671586,55.387228030423
693.688049776845,424.77262961478993,51.85977039343254,56.49989147603328
698.3359058220891,428.55140323236554,52.39996051699456,56.777423433997306
694.6258792207309,426.53426002603976,52.70110483756969,56.627536262664506
734.4514247909905,443.3039634788076,51.55307308425776,56.66567070844728
734.7379251463781,446.64272660385745,50.66174086365385,56.78911739688505
736.1575572638731,448.0113085991643,49.72377240979939,56.6336935471863
742.4255279750316,449.17216168544894,47.92795473626168,56.928998206449904
743.8495681644034,450.9855394531745,46.09240909510507,57.46446982477686
745.9039346384787,452.32233890466557,44.58349556872265,57.39885188836272
748.7153512974352,453.0192841015182,43.20749462156787,56.8481407205791
754.257587510812,453.0658264304256,42.67455494017548,55.854405144280605
755.5365508427778,455.23345340263364,41.78830705775307,55.066266764210766
756.3515932531292,454.31294141409086,41.22229448837038,53.98163323053889
758.6508385620021,454.4251365112467,40.747304217761794,53.17320340772149
760.4440944420554,452.1059831339577,40.20088087280121,52.982785777991715
763.3847241586788,450.84491418016813,39.53918253956074,52.29062424518691
766.3802113948166,447.85286161989893,39.56333429561761,50.86936628283957
770.0541890184234,446.3058191697689,38.85624437433168,50.06167725350368
774.5166796600092,444.99193878305266,38.58149635989779,49.63997403958573
777.2044844965702,441.5184884762185,38.6665256867148,49.15193622246781
778.9744519802892,437.9271131644067,38.96554874425528,48.82824334557273
780.2890111671214,434.7532134117109,39.23135524966501,48.515252407543905
782.4942930113614,432.3464908020931,39.33950885015605,48.54583973188201
781.5542319180677,431.6355222126405,38.12363418005397,50.224159495358954
784.0298930804316,426.44414594127767,37.912297798166676,50.65697612499874
787.151927475091,421.4209648997598,37.45256176107572,50.60876232607653
790.8170520017197,417.19408861839787,36.78909365645719,50.09561883167142
792.3621814135751,414.2471859165044,36.02045124395578,50.14020014488221
793.7042570704212,409.95317078736485,35.44191673820096,49.66558067629365
794.389275407959,404.7929290348722,35.025388022968095,49.14893935675505
797.3299424533539,399.4332920106959,34.933259960163106,48.97734235713404
797.8864095374444,394.1424105000136,35.305954396870845,48.767240983356984
798.5286642822703,388.37683520013866,35.4769974851916,49.0685293699721
800.4272780313723,385.0046712213092,35.5444612444642,49.148619828394004
802.7011925708069,379.0004183706565,35.99926812140552,48.556683597021085
802.0475663356284,375.3260063449383,35.888597141292614,48.66943939970877
804.961958512033,370.7778297862998,35.71037745904609,48.61635842732515
804.7773480734152,366.597728626699,35.73417240268231,48.7448703397274
804.1833959210247,363.313169868403,35.82784843979366,48.422650461605016
804.3457100204466,359.27099803829026,36.29768554437069,48.17049586133251
809.1458062922519,356.1109900633376,37.37947027279398,47.27102128313107
809.0247905845478,351.57300251032126,38.123194162090634,46.7886954171789
810.4601001864162,346.16090848600436,39.54495862916066,46.536951916740506
809.9785278788796,340.4550342867104,40.818603359390025,46.327824956746895
810.2470470690222,334.3796615753344,41.381461529283406,46.96528951096853
810.191326521535,329.1874768837965,42.158069479116264,46.89154999206686
809.455032036154,322.0542637200085,42.80981278633069,47.32694738134935
810.1455809238463,318.7807655419362,43.08069433814781,47.23748486374519
810.0489839226648,314.77330434256857,44.09988378576236,47.05490321890131
808.1200614010402,313.3687555366337,45.79283639393773,46.15043476593647
807.7280906619454,309.93226665087593,47.193689044994095,45.423330139991045
806.1865854395974,307.19323495139946,47.47273368272898,45.47238028668576
805.1724795072495,306.3252125715998,47.84746585210472,45.3105751288732
804.2180572416398,303.803433646572,47.62076155329166,45.362342207444485
803.5097274784547,302.3934322946294,46.87062701800122,45.30235743307348
804.3712597376332,301.32881121017255,45.74049293577845,45.29451249528247
805.0815598342965,302.38870917561627,45.6341838620275,45.149244638659546
804.246113810656,300.85923735956044,44.57416513126285,45.30031988545624
804.5247629570152,300.3762508196124,43.485527014344605,45.61427602761964
804.9292970761361,299.92722288147417,42.84396916638464,45.18880623670556
804.4885486272063,298.3781341254539,42.146835140019284,44.626208564114684
804.3005716098704,298.23185806584604,41.15059607662276,44.284169223102445
804.3675917259009,297.521678133639,40.445794879214596,43.73091272589855
805.0075873940848,296.1789313739706,40.46923982214375,42.992220730785235
803.8590076280318,295.6307422303277,40.65698620727701,42.32650034806518
803.5887569939099,296.35950988376504,41.40874983573603,41.83950550511499
804.1162797152687,296.03683359521256,42.10016447316515,41.568375395223526
804.0901717003259,296.3605049865339,43.06009385668478,41.50986397768924
803.7675317969776,296.7617274342664,44.208722490743476,41.193335309326585
801.8531418043448,297.3954147238692,44.33865399006234,41.25391573767411
802.3037326446139,296.77600836603796,44.43357124512807,41.407875281034315
802.7177196159447,297.3309960726152,45.22897355273365,41.61258568941298
801.9278041312834,296.70030054444027,45.50152433921757,42.38098231808192
801.7720381351235,296.59656658351076,46.14194447960708,42.85718934421187
800.9167109756636,297.3283874153539,46.23181844974906,43.128164794592664
800.5261273846213,295.80590230217354,46.29762046040109,43.735577800494404
800.5924636187509,293.8130680785518,46.048048688049896,44.34960556551746
801.0226134450833,293.79908478974806,45.600046671655655,44.94529047017034
800.7243215239648,293.8740251909943,45.65301725886856,45.340621936507254
801.4298499519692,293.32928638334323,45.89286136282845,45.56935364497951
802.3959884055062,292.9140364138,46.495116525914405,46.06736945797503
800.3931796578424,293.34529967272204,46.231052567537155,46.13056452588146
799.272028959295,294.2422187492018,45.39566908532909,46.091754501545864
798.6229044072347,295.09614320804144,44.003305396480755,45.830428415783416
797.9241764380864,294.90300644353016,42.34711882340949,45.729690214135125
798.7486607229804,295.0137222381872,40.963247186271325,45.3038492043307
800.2345808662302,294.7781363275115,39.71464203008165,44.68097729399264
801.1337111877875,295.67150345238196,38.716877726765,44.01724116265229
802.0231808683833,295.50467314667054,38.24157789670894,43.01607244363082
801.6257738151874,295.70800081777315,37.617544203799824,42.29598187474672
802.8580748867104,297.0985413939122,37.34750878743839,41.91122797962498
802.9247628568652,297.6888250210703,37.389252202449576,41.380514491273445
803.5846207565772,298.9409831286312,37.4422385247602,41.14457605706577
802.8023648145526,299.216779670796,38.042547051112905,40.742841283554924
803.1929817727915,300.3206346740418,38.56748121401116,40.39205044648935
802.7409853923049,300.9847809000219,39.63533289532032,39.98264006650091
804.0179108702159,302.261152879127,40.21570587748641,39.62943958439553
803.5561278224923,302.6320542043131,41.49249255494218,39.70234659741446
804.0998457969995,303.9636734092422,42.30645371495941,39.628456503748936
803.6569762080848,303.71610164980575,43.041636030434674,39.78749276859345
802.2143626405145,304.796356689091,43.70433518477067,39.70421767346713
802.7973840957023,307.2095258250426,43.9682080601844,39.90771796357571
802.332227465031,309.40081093191657,43.96301497768568,40.209056689189325
800.9944510981039,310.69274909410603,44.183798338599715,40.34601390477313
802.9942047633612,313.0371767313882,44.422634723753006,40.47183300765022
801.9709405986148,314.71302803276114,45.12323533794421,40.65308772034931
802.0362057397105,317.2585102462098,45.26105592517006,41.06889676528423
802.5500774509981,318.75919429484924,45.56256677219477,41.23846334512939
802.6246161770122,321.1801849057842,45.878983088620124,41.70528377426048
802.3482419189792,322.5306300106168,46.215260036936094,41.9093139041796
802.8044235186691,325.8697114396404,46.49184630330804,42.22639411864215
802.9415764357403,328.54588048999847,46.88877924918713,42.42235819154054
803.2513569962489,331.047015001229,47.35355846210862,42.620163364941234
802.1813343066576,334.38090137855187,48.04240919731685,42.58495086343889
802.1141653830225,336.5448449900268,48.66361876394735,42.55468822850173
800.9253619039558,339.43375242591964,49.156706741100834,42.88442207040014
801.9432434920427,343.58276234434805,49.52119900659265,43.058595951499846
800.8314250118641,346.91194567928466,49.81551586998043,43.15544731064886
800.7084889054654,350.0814772866944,50.35177362707772,42.61567999808156
799.6554493115759,353.04215631883307,50.64027163809898,42.32736856084891
799.1841138848887,355.6244287249866,51.0622467455284,41.89929826254932
798.5390466000647,358.5167614946762,51.25993379587418,41.69853365166753
797.2732429710919,360.6182526551976,51.52791471676818,41.26312134939304
796.6596581135639,363.5530268032636,51.67207292383638,40.80127931394216
796.6656802486289,364.7027787935673,51.54264268514051,40.35608679955176
796.2437819604745,366.14714054880204,51.53781592608772,40.071445158207645
796.1069221500568,367.2229090116619,51.38555012121247,39.7960863778966
795.7738513794801,367.64840965081237,51.35454870372463,39.67943411197052
794.9740234395907,368.4518557457663,50.5612299684064,39.7128259834946
795.1678914223137,367.8556207893617,50.09598207398499,39.942426192534036
795.3164996599971,367.68341872911407,49.781667214640144,40.256226136806035
795.4640321653677,368.0552266369312,49.594702856593486,40.68145049107836
794.3036691282015,367.624799305662,49.04067211787664,40.93375353217969
793.7074831861022,368.0663817330036,48.54511174919138,41.219902704329066
793.5625870386423,367.30623117782545,48.14363172574796,41.50714595812568
792.9028695985269,367.0013442154952,47.72861030524327,41.78386137653577
793.329422321442,368.0525463378414,46.96404321553848,42.19309028957339
792.6424607107015,367.5869288828038,46.43072330442835,42.50550614170716
792.8935260153326,367.7169720250333,46.13604749577199,42.713455197557394
793.2358878699401,368.20238239960185,45.98205105382214,42.8752812475078
794.3778107736514,367.60748947087654,46.01227380223139,42.64559631791003
795.1076842872163,368.7394548281124,46.0621981055535,42.385491029540034
793.8527062505236,369.3756994781702,46.4599260238028,42.062640215332934
792.9969139763524,369.40841004775734,46.4794181534747,41.97376879468771
792.3808879257084,369.9531422609339,46.46627069364357,41.84014042599755
792.2093816563051,369.8006395823741,46.88533925092171,41.4263441654947
792.6585086628082,370.25591921839884,46.95536597054732,41.13203725617333
793.6929261096021,371.3919766519748,46.92995592170135,40.892478922834975
793.3527740826967,372.662927819106,47.30074396284352,40.38637203878311
793.0920299558758,373.32591547703163,47.67728164780932,39.82398115791791
793.0318876717922,373.5359391934629,48.127457331403455,39.29683072745429
792.3091199228802,374.3325214418855,48.963983920955755,38.719659110476755
791.8086660097105,374.4022509409412,49.91458432441881,38.32641170074806
791.4091119887258,373.9115214225896,50.434348731544375,38.101295343774446
791.7814555729339,374.30833927619403,50.79586309263124,37.91218061310906
791.6720658981305,373.4890158030343,51.73334523535908,37.73379557986763
791.9744399190154,373.30388021898455,52.1500785883573,37.854637417737415
791.81095032208,373.15887820687806,53.38353344541315,37.77603699053243
790.6102492691516,372.1990272946188,54.78632869063223,38.03214003918734
790.365049348582,371.01981983608187,56.230941018515225,38.59018688565885
789.9106199855538,370.2023954670616,57.27046486803442,39.0411980907022
788.7562671998809,368.7933176313096,58.328914854663566,39.477032881316305
789.3698794269897,367.79591595907056,59.15264092763709,40.027931468294675
789.2968382217858,366.8595480831774,59.88545930186612,40.21028152080889
789.5493858320556,366.53026548088144,59.417836027655625,40.4483030845488
791.663924438746,366.7437797368764,59.202643358647286,40.60684508676101
791.8483872105766,367.183234040873,59.05838190704998,40.8601706945042
792.7582262917102,366.2736291063476,59.116296546830434,41.08225467568417
791.9291858693946,367.42030644947505,58.72515635264337,41.14875492602907
792.6671009389444,367.09898796379116,58.58703993195819,41.21489863415214
792.491541664009,366.32545559399273,58.154158979169964,41.30456805857881
791.2056512543404,367.2687275035286,57.51612429634046,41.58954256531262
790.496753540837,366.6391554497743,56.75429349692211,41.90507522977854
790.6156355979034,366.2933433997245,56.372135327780406,41.85258677866576
791.027530838229,367.7871068622327,56.84945058481527,41.72184395895036
791.1057255444719,367.54887903069744,57.14208579000149,41.83741552182204
790.2642054368757,368.44414681250674,57.476088000318555,41.87444324403116
788.7548067114697,367.31298517560725,57.60503984146584,42.19081875152606
789.3328244353672,368.55263795491584,57.586754065606755,42.30355778481256
789.171118789443,367.398860263599,57.777550580963094,42.457752323787915
788.3178881830917,368.3635938202031,57.95443131976598,42.40529162213207
788.4037245888451,368.31511588119037,58.172019664579736,42.36566986415404
787.8116196827652,368.14621020173234,58.60489755134712,42.29285481163208
787.3337592965569,368.3576061424044,58.80521593757549,42.2330028244873
787.3386994807324,367.9073673620585,58.98557170554163,42.08793218457191
787.0170629282475,368.1668281215272,59.235356939818324,42.11267714760615
785.307669203702,367.76761360759247,60.037039858574865,41.88268048196373
786.2915660881306,367.45350652964424,59.70122591283015,41.89702705696944
786.4091140609664,368.906596625138,60.92018086571022,41.546759837478554
784.5166475351588,367.636478163255,61.56622078988426,41.58588954536318
782.9933895241171,368.82314951146236,62.104947200151095,41.53474023311905
783.7358923435322,368.7995948605946,62.51227959881183,41.759620864734266
785.9121523182582,369.17547319422295,63.708621152960895,41.81192841170721
786.6184124930132,368.38431539842117,64.71937794311462,42.04297344686083
788.2574408671495,368.28825697959786,65.08904415436038,42.249807556058926
789.8087499157277,368.3349931129388,64.8169981854999,42.49071856846227
790.477813542354,367.93002159476225,64.8963592688104,42.59865282099804
790.9414938166914,367.56611034302784,65.29685740658277,42.44991904719183
791.7463837251042,368.8571858722544,65.58978206706719,42.262678324279484
792.1841511632184,367.627871476141,65.34720602024187,42.26596220111613
791.9535937466794,368.6960527302479,65.66115101000388,42.267897727570315
791.0766662375003,369.54098072465575,67.74879487032496,41.527097887283716
790.7419274179613,369.65968425215175,68.16998070401623,41.80319903293718
789.9512124783483,369.3384492081928,68.80442068932892,41.982566333121966
790.7085007813623,370.70137286259285,69.71267156552437,42.2076098038171
790.7812810707505,371.48518502686,70.70205041889213,42.145431790094605
791.5171838151297,371.2559822251069,71.51882224832553,42.43968264051186
790.7927942070748,372.6569221226966,72.14696245019111,42.6731486381028
790.162211929993,372.0473829011461,72.61964898750136,43.00164583101315
792.0252450820061,372.35231942444614,72.74601111975441,43.52447227400645
793.5294911530937,373.14889524369244,72.84260697310853,44.09356257124389
797.318488448864,373.1536761029626,72.9761611868049,43.910524842142536
798.7611982087249,373.982659453562,72.65138319425897,43.989630966375564
798.9417875872264,375.4754855716802,72.4902667568922,44.24372959226075
798.3739416965544,374.89565415628255,72.04643986243192,44.68601714458317
800.0236354815681,375.157043828862,72.26253304916409,44.76187245966816
801.5993971894756,375.6372262400729,72.30401924829388,44.852990553124755
798.2672850861692,377.0484849357357,71.52898297211846,45.16505639658607
797.6582719306778,377.80372075868206,71.0305329618809,45.36397431806853
799.8477166931071,378.99335847669124,70.09514061796077,45.52458201879951
799.1831127900864,378.761780674989,69.43541879467638,45.4618901872065
800.5584291789444,380.51966752673786,68.7828013253407,45.4227278595174
799.872276433428,381.73535568944993,68.69878653057609,45.147774864400255
799.2628534423079,382.79902611721604,68.7159691379157,44.739902244837594
799.3900519604515,383.5028499021659,68.98157816222874,44.461818721797584
799.0567606591748,384.1159190602025,69.86066129228328,44.50032407485284
799.0374892161136,385.70411523277494,70.86994735772682,44.321852242861006
800.6336807247346,386.1599363413266,71.63858433331318,44.16095168635258
802.4148640332385,386.4026540733441,71.54664475259105,44.51741502126021
805.4850683453656,387.54552722687924,71.970903830058,44.22948706498188
808.2699940974794,388.3764975646866,72.57454332695946,43.89457335260117
812.7555941727276,389.8482497329299,73.10210626087476,43.39133157219055
819.6967870641162,388.9606616746192,72.78799306873475,43.10358807211276
819.9921488575529,389.6129311712056,72.14330195754124,42.99560552787639
821.9313024266123,390.5931167482188,71.64461060311388,43.119559925836654
824.3877285199003,391.2643819956987,70.89084607446647,43.27034810782537
828.2439670716525,391.8976464635196,70.25396291932637,43.51330537060893
829.7282576422235,391.5933696563626,70.4438290438092,43.472783536409956
830.7997472266358,391.2324857478436,70.35070391513065,43.64354938744832
832.8767006046985,391.4932652497683,70.72234943180189,43.93581420275938
834.3471754690239,391.18440476258326,70.94208428872224,44.288755639213235
837.2022838247688,390.5253229699429,70.74340989748407,44.71839093708319
838.407653385308,390.4050832751204,70.9363361282734,44.95191695317696
842.9720846270822,390.2793508401902,70.52664421509857,45.23202603835283
844.4722847424538,389.9543360705458,70.6176994439499,45.71025225222694
847.0034974991185,389.01087544601717,70.65834132869183,46.1645911228968
848.6839838077162,388.38800162961263,70.5732471409091,46.63641035185155
852.441222132231,387.28450450212546,70.47367270211524,46.84129007244785
859.3540529408932,386.688619572524,68.43455397724682,49.011150217905644
864.4990363399006,385.1760960615867,66.82711758236924,50.577655012035116
865.3228337255501,384.30419974420386,64.72131278981288,52.42588622737341
871.8271411441002,383.1698461663498,63.83316227766379,54.1344487202244
874.4835983160879,383.0862785173196,62.44662308436909,55.868325127179226
877.7688396078634,381.46159189426487,61.985502626214924,56.87338513323749
879.3237203997542,380.84536530466517,61.02284506732032,58.046944136400754
885.193087394685,381.1658377492194,60.93344789233891,58.30992824242472
886.4179962079916,379.92350302828515,60.17877909137128,59.021139203458205
890.2299668111817,379.1111110040932,59.75956410416835,60.11467372867938
894.1761714504065,376.5173280751148,59.11921047070771,61.07613437347086
895.8190746496823,375.19111220987736,58.39470458828475,61.234133416186296
897.6318532034057,375.05060551322606,57.53360351454453,61.46044607725772
900.4504893563374,372.38177533248677,56.12300958011074,62.497301823715645
902.951022374596,369.32150562203867,54.78024918858219,63.5954856881238
905.5615205131958,367.2117935925038,53.20210402565585,64.25140195185968
907.4471210893763,364.22357073753227,52.06595817686845,63.39143666250457
909.0544776369488,362.28171111131485,51.07728711396512,62.120344532645746
910.8172247193107,361.020997969722,50.55053433756238,61.051820969563785
910.4839191873552,361.54730670502875,50.569341200824084,59.40986936866302
909.632723976712,359.3091091254347,49.95233870257015,58.397640908771514
909.9799754393637,360.4940840360576,49.9045801477274,57.30574079493852
910.7479555797004,358.3097712555018,49.64303941318127,56.13564527145539
912.1281888772849,357.0765511396825,48.995368886203806,55.47342410897467
912.0910344356508,358.77092097899896,49.29191021554621,54.26370602725031
912.6604748326513,356.93708537208187,49.67796025631557,53.367668935725625
911.0030777682393,357.8650698531941,50.29595558371746,52.563755213178666
908.5039098495962,356.575061832065,50.39121143443134,52.37619980615707
907.6746908003291,352.4215385208554,49.81190186374551,51.87338143071241
906.0319304171677,350.6427295280124,49.52464678930916,51.77455868153515
904.6036159984736,349.7488020545261,49.18590376047099,51.67809479992498
904.1148983448436,349.1506691069095,49.152696539197215,51.760676398550196
903.107269645985,346.43421318581045,49.12922140822787,51.31267069161504
900.6487436857253,344.3149523951577,49.059111215557664,50.92432927014341
898.9829024024017,343.62504661986543,48.944849472970134,50.643451824412956
897.5160201525215,342.8066708877869,48.77476885325419,50.709095781818036
894.1223226495139,341.51436620117977,48.39957812394856,51.28275125183399
892.9218326694431,338.3659740771026,48.36448764189018,51.51411677974308
890.5205444253012,336.8157158412573,48.40724033104088,51.739265609984656
887.3891632346965,335.7530181199878,47.99349285507239,52.125378682910004
882.8388231498039,334.19034321937886,47.69197137233062,51.651806469891476
882.024060596873,332.4971267314005,47.61064838515981,51.22524878041234
879.5327495861895,331.05868844061024,47.870056257051644,50.80168695790958
877.2130302160006,330.0702760243531,47.66567871706464,50.643880633502434
872.3183334196652,328.6547226454649,47.425606634381126,50.55271757011188
870.3654640360406,326.7112716595227,47.50678452096933,50.293829441898595
866.2259002571911,326.4824049717433,47.299909156610184,50.34573523557508
864.4510598682041,324.7784025300392,47.39610897564588,49.89328389072699
858.6357626349234,324.19227955605646,46.79835184918955,49.64353801358868
857.4082701181401,321.65136452041287,46.53202126042656,49.2921009683292
852.3470095759579,321.30852391739637,45.984187501651235,49.513606026186
850.9184153165769,317.9020251399063,46.251667453747515,49.40702550575723
846.3784917198333,317.3645216317172,46.729630758990204,48.77541337864943
843.0416165138679,315.19142963285736,46.926965059928555,48.470420446895226
839.4005597257581,314.6922377929293,47.49605354306958,47.89676511861086
832.6462020064467,313.42134567333596,46.683282508608784,47.80704696788966
832.8564550322948,310.7647944014523,46.54476823671694,47.74768199380409
826.3814933785229,308.6736176134404,46.41530101844285,47.38035056845464
822.116391531227,307.75860014014614,46.34137778279769,47.383650137731436
818.7166170783959,306.4767985864563,46.56232437446476,47.52052308916629
814.4606756528957,304.41063759221475,46.534404674195514,47.3952328492559
810.3904211759733,302.38702032606477,46.69820950740432,47.48236744602417
803.8698742055813,301.0369643535803,46.524513103949985,47.625933179750476
800.3318240772295,298.8413694053691,46.372186904202195,47.876660200806654
794.4492156190992,296.53780666069645,46.63509402126843,47.509832443081635
789.099085637523,295.36141208149587,46.72120393711865,47.09722691383021
783.0797702575921,294.81771314936594,46.82369749757836,46.55211781149917
778.8921172202729,292.2863011047226,47.44344365095242,46.241125887449655
771.2682340919021,290.50576005065017,47.76387130753535,45.920492936314176
762.0588185006128,290.1400145677887,47.61997933032372,45.74455682951218
756.9390926184402,287.97646471657356,48.15011674835546,45.54292184795189
747.3366497695896,288.1694621336263,47.94885162818558,45.10418785184833
741.7023348260415,286.1442408463252,48.30591668831657,44.61910081295571
732.4233610591716,284.68361298280496,48.170760431772976,44.42330470016774
725.8225850929592,283.5136573895076,47.97950345001326,44.1758919827249
716.1163468030422,284.43929913451433,47.73029408624364,43.88218276486722
711.3290101793904,282.9498416322733,47.91605227159683,43.494811968415455
701.2790490493251,281.89046071751017,47.69843531663951,43.134388455153086
695.4777017709647,280.5545229960099,47.725872572029736,43.04049417807604
686.2211133036856,280.3474888495552,48.073770118160056,42.709065423084326
677.5230471290715,279.7638983233059,48.17877240147031,42.8231548303421
669.6655331867363,280.5736393576832,48.07984116443666,42.72126304593503
663.3146644594286,279.07829739587066,48.117792684603764,42.653872018388206
656.1451476770434,278.49497622810645,48.02403644682304,42.42075506131419
646.6490350547733,280.3929422285295,47.78199541023514,42.37449785752624
639.5152847879906,278.35286592093735,47.71679521443056,42.28862149626998
631.2660081736526,277.43678481470033,47.46289940746191,42.30523958032614
622.761095654893,276.52869326811174,47.81232596170477,42.40202942017689
615.1249102951452,279.08804267822336,47.79711237639075,42.253893057991974
604.8607997080964,278.2935589444055,47.82318206123067,42.374235576172374
596.4410320912312,278.3162609453396,47.56803841617674,42.32473323622926
589.1752972445803,281.12111744276035,47.83044034519646,41.967172684319856
581.5604377404431,279.54096627537564,48.03105321333402,42.152800794235745
574.3182594035288,281.52670358769933,47.856013715592724,41.96373488388278
568.0461623495311,280.0217902996919,47.357351607157725,42.05580776345606
562.4106109386632,280.93906837796544,47.63171218035805,42.23313152786837
556.6782214075462,281.5921606093596,47.801814461891475,42.188812084878386
550.7236835178312,281.37632176680216,47.532394834216916,42.26440530401267
545.9510142856286,283.7202678670129,47.452578803382906,42.16627388392571
540.5324157982686,283.8944403326242,47.40913574819563,42.29157416296926
535.9284918225844,286.8119749502357,47.09970598197378,42.115779505840685
530.9727816976527,285.7943111703037,46.845138263392236,42.23638045075267
527.5717654393969,285.56376262499026,46.70436692019318,42.514607421569345
523.0405955817145,288.32185609114407,46.5454046030876,42.50280309958285
518.9266259453708,286.90741345491756,46.29249270237382,42.77330824508269
516.2846021287087,289.71326541311606,45.88272796539791,43.02938406043622
512.4210789616538,289.8012032889357,45.4840828856282,43.439940527348526
512.6792646980055,289.23444906212353,45.185105541366845,43.778874779865816
512.4626831600639,289.57401045175914,44.94109071121361,44.23902516725113
512.2684962865335,291.19514068507596,44.739042185591984,44.10191349288433
513.841904608258,290.6607506413695,44.75111388213951,44.04480690160162
517.48222042624,290.3429918317743,44.8238557737022,44.25449475261106
520.9534424892133,289.7153075991965,44.75238189693155,44.44566746562289
525.6386130681458,288.7872777920483,44.6720378398969,44.48897972064343
529.2048825581138,289.51565046332536,44.78074317606175,44.69047314666693
534.2121231677268,289.3249159873365,44.888209245349145,44.87574481239637
538.1133482765407,288.7127094072084,44.59107862305814,45.71867820270745
542.3531063341451,287.99616529341944,44.87374951193883,46.1836068738966
547.5892974132923,286.3582727362134,44.72032182141774,47.11870781281728
550.7003197439493,286.7005763787293,44.39313933509141,47.53183772089315
556.9939741912996,284.5185513914896,44.38313241945597,47.758466087401295
559.3048853186408,284.04851627118455,44.64339405759585,48.23802851789564
563.5317454251309,283.85630003171735,44.35307640198855,48.801675787293476
570.0605443279071,282.6739645622424,44.23020054315248,49.20730584604012
572.7764924046775,283.390889310812,44.0813449131409,49.44607747984418
577.4613502134506,288.0283877637516,44.16248741174452,49.13513182060811
580.4326322033838,286.6073107908779,43.887868816857164,49.624741220228195
587.6962555997491,285.46652142683877,43.381266212053966,50.132872553935414
591.4933430747298,285.4256275658296,43.32462740634914,50.468306023853735
595.3522252336193,284.52768697137606,43.247906274757895,50.77277254658493
600.165842023525,283.33028489259266,43.343643657470935,50.933190021641416
603.2991860771872,281.48091906519034,43.48793768210456,50.9070040262233
607.6837600041628,280.97228620336796,43.56357075008935,50.8523904821755
612.8638661175906,284.07516069456386,43.0814284008582,51.48795581557957
616.4433867100735,282.48254006152445,42.649638745586024,51.962261489007055
620.1045660804054,281.1851531828911,41.98845048755777,52.78316728152916
624.1625721181108,285.61466594724294,40.1520614437631,54.21750627766671
631.301131182285,285.29833800385967,38.49193721952861,55.75802512572552
634.704283351905,285.0123215836664,37.329822238046034,56.78047882258791
637.6678849122294,284.62120456150615,35.78374075283431,58.24115260327474
643.4144846255214,284.49985414394166,35.17010275050583,58.38413069536937
646.7594258929513,284.9904216233522,34.180708306160994,59.32676687950785
649.9959172544154,285.45384306555263,33.20409494511024,60.096569374173406
652.2077577459667,285.57307605442554,32.70795807898165,60.4347957987904
655.1328757699587,286.84725925440955,32.52920650136493,61.075217097568114
659.3473175086573,284.6184309776188,32.809199633769964,60.15917684710308
660.1162194672335,284.3599706067395,32.18612924570868,59.507854657495656
661.2473879782264,284.42455195425737,31.554552058966074,58.97828345606655
663.3811156823289,280.005554790202,30.370940835636432,59.36081437475341
666.2091744816481,281.2197208970633,29.787714472349535,59.39133302162644
667.8768351047642,281.26399927141256,29.00966661402643,59.43212569836309
668.5613802887397,281.70458473568135,28.508615138821344,59.41511024115043
669.6166672397693,282.918202883601,28.22812544143584,59.575845871046525
669.7445954611371,282.7239428992876,28.612782478409784,58.732390880299924
671.2313348940521,283.96671699964884,29.313869166245063,57.68066268880901
672.4660953335027,289.1733163694117,30.147533750295437,55.82042625244493
673.2133712835605,288.5231699809422,30.491759392294167,54.64972384162442
676.4145757249146,288.1809491793486,31.289611148776565,53.68928050084963
676.8457656901423,284.33071254767714,30.977590884668643,53.81736177734555
677.6505891971905,285.5804953482358,30.94582401469166,53.581779187474055
681.370113631668,285.45494916897417,31.06473804017629,53.48226230308109
682.097441290995,285.2222091335135,30.910270666888124,52.79130879169652
683.6821890964216,285.1210744157061,30.26174897685726,52.490456493645866
687.4133498881911,284.65754586519284,30.235626104713365,52.23363445763319
688.0675129445943,280.09446507054747,29.502288893521992,52.77900648088388
691.9736738160598,284.11400196529934,29.204349512956902,53.17448106937098
691.449880669247,283.8850308120853,28.844353404353104,53.60967206495872
692.2522265875845,283.78126428756383,28.231150382032276,53.90087740653226
693.8270213915882,284.2363446951989,27.86091916101816,54.19356264152453
694.1187681780623,282.1414967704147,27.6902458378658,54.32647290759686
695.6912145187101,283.990354903656,27.627054673675175,53.912467836106266
696.4064672932448,283.20659026023503,27.35477489937103,54.19566139048819
700.0943395773596,281.66827820507973,27.48841544008907,53.93647317055282
700.7958791498728,280.28770611768806,26.962407139236184,54.49786811399768
704.4054438044457,278.43829525968385,27.043199342694095,54.36460207480287
704.1120956440155,279.26417228269815,26.865906751448897,53.90658529722212
707.6557662765251,274.4576949328523,26.88314684247829,53.30874459438706
707.791108583716,275.5884897881624,27.06673753813617,53.04809616031703
711.7244577840535,272.60668432588966,26.92583440647353,52.78560282537161
711.8106482109876,274.2260729796954,26.74164262402232,52.425059665785646
716.244882174332,271.24834467977365,26.635637313300133,52.080247615574145
716.3652889763525,272.3405571049274,26.30112596018073,51.56165802661157
719.6899134791555,271.92852264352786,26.21081593467748,51.34608914537935
719.1954519062697,271.64147387230156,25.983998995800945,51.43249704373362
722.6849447682316,272.25233137255475,25.622169300624595,51.84960912872221
721.8485104448979,273.07050619266886,26.08067461072896,51.1600878538199
724.2761861737342,273.3185159240836,26.541756582774298,50.70282841231932
723.9440136089453,271.7221393424882,26.484280761844104,51.283503624078925
726.4329971156664,273.4521656057539,26.938807435077862,50.65853482061577
725.9345095881926,274.14278290137764,27.28313255096523,49.817354491052704
726.9098320616874,274.3222682873969,27.424633285356794,49.39484467594525
727.8812685647642,270.6981296318452,27.03847839024139,50.13875558919113
728.5835958497148,271.23854037455396,26.592133351552015,50.5954249485001
729.3371840819551,271.256066722253,26.292704108064555,50.599628080767324
729.8782859156483,267.09147684214054,25.841026089271953,51.15313969676615
729.9471103361618,266.98010445001586,25.998760016160873,50.9832201080945
730.2489260518379,267.6118200030729,26.07212082237657,50.68670365575847
730.1387228668414,268.2605800348724,26.121428259745752,50.45529038842414
730.3218421404439,269.1436014216639,26.174948658244258,50.149811632137016
730.3068215222075,269.81467263797924,25.963026418774252,50.21870747903978
730.6168217045471,271.04394643768546,25.81236113328835,50.097708850803386
730.4435119931778,271.2292138898149,26.24985012431511,49.30567231003943
730.4006181514853,270.92115246427625,26.256271883699288,49.197107048380936
730.3966387880727,270.5856743439059,26.018996836339504,49.34670271296888
730.9981397723053,270.3166875693106,25.84880877454384,49.41912947537429
732.0238516885565,270.54123441983694,25.588443243967035,49.464302612156956
731.7312640460468,270.74328399842705,25.33675465359746,49.51655804324693
732.5338674515841,271.6647749440669,25.256335030099134,49.70605519974253
730.3537056684937,270.51402233421817,25.064923671963484,49.824457334875774
731.2043693599647,277.3395381745254,25.096746890408404,49.460097292750156
731.5540385700576,279.90063253630063,25.172825321266444,48.89414531312664
728.6158719304399,284.1256525926666,25.45850518100719,48.61227803669844
729.5603796410912,287.7110598087748,25.276582521698057,48.67310012868246
729.9615194364173,295.1735004757185,25.512516064857707,48.12920405480472
730.1340366915847,301.62334225332773,25.337463332191064,47.96918362367085
729.7524865092279,307.78429514044507,25.279842487855348,47.48509790253674
726.9883486493778,314.9763891100571,25.530525071721634,46.8669564873605
728.4903191417858,317.9122547379723,25.392622409354594,46.70974568593686
726.1717488774254,324.5066762471342,25.527282908015376,46.78635123786459
726.9427061228569,330.8556759462617,25.666007684120245,46.420649164743786
727.2568108105579,336.28373851806157,25.800757908213182,46.12527593612204
727.2672520190546,341.8479438057028,25.786367490827416,46.24759682904023
725.0806842077741,348.58484367665903,25.93579305326873,46.28298478549203
726.1704138094541,354.69377731536315,25.868545315744328,46.42767778030061
726.2425469620454,361.6533252458782,25.82837320294745,46.717749399739276
727.2687084029345,367.44551626706686,25.58134781510366,46.61546498309445
727.9391585768891,373.89541381618085,25.476567452774972,46.97421385306717
728.4952487345871,380.4640663503139,25.353824419464456,46.889341798717005
729.6076233771435,386.2759788123234,25.501427257612157,47.26719152679763
729.8381205040654,393.34077540594194,25.65269346462189,47.01419288301754
730.2147782860376,398.5949291699719,25.708937663155442,46.47432636447917
731.2479231378871,402.98293375886647,25.447194673285445,46.52836097941466
732.2016098536593,407.3535199744149,25.844099377040635,45.80463888095939
732.6612651966122,410.6875379461482,26.302304126353683,45.556166230949785
734.2682983325011,415.00944517096633,26.37638196620923,45.011824780886236
734.6855101697798,416.09406215915044,26.67801423800196,44.69753884834135
735.4071184587712,417.37991068075826,26.800511065628392,44.508679339076494
736.2891353142425,418.76061204992334,27.01611855379779,44.16778021707931
737.006125924275,419.85727450124756,27.13325618444057,43.91741295412505
737.2772737193216,420.9363806192573,28.21082756154869,42.755753602684365
738.7015006768701,421.8241314141406,28.996449049665195,41.93348978490569
740.4752206486346,422.9205130980324,29.781587288356544,41.16841763835919
742.1559058554648,423.38077003600773,29.82506616554398,40.602223364659565
743.8777661704983,423.8801011457563,30.272088075836606,40.00215790877324
748.0303533539535,424.2736512364695,30.369650372744395,39.58383682037403
750.2308211776589,424.72850316501655,30.6520023458782,39.1703271769087
753.904693568572,425.35581040221865,30.73625390957192,38.756444204083735
760.2575136102514,425.48185831702426,30.49354641288302,38.53144380407186
765.3932077770969,426.42046359138135,30.30146658901858,38.36835328576077
773.9871436550513,426.941615468286,30.59287911960873,38.012968207851046
779.3882235150271,427.5389156720087,30.64398134728903,37.78385146587186
788.1318903437694,427.3719050916853,30.7451162414403,37.731166453098815
797.1792059810346,431.4065017411919,30.8287438627839,36.941790258425186
804.9001189438079,431.0027766105433,30.99926649375588,36.414954664429075
813.2206836120755,435.0272247525071,31.20927050377837,35.73481610526344
822.8306085701334,434.37107270106605,30.799204523209212,35.49902939260139
831.6913162899642,435.07766316001556,30.779668584890405,35.31020452996206
842.309721905947,438.092579373808,30.715697471333158,34.97720809709773
850.9016745902915,438.16596522250137,30.396263538191075,34.998470461500496
860.9150061903335,437.8384758023702,29.965292019015063,35.28677520637057
870.0018547374733,442.98389933092767,30.01912063579519,35.19724212172883
878.0378398093745,453.9230216859668,30.73667266301331,34.260251073759996
889.9019677654262,456.89124863182883,30.619134524347388,33.64730544467013
899.8595840222405,466.7493062337466,30.942087893287166,33.069829690907824
908.7113938052277,471.0584723616609,30.69997230985683,32.390007853017444
920.1066293334585,476.60506957691075,30.26364630344395,31.894253188447948
930.7310878443145,478.32119430157894,29.923550387688934,31.57655075334798
942.4889867618934,483.5049999156736,29.15091852237977,31.824699374707095
954.6310669514191,488.7740555738838,28.433072840593866,32.200403556638676
966.6077514867576,493.4481721526274,27.907667026752975,32.27494757505475
978.3506287168007,499.1977596971897,27.784478560929443,32.43573990841552
990.1207554006647,504.24831606278224,27.557272602259005,32.3813734311978
