585.5,302.5,20,50
585.4849336754074,302.57036452917157,20.0516843774337,49.934866201323246
585.9072922953434,302.77527690297035,20.133817396865865,49.839288972503596
585.9620389339688,307.4179299291473,20.523084998654838,49.503305620650195
585.3369981385554,303.0712521353219,21.031469337684943,49.026034567981114
585.2120121063093,298.91361935884026,21.417467099169915,48.59570418893755
585.6799837354514,303.55078073106233,21.470760076504423,48.548322553197096
586.090191487154,303.90986550131885,21.51425989731019,48.493582272937964
582.2601177474271,304.22246832456085,21.57531727742937,48.423452271900715
582.7438369558615,304.6204939483479,21.603212949362767,48.387593120559934
582.5492361572742,305.15070234140705,21.93385205544832,48.31316119629246
582.6674336479168,305.4796164152307,21.952464460370607,48.286331242862786
583.2487947645936,301.34006521843895,22.22454297107371,48.2552844436362
583.5354269486425,301.6390557174652,22.259082186121297,48.22944992089876
583.6783465493703,302.1563782239366,22.282822982920425,48.19851017109389
583.6636065758977,302.6811784627195,22.294033798905595,48.18176270084463
579.8322999422239,302.8899150018655,22.327246812957235,48.139686768300756
580.0637821295496,303.2213953338839,22.34482596233255,48.11290048504331
580.2626952162415,303.7987590043021,22.37122514910409,48.06957112585054
580.2354394458133,304.34091701288764,22.38323504666031,48.04916249355182
580.2545841872733,304.9662082918981,22.401490035272513,48.01638508270198
580.392745074434,305.30053630907054,22.419347730298128,47.9838003131009
576.3992585257802,305.53532513549743,22.448905246856093,47.94603122133382
576.8815761621473,301.779572009378,22.475294408688292,47.884589017762146
577.1983848411415,302.4120752322309,22.48995850573988,47.86365775115629
577.6600573430346,302.91808817821993,22.507485217499287,47.84398058974239
578.1554485144819,303.43953798302624,22.51933739990389,47.82509020788244
578.24383144788,304.0846214420269,22.530918231987826,47.801592801676236
578.4605411359037,304.51024197395617,22.542725495449698,47.7839173305834
574.3422499173813,300.54044257747495,22.555744738219644,47.759271281016595
574.7231351408542,296.60578854902343,22.567507635542498,47.73291941436617
575.2160248451082,297.16160767334725,22.586297995940082,47.703339357018
575.4908272441975,293.33174898530604,22.601426822219985,47.682706906287706
575.780026855066,289.51316191884627,22.630678774551356,47.63399799401063
571.6313053688867,285.7318727536849,22.64443606270591,47.62531587206285
572.2243923804581,286.226039142899,22.668125583073607,47.62773662509057
572.3205008910487,286.5438725295578,22.675006090945956,47.61327077092435
572.6659664946121,282.8374782960765,22.68465995109147,47.58904036657968
573.079899334166,278.66527939127496,22.701709840812093,47.57806288626566
573.2736070817008,279.3614304872323,22.71076373017444,47.56211264690371
573.5128173733582,275.47744191038214,22.726443747340628,47.53935026431876
572.8079819786233,275.67719886823517,22.91677909998949,47.36402835698881
569.2825944892223,262.674159962125,22.799780832026368,47.61193127296895
569.3271020686689,262.92651924199913,22.82521789363268,47.558144441106855
569.3667447136218,263.26786905188135,22.82982759411161,47.54652541063688
569.6001142501744,259.2852659180949,22.84478640818848,47.51339011784588
569.8976178938346,259.53651254162133,22.85378666300127,47.49899725049851
570.1097604041242,255.34320621441816,22.869975258545335,47.468210498471755
570.1228334625574,255.85413945952627,22.876889539631698,47.4517748258596
570.4130382458434,255.85591389854454,22.880465361338857,47.44026161430371
570.0976241488986,256.10190974688936,22.94837727638925,47.380515827781814
569.7925645245546,256.28385941908897,23.027899791984037,47.310671021394164
568.7753407452906,256.5513378546456,23.050626216326318,47.289185574860454
568.1277496587918,256.44880035637806,23.081133368152155,47.26118352214016
568.1631201794747,256.9060243010009,23.083867635502653,47.25256279754449
567.6070611332565,256.9183612476863,23.141344957980728,47.201853461225355
566.7708463169346,256.9037722672366,23.202518110407404,47.1448121709689
566.2334424441564,256.6143731502621,23.237843620055408,47.112157169768516
565.3413909541449,256.9293180724159,23.254926612972064,47.0961615496277
564.7407285214197,256.7440361527169,23.28033564113462,47.07210234787285
563.8179794840613,256.8123049286119,23.297998871262003,47.055554057113866
563.6811317663397,256.5412766416749,23.361151538465336,46.99781207084544
562.7397927198346,256.57332384602097,23.379283570913422,46.98005175372727
562.2295402980803,256.74402492988816,23.418046926441956,46.94393396690563
561.6718479057838,256.5953247122457,23.45414883120559,46.910467946158754
560.9363662903903,256.48365538071124,23.49152486850359,46.87536018402818
560.1580891281379,256.2410460676249,23.511250913513194,46.85743234060788
559.6596715667351,256.15443205769583,23.570589970225182,46.80527852417088
558.7469634766362,256.12962233798334,23.588526649652504,46.78884842504304
557.9732521334906,256.14295756797645,23.61900731171275,46.760267769487285
556.9486380005027,255.91162365806105,23.63779834662483,46.74305966711508
555.7681184522116,255.88026091243313,23.661140890930344,46.720005908702795
555.1711156166909,256.0419968530795,23.713609849325092,46.67083624179411
554.3306516258222,255.88705650632514,23.756622219795755,46.63292463770116
553.2734444264871,255.96963517714687,23.784665435070448,46.60773999772641
552.3170107091373,255.9112786587733,23.8176997675437,46.576681750489364
551.2518171071478,255.87865703542641,23.85987018990654,46.536337455126095
550.1661491954793,255.87278000607114,23.905994774382304,46.49394928085236
549.1371542734653,255.86710645713183,23.935539374574983,46.46604952528998
548.30453108726,255.98032174820176,23.99254585784059,46.4178008894277
547.6360308315114,256.0101082592569,24.04481319310647,46.36992553683093
546.6692772832833,255.97280900587694,24.1047168263897,46.31574051955449
542.4417432722141,256.46980099698015,24.099074323015447,46.32547038355474
541.6756274123444,256.5557783830788,24.17970572956831,46.25840493715502
541.7819778678921,256.72550522804,24.177013558897876,46.262672994630954
541.8956909854713,257.4655402921095,24.174522885157977,46.26414938767884
541.9152308710926,253.37024336028617,24.162584124304313,46.28028379392797
541.8819993790715,253.95354336910634,24.159939046853946,46.2803026002928
541.1382768180669,253.8771008809405,24.200808884859104,46.244424643608646
541.5445184389253,254.28281012450844,24.19442481954903,46.24962591031034
540.669422346119,254.41944519227386,24.229481788448744,46.21783441164034
539.7868656548521,254.7171402109344,24.30966949559035,46.150846047159405
540.2400241193213,254.75146477169653,24.306611069135315,46.152689677531505
539.8061740822951,254.70225675868065,24.38591794374391,46.08607869610269
540.0396001970339,254.7441345566105,24.38383728304146,46.086517857287255
539.4162751232253,254.76592694965842,24.433577883806503,46.04467703161856
538.9213050497533,254.802159866074,24.463486759769808,46.019500942806914
539.2792777926962,255.10518007503782,24.44410725956356,46.0238343199118
539.5970878574756,259.4511614734542,24.41035832246002,46.04959250849164
539.429808176015,268.1770188940161,24.32147105991022,46.33645646375448
539.4497354993673,268.5210910571135,24.276592984500905,46.37262629075419
534.7535103914831,269.57861493048796,24.169009821668183,46.52415531097304
534.7629348122695,270.4932862960156,24.054353323449792,46.73448280887593
535.018976985377,270.9246862726888,24.052250311444247,46.73481229249917
535.129384475414,271.6544343378786,24.050289669300906,46.73515383721414
539.8731336907267,276.0821524966651,23.976695428738882,46.9504286555055
540.4255445895498,280.7725153563496,23.90985800227794,47.05896551700806
540.8227864307149,280.5278779018611,23.907263152993565,47.07666635791565
540.9351764185101,281.24991744974176,23.85166540346514,47.247120924950345
540.6895457504777,281.3786067297953,23.851359485463533,47.23935126896654
540.8831171548219,281.8200292285777,23.851169911447577,47.22776464943055
536.810135995154,286.4986380906573,23.76797382929397,47.60198651572549
532.0680578589669,291.3209985276487,23.61533791874604,47.776302125507264
537.0336049337828,286.9388971797287,23.602204889719594,47.8395627818576
537.2971238922753,278.5605712242038,23.486313643314492,47.99799768240938
537.7953759399604,283.20357807199076,23.434411560578496,48.1328805169868
533.5469243569875,283.6574202177983,23.41476847713484,48.13736824485343
534.0712740914033,288.9110376157003,23.3092515363222,48.430530368299834
534.4011357513383,289.21897594026694,23.263066302866456,48.57254221508867
534.4903019057862,289.6642064444943,23.27111227925968,48.54710636933082
539.084364249319,290.28892773552167,23.30693130252103,48.564999082953264
534.770639432723,290.4261062744422,23.307231353803875,48.55084998598342
535.0260819382551,290.581054033637,23.306964969811137,48.53121251755879
540.2421058325144,273.2330133206362,23.33243671254245,48.62346932808184
540.2855908283711,273.5943957236443,23.33472186006064,48.64931615107477
540.3466128305212,273.69756502096243,23.33688395914507,48.641133898348954
545.1684261240347,283.48985286438824,23.412192384935445,48.59862860029123
544.4765710821891,288.2790731845869,23.610561229651047,48.41274701140765
544.7053171606581,288.391936741895,23.650152170409548,48.38920162348554
535.6208910895933,293.4897472604273,23.641510263466582,48.44127746294676
535.3297389464891,293.7447399873009,23.648992958297843,48.43691654189927
540.0868695586653,289.4520610238358,23.671428167966553,48.42179343550411
534.9700724159246,290.0439201391954,23.662659477373612,48.4353116235091
526.1312660714901,290.66796191387436,23.626101710309886,48.53998588569743
526.5463633319288,287.017110059959,23.57636540133145,48.62797737810454
531.2621824021066,287.57563126573245,23.588584453968835,48.61862995004002
526.8915816039366,288.07596290650673,23.50836061238158,48.735091106777304
536.0293142270731,283.595452512443,23.42871712819375,49.129699922858904
541.3097252772152,284.02287830153637,23.439938446793807,49.16084414993562
541.3419539340994,284.5780945222968,23.440135080974976,49.234802253306114
551.1161574870481,289.32029162541664,23.500032952494422,49.17728125415879
555.8762506670333,294.34884722926574,23.525968189814055,49.14124624885308
556.5495117296949,294.96270311618684,23.52503808643299,49.13569684092428
556.9028848971666,295.2239281454529,23.53573515807148,49.121351166337725
552.3759928482883,295.4897548314493,23.550898307036615,49.097751693156184
552.4418391591005,295.7965590858229,23.572118987595225,49.081930326209005
557.309984422256,296.0014627177274,23.562546410197836,49.11567057946112
557.4798637371998,295.8974640293144,23.564810050274374,49.10333044617827
557.5856418320408,296.4486839129044,23.57333152425261,49.08343071424599
558.2367950441014,296.9545020534936,23.576543012042237,49.065040690372705
554.4442327253116,297.6818117868159,23.58830672966954,49.03027395734019
553.4939986355496,298.05527155673724,23.630351914579897,48.99115784567057
553.4712248537177,298.62384813261326,23.651081780539855,48.96548981755292
549.1446739953243,299.013991177676,23.704085841076655,48.88200950259295
548.9671206115707,299.5470612183596,23.70813948987799,48.87328717158434
548.956163117424,299.8330611979378,23.72510201717836,48.83186010366333
543.4881803656696,299.80612255633577,24.071236168453435,48.49793475620445
534.3820820054104,304.86596405479924,24.08172504900591,48.52532931970232
530.0291129285799,305.11443365938186,24.106145601653683,48.53432875971462
525.6199140327258,305.3336642589755,24.099111569631564,48.52702863635786
530.7136771343887,310.34185661197455,24.104719674166954,48.514397592469045
530.7451597654294,310.7664724283482,24.121740038127324,48.474468945389916
531.0463350148716,306.42211663563677,24.127249150754302,48.53687971904525
526.8434318967982,311.4033835643397,24.12259014642262,48.59287956830444
526.6097482508985,311.45450588835683,24.676895238271822,48.092348279626044
522.2776642402171,311.5940171471109,24.648798702749993,48.10766780313364
522.4638007559765,316.7381848416693,24.608934308039377,48.159453683242894
522.9944575481411,316.8824620335817,24.60533864305978,48.14923573497447
523.2106518542632,317.3023845678676,24.605955184948364,48.141616048730725
523.3962884603549,317.9375303279223,24.602015563749482,48.13578807251327
523.6201674321059,318.2787318042955,24.59897350755569,48.1294798901984
524.0065472775142,318.66446952942886,24.59164557848065,48.139292884927485
524.1101824490864,309.9383902117878,24.580095103280954,48.10659205365687
524.1046190629237,305.6363660259811,24.531232657937597,48.154923910682925
524.2453592274142,305.770429434473,24.417726160252656,48.472383641550664
524.4456907570936,301.5724766383532,24.374346484501473,48.55632519875605
524.3412384429944,301.95956415246303,24.36904700994556,48.57975181076091
529.2501842734222,297.9375160374117,24.361565848662686,48.600671847626224
525.0015906939408,298.06337473417506,24.347235482906164,48.6476897746676
525.3622130999483,302.5024391517818,24.34577600357077,48.67203343548678
525.5871409693042,307.02324360134907,24.41746793999192,48.623280562048045
521.1188634841774,307.1550736255082,24.372374465116188,48.67450732212518
521.3203438738689,307.6070736763569,24.352820771866977,48.6927576104806
521.5211518190813,307.97395550790833,24.35004584528279,48.690154886117526
521.3164563714067,313.864623835955,24.154099716896766,49.26149843632298
520.9877392144687,313.9450947330816,24.09792332205947,49.35059869314668
520.9807673750907,314.43443565192575,24.075345305261013,49.38686009753142
520.878985128223,314.6363486246487,24.00641807569745,49.51060571103794
520.6389364529002,315.6359624589252,24.00146853298467,49.51788877704308
520.3361526222668,316.1137090116699,24.00563414995536,49.502636948771425
520.7823173553082,316.6092794416183,24.005273649402792,49.5414402703169
521.1247169622635,312.530300235528,23.94192247550084,49.60858981408934
521.0152051003603,313.16452149657107,23.938674831399904,49.61306086717563
520.7397449148434,318.16625319522535,23.943222311961023,49.68260219246222
520.7858773019198,314.09856864116756,23.925768728175164,49.73028666923013
525.6493857375615,310.1820825574518,23.984789301960177,49.74100274840486
526.1001155841606,310.247229862312,23.975893190228653,49.8003300342362
521.4002316143907,314.8485722464512,23.983938450630177,49.89730022658996
526.1545943655913,320.7961445341447,24.079560177233,49.96371399318307
522.1663452766475,325.39801717631883,24.09534830644504,50.31075758822925
522.501989198677,325.3878432445682,24.135520575911137,50.30953496664531
523.1129318773807,330.1294748236849,24.15687116420551,50.34707430627567
523.5147055748546,330.7155497203911,24.16724754540735,50.56634189701094
524.0687976183509,326.4144814300342,24.190751934023602,50.737595070132
519.9501710126112,331.2448220841059,24.212380336237807,50.84410564889039
520.429618260564,341.21481965931156,24.211030643951855,51.02928215985608
520.6917116706292,340.97735075622415,24.29313273373343,51.12248830685684
525.8536996637715,341.04013087157557,24.39839506684566,51.20232513070704
525.14991670803,340.78132219771913,24.60541232949453,51.01720067668118
524.7577810709606,340.64709760838804,25.482212572682755,50.250211198536434
523.8871818113159,340.4953373144636,25.819545993018867,49.947584318295256
524.0626253491284,346.03627746564,25.750256710496096,50.0570272962769
523.9536842328882,336.7500256139025,25.78637915339044,50.09626874694433
519.4845565324758,337.2260858039467,25.76946964485256,50.119955914425184
519.9823839664839,327.31462266634963,25.754379907546976,50.150762209760934
525.0723589501102,317.7782804016999,25.732355546068273,50.25050438676557
525.5239114276205,317.9739415085649,25.730236845262887,50.252220267079196
520.9180645696898,318.20120790588436,25.688190250455307,50.305008830167374
521.9159175028365,341.8045068212492,25.537808304412092,50.95933476652753
521.6455424714726,337.8054370660127,25.46548895204717,51.073279902916056
521.8359924992741,337.83324116069934,25.436088602951035,51.16342560381876
522.1741431421602,341.9774971398886,25.429786916635518,51.348904085808805
522.0678789514255,337.5778770936681,25.36669188716473,51.504704885342115
522.1413952651569,343.0388109091966,25.355709171081877,51.530127674817265
522.5188370944761,338.873252427178,25.333271348510493,51.55443425982626
532.249459579673,338.9450626496758,25.388402873478096,51.460843502414164
527.6069407993435,349.111355439686,25.35013530413228,51.65923707888787
523.1189836059598,353.9941678321278,25.354180222210765,51.683719067380736
527.435799514176,354.2909993716368,25.777430310380467,51.268644974759454
527.9098650810139,349.48616066220046,25.776449824344734,51.30421713087585
522.9386184106733,359.76093236258976,25.66903357335135,51.57614208336867
522.9808843419021,360.3306168859828,25.688819748522704,51.66366908417475
522.9433182061443,361.04401970769914,26.336314979423086,51.12807053970297
527.3153738649615,360.93653955733987,26.590902850021084,50.90059721496192
527.6340428824794,356.5034530604397,26.467850677431116,51.19787677614495
522.4242652885407,361.80170476774975,26.381007664319917,51.293461488661144
522.3972183360385,362.3504575337356,26.337620780497456,51.34078403782038
522.2933384701236,363.4033506388612,26.321876386255422,51.35161383823518
527.2287062059794,368.1043172123536,26.301714454277523,51.68803728152139
531.8831534886132,363.741882740791,26.822505100191528,51.24332767240034
532.2431582148109,359.1789013086469,26.681660331614907,51.50378722553132
536.8670219802793,359.39407861544083,27.079187889484388,51.18530383956557
536.5473889467918,359.41501422515165,27.39087737879601,50.92345729765892
535.6402123793556,359.1370350297714,27.430728236294033,50.884643885994016
545.7596229338037,364.07008205134105,27.388697822588327,50.87017814638267
530.8580015464353,364.718936281776,27.301819137364085,51.208082769352174
529.7299889368544,369.9066287998726,27.662548498142787,50.89288030457015
534.9212304304872,370.8762021404064,27.456064198621227,51.3165354137399
520.1198171119493,385.9419234954726,27.302815930301577,51.533021704461895
519.9341023852205,381.7958444680082,27.201993491669395,51.7449261583165
514.0953605482669,382.2958482833116,27.093408249255827,51.88364237795997
514.4949701610801,382.23241531405455,27.03658865655998,51.98205697620105
519.2157224262152,384.03229475107725,26.83849709778646,52.578428377882055
518.9574560300807,384.3885726037123,27.06429002594443,52.3817074809615
519.0217612631399,384.7313783912268,27.03238703054134,52.462953589591045
518.8898972013191,391.1152458235934,26.97490935937172,52.66068522418649
518.6255766816829,391.40503887059145,26.89830820589876,52.770306743658594
523.8393399557287,392.3261626727579,26.89690050851502,52.856278457715526
523.3924644647572,393.0964676849299,26.891793122061532,52.8678378755484
523.4522882923338,383.21949655891945,26.92116713713029,52.781997412725524
523.6898230988937,378.40187642886093,26.884787739359908,52.86016789440019
523.5937286838191,379.01498589090335,26.87725277445265,52.86902706670513
523.7230400615109,379.55024359533553,26.869330999493876,52.880016598827396
523.8790258448187,380.1768006722783,26.85530913442606,52.88955794153911
529.2927148757398,376.02784462059583,26.845226147046883,53.00422438602959
528.7376877082459,376.1996256369262,27.2359409324931,52.65327009964211
527.9792290388594,381.6350947171691,27.807071139479575,52.16853856604839
522.9446100029135,381.9963454310747,27.762169654486755,52.249450886978416
528.1656806489409,387.1617229271768,27.699742374577866,52.37019392639039
527.2502410111343,387.3179465221148,27.939736011000356,52.1595197973726
527.374119058177,387.52351987118624,27.931023510321584,52.17069534268181
522.0580394943551,387.65683645422627,27.90995673922286,52.20408108319513
522.2750061756218,393.00204494052565,27.840811879144187,52.38891683429018
537.5824903822596,399.27814419829053,27.781948125902684,52.4984366872907
536.8284992712048,399.4186711454501,27.86428487739319,52.422341202042496
542.0159536746115,400.7366507324416,27.832333567222914,52.451894351439066
541.7546076560157,401.28359250531656,27.80913157765821,52.474958218179914
541.7364237041672,402.2540367846664,27.79056908497697,52.505064728030305
541.4773359892262,403.0996817309872,27.74517854539194,52.515693795006435
531.1387141022426,392.8693704430087,27.7560919818347,52.4819468641275
531.5204046857465,388.1782068542929,27.740912900321923,52.549839036371004
530.4332617848916,388.3658026857493,28.24163188379451,52.134927378346966
530.7202064885975,383.5881269750395,28.199451849379958,52.16995981478137
520.9422354067739,398.82023243685603,28.12359622249988,52.29270873001541
515.8899479730788,399.12721742727604,28.086560944321107,52.33625409617933
515.2259190257498,399.29157230396737,28.274529446317025,52.17775221578351
515.8255354759939,399.6963447685637,28.249605918730925,52.20527292370248
516.1501172285505,394.90863013910916,28.101553265382297,52.37459523375897
521.3681778549831,395.27533853935074,28.038655317265697,52.45795107302734
521.5367138588865,400.4629158039443,28.03328366427333,52.46001765132299
516.581738802924,405.46726953313924,27.84295682917686,52.77942756353868
516.0082555629995,405.97215767078995,27.98749990337859,52.65187310620747
521.5731835316819,401.255968985987,27.976776007944814,52.69417479221967
520.634037245424,401.1992733461416,28.25562419111745,52.444888974589986
519.7397530162353,401.13940532422413,28.513708569180057,52.22390078861227
524.4156860022033,407.24968787956954,28.309466613052376,52.5534865491983
524.5520053735927,407.95627112435756,28.300758012199285,52.55963205989693
524.6169191593111,408.73596404235866,28.27758381072562,52.60660439440404
523.8259573881822,409.205770880033,28.540699393426767,52.37950261614239
523.161299444992,409.20667384207684,28.66760696605619,52.277282512789235
523.6801698158204,399.03714800645423,28.63476119624695,52.33468173347293
523.8933144621182,399.21150249732005,28.624601641743755,52.32990204251276
519.3754067442812,399.40438218823493,28.576898095483994,52.35908254105414
518.6269870528702,399.52142446701896,28.78370234971265,52.18936226776301
518.5217387839941,400.385222385741,28.73973038685067,52.26668042796916
523.7551735417779,389.87249357402715,28.66240917297975,52.56347937524939
529.2259845727066,379.67571820335684,28.54191309531431,52.725415050061635
529.8627988625195,374.8103578265454,28.494740681002117,52.797302299961444
530.3332524312657,375.36057292406633,28.4568865887828,52.87137984207931
524.9520460788593,370.6693911100774,28.409558273392744,52.94550830160002
525.1242273708473,370.63599946799644,28.36731968305215,52.98580701622737
529.8756773664659,365.56068081186083,28.86231970097021,52.57930302448242
530.2419900532329,365.68780253941037,28.802078768334848,52.7346248989351
531.1003453007811,360.702948708193,28.703584907035314,52.84671232211202
530.3350959602151,355.89084132292834,29.54975962166423,52.145988318532424
530.2369075683249,356.17693281116,29.525504001355657,52.16170490776591
525.5566076010375,356.3596008848874,29.482358284685137,52.19271976991835
530.9899757576811,356.48494820588394,29.45110933712063,52.24319866589487
526.4472253463856,361.74544159066517,29.3689666126536,52.32786184445256
526.5678352751679,367.2527872783089,29.275142306293766,52.48489955699464
521.7457485638099,372.3062655903346,29.160563859808,52.59566010365857
522.1629175557964,372.44442478475025,29.127728401641367,52.63247945472407
526.8027950889904,372.3456371163862,29.57565640257538,52.229723663808635
526.8633298607302,356.65336561874574,29.387556570816482,52.49548652298107
526.7790043276672,357.10094606375156,29.35417364036054,52.523230780045076
526.5933843908507,356.82933776887734,29.54390686533374,52.35949825499404
526.8232089280253,356.9350533154422,29.521481672467583,52.35912676197912
527.1517235223214,362.4141042811951,29.407274010403018,52.5455923200974
527.5859238806299,362.56168002697507,29.347638764767385,52.60106416795204
532.9579855551184,362.56158132857007,29.31277158797075,52.62926676426889
533.176624113783,352.50839273005886,29.19322877173192,52.829563715319615
532.3925092810625,347.31072178208683,29.587192337242804,52.48296034454012
532.578534996758,346.9582784174066,29.3791862695167,52.89668240748634
538.2203418719158,341.7792492399232,29.31682305325858,52.93258957837102
538.1762506802678,341.7403833461091,29.288262915030096,52.9844598941078
538.8382815804063,336.90419931176444,29.14855363188126,53.27204135696222
538.6717056734891,331.84700128429154,29.090743560263228,53.35642337382203
538.7879171898518,332.64145104955907,29.063374423249826,53.397800284861134
539.3187714207556,333.40544625154024,29.034111869034966,53.42611326281864
539.6707424873031,333.7639465762792,29.00042635062513,53.47816905274045
540.1250276288921,328.63266307107136,28.962064092425628,53.49925332847586
540.1128675881218,323.44801007749396,28.90154530677874,53.56058736128496
540.4214642656068,323.75571624838034,28.877816683978924,53.5714964544869
540.6264489263355,324.04368892424543,28.825895831349815,53.610939376949595
540.7842678849065,324.1075016228833,28.68132428779435,53.77270308332483
541.2285809217024,324.49766234747057,28.671610841899664,53.75619501057703
541.4852507221605,324.61563337263254,28.60458155253918,53.808620201874106
541.5401022418729,319.64925267756956,28.452154704676847,54.006492561543496
536.6713844408537,330.4203688924538,28.35255417390263,54.13501361077894
542.2720054088063,320.8582429847557,28.20827901961355,54.313132766263024
542.1953325511421,315.705944835876,28.13981555635139,54.330929633175295
542.3416900060058,316.05136694831384,28.13433715833125,54.31579394063299
542.882893351888,316.1854022367838,28.06768015948375,54.38369275217806
543.531710014524,316.2534988456421,28.017220620374932,54.53828594979979
543.6354733773699,316.34356195997464,28.020269594489395,54.53091087961071
543.8164080992832,316.5125280536385,28.011505099660226,54.530635816087106
544.0062928531702,311.5980245554301,27.95446735501089,54.64681989838035
538.5950809887221,322.1972307746283,27.860705704878622,54.820803929100165
539.2327144301797,317.20254933085806,27.806308959177994,54.862835388112735
534.0788140163786,322.91838908248644,27.763375076086902,54.86321994125251
539.1678997291178,323.38105919120545,27.692001822605526,54.999521059301905
539.5585067198726,323.5096742518578,27.687699099793516,55.02358978400358
539.6421733971805,328.63651925843504,27.660095587721337,55.078743383520006
538.450029339675,328.62397400328143,27.806517301060076,54.94962222366689
539.0601314197181,333.74233168509306,27.7395239001367,55.161236785580705
539.381125155747,339.2303436094968,27.69900981913495,55.28256401099203
534.634862620083,344.33908384573937,27.70360363893692,55.394765888665574
540.0863948489795,344.5122291314331,27.799652264029774,55.34992238096256
535.2334736702791,350.0348401730843,27.780524757539162,55.425736827201185
535.3909212839052,350.3652133529565,27.790062916612765,55.398861963180465
535.8704013456041,345.19618364808986,27.795176749227586,55.42090899040644
535.7923870288913,345.89141786777225,27.79156340152834,55.43353841900742
536.5446091164457,345.7688841957962,27.84605451103405,55.472629619480145
537.0548801305083,351.5968325740487,27.82370789268369,55.58599899151522
532.0634376272855,352.1007508205397,27.800902324483257,55.599312729894514
532.5220510046942,357.4010641226432,27.81928502954302,55.63918047230618
533.2420153334625,352.19980117918794,27.82291423047333,55.67208603603562
533.3010919937275,357.5258195468244,27.806735158829415,55.70305463370948
533.824200854529,357.8994709678796,27.84995742536294,55.6887485533979
534.1856511007238,352.5340791881639,27.88175592474866,55.612383179418664
528.8582839211949,352.4166635641565,27.913320384819638,55.60977062269251
534.284571286501,347.56470258963105,27.91335338125831,55.65681791506625
534.3714352194663,347.728758934298,27.926505939946352,55.62132379844422
533.0976011725104,347.6458983283089,28.106786262251823,55.44654745707393
533.046287033176,342.1609236166858,28.128071299884635,55.40763819959499
528.0812747349781,342.42840834898175,28.12160106900968,55.42834304950196
528.6796915133741,331.77627330627604,28.0918365897095,55.42979102187633
528.8484759882274,331.8428618867885,28.080868757852496,55.494183082109586
529.3721217702837,337.1927658278469,28.070385326865054,55.53769185038332
528.1590427801322,337.5590717706201,28.167571921212254,55.44988629027261
528.3235286306891,332.4880690529039,28.141302497997252,55.51605268304147
522.7657104997388,338.12569975305115,28.118016068552556,55.56496711740276
523.0593879121643,333.2040890535192,28.069714803004917,55.641061479418255
517.3628614894354,333.352566341306,28.053196954492957,55.667471012645635
517.3388504512598,334.0798377459804,28.036454873906564,55.690299180698474
523.1179738195426,334.0963804051245,28.016385627575307,55.79076873826104
528.0300731652682,334.4319563308964,28.40937291024534,55.44412567291858
539.0686899409151,340.236945948001,28.37825332684692,55.50304025279635
538.1202184402332,340.6141626181777,28.511879816103008,55.38190209085628
538.5016159673992,341.1642905153779,28.462471774252776,55.444723293259244
539.1407035944632,336.61200783698047,28.34871652878408,55.68515672256389
538.6632034485044,331.406789497068,28.34876791857136,55.66778464079211
539.7285690965927,332.0771039461695,28.347187728275625,55.67320445531962
539.9514438908183,332.6829400934221,28.337541394381116,55.63723711686904
539.9083784310831,327.59234757930545,28.3142665057007,55.64960748598365
540.3626859807359,327.61600954633036,28.29701055680467,55.682521879317854
540.8481885421801,327.86611035141607,28.288756047605847,55.7016882024198
541.0051958134185,328.59270323194494,28.290412233812447,55.68363446803432
540.6188410905949,329.14563908357565,28.229128959809383,55.75843517192323
535.7266711512436,329.5997845895723,28.138509846507564,55.95622934116615
536.1972146553638,330.27512702435723,28.107395207938044,55.98364701256616
537.3155107094938,330.9896590000298,28.07870314698037,56.03241144466672
537.7726069011967,331.81728594310755,28.04839161722753,56.17408048064573
538.1769296570681,332.20765491015834,28.04684658031928,56.20823656710151
538.6131846230562,332.78131631775256,28.03766868150033,56.21981293995471
534.1811571570923,333.3170850851611,28.02232812850374,56.26458647844084
539.5035187556473,333.67352464070336,28.01415583471417,56.26879713958074
539.6543633029879,334.1199228864229,28.007775687595913,56.27592480719173
540.1454669435855,329.6071335831964,28.0015255616286,56.24969410273156
539.7811960681414,330.51166384915587,27.986815750398097,56.25718167986725
539.8946260871352,337.152561587799,27.93421655223054,56.353999674565785
545.7383392234549,338.0528226709479,27.9167426721692,56.39157651110623
545.7417253262315,338.9999711938377,27.91090802567567,56.39215809119631
540.5001814434157,345.26096046038924,27.890991717210767,56.54126205473628
535.6359932330132,345.912168925366,27.864660801589977,56.57226015621588
536.0241566015892,346.6605312764609,27.83281521077354,56.601142205468015
536.9468023669515,347.5064192733685,27.823487406092593,56.61587675547601
536.8921414688098,347.83115472541635,27.823543927076592,56.603952211873136
536.6157437548325,348.41607435319065,27.83506325773355,56.58035092572295
536.5372521213328,349.66113747205543,27.80449748501133,56.624475185811455
535.8522028537283,351.2358442006531,27.79165644311781,56.65186484064606
535.4159192980038,352.49372873201867,27.78433907313658,56.65659548418331
535.4411593131845,359.0600047557672,27.726578722846114,56.71215283457442
535.3243194418718,359.8585965859732,27.73146560436749,56.71766952683121
535.3010745233953,360.7190399200165,27.733029505754118,56.69851883210279
535.3462254800568,361.5969970872743,27.731684879802344,56.70714481226148
535.3257104415387,362.13765689582755,27.726808115083436,56.689243345103144
534.4980701570281,362.57462276125057,27.79951491262803,56.61721420643923
534.3199190848272,368.5120239316639,27.803555424348833,56.61725355567601
545.5845344236735,369.73651369943013,27.80257257990814,56.652961110063586
544.4627244193636,369.8904613559283,27.857144059856914,56.59858664343409
529.2314492248106,370.67094646258965,27.74894516612592,56.73666125375799
528.3906314121416,370.5589683164522,27.9247896041775,56.563972864340776
528.5616786347069,371.08985721604483,27.927001896231374,56.55921239151055
528.0179973544335,371.36360341958243,28.03205219471979,56.46303830804751
527.9933012249958,371.9176823575665,28.032686442284046,56.45337531943141
528.6598049437664,372.47066224906916,28.033763157918223,56.440278976939716
527.0655438844202,373.10248364567553,28.0475146829675,56.42684932993661
527.5184365548196,373.3913860997285,28.05201749724763,56.408099571385996
526.0988971997268,374.0627682242431,28.082546803288885,56.3798991927867
525.1483625978049,374.53697520845355,28.147592914862827,56.3189279323812
523.9783354033327,374.6169260609673,28.21915961192782,56.247601717172856
502.8752947812503,369.94839165936673,28.24232612220586,56.319726443835876
497.94024941006484,365.0140720545474,28.230269075575418,56.28370924325721
498.1895363700301,359.9664878228753,28.23875288202807,56.29665286071522
498.0918951087506,365.50298210310683,28.147348656320954,56.517375962544584
493.103063398965,371.13564207972604,28.007857000818795,56.68731487466262
488.04013370963645,371.6754557594137,27.97015551216631,56.72803322699542
493.9352531890089,376.90512007572704,27.967395954056244,56.797388256783336
493.77377236413906,382.7681282471028,27.961544378764994,56.78317439663674
493.92094678916595,383.2776844316641,27.970306783880165,56.867263059199004
488.44766993230934,377.8001821733643,27.943685448765255,56.9576893287283
494.0712565686089,377.9871557131836,27.922990752826294,57.058970886546646
499.6863219202411,367.7313194100102,27.862830561952006,57.180169173435445
500.1180806026787,362.95077257066686,27.79848315471462,57.308389126231
499.8152773821206,357.80254462129363,27.774271752393577,57.47157380763125
504.87093303928367,347.9648646053476,27.86231937819197,57.36906175395198
499.08131857513507,353.8828165327934,27.883444745087758,57.34083421436804
499.0678437854354,359.7984559051399,27.91048286762348,57.35554660431856
499.0060750831793,365.2717836804947,28.00013513216371,57.1938899473468
499.6999263895195,365.164736798376,28.034151116895536,57.18313515804585
494.2744565067222,365.2292619492962,28.02834611625474,57.136518765383265
498.7237945624904,365.303893573443,28.51140199171773,56.6908934746625
498.57419870489906,365.6875498054103,28.511462879711953,56.67466515961176
498.11493954621176,365.2950283091404,28.859389389721155,56.363792357779054
498.16624079299635,360.02221195527284,28.828770539028124,56.531372354027326
492.953579873242,360.0182593041436,28.744978113094913,56.729406653254024
487.60882643503936,376.9985625115594,28.609958202696042,56.950551489643225
487.778800085798,377.0244862154476,28.597470564331374,56.969677090737804
482.46843067973674,393.50148689009455,28.466951480030644,57.25775261522326
482.1122655020449,398.63730314626815,28.990215514756553,56.72750460910165
482.2782543127671,404.2186836507515,28.927037615506798,57.01242598081124
482.2552253207654,398.84885414129167,28.873939592339486,57.1456997687128
486.90793847099604,398.7761608269653,29.344907182259096,56.69812717218778
492.5453026828497,393.44547849144897,29.343147050788126,56.75277091884294
491.5928108795646,393.47543204632814,29.58374033181216,56.52911646864385
486.2557839967038,393.7540806500767,29.40094538079778,57.1371512208713
480.9773381391193,394.04408758226623,29.369991293659755,57.22846560308564
486.0910478129007,399.3003748063351,30.555795212698456,56.165743144693934
480.6401164589369,394.4075985022765,30.48102008035502,56.267768760013254
481.4816648327608,394.2438345422812,30.35355306293184,56.64277254697731
481.3846125502917,394.60863097238115,30.310161475349854,56.741023829691194
481.77685828061647,394.5815794782326,30.245730363211074,56.86399287717244
482.0775949607297,395.05196725147545,30.23788058153309,56.88249698709692
482.1137985641059,389.80493500607145,30.166360967977013,56.96787388635219
476.43099720461726,401.20997219215445,29.92822394848981,57.621483596217445
470.321420753572,396.07586245695535,29.844096973871373,57.760123522548305
464.4601169763864,397.18346792873245,29.679674880415423,58.06735325091484
464.207882393158,414.0543639391968,29.568109658330002,58.50742692212482
470.0969060331682,413.9176543113865,29.577521751783816,58.6411442599779
464.56072576959156,414.16050538277943,29.607162437933688,58.85924440477058
463.7397530786632,420.14135150862484,30.69804183840221,57.82551445624144
469.3365044477814,414.83160328103446,30.603781310554044,58.1593883146814
469.60086482547507,409.3172181027096,30.584212729162655,58.2187496823785
469.9819117838913,403.8258222107523,30.56371270967292,58.28921274620045
464.72207837508574,404.27677266450775,30.5461566650404,58.36611416203082
459.35626073958093,404.62148436882916,30.519439656386897,58.555119927811276
458.81530124291334,404.6438311584153,30.657984135142346,58.44601002205649
458.6982379919394,405.080201083018,31.340390375516403,57.83945828773265
458.5120282081108,400.15216229330406,31.25369709036178,58.14549752945294
452.62740149146686,394.67238384247196,31.15502869442601,58.31693225399323
464.21323285392026,377.9495297484266,31.189176516394223,58.472345794867174
458.30784061483035,384.20840672727286,32.10265073761606,57.78638466859548
458.3238699120717,383.9526157771627,32.03680132378643,57.928360491144744
457.83428940633803,383.9968479050414,32.13658258595575,57.840785476675215
451.95133297800754,389.7890266679382,33.11423784373971,56.99489802839644
446.4404183526356,390.2582041215252,32.90743321386838,57.35324848640337
446.1007172902036,396.02848541624815,33.43263420369308,56.917740752304105
440.4576937044009,401.9915813163907,33.92974762133114,56.55855697051267
440.56545742110296,401.7777068742027,33.75798774820045,56.848022751184246
440.3077266848326,401.44620561141204,34.39697374501271,56.3152241378876
435.0472964412814,412.63659244074245,34.1258525350325,56.77697023935869
429.09973867691843,418.5005952265384,34.79676972238879,56.23512570902657
428.38624232603024,424.9298483414846,35.542958111936095,55.7151471585774
422.64389110077195,430.81418299723384,36.284105493482954,55.203121142367074
421.9495053500433,436.32722310711756,36.897673707338726,54.73449312444295
415.8106117518383,442.3358439904682,37.32106503735471,54.434376296706446
415.01875624291097,442.45310498620086,37.4355991667435,54.345033934566985
420.2004123072245,414.02776654357706,38.92432637527464,53.363393467519685
