78.5,366.5,35,54
78.69291338582677,366.0,35.0,54.0
79.73228346456693,367.03937007874015,35.0,54.0
81.11811023622047,368.0787401574803,35.0,54.0
81.81102362204724,369.46456692913387,35.0,54.0
83.19685039370079,371.8897637795276,35.0,54.0
84.92913385826772,372.58267716535437,35.0,54.0
87.00787401574803,373.27559055118115,35.0,54.0
90.81889763779527,372.236220472441,35.0,54.0
96.01574803149606,369.8110236220473,35.0,54.0
103.98425196850394,365.3070866141733,35.0,54.0
113.33858267716536,359.4173228346457,35.0,54.0
125.81102362204726,350.755905511811,35.0,54.0
140.36220472440945,340.70866141732284,35.0,54.0
159.4173228346457,329.9685039370079,35.0,54.0
172.92913385826773,320.26771653543307,35.0,54.0
196.1417322834646,308.48818897637796,35.0,54.0
215.5433070866142,298.78740157480314,35.0,54.0
233.55905511811025,289.7795275590551,35.0,54.0
261.9685039370079,282.503937007874,35.0,54.0
279.29133858267716,275.9212598425197,35.0,54.0
297.6535433070866,271.4173228346457,35.0,54.0
312.5511811023622,267.60629921259846,35.0,54.0
323.29133858267716,265.18110236220474,35.0,54.0
336.1102362204724,267.60629921259846,35.0,54.0
349.2755905511811,269.68503937007875,35.0,54.0
362.78740157480314,272.45669291338584,35.0,54.0
366.9448818897638,274.88188976377955,35.0,54.0
363.13385826771656,275.9212598425197,35.0,54.0
371.7952755905512,281.8110236220473,35.0,54.0
380.1102362204725,284.58267716535437,35.0,54.0
382.18897637795277,287.7007874015748,35.0,54.0
384.6141732283465,290.81889763779526,35.0,54.0
386.00000000000006,296.3622047244094,35.0,54.0
393.27559055118115,299.1338582677165,35.0,54.0
396.740157480315,302.94488188976374,35.0,54.0
400.2047244094489,307.1023622047244,35.0,54.0
403.32283464566933,309.87401574803147,35.0,54.0
410.25196850393706,317.14960629921256,35.0,54.0
411.984251968504,319.22834645669286,35.0,54.0
415.7952755905512,322.6929133858267,35.0,54.0
417.1811023622048,326.50393700787396,35.0,54.0
420.29921259842524,328.2362204724409,35.0,54.0
421.3385826771654,332.0472440944881,35.0,54.0
423.7637795275591,336.8976377952755,35.0,54.0
428.6141732283465,339.6692913385826,35.0,54.0
428.96062992125985,345.21259842519675,35.0,54.0
429.65354330708664,351.79527559055106,35.0,54.0
432.0526996503584,360.31752850442234,31.58751408511003,48.735021731312614
431.11466773601995,370.32320225736606,31.58751408511003,48.735021731312614
429.86395851690196,380.3288760103098,31.58751408511003,48.735021731312614
429.5512812121225,390.3345497632535,31.58751408511003,48.735021731312614
430.48931312646096,397.2134504684023,31.58751408511003,48.735021731312614
433.6160861742559,403.7796738687716,31.58751408511003,48.735021731312614
431.74002234557895,410.6585745739204,31.58751408511003,48.735021731312614
429.5512812121225,420.66424832686414,31.58751408511003,48.735021731312614
430.1766358216815,430.3572447750284,31.58751408511003,48.735021731312614
431.11466773601995,439.7375639184132,31.58751408511003,48.735021731312614
428.69088148665173,442.9037096078036,35.184377364728405,54.2844679341524
427.29775428390883,454.0487272297468,35.184377364728405,54.2844679341524
428.342599685966,460.6660814427756,35.184377364728405,54.2844679341524
427.6460360845945,468.32828105786155,35.184377364728405,54.2844679341524
426.2529088818516,479.82158048049047,35.184377364728405,54.2844679341524
425.9046270811659,486.4389346935193,35.184377364728405,54.2844679341524
425.2080634797945,496.1908251127196,35.184377364728405,54.2844679341524
424.8597816791088,504.2013065284913,35.184377364728405,54.2844679341524
423.4666544763659,521.6153965627775,35.184377364728405,54.2844679341524
423.1183726756802,521.9636783634633,35.184377364728405,54.2844679341524
424.5114998784231,528.581032576492,35.184377364728405,54.2844679341524
427.2977542839089,534.5018231881494,35.184377364728405,54.2844679341524
424.85978167910883,545.2985590094069,35.184377364728405,54.2844679341524
426.25290888185174,553.3090404251785,35.184377364728405,54.2844679341524
424.85978167910883,562.7126490436931,35.184377364728405,54.2844679341524
424.1632180777374,571.7679758615219,35.184377364728405,54.2844679341524
423.11837267568023,580.1267390779793,35.184377364728405,54.2844679341524
421.37696367225163,592.6648839026655,35.184377364728405,54.2844679341524
421.02868187156594,598.9339563150085,35.184377364728405,54.2844679341524
420.3321182701945,610.0789739369517,35.184377364728405,54.2844679341524
418.5907092667659,618.0894553527233,35.184377364728405,54.2844679341524
420.65422238432745,633.6222388669894,31.75391473097671,48.99175415636408
417.51097773154237,643.9949462211802,31.75391473097671,48.99175415636408
417.19665326626387,652.4817067836999,31.75391473097671,48.99175415636408
416.25367987042836,664.7403609295618,31.75391473097671,48.99175415636408
416.25367987042836,669.769552374018,31.75391473097671,48.99175415636408
417.51097773154237,674.7987438184741,31.75391473097671,48.99175415636408
417.51097773154237,680.1422597282088,31.75391473097671,48.99175415636408
417.82530219682087,682.6568554504369,31.75391473097671,48.99175415636408
419.0826000579349,683.2855043809939,31.75391473097671,48.99175415636408
419.7112489884919,685.4857756379434,31.75391473097671,48.99175415636408
427.25503615517613,682.3425309851583,31.75391473097671,48.99175415636408
429.4553074121257,680.4565841934873,31.75391473097671,48.99175415636408
430.0839563426827,679.8279352629303,31.75391473097671,48.99175415636408
433.5415254607463,675.7417172143097,31.75391473097671,48.99175415636408
444.2285572802156,669.140903443461,31.75391473097671,48.99175415636408
445.56389629072316,664.4656165179903,35.36972601553178,54.57043442396334
446.9643623826767,666.2161991329323,35.36972601553178,54.570434423963334
445.21377976773476,667.9667817478743,35.36972601553178,54.570434423963334
445.91401281371157,671.1178304547698,35.36972601553178,54.570434423963334
445.21377976773476,672.8684130697118,35.36972601553178,54.570434423963334
443.8133136757812,674.6189956846538,35.36972601553178,54.570434423963334
444.513546721758,676.3695782995958,35.36972601553178,54.570434423963334
444.4872311331235,681.480691658246,31.921191962916936,49.24983902850043
441.9593887099634,682.744612869826,31.921191962916936,49.24983902850043
444.4872311331235,684.9564749900911,31.921191962916936,49.24983902850043
447.3310538591786,686.5363765045662,31.921191962916936,49.24983902850043
446.6990932533886,690.0121598364113,31.921191962916936,49.24983902850043
442.8835797893155,693.3610204878872,28.808888592632563,44.44799954291882
446.5908203461177,692.7906757868408,28.808888592632563,44.44799954291882
448.85076491977304,678.1323381400441,26.00003354846133,40.114337474768924
453.4833918197464,679.6765471067018,26.00003354846133,40.114337474768924
458.6307550419389,678.1323381400441,26.00003354846133,40.114337474768924
460.689700330816,660.3739350234797,26.00003354846133,40.114337474768924
463.5207501030219,661.4034076679183,26.00003354846133,40.114337474768924
463.0060137808026,663.7197211179049,26.00003354846133,40.114337474768924
463.7781182641315,665.7786664067819,26.00003354846133,40.114337474768924
462.49127745858334,665.2639300845626,26.00003354846133,40.114337474768924
460.1749640085967,672.2128704345226,26.00003354846133,40.114337474768924
462.49127745858334,675.5586565289478,26.00003354846133,40.114337474768924
458.11601871971965,679.1618107844827,26.00003354846133,40.114337474768924
459.4028595252678,680.7060197511404,26.00003354846133,40.114337474768924
458.6307550419389,682.2502287177981,26.00003354846133,40.114337474768924
460.94706849192556,678.9044426233729,26.00003354846133,40.114337474768924
462.49127745858334,679.9339152678115,26.00003354846133,40.114337474768924
470.1929778901925,684.463162759162,23.465040740724444,36.203205714260584
469.03160354531974,683.7663381522383,23.465040740724444,36.203205714260584
467.6956240319011,678.2209895826312,26.136999767561772,40.32565678423818
472.59193291224983,682.2566488943348,23.58865280858214,36.39392147609817
470.2569481572946,681.7896519433439,23.58865280858214,36.39392147609817
468.1554618778349,681.5561534678484,23.58865280858214,36.39392147609817
471.4244405347722,681.5561534678484,23.58865280858214,36.39392147609817
457.41453200504066,665.6782571341525,23.58865280858214,36.39392147609817
453.2115594461211,668.4802388400988,23.58865280858214,36.39392147609817
451.11007316666144,671.2822205460452,23.58865280858214,36.39392147609817
447.84109450972403,675.2516946294691,23.58865280858214,36.39392147609817
445.0215625043075,684.9648391452426,21.288768652567388,32.84552877824684
443.3357027594923,684.7541066771407,21.288768652567388,32.84552877824684
444.81083003620563,686.6506988900578,21.288768652567388,32.84552877824684
441.22837807847327,691.0760807201978,21.288768652567388,32.84552877824684
440.38544820606563,694.0263352736245,21.288768652567388,32.84552877824684
439.542518333658,693.6048703374206,21.288768652567388,32.84552877824684
424.5805130984228,685.1755716133445,21.288768652567388,32.84552877824684
420.3658637363847,688.9687560391787,21.288768652567388,32.84552877824684
415.0975520338371,686.229233953854,21.288768652567388,32.84552877824684
412.990227352818,686.8614313581596,21.288768652567388,32.84552877824684
410.46143773559515,684.5433742090387,21.288768652567388,32.84552877824684
403.2965338201304,690.6546157839939,21.288768652567388,32.84552877824684
406.66825330976087,685.5970365495482,21.288768652567388,32.84552877824684
400.60933284194766,681.1981903643441,23.712916055506135,36.585641914209475
398.02731903522886,672.9826918884207,23.712916055506135,36.585641914209475
408.12064573422043,668.7575783865173,23.712916055506135,36.585641914209475
402.9566181207829,669.6964924980514,23.712916055506135,36.585641914209475
396.3842193400442,678.3814480297418,23.712916055506135,36.585641914209475
390.51600614295603,686.5969465056652,23.712916055506135,36.585641914209475
389.1076349756549,688.9442317845004,23.712916055506135,36.585641914209475
379.9532223881974,686.5969465056652,23.712916055506135,36.585641914209475
374.08500919110924,684.9538468104805,23.712916055506135,36.585641914209475
371.0335383286234,685.8927609220146,23.712916055506135,36.585641914209475
379.0143082766633,683.0760185874124,23.712916055506135,36.585641914209475
381.5786793302557,689.0846747710223,21.400916282923767,33.018556550796674
379.30100756140274,686.5692391132126,23.837833911858713,36.778372321153455
379.30100756140274,688.6929246540666,23.83783391185871,36.778372321153455
380.2448678017823,685.8613439329279,23.83783391185871,36.778372321153455
381.1887280421618,681.8499379113148,23.83783391185871,36.778372321153455
382.4271392515957,684.0033364105389,26.552242815078596,40.966317486121284
378.8127154310612,681.9337579803371,29.575740862938176,45.63114304567607
382.0331110615814,684.5686271325808,29.575740862938176,45.63114304567607
383.2041640181342,683.397574176028,29.575740862938176,45.63114304567607
386.13179640951614,683.1048109368899,29.575740862938176,45.63114304567607
388.76666556175985,682.5192844586135,29.575740862938176,45.63114304567607
394.0143990865166,685.3293199786569,26.692118031017824,41.182124962141806
391.1735915768564,681.3993065771346,29.731543638943855,45.8715244715134
391.4678970706952,671.3929197866148,29.731543638943855,45.8715244715134
390.2906750953399,672.2758362681312,29.731543638943855,45.8715244715134
394.9995629967609,671.098614292776,29.731543638943855,45.8715244715134
393.233730033728,672.2758362681312,29.731543638943855,45.8715244715134
394.11664651524444,674.9245857126806,29.731543638943855,45.8715244715134
398.82553441666545,672.8644472558088,29.731543638943855,45.8715244715134
400.29706188585953,671.9815307742924,29.731543638943855,45.8715244715134
405.888866268797,672.57014176197,29.731543638943855,45.8715244715134
403.90179860834473,670.2527570558909,33.11706797217079,51.09490487134925
402.26270862996955,673.5309370126413,33.11706797217079,51.09490487134924
401.3606459948766,662.4264043323548,36.88810121640692,56.913070448170714
412.31504275655425,645.2645160723931,36.88810121640692,56.913070448170714
407.29365030170857,642.3893232255868,41.088541186536915,63.393749259228414
406.1744558800889,644.0674414062422,45.76728433196881,70.61238154075191
400.28494257572754,646.3326388309965,45.76728433196881,70.61238154075191
391.2241528767101,634.100572737323,45.76728433196881,70.61238154075191
395.3015082412679,628.2110594329616,45.76728433196881,70.61238154075191
455.1027202547831,626.851940978109,45.76728433196881,70.61238154075191
450.1192859203235,633.6475332523721,45.76728433196881,70.61238154075191
445.13585158586386,644.0674414062422,45.76728433196881,70.61238154075191
439.6993777664534,649.0508757407018,45.76728433196881,70.61238154075191
435.62202240189555,655.393428530014,45.76728433196881,70.61238154075191
431.0916275523868,662.1890208042771,45.76728433196881,70.61238154075191
427.8862996350564,674.2391104101243,41.30499252780858,63.72770275719041
425.024221412657,677.5100569500092,41.30499252780858,63.7277027571904
427.06856300008513,680.3721351724085,41.30499252780858,63.7277027571904
422.9798798252289,677.9189252674948,41.30499252780858,63.7277027571904
422.9798798252289,661.9730608855557,41.30499252780858,63.7277027571904
431.9442512969956,668.3507201118292,37.277772378786224,57.51427738441306
450.02543852954074,660.2326360482375,37.277772378786224,57.51427738441306
452.23946145597483,663.5536704378886,37.277772378786224,57.51427738441306
450.3944423506131,666.8747048275397,37.277772378786224,57.51427738441306
459.98854169849415,663.9226742589609,37.277772378786224,57.51427738441306
455.9294996666983,667.6127124696844,37.277772378786224,57.51427738441306
454.4534843824089,672.0407583225526,37.277772378786224,57.51427738441306
453.68774153748933,678.1656021619093,33.64320457361244,51.906658485002076
454.02076763450594,676.8334977738427,33.64320457361244,51.906658485002076
453.35471544047266,679.8307326469925,33.64320457361244,51.906658485002076
454.99481489389,681.029067415627,30.363005666777738,46.84578017159997
456.7981520133567,677.7229493632714,30.363005666777738,46.84578017159997
461.0059386254456,667.8045952062047,30.363005666777738,46.84578017159997
454.99481489389007,659.9901343551825,30.363005666777738,46.84578017159997
436.0371846233384,670.689429936612,27.40262483330335,42.27833545709663
462.34863631929767,677.1994798407668,27.40262483330335,42.27833545709663
462.41598336474095,638.4445888306025,30.522955694494136,47.09256021436242
435.82770789813094,648.4151921305812,30.522955694494136,47.09256021436242
436.1298473920697,643.2788207336224,30.522955694494136,47.09256021436242
432.5041734648047,645.6959366851324,30.522955694494136,47.09256021436242
426.4613835860297,653.5515635275399,30.522955694494136,47.09256021436242
431.5977549829884,653.2494240336011,30.522955694494136,47.09256021436242
431.2956154890497,654.1558425154174,30.522955694494136,47.09256021436242
435.5255684041922,659.2922139123762,30.522955694494136,47.09256021436242
434.6191499223759,662.3136088517637,30.522955694494136,47.09256021436242
432.5041734648047,662.6157483457024,30.522955694494136,47.09256021436242
436.4092773647186,664.3072221925053,27.54697979768637,42.50105454500186
435.11357411497534,658.6152571486588,30.68374832691336,47.340640275809214
444.225508376286,656.1854080123093,30.68374832691336,47.34064027580922
443.8989480809041,647.8626647285383,27.692095213152772,42.72494690029288
444.995417992606,653.3450142870478,27.692095213152772,42.72494690029288
441.43189077957487,658.8273638455572,27.692095213152772,42.72494690029288
445.337593943254,652.0089440467257,30.845388002813532,47.590027204340906
444.11626924393,652.6196063963877,30.845388002813532,47.590027204340906
438.00964574731,662.6955351658107,30.845388002813532,47.590027204340906
441.978951020113,667.2755027882757,30.845388002813532,47.590027204340906
443.505606894268,654.7569246202047,30.845388002813532,47.590027204340906
453.27620448886,655.6729181446977,30.845388002813532,47.590027204340906
456.32951623717,661.4742104664867,30.845388002813532,47.590027204340906
453.27620448886,667.8861651379377,30.845388002813532,47.590027204340906
452.360210964367,673.9927886345578,30.845388002813532,47.590027204340906
447.780243341902,674.2981198093888,30.845388002813532,47.590027204340906
429.765704026873,670.3288145365858,30.845388002813532,47.590027204340906
425.491067579239,663.0008663406418,30.845388002813532,47.590027204340906
403.7896047506389,683.3354099060142,27.837975085701608,42.95001870365393
404.6162892751187,674.5174416448966,27.837975085701608,42.95001870365393
396.90056704664073,680.304233316255,27.837975085701608,42.95001870365393
406.82078134039807,687.1932710202532,27.837975085701608,42.95001870365393
404.1335832584312,682.8189858727433,31.00787918435593,47.840727884434884
410.65552325264184,674.570265836653,34.53873956534512,53.288341043675345
422.96359152519676,673.8864842659555,34.53873956534512,53.288341043675345
432.5365335149617,662.6040883494468,34.53873956534512,53.288341043675345
436.6392229391467,656.1081634278206,34.53873956534512,53.288341043675345
434.24598744170544,663.629760705493,34.53873956534512,53.288341043675345
435.95544136844916,667.732450129678,34.53873956534512,53.288341043675345
431.1689703735667,674.570265836653,34.53873956534512,53.288341043675345
439.4592345961376,662.9890303673301,38.47165824112826,59.35627271488363
449.7414235703694,661.8465649257489,38.47165824112826,59.35627271488363
448.9797799426485,660.7040994841675,38.47165824112826,59.35627271488363
450.8838890119507,664.1314958089115,38.47165824112826,59.35627271488363
455.8345725921364,660.7040994841675,38.47165824112826,59.35627271488363
445.93320543176503,653.8493068346797,38.47165824112826,59.35627271488363
422.79762603936473,650.8506857907082,42.852417501280726,66.11515843054742
421.94925421931686,638.9734803100383,42.852417501280726,66.11515843054742
422.3734401293408,630.4897621095598,42.852417501280726,66.11515843054742
399.04321507802484,627.9446466494163,42.852417501280726,66.11515843054742
339.7625054581492,588.5487709348307,47.732012854619704,73.643676975699
330.7852359988776,587.6037952022758,47.732012854619704,73.643676975699
328.89528453376784,594.2186253301601,47.732012854619704,73.643676975699
324.64289373727075,599.8884797254894,47.732012854619704,73.643676975699
323.69791800471586,606.0308219870963,47.732012854619704,73.643676975699
319.4455272082188,613.118139981258,47.732012854619704,73.643676975699
313.3031849466119,619.7329701091422,47.732012854619704,73.643676975699
311.4132334815021,627.765263835859,47.732012854619704,73.643676975699
306.21586695245014,635.7975575625757,47.732012854619704,73.643676975699
301.4909882896756,643.8298512892924,47.732012854619704,73.643676975699
296.29362176062364,650.9171692834541,47.732012854619704,73.643676975699
289.2063037664619,659.4219508764482,47.732012854619704,73.643676975699
284.9539129699648,664.6193174055002,47.732012854619704,73.643676975699
277.866594975803,669.8166839345521,47.732012854619704,73.643676975699
271.2517648479187,669.3441960682746,47.732012854619704,73.643676975699
264.2817571500653,655.7015440949186,53.16724665733242,82.0294662713129
268.4525195935065,652.8586946463951,47.98346150442877,74.0316263211187
265.60265821281604,655.7085560270856,47.98346150442877,74.0316263211187
273.67726545810575,656.6585098206491,47.98346150442877,74.0316263211187
287.56952374289307,641.5190586935548,53.447327709576534,82.46159132334668
295.6368166609451,630.4753681240547,59.53336315745392,91.85147458578606
297.4047365567345,632.2432880198442,59.53336315745392,91.85147458578606
298.53905613581423,639.0782554516472,53.7288842077156,82.89599277761837
294.81610982850793,644.3967501763705,53.728884207715595,82.89599277761837
290.56131404872934,651.8426427909831,53.728884207715595,82.89599277761837
289.4976151037847,657.1611375157063,53.728884207715595,82.89599277761837
285.7746687964784,661.4159332954849,53.728884207715595,82.89599277761837
278.32877618186586,642.8012017589535,53.728884207715595,82.89599277761837
279.92432459928284,639.6101049241196,53.728884207715595,82.89599277761837
287.3702172138954,640.6738038690643,53.728884207715595,82.89599277761837
323.0041318695412,625.2501691673668,53.728884207715595,82.89599277761837
320.3448845071796,630.0368144196177,53.728884207715595,82.89599277761837
321.4085834521242,635.8871586168133,53.728884207715595,82.89599277761837
317.15378767234563,640.1419543965919,53.728884207715595,82.89599277761837
312.89899189256704,645.9922985937875,53.728884207715595,82.89599277761837
310.2397445302054,653.9700406808723,53.728884207715595,82.89599277761837
307.04864769537147,659.8203848780679,53.728884207715595,82.89599277761837
326.1952287043752,634.8234596718686,53.728884207715595,82.89599277761837
324.59968028695823,636.9508575617579,53.728884207715595,82.89599277761837
323.00413186954125,643.3330512314258,53.728884207715595,82.89599277761837
320.30490943884064,652.6927089240696,48.490339619670344,74.81366684177713
316.94494889826507,657.9726469164027,48.490339619670344,74.81366684177713
312.1450052688714,662.292596182857,48.490339619670344,74.81366684177713
309.26503909123517,635.8929062211917,48.490339619670344,74.81366684177713
303.144286398351,629.7134208773009,54.01192392428749,83.33268262604359
297.26312302841734,637.1985378935801,54.01192392428749,83.33268262604359
293.52056452027773,646.8222597716534,54.01192392428749,83.33268262604359
286.0354475039985,655.9113304342782,54.01192392428749,83.33268262604359
288.1740523657926,659.1192377269692,54.01192392428749,83.33268262604359
278.01567927227075,653.7727255724841,54.01192392428749,83.33268262604359
271.19795781681347,645.8202811610744,60.16224981892283,92.821756863481
276.7056042171462,634.5801663271616,67.01291197010862,103.39134989673906
289.30915751456143,640.5502705206741,67.01291197010862,103.39134989673906
295.9426066184642,640.5502705206741,67.01291197010862,103.39134989673906
289.9725024249517,641.2136154310643,67.01291197010862,103.39134989673906
296.60595152885446,622.6399579401366,67.01291197010862,103.39134989673906
296.60595152885446,623.3033028505268,67.01291197010862,103.39134989673906
343.7034401665641,605.3929902699894,67.01291197010862,103.39134989673906
348.2969959618269,609.769952863086,60.47918002114412,93.31073488976526
348.2519985755963,622.1015300448798,54.58248430782271,84.21297578921222
346.09080234653516,628.044819674798,54.58248430782271,84.21297578921222
343.929606117474,636.1493055337772,54.58248430782271,84.21297578921222
341.22811083114755,643.173193278226,54.58248430782271,84.21297578921222
337.9863164875558,648.0358847936136,54.58248430782271,84.21297578921222
335.8251202584947,655.6000715953277,54.58248430782271,84.21297578921222
332.58332591490296,661.5433612252458,54.58248430782271,84.21297578921222
345.0102042320046,631.826913075655,54.58248430782271,84.21297578921222
349.3325966901269,635.0687074192468,54.58248430782271,84.21297578921222
348.2519985755963,641.5522961064303,54.58248430782271,84.21297578921222
347.17140046106573,648.576183850879,54.58248430782271,84.21297578921222
348.7922976328616,655.0597725380625,54.58248430782271,84.21297578921222
349.8728957473922,654.5194734807972,54.58248430782271,84.21297578921222
349.8728957473922,658.3015668816541,54.58248430782271,84.21297578921222
349.3325966901269,659.92246405345,54.58248430782271,84.21297578921222
328.801232514046,646.4149876218178,54.58248430782271,84.21297578921222
323.3576317822116,664.5681287354532,49.260714053532766,76.00224453973631
323.3209810972075,667.2979826306778,44.45781425738696,68.59205628282564
320.68051698833233,664.2174411703234,44.45781425738696,68.59205628282564
303.9245003741573,670.6418315726561,40.12319525852617,61.904358398868986
302.7329904137241,669.4503216122229,40.12319525852617,61.90435839886898
316.2069177266748,675.2483365357065,36.211199867666146,55.86870836725637
334.4607257887717,675.8212483893554,32.680622453103965,50.421531784789
340.9306802901736,679.7032210901966,32.680622453103965,50.421531784789
347.7241325166456,679.0562256400565,32.680622453103965,50.421531784789
341.2541780152437,670.3217870631639,32.680622453103965,50.421531784789
341.8768586087628,673.750319767271,29.49427491564527,45.505452726995586
343.33664274407033,663.8237876471798,29.49427491564527,45.505452726995586
337.20554937577873,667.0353127448564,29.49427491564527,45.505452726995586
334.57793793222515,657.6926942788882,29.49427491564527,45.505452726995586
323.1916216768264,657.1087806247652,29.49427491564527,45.505452726995586
319.39618292502684,657.4007374518268,29.49427491564527,45.505452726995586
315.3812750105828,660.6490260476452,32.85278151154932,50.68714861781897
312.5351998488432,654.8363418361196,36.593720514657505,56.458883079757314
306.7394789844295,663.1676905787143,36.593720514657505,56.458883079757314
309.2751068626105,667.1522486729988,36.593720514657505,56.458883079757314
355.0063445418308,642.5660476878044,40.760639419043045,62.88784367509499
356.6202641228773,646.6008466404205,40.760639419043045,62.887843675094985
351.77850537973785,655.4774043361762,40.760639419043045,62.887843675094985
349.730779397113,667.8232116523229,36.786493479060375,56.75630422483601
352.27976477204004,671.4646193307901,36.786493479060375,56.75630422483601
370.82357424806736,675.3239000450226,33.19982516890365,51.22258740345135
366.222653594739,681.8966438354917,33.19982516890365,51.22258740345135
366.87992797378587,679.5961835088275,33.19982516890365,51.22258740345135
369.26198304358,676.3511939399732,36.98028195692517,57.055292162113126
368.2546918601764,669.8082258508566,41.191218527698204,63.55216572844867
380.48695473004403,666.5462890855586,41.191218527698204,63.55216572844867
387.0108282606401,663.6920944159227,41.191218527698204,63.55216572844867
383.4423844778129,652.326659033329,45.881653519379114,70.78883685847066
338.13798733281584,600.1541149640062,51.106187311667036,78.8495461380006
329.49986727645376,596.4096941967066,46.123354615530104,71.16174712110362
325.84735415504394,604.6278487198787,46.123354615530104,71.16174712110362
318.9988920524005,611.476310822522,46.123354615530104,71.16174712110362
315.3463789309907,617.4116446448129,46.123354615530104,71.16174712110362
313.97668651046206,626.5429274483374,46.123354615530104,71.16174712110362
311.2373016694047,633.847953691157,46.123354615530104,71.16174712110362
309.86760924887597,642.0661082143291,46.123354615530104,71.16174712110362
307.5847885479949,649.8276985973249,46.123354615530104,71.16174712110362
304.84540370693753,656.6761606999682,46.123354615530104,71.16174712110362
303.4757112864088,663.5246228026116,46.123354615530104,71.16174712110362
300.73632644535144,668.0902642043739,46.123354615530104,71.16174712110362
309.86760924887597,637.0439026723905,46.123354615530104,71.16174712110362
308.49791682834734,642.5226723545052,46.123354615530104,71.16174712110362
307.5847885479949,648.9145703169723,46.123354615530104,71.16174712110362
303.0191471462326,654.8499041392632,46.123354615530104,71.16174712110362
302.56258300605634,661.2418021017304,46.123354615530104,71.16174712110362
300.27976230517527,666.7205717838451,46.123354615530104,71.16174712110362
291.2618362212419,636.6448295492524,51.3754108584625,79.26491961019931
287.19341223425005,635.1191705541305,51.3754108584625,79.26491961019931
289.227624227746,639.6961475394963,51.3754108584625,79.26491961019931
281.0907762537623,646.307336518358,51.3754108584625,79.26491961019931
273.46248127815255,637.1533825476264,51.3754108584625,79.26491961019931
290.8795478471805,621.4522771045332,57.22551759032524,88.2907985679304
302.77524599194106,624.8510480030362,57.22551759032524,88.2907985679304
300.50939872627237,627.1168952687049,57.22551759032524,88.2907985679304
297.67708964418654,630.5156661672079,57.22551759032524,88.2907985679304
294.2783187456835,639.0125934134654,57.22551759032524,88.2907985679304
292.578933296432,645.2436733940543,57.22551759032524,88.2907985679304
288.0472387650947,650.3418297418089,57.22551759032524,88.2907985679304
286.91431513226036,653.1741388238947,57.22551759032524,88.2907985679304
280.1167733352543,654.8735242731462,57.22551759032524,88.2907985679304
273.8856933546655,656.5729097223978,57.22551759032524,88.2907985679304
275.585078803917,639.5790552298827,57.22551759032524,88.2907985679304
279.5503115188372,636.1802843313797,57.22551759032524,88.2907985679304
281.2496969680887,639.5790552298827,57.22551759032524,88.2907985679304
300.5093987262724,614.0882734911102,57.22551759032524,88.2907985679304
303.2991311941192,616.6930467065365,51.64605265463172,79.68248123857468
298.69804303861093,619.7604388102087,51.64605265463172,79.68248123857468
297.16434698677483,624.8727589829956,51.64605265463172,79.68248123857468
295.11941891766,628.9626151212252,51.64605265463172,79.68248123857468
290.5183307621518,635.6086313458483,51.64605265463172,79.68248123857468
287.45093865847963,640.2097195013565,51.64605265463172,79.68248123857468
283.3610825202501,645.8332716914222,51.64605265463172,79.68248123857468
280.80492243385663,649.411895812373,51.64605265463172,79.68248123857468
276.7150662956271,654.5242159851599,51.64605265463172,79.68248123857468
273.64767419195493,659.1253041406682,51.64605265463172,79.68248123857468
271.60274612284013,663.2151602788978,51.64605265463172,79.68248123857468
275.181370243791,634.5861673112909,51.64605265463172,79.68248123857468
276.7150662956271,633.5637032767335,51.64605265463172,79.68248123857468
276.2038342783484,636.1198633631269,51.64605265463172,79.68248123857468
274.1589062092336,640.7209515186352,51.64605265463172,79.68248123857468
271.09151410556143,643.2771116050286,51.64605265463172,79.68248123857468
269.5193926422404,651.7627046875385,46.610583304814675,71.91347138457124
265.3669087302704,654.0696401941885,46.610583304814675,71.91347138457124
257.95003615966164,617.8961167396757,42.066070190172226,64.90193686483717
256.2844279811531,626.2241576322182,42.066070190172226,64.90193686483717
250.45479935637331,632.4701883016251,42.066070190172226,64.90193686483717
247.1235829993563,637.0506107925235,42.066070190172226,64.90193686483717
242.12675846383075,641.2146312387947,42.066070190172226,64.90193686483717
237.9627380175595,645.7950537296931,42.066070190172226,64.90193686483717
233.3823155266611,652.4574864437271,42.066070190172226,64.90193686483717
227.96908894650846,657.0379089346255,42.066070190172226,64.90193686483717
220.05745009859305,664.5331457379139,42.066070190172226,64.90193686483717
213.39501738455903,669.9463723180666,42.066070190172226,64.90193686483717
207.9817908044064,673.2775886750836,42.066070190172226,64.90193686483717
213.36371961883393,660.2018652974875,37.96464527535121,58.57402413911331
205.44361010283498,667.5669733424393,34.263107639181776,52.86308035759476
210.1918832874775,665.192836750118,34.263107639181776,52.86308035759476
209.8272286686174,660.3083291333653,30.922468432922727,47.70895129650936
206.43718597120784,676.4083688164013,27.907540204894765,43.057347744694795
207.81843655502715,679.4471201008038,27.907540204894765,43.057347744694795
206.98968620473556,684.6958723193171,27.907540204894765,43.057347744694795
216.3821901747069,687.7346236037196,27.907540204894765,43.057347744694795
208.43952475740178,683.9019076623644,31.085365668367285,47.96027845976669
202.66949634426192,677.1711079456866,34.62504941824382,53.42150481671906
194.78635798402283,678.8848336761733,34.62504941824382,53.42150481671905
230.51695067485926,629.9154365987538,38.56779617798837,59.50459981746779
232.04404451677735,640.223320031701,38.56779617798837,59.50459981746779
230.13517721437972,657.4031257532796,38.56779617798837,59.50459981746779
224.40857530718685,667.7110091862268,38.56779617798837,59.50459981746779
230.51695067485926,670.7651968700629,38.56779617798837,59.50459981746779
234.3346852796545,673.8193845538991,38.56779617798837,59.50459981746779
240.82483410780645,666.1839153443086,38.56779617798837,59.50459981746779
257.241092908426,648.6223361622505,38.56779617798837,59.50459981746779
269.07607018329134,645.9499219388938,38.56779617798837,59.50459981746779
263.0624823455599,648.6704094614646,42.959502643860745,66.2803755076709
266.8896956294674,659.7268033927529,42.959502643860745,66.2803755076709
269.4411711520724,661.8530329949238,42.959502643860745,66.2803755076709
278.37133548118993,657.175327870148,42.959502643860745,66.2803755076709
269.4411711520724,658.4510656314504,42.959502643860745,66.2803755076709
283.0490406059658,637.6140155301762,42.959502643860745,66.2803755076709
283.0490406059658,646.5441798592936,42.959502643860745,66.2803755076709
279.64707324249247,653.3481145862403,42.959502643860745,66.2803755076709
275.3946140381508,662.703524835792,42.959502643860745,66.2803755076709
275.3946140381508,667.3812299605678,42.959502643860745,66.2803755076709
271.5674007542433,675.8861483692511,42.959502643860745,66.2803755076709
282.1985487650975,647.8199176205961,42.959502643860745,66.2803755076709
279.64707324249247,651.6471309045037,42.959502643860745,66.2803755076709
277.52084364032163,657.6005737905821,42.959502643860745,66.2803755076709
276.6703517994533,662.7035248357921,42.959502643860745,66.2803755076709
272.4178925951116,669.0822136423046,42.959502643860745,66.2803755076709
266.0392037885991,670.7831973240413,42.959502643860745,66.2803755076709
260.93625274338905,658.8763115518847,42.959502643860745,66.2803755076709
261.7867445842574,658.4510656314505,42.959502643860745,66.2803755076709
266.0392037885991,660.5772952336214,42.959502643860745,66.2803755076709
274.11887627684825,658.4510656314505,42.959502643860745,66.2803755076709
271.14215483380906,663.9792625970947,42.959502643860745,66.2803755076709
270.2916629929407,659.726803392753,42.959502643860745,66.2803755076709
258.06511226547195,659.3551048675384,47.85129175882658,73.82770728504677
254.74943220659267,660.7761106070582,47.85129175882658,73.82770728504677
306.85297598898205,597.3045209085111,47.85129175882658,73.82770728504677
305.4319702494623,602.51487528675,47.85129175882658,73.82770728504677
300.6952844510633,608.1988982448288,47.85129175882658,73.82770728504677
298.3269415518638,615.3039269424273,47.85129175882658,73.82770728504677
293.59025575346476,623.8299613795456,47.85129175882658,73.82770728504677
292.64291859378494,631.8823272368239,47.85129175882658,73.82770728504677
286.9588956357061,641.355698833622,47.85129175882658,73.82770728504677
286.9588956357061,648.9343961110604,47.85129175882658,73.82770728504677
299.74794729138347,621.9352870601859,47.85129175882658,73.82770728504677
296.43226723250416,625.2509671190653,47.85129175882658,73.82770728504677
293.11658717362485,635.6716758755432,47.85129175882658,73.82770728504677
292.16925001394503,642.7767045731417,47.85129175882658,73.82770728504677
285.0642213163465,649.4080646909003,47.85129175882658,73.82770728504677
281.2748726776273,653.6710819094595,47.85129175882658,73.82770728504677
282.2222098373071,664.0917906659374,47.85129175882658,73.82770728504677
275.2347845861013,658.4674125331914,53.30010782411997,82.23445207149943
278.9280204038356,638.4184180940623,53.30010782411997,82.23445207149943
274.1795743524629,641.0564436781582,53.30010782411997,82.23445207149943
284.7316766888466,641.5840487949773,53.30010782411997,82.23445207149943
286.3144920393042,645.2772846127116,53.30010782411997,82.23445207149943
282.62125622156987,651.6085460145418,53.30010782411997,82.23445207149943
274.1795743524629,656.8845971827337,53.30010782411997,82.23445207149943
274.7071794692821,638.9460232108814,53.30010782411997,82.23445207149943
266.7931027169943,634.7251822763279,53.30010782411997,82.23445207149943
272.0691538851862,631.5595515754128,53.30010782411997,82.23445207149943
269.43112830109027,635.7803925099663,53.30010782411997,82.23445207149943
328.4832453323421,612.8814445437977,48.10336876092208,74.21662608827982
317.5314772364921,620.9762296581216,48.10336876092208,74.21662608827982
318.00764106674643,627.1663594514281,48.10336876092208,74.21662608827982
313.24600276420296,634.3088169052432,48.10336876092208,74.21662608827982
314.16254082137425,641.7361731355196,43.41330966505337,66.98053491179667
312.44358862766234,649.9011960556511,43.41330966505337,66.98053491179667
307.28673204652665,655.4877906852148,43.41330966505337,66.98053491179667
308.1462081433826,662.3635994600625,43.41330966505337,66.98053491179667
315.8814930150861,639.1577448449518,43.41330966505337,66.98053491179667
313.73280277294623,643.0253872808036,43.41330966505337,66.98053491179667
312.0138505792343,649.4714580072232,43.41330966505337,66.98053491179667
307.71647009495456,655.4877906852148,43.41330966505337,66.98053491179667
306.85699399809863,663.6528136053463,43.41330966505337,66.98053491179667
301.2703993685349,652.4796243462189,43.41330966505337,66.98053491179667
305.99751790124265,643.4551253292314,43.41330966505337,66.98053491179667
305.9652177698278,657.8936021877631,39.180529443603334,60.44995971298803
308.2630994581061,668.5973007932101,35.36044359033967,54.556112967952664
308.9368400526595,678.957442369063,31.912814570445512,49.23691390868739
310.2004295609606,680.2210318773641,31.912814570445512,49.23691390868739
310.83222431511115,676.4302633524608,31.912814570445512,49.23691390868739
304.8301741506809,669.7964184338799,31.912814570445512,49.23691390868739
295.0373554613473,660.6353944986969,31.912814570445512,49.23691390868739
290.9306895593687,635.0477069555994,31.912814570445512,49.23691390868739
284.6127420178632,636.3112964639006,31.912814570445512,49.23691390868739
284.2968446407879,634.4159122014489,31.912814570445512,49.23691390868739
286.27066057853256,641.4054326134519,35.54671974476294,54.84351046334856
333.0691766519528,594.2550479981263,35.54671974476294,54.84351046334856
333.42104519385816,600.2368132105183,35.54671974476294,54.84351046334856
342.92149582530436,609.7372638419646,35.54671974476294,54.84351046334856
344.6808385348314,613.9596863448296,35.54671974476294,54.84351046334856
342.92149582530436,618.1821088476946,35.54671974476294,54.84351046334856
340.45841603196646,623.8120055181813,35.54671974476294,54.84351046334856
337.6434676967231,628.7381651048571,35.54671974476294,54.84351046334856
336.23599352910145,632.9605876077221,35.54671974476294,54.84351046334856
333.4210451938581,637.1830101105871,35.54671974476294,54.84351046334856
330.9579654005202,641.7573011553575,35.54671974476294,54.84351046334856
329.19862269099315,646.3315922001278,35.54671974476294,54.84351046334856
327.4392799814661,650.2021461610874,35.54671974476294,54.84351046334856
326.0318058138444,654.4245686639524,35.54671974476294,54.84351046334856
320.48927181626135,654.820744847562,39.59441690182075,61.08852893423776
318.92152887481694,659.9159094072563,39.59441690182075,61.08852893423776
320.06787726103397,663.2858986361808,35.73397718794233,55.13242194711104
316.5306556721263,667.8842867017609,35.73397718794233,55.13242194711104
315.8232113543447,668.9454531784331,35.73397718794233,55.13242194711104
314.0546005598909,670.3603418139962,35.73397718794233,55.13242194711104
309.8099346532017,674.2512855617947,35.73397718794233,55.13242194711104
307.6876016998571,676.0198963562485,35.73397718794233,55.13242194711104
303.79665795205864,678.8496736273746,35.73397718794233,55.13242194711104
301.67432499871404,658.3337884117101,35.73397718794233,55.13242194711104
299.19826988647867,659.0412327294916,35.73397718794233,55.13242194711104
296.7222147742433,662.2247321595086,35.73397718794233,55.13242194711104
291.77010454977255,666.4693980661978,35.73397718794233,55.13242194711104
288.9403272786464,672.4826747673408,35.73397718794233,55.13242194711104
285.7568278486295,671.7752304495592,35.73397718794233,55.13242194711104
281.865884100831,675.6661741973577,35.73397718794233,55.13242194711104
278.3286625119233,671.4215082906685,35.73397718794233,55.13242194711104
276.5600517174695,666.4693980661978,35.73397718794233,55.13242194711104
273.0228301285618,671.4215082906685,35.73397718794233,55.13242194711104
282.9270505775033,667.8842867017609,35.73397718794233,55.13242194711104
275.5867081336837,661.5618288927516,39.80299730885834,61.410338705095754
260.6146920481019,662.743830162666,39.80299730885834,61.410338705095754
253.22650727168957,659.2474392836285,44.33535585575863,68.4031204631705
248.06908767397263,659.3027016278389,49.38381307327557,76.19216874162521
250.02444225235203,664.1910880737875,49.38381307327557,76.19216874162521
251.49095818613657,662.235733495408,49.38381307327557,76.19216874162521
260.77889243343884,656.3696697602697,49.38381307327557,76.19216874162521
251.00211954154176,645.615219579183,49.38381307327557,76.19216874162521
241.2253466496447,643.1710263562087,49.38381307327557,76.19216874162521
235.35928291450645,655.39199247108,49.38381307327557,76.19216874162521
230.95973511315276,654.4143151818903,49.38381307327557,76.19216874162521
231.4485737577476,641.2156717778292,49.38381307327557,76.19216874162521
228.0267032455836,635.349608042691,49.38381307327557,76.19216874162521
235.84812155910126,635.8384466872858,49.38381307327557,76.19216874162521
232.91508969153213,642.6821877116138,49.38381307327557,76.19216874162521
256.86818327668,639.2603171994498,49.38381307327557,76.19216874162521
264.68960159019764,646.1040582237778,49.38381307327557,76.19216874162521
267.62263345776677,654.9031538264851,49.38381307327557,76.19216874162521
272.4742776312569,662.0393772337308,44.568911172243794,68.76346295146189
272.9154547047279,663.8040855276149,44.568911172243794,68.76346295146189
264.0919132353073,667.7746791888542,44.568911172243794,68.76346295146189
257.8822742910329,668.9209988040836,40.22346026889338,62.059052986292684
256.25969750838215,676.3261524997636,36.30168907987238,56.00832029466028
251.94759585839955,678.8415451289201,36.30168907987238,56.00832029466028
256.23268852572437,672.2290525652269,32.76228900353582,50.54753160545529
266.28617833468337,668.3373790907912,32.76228900353582,50.54753160545529
266.610484457553,667.3644607221822,32.76228900353582,50.54753160545529
266.610484457553,667.6887668450519,32.76228900353582,50.54753160545529
261.42158649163866,668.0130729679215,32.76228900353582,50.54753160545529
264.6646477203351,664.7700117392251,32.76228900353582,50.54753160545529
265.3937793827277,661.2434813417577,36.49292364466486,56.30336790891153
273.34094475686396,663.772124869892,36.49292364466486,56.30336790891153
284.2676765937813,655.8704465448335,40.648364831639654,62.71462002595834
284.6700451095501,659.0893946709836,40.648364831639654,62.71462002595834
285.4747821410876,655.4680780290647,40.648364831639654,62.71462002595834
320.48084301296984,642.1899170086956,40.648364831639654,62.71462002595834
320.8832115287386,649.4325502925333,40.648364831639654,62.71462002595834
317.2618948868198,655.8704465448335,40.648364831639654,62.71462002595834
316.0547893395135,660.6988687340587,40.648364831639654,62.71462002595834
313.6405782449009,667.5391335021276,40.648364831639654,62.71462002595834
310.4216301187508,673.1722927228902,40.648364831639654,62.71462002595834
315.2500523079759,651.0420243556083,40.648364831639654,62.71462002595834
313.6405782449009,653.8586039659897,40.648364831639654,62.71462002595834
311.2263671502883,658.6870261552149,40.648364831639654,62.71462002595834
309.61689308721327,661.1012372498275,40.648364831639654,62.71462002595834
316.4269148828853,674.6201437669047,36.68516561874596,56.5999698117795
313.521812903628,676.7989702513477,36.68516561874596,56.5999698117795
323.3265320836213,655.7369809017324,36.68516561874596,56.5999698117795
320.42143010436405,656.1001186491395,36.68516561874596,56.5999698117795
317.48903383034775,668.3009372212385,33.10837673419235,51.08149553275392
315.498008939305,676.034861260823,29.880323326469426,46.101070275124265
312.83600488142383,678.6968653187042,29.88032332646943,46.101070275124265
305.44154916508717,681.9504258338924,29.88032332646943,46.101070275124265
302.779545107206,682.8377605198527,29.88032332646943,46.101070275124265
306.62466207970107,671.8939660596745,29.88032332646943,46.101070275124265
300.9826443417884,668.8173758435581,26.967003826928426,41.60623447583242
303.09810026333327,682.857970069984,24.337731806180507,37.54964335810706
297.3161779264769,676.1123940103183,24.337731806180507,37.54964335810706
286.53488804585083,674.9381629189946,27.10906397264928,41.82541298637317
282.77804138507423,676.279893869272,27.10906397264928,41.82541298637317
284.924810905518,681.1101252902705,27.10906397264928,41.82541298637317
292.68668088074236,681.8073748071424,24.465941144863084,37.74745205207447
296.78558112281206,685.3428333109077,22.08052172910959,34.06709066776908
298.5884068614504,680.1246795928027,24.594825880688518,37.946302787347996
286.4759360226279,674.0688775148852,27.395433292860822,42.267239937556695
292.9638948310279,681.2818339047708,24.724389571598095,38.146201053322784
287.39561973988816,674.9493894533184,27.539750372750262,42.489900575100414
297.5498535396608,667.8958709453168,30.675695688950253,47.328216205808964
326.70039090526836,662.1264937583736,30.675695688950256,47.328216205808964
325.4857851817014,666.377613790858,30.675695688950256,47.328216205808964
322.4492708727839,672.4506424086929,30.675695688950256,47.328216205808964
320.02005942564995,677.3090653029609,30.675695688950256,47.328216205808964
320.70275351306003,653.6624897878564,34.16873040839797,52.71746977295686
319.3498409029637,652.9860334828084,34.16873040839797,52.71746977295686
316.305787530247,659.7505965332898,34.16873040839797,52.71746977295686
315.6293312251989,664.1475625161027,34.16873040839797,52.71746977295686
313.9381904625785,668.5445284989157,34.16873040839797,52.71746977295686
311.57059339491,673.2797226342527,34.16873040839797,52.71746977295686
310.8941370898619,677.0002323120175,34.16873040839797,52.71746977295686
309.2029963272415,679.70605753221,34.16873040839797,52.71746977295686
306.4971711070489,682.4118827524028,34.16873040839797,52.71746977295686
303.45311773433224,676.3237760069694,34.16873040839797,52.71746977295686
304.1295740393804,666.5151595837713,34.16873040839797,52.71746977295686
306.83539925957297,665.838703278723,34.16873040839797,52.71746977295686
312.55985582198093,658.9382810518897,30.837292944159948,47.577537685275345
315.61236625964807,664.4327998396906,30.837292944159948,47.577537685275345
312.55985582198093,667.4853102773577,30.837292944159948,47.577537685275345
308.5915922530137,674.2008332402254,30.837292944159948,47.577537685275345
307.3705880779468,669.6220675837247,30.837292944159948,47.577537685275345
312.55985582198093,669.316816539958,30.837292944159948,47.577537685275345
309.2020943405471,668.4010634086579,30.837292944159948,47.577537685275345
301.03610453977257,637.6091455075384,34.34872870750699,52.99518143443936
344.30178187354227,589.0305423447019,38.2600108887105,59.02973108543905
343.9230551065899,587.1369085099401,38.2600108887105,59.02973108543905
342.029421271828,592.0603564803208,38.2600108887105,59.02973108543905
341.6506945048757,596.9838044507015,38.2600108887105,59.02973108543905
340.5145142040186,601.9072524210823,38.2600108887105,59.02973108543905
337.863426835352,607.2094271584153,38.2600108887105,59.02973108543905
335.96979300059024,613.2690554296531,38.2600108887105,59.02973108543905
333.697432398876,618.5712301669862,38.2600108887105,59.02973108543905
331.4250717971619,623.8734049043193,38.2600108887105,59.02973108543905
329.5314379624,630.3117599425095,38.2600108887105,59.02973108543905
326.8803505937335,636.7501149806998,38.2600108887105,59.02973108543905
323.4718096911622,642.4310164849852,38.2600108887105,59.02973108543905
321.9569026233527,648.8693715231755,38.2600108887105,59.02973108543905
319.3058152546862,655.3077265613657,38.2600108887105,59.02973108543905
318.169634953829,660.9886280656511,38.2600108887105,59.02973108543905
316.6547278860196,665.9120760360319,38.2600108887105,59.02973108543905
315.8972743521149,670.8355240064126,38.2600108887105,59.02973108543905
313.2461869834483,674.2440649089839,38.2600108887105,59.02973108543905
306.80783194525816,667.4269831038413,38.2600108887105,59.02973108543905
296.2034824705919,666.2908028029842,38.2600108887105,59.02973108543905
297.0549670948633,653.8405091500484,42.616669911405566,65.75143357759715
310.9760930141796,654.2623614506338,42.616669911405566,65.75143357759715
325.42380962402103,648.4095493096243,47.469420738549935,73.23853485376276
325.89369815326654,639.9515557832054,47.469420738549935,73.23853485376276
340.4602425598767,589.2035946246926,47.469420738549935,73.23853485376276
340.4602425598767,592.4928143294111,47.469420738549935,73.23853485376276
339.0505769721402,599.5411422680934,47.469420738549935,73.23853485376276
333.99846807779977,603.3594193396066,52.87475323477605,81.57819070508305
331.9048895470189,610.6869441973394,52.87475323477605,81.57819070508305
331.38149491432375,616.9676797896817,52.87475323477605,81.57819070508305
328.76452175084773,623.7718100147192,52.87475323477605,81.57819070508305
325.62415395467656,630.0525456070616,52.87475323477605,81.57819070508305
323.00718079120065,638.95025436288,52.87475323477605,81.57819070508305
324.57736468928624,644.1842006898319,52.87475323477605,81.57819070508305
321.9603915258102,650.9883309148694,52.87475323477605,81.57819070508305
319.3434183623343,656.7456718745166,52.87475323477605,81.57819070508305
319.3434183623343,664.0731967322494,52.87475323477605,81.57819070508305
319.82747341251,673.2840634412485,47.71948607286301,73.62434994098865
316.4854223569886,646.641948221652,43.066855384593495,66.44600545051568
317.3380395164586,653.4628854974121,43.066855384593495,66.44600545051568
318.15861431151825,666.0809036473049,38.867854316064104,59.96754665907034
312.4829843185587,666.1293509576393,43.293728336106376,66.79603800427842
315.9114190484371,671.2720030524569,43.293728336106376,66.79603800427842
324.160353918801,645.6127065732728,48.22357565711857,74.40208815669723
325.5924151081687,646.5674140328513,48.22357565711857,74.40208815669723
326.06976883795795,651.3409513307438,48.22357565711857,74.40208815669723
328.93389121669344,657.0691960882148,48.22357565711857,74.40208815669723
327.5018300273257,658.9786110073717,48.22357565711857,74.40208815669723
326.5471225677472,647.0447677626405,48.22357565711857,74.40208815669723
324.1603539188009,646.090060303062,48.22357565711857,74.40208815669723
358.05246873383766,620.7903126242318,48.22357565711857,74.40208815669723
357.5751150040484,625.0864961923351,48.22357565711857,74.40208815669723
358.52982246362694,632.2468021391737,48.22357565711857,74.40208815669723
359.48452992320546,640.3618155455911,48.22357565711857,74.40208815669723
356.1430538146807,647.5221214924297,48.22357565711857,74.40208815669723
355.66570008489145,653.2503662499007,48.22357565711857,74.40208815669723
358.4939434246171,661.6509903745523,43.52179643724577,67.1479145031792
353.3242002257722,667.6823574398713,43.52179643724577,67.1479145031792
354.1858240922463,672.8521006387163,43.52179643724577,67.1479145031792
352.89338829253506,649.588256243914,43.52179643724577,67.1479145031792
351.9993835789156,658.8930706300378,39.278438799165485,60.601019861569625
356.63585516876213,668.4570931874237,35.44880682313634,54.69244481283894
353.1268619174281,673.7205830644248,35.44880682313634,54.69244481283894
354.5304592179617,677.2295763157589,35.44880682313634,54.69244481283894
342.59988216342583,674.0714823895582,35.44880682313634,54.69244481283894
333.1256003848238,674.4223817146916,35.44880682313634,54.69244481283894
328.56390915808953,677.9313749660257,35.44880682313634,54.69244481283894
324.70401658162206,674.4223817146916,35.44880682313634,54.69244481283894
319.5276487383149,673.413869336242,39.48535465734937,60.92026147133905
307.5081505620753,667.9911001801576,43.98154330540371,67.85723824262291
295.4260833478955,661.9508414932791,48.98971196565051,75.58412703271797
288.75735923585125,653.7679672847771,54.568159689442496,84.19087494942562
281.32926897628784,634.3903230262965,60.78182402828418,93.77767135792422
280.27532191033333,619.4244640266963,67.7030369583836,104.45611416436336
284.2963796734409,628.8069321406141,67.7030369583836,104.45611416436336
289.657790024251,617.4139351451425,67.7030369583836,104.45611416436336
286.97708484884595,619.4244640266963,67.7030369583836,104.45611416436336
284.29637967344087,620.7648166143989,67.7030369583836,104.45611416436336
290.2775942776425,631.2184415124951,61.10201810079049,94.27168506979109
292.09209740234536,638.4764540113067,61.10201810079049,94.27168506979109
289.06792552784054,645.7344665101183,61.10201810079049,94.27168506979109
287.2534224031377,644.5247977603163,61.10201810079049,94.27168506979109
281.809913029029,649.363472759524,61.10201810079049,94.27168506979109
283.01958177883097,646.9441352599201,61.10201810079049,94.27168506979109
286.64858802823676,648.758638384623,61.10201810079049,94.27168506979109
293.90660052704834,646.3393008850192,61.10201810079049,94.27168506979109
278.78574115452426,634.2426133869999,61.10201810079049,94.27168506979109
268.50355678120786,633.6377790120989,61.10201810079049,94.27168506979109
270.9228942808117,636.6619508866038,61.10201810079049,94.27168506979109
272.13256303061365,635.4522821368018,61.10201810079049,94.27168506979109
265.47938490670305,643.9199633854154,61.10201810079049,94.27168506979109
266.084219281604,640.8957915109105,61.10201810079049,94.27168506979109
267.8987224063069,643.3151290105144,61.10201810079049,94.27168506979109
289.6727599027416,630.6136071375942,61.10201810079049,94.27168506979109
307.81779114977047,629.4039383877922,61.10201810079049,94.27168506979109
312.65646614897815,621.5410915140797,61.10201810079049,94.27168506979109
313.8661348987801,628.1942696379903,61.10201810079049,94.27168506979109
307.2129567748695,631.2184415124951,61.10201810079049,94.27168506979109
307.96796071982976,628.2704309925359,68.05969145948352,105.00638110891748
301.23089339875605,616.1437098146032,68.05969145948352,105.00638110891748
307.2942539877224,612.7751761540662,68.05969145948352,105.00638110891748
304.5994270592929,610.7540559577442,68.05969145948352,105.00638110891748
303.92572032718556,608.0592290293146,68.05969145948352,105.00638110891748
310.66278764825927,610.7540559577442,68.05969145948352,105.00638110891748
308.64166745193717,612.1014694219589,68.05969145948352,105.00638110891748
303.92572032718556,614.1225896182809,68.05969145948352,105.00638110891748
287.7567587566086,614.1225896182809,68.05969145948352,105.00638110891748
284.3882250960717,614.7962963503883,68.05969145948352,105.00638110891748
280.2953473068512,630.694644014217,61.423898931562235,94.76830120869607
282.7274296942427,635.558808789,61.423898931562235,94.76830120869607
286.9835738721777,639.8149529669349,61.423898931562235,94.76830120869607
281.51138850054696,642.2470353543264,61.423898931562235,94.76830120869607
279.6873267100034,641.0309941606307,61.423898931562235,94.76830120869607
272.39107954782907,647.1112001291093,61.423898931562235,94.76830120869607
269.35097656358977,651.9753649038922,61.423898931562235,94.76830120869607
272.9991001446769,641.6390147574785,61.423898931562235,94.76830120869607
269.35097656358977,638.5989117732393,61.423898931562235,94.76830120869607
276.03920312891626,636.7748499826956,61.423898931562235,94.76830120869607
275.4311825320684,631.9106852079127,61.423898931562235,94.76830120869607
260.83868820771977,636.1668293858477,61.423898931562235,94.76830120869607
272.99910014467696,627.6545410299776,61.423898931562235,94.76830120869607
274.2151413383727,626.438499836282,61.423898931562235,94.76830120869607
284.5514914847863,627.6545410299776,61.423898931562235,94.76830120869607
285.7218324076939,637.7466620166474,55.43509350465991,85.52842997861819
291.20922074111354,633.3567513499115,55.43509350465991,85.52842997861819
297.79408674121714,635.5517066832795,55.43509350465991,85.52842997861819
298.34282557455913,642.1365726833831,55.43509350465991,85.52842997861819
304.3377082285432,646.8548052685062,50.03019419679532,77.18944247505569
293.9377308522015,651.3119384297955,50.03019419679532,77.18944247505569
287.9948866371491,651.8071754477165,50.03019419679532,77.18944247505569
292.9472568163594,654.2833605373218,50.03019419679532,77.18944247505569
294.9282048880435,641.4071980713749,50.03019419679532,77.18944247505569
291.5845042668493,604.8220194900291,55.727121403341684,85.97898730801293
288.27472697765194,607.0285376828274,55.727121403341684,85.97898730801293
285.51657923665414,608.6834263274261,55.727121403341684,85.97898730801293
279.03398442034086,604.3398516909325,62.07275645757349,95.76939567739916
282.7206453213081,606.1831821414162,62.07275645757349,95.76939567739916
276.5762104863627,612.9420604598562,62.07275645757349,95.76939567739916
274.11843655238454,618.4720518113071,62.07275645757349,95.76939567739916
275.96176700286816,619.0864952948017,62.07275645757349,95.76939567739916
275.96176700286816,620.3153822617908,62.07275645757349,95.76939567739916
268.1265570574977,625.3083014729389,69.14096757939096,106.67463569391755
266.7577370019327,630.7835816951988,69.14096757939096,106.67463569391754
264.7045069185852,634.8900418618938,69.14096757939096,106.67463569391754
264.7045069185852,632.8368117785463,69.14096757939096,106.67463569391754
252.38512641850022,619.1486112228964,69.14096757939096,106.67463569391754
262.6512768352377,612.3045109450715,69.14096757939096,106.67463569391754
266.7577370019327,606.144820695029,69.14096757939096,106.67463569391754
262.6512768352377,604.776000639464,69.14096757939096,106.67463569391754
268.1265570574977,606.144820695029,69.14096757939096,106.67463569391754
261.9668668074552,612.988920972854,69.14096757939096,106.67463569391754
261.9668668074552,615.7265610839839,69.14096757939096,106.67463569391754
259.2292266963252,617.095381139549,69.14096757939096,106.67463569391754
255.8071765574127,620.5174312784615,69.14096757939096,106.67463569391754
255.12276652963018,625.308301472939,69.14096757939096,106.67463569391754
256.4915865851952,629.414761639634,69.14096757939096,106.67463569391754
251.01630636293518,636.9432719452415,69.14096757939096,106.67463569391754
253.06953644628268,641.0497321119365,69.14096757939096,106.67463569391754
256.4915865851952,634.2056318341115,69.14096757939096,106.67463569391754
259.22922669632516,628.045941584069,69.14096757939096,106.67463569391754
259.9136367241077,618.4642011951141,69.14096757939096,106.67463569391754
257.8089647590839,638.7215888317793,62.399751064918505,96.27390164301718
251.63216150406384,644.2807117612973,62.399751064918505,96.27390164301718
276.9106285307314,644.0326024905426,56.315800447727796,86.88723497649437
279.69791224242994,640.6878620365044,56.315800447727796,86.88723497649437
283.7385159890929,624.5918120239193,62.72846825523446,96.78106530807608
285.13455130070827,601.6954345859364,69.87134513519499,107.80150392287234
286.5178310244196,595.4706758292351,69.87134513519499,107.80150392287234
283.0596317151411,602.3870744477921,69.87134513519499,107.80150392287234
287.90111074813103,598.2372352766579,69.87134513519499,107.80150392287234
284.44291143885255,607.9201933426376,69.87134513519499,107.80150392287234
279.6014324058626,607.9201933426376,69.87134513519499,107.80150392287234
282.3679918532854,610.6867527900604,69.87134513519499,107.80150392287234
277.5265128202956,613.4533122374831,69.87134513519499,107.80150392287234
274.0683135110171,618.9864311323287,69.87134513519499,107.80150392287234
276.14323309658414,625.2111898890299,69.87134513519499,107.80150392287234
271.30175406359433,631.4359486457312,69.87134513519499,107.80150392287234
274.7599533728728,637.6607074024324,69.87134513519499,107.80150392287234
271.30175406359433,633.5108682312982,69.87134513519499,107.80150392287234
269.2268344780272,640.4272668498552,69.87134513519499,107.80150392287234
265.7686351687487,636.277427678721,69.87134513519499,107.80150392287234
265.7686351687487,636.9690675405767,69.87134513519499,107.80150392287234
260.9271561357589,632.1275885075868,69.87134513519499,107.80150392287234
255.39403724091326,617.6031514086171,69.87134513519499,107.80150392287234
251.24419806977906,621.0613507178956,69.87134513519499,107.80150392287234
260.9271561357589,625.2111898890298,69.87134513519499,107.80150392287234
261.6187959976146,616.9115115467614,69.87134513519499,107.80150392287234
258.1605966883361,613.4533122374829,69.87134513519499,107.80150392287234
251.93583793163478,616.9115115467614,69.87134513519499,107.80150392287234
249.86091834606768,605.1536338952145,69.87134513519499,107.80150392287234
278.2181526821513,583.7127981776879,69.87134513519499,107.80150392287234
279.60143240586274,571.2632806642853,69.87134513519499,107.80150392287234
297.5840688141109,547.0558854993359,69.87134513519499,107.80150392287234
301.04226812338936,546.3642456374802,69.87134513519499,107.80150392287234
296.20078909039944,551.8973645323257,69.87134513519499,107.80150392287234
300.990282830229,564.7607046376064,63.05891710295873,97.2909006731364
298.49346181557866,560.3912678619683,63.05891710295873,97.2909006731364
295.99664080092833,565.384909891269,63.05891710295873,97.2909006731364
292.25140927895285,569.1301414132445,63.05891710295873,97.2909006731364
288.50617775697737,580.3658359791709,63.05891710295873,97.2909006731364
290.3787935179651,582.2384517401587,63.05891710295873,97.2909006731364
287.2577672496522,585.9836832621342,63.05891710295873,97.2909006731364
277.22356644305313,611.3253684643428,56.910698062328414,87.80507701044962
278.9136029209445,614.7054414201256,56.91069806232842,87.80507701044962
276.0968754577922,619.7755508537998,56.91069806232842,87.80507701044962
271.5901115167484,625.4090057801045,56.91069806232842,87.80507701044962
273.2801479946398,629.3524242285179,56.91069806232842,87.80507701044962
264.8299656051827,629.9157697211483,56.91069806232842,87.80507701044962
265.3933110978131,631.6058061990398,56.91069806232842,87.80507701044962
267.646693068335,632.1691516916702,56.91069806232842,87.80507701044962
261.4498926493998,634.4225336621921,56.91069806232842,87.80507701044962
264.2666201125522,638.9292976032359,56.91069806232842,87.80507701044962
271.5901115167483,639.4926430958664,56.91069806232842,87.80507701044962
260.8865471567693,641.1826795737578,56.91069806232842,87.80507701044962
258.069819693617,653.5762804116282,56.91069806232842,87.80507701044962
258.6331651862474,652.4495894263673,56.91069806232842,87.80507701044962
248.4929463188989,637.2392611253446,56.91069806232842,87.80507701044962
241.16945491470275,638.3659521106055,56.91069806232842,87.80507701044962
236.0993454810285,647.3794799926931,56.91069806232842,87.80507701044962
225.39578112104954,643.4360615442797,56.91069806232842,87.80507701044962
210.18545282002677,636.1125701400836,56.91069806232842,87.80507701044962
216.38225323896197,649.6328619632149,56.91069806232842,87.80507701044962
211.31214380528772,655.82966238215,56.91069806232842,87.80507701044962
209.6221073273963,655.82966238215,56.91069806232842,87.80507701044962
232.71927252524566,653.0129349189976,56.91069806232842,87.80507701044962
237.22603646628946,637.8026066179749,56.91069806232842,87.80507701044962
234.97265449576756,641.7460250663883,56.91069806232842,87.80507701044962
240.0427639294418,649.0695164705844,56.91069806232842,87.80507701044962
244.5495278704856,653.5762804116282,56.91069806232842,87.80507701044962
236.662690973659,656.3930078747806,56.91069806232842,87.80507701044962
235.53599998839806,654.7029713968891,56.91069806232842,87.80507701044962
235.53599998839806,651.8862439337368,56.91069806232842,87.80507701044962
233.80362112655786,658.4201057407442,51.36192790392123,79.24411733747851
234.31204066036497,655.3695885379017,51.36192790392123,79.24411733747851
233.2952015927508,654.3527494702874,51.36192790392123,79.24411733747851
231.2615234575224,650.7938127336378,51.36192790392123,79.24411733747851
244.48043133650685,646.218036929374,51.36192790392123,79.24411733747851
247.53094853934942,641.133841591303,51.36192790392123,79.24411733747851
251.0898852759991,640.6254220574959,51.36192790392123,79.24411733747851
247.02252900554237,637.5749048546534,51.36192790392123,79.24411733747851
246.0056899379282,635.0328071856179,51.36192790392123,79.24411733747851
243.46359226889274,634.0159681180037,51.36192790392123,79.24411733747851
244.09824329014475,627.9789544128259,57.2104993347166,88.26762754499137
241.26667751879768,628.5452675670954,57.2104993347166,88.26762754499137
239.56773805598942,625.1473886414789,57.2104993347166,88.26762754499137
236.16985913037297,621.183196561593,57.2104993347166,88.26762754499137
230.64733302682816,613.326123125411,63.72504630765093,98.31864287466146
233.80132856961404,610.1721275826251,63.72504630765093,98.31864287466146
216.13895353001317,606.387332931282,63.72504630765093,98.31864287466146
219.29294907279905,595.0329489772529,63.72504630765093,98.31864287466146
213.6157570957845,591.2481543259098,63.72504630765093,98.31864287466146
206.67696690165556,591.878953434467,63.72504630765093,98.31864287466146
205.41536868454122,599.448542737153,63.72504630765093,98.31864287466146
201.63057403319817,598.1869445200387,63.72504630765093,98.31864287466146
198.42916613263455,599.8259630341224,57.511879937634646,88.73261476092205
