520.5,101.5,50,38
536.2834645669292,106.19685039370079,50.0,38.0
552.220472440945,108.62204724409449,50.0,38.0
567.1181102362206,114.51181102362204,50.0,38.0
579.9370078740159,119.70866141732284,50.0,38.0
592.4094488188978,124.90551181102364,50.0,38.0
601.7637795275592,131.1417322834646,50.0,38.0
610.4251968503938,136.3385826771654,50.0,38.0
614.5826771653544,142.57480314960634,50.0,38.0
620.8188976377953,149.50393700787404,50.0,38.0
624.2834645669292,156.43307086614175,50.0,38.0
627.4015748031496,162.3228346456693,50.0,38.0
630.1732283464568,170.29133858267718,50.0,38.0
631.2125984251969,177.56692913385828,50.0,38.0
634.3307086614174,184.84251968503938,50.0,38.0
633.6377952755906,192.46456692913387,50.0,38.0
635.3700787401575,199.0472440944882,50.0,38.0
637.7952755905512,206.3228346456693,50.0,38.0
637.1023622047245,213.5984251968504,50.0,38.0
635.3700787401576,221.2204724409449,50.0,38.0
633.6377952755907,227.80314960629923,50.0,38.0
632.944881889764,234.38582677165357,50.0,38.0
631.9055118110239,240.96850393700788,50.0,38.0
630.173228346457,247.5511811023622,50.0,38.0
627.4015748031499,254.48031496062993,50.0,38.0
624.9763779527561,261.06299212598424,50.0,38.0
623.2440944881893,266.9527559055118,50.0,38.0
619.7795275590554,274.5748031496063,50.0,38.0
615.9685039370081,281.1574803149606,50.0,38.0
613.8897637795278,287.39370078740154,50.0,38.0
609.3858267716538,293.2834645669291,50.0,38.0
605.9212598425199,300.21259842519686,50.0,38.0
603.1496062992128,306.4488188976378,50.0,38.0
599.6850393700789,312.3385826771654,50.0,38.0
596.9133858267718,319.6141732283465,50.0,38.0
592.7559055118112,322.0393700787402,50.0,38.0
589.6377952755907,325.85039370078744,50.0,38.0
587.212598425197,330.0078740157481,50.0,38.0
582.0157480314963,331.39370078740166,50.0,38.0
580.9763779527561,335.2047244094489,50.0,38.0
578.5511811023624,335.55118110236225,50.0,38.0
576.4724409448821,337.2834645669292,50.0,38.0
571.2755905511814,335.2047244094489,50.0,38.0
569.8897637795278,335.55118110236225,50.0,38.0
568.1574803149609,332.4330708661418,50.0,38.0
566.4251968503941,330.70078740157487,50.0,38.0
564.6929133858272,331.740157480315,50.0,38.0
564.0000000000005,329.6614173228347,50.0,38.0
562.9606299212603,329.31496062992136,50.0,38.0
565.0393700787406,326.88976377952764,50.0,38.0
570.2485135612549,327.0099726687581,45.125020121585756,34.29501529240517
573.6879639138293,324.82123153530165,45.125020121585756,34.29501529240517
575.5640277425063,324.19587692574265,45.125020121585756,34.29501529240517
581.192219228537,323.2578450114042,45.125020121585756,34.29501529240517
584.318992276332,320.4437492683888,45.125020121585756,34.29501529240517
589.6345064575834,318.2550081349323,45.125020121585756,34.29501529240517
595.8880525531732,316.3789443062554,45.125020121585756,34.29501529240517
603.3923078678811,314.19020317279893,45.125020121585756,34.29501529240517
613.0853043160453,313.25217125846046,45.125020121585756,34.29501529240517
622.7783007642095,312.314139344122,45.125020121585756,34.29501529240517
634.3473610410507,311.063430125004,45.125020121585756,34.29501529240517
649.0431943656869,310.12539821066554,45.125020121585756,34.29501529240517
663.113673080764,308.2493343819886,45.125020121585756,34.29501529240517
676.5587971862822,307.93665707720913,45.125020121585756,34.29501529240517
688.1278574631234,306.99862516287067,45.125020121585756,34.29501529240517
700.6349496543031,306.99862516287067,45.125020121585756,34.29501529240517
710.0152687976879,306.37327055331167,45.125020121585756,34.29501529240517
716.2688148932777,306.0605932485322,45.125020121585756,34.29501529240517
719.0829106362931,304.8098840294142,45.125020121585756,34.29501529240517
719.3955879410727,303.5591748102962,45.125020121585756,34.29501529240517
720.0209425506316,301.37043367683975,45.125020121585756,34.29501529240517
718.7702333315136,299.8070471529423,45.125020121585756,34.29501529240517
717.2068468076162,298.8690152386038,45.125020121585756,34.29501529240517
715.0181056741598,296.68027410514736,45.125020121585756,34.29501529240517
711.5786553215853,295.42956488602937,45.125020121585756,34.29501529240517
710.0152687976879,295.1168875812499,45.125020121585756,34.29501529240517
708.7645595785699,293.55350105735243,45.125020121585756,34.29501529240517
707.5138503594519,293.55350105735243,45.125020121585756,34.29501529240517
704.0744000068775,291.6774372286755,45.125020121585756,34.29501529240517
703.4490453973185,291.0520826191165,45.125020121585756,34.29501529240517
700.9476269590825,291.99011453345497,45.125020121585756,34.29501529240517
698.4462085208465,288.5506641808806,45.125020121585756,34.29501529240517
696.5701446921696,288.86334148566004,45.125020121585756,34.29501529240517
695.3194354730516,286.04924574264464,45.125020121585756,34.29501529240517
692.5053397300362,286.3619230474241,45.125020121585756,34.29501529240517
687.8151801583439,284.17318191396765,45.125020121585756,34.29501529240517
680.310924843636,283.2351499996292,45.125020121585756,34.29501529240517
674.6827333576052,282.6097953900702,45.125020121585756,34.29501529240517
666.865800738118,281.3590861709522,45.125020121585756,34.29501529240517
658.1108362042922,281.67176347573167,45.125020121585756,34.29501529240517
649.043194365687,281.3590861709522,45.125020121585756,34.29501529240517
640.6009071366407,279.48302234227526,45.125020121585756,34.29501529240517
631.2205879932559,279.48302234227526,45.125020121585756,34.29501529240517
622.1529461546506,279.48302234227526,45.125020121585756,34.29501529240517
613.7106589256043,280.10837695183426,45.125020121585756,34.29501529240517
604.3303397822195,279.48302234227526,45.125020121585756,34.29501529240517
596.8260844675117,278.23231312315727,45.125020121585756,34.29501529240517
592.1359248958194,278.23231312315727,45.125020121585756,34.29501529240517
586.820410714568,278.85766773271627,45.125020121585756,34.29501529240517
582.7556057524346,279.79569964705473,45.125020121585756,34.29501529240517
579.9415100094192,279.79569964705473,45.125020121585756,34.29501529240517
577.4400915711832,281.0464088661727,45.125020121585756,34.29501529240517
574.6259958281678,278.85766773271627,45.125020121585756,34.29501529240517
573.6879639138293,280.7337315613932,45.125020121585756,34.29501529240517
572.7499319994909,281.04640886617267,45.125020121585756,34.29501529240517
570.8738681708139,278.8576677327162,45.125020121585756,34.29501529240517
568.997804342137,279.1703450374957,45.125020121585756,34.29501529240517
567.747095123019,279.7956996470547,45.125020121585756,34.29501529240517
566.1837085991216,281.04640886617267,45.125020121585756,34.29501529240517
565.2456766847831,279.17034503749574,45.125020121585756,34.29501529240517
563.6822901608857,279.79569964705473,45.125020121585756,34.29501529240517
561.4935490274293,280.42105425661373,45.125020121585756,34.29501529240517
560.5555171130908,279.79569964705473,45.125020121585756,34.29501529240517
558.9921305891934,279.79569964705473,45.125020121585756,34.29501529240517
558.9921305891934,278.85766773271627,45.125020121585756,34.29501529240517
557.7414213700754,279.48302234227526,45.125020121585756,34.29501529240517
556.178034846178,277.9196358183778,45.125020121585756,34.29501529240517
554.301971017501,276.98160390403933,45.125020121585756,34.29501529240517
552.1132298840446,276.66892659925986,45.125020121585756,34.29501529240517
551.8005525792651,275.7308946849214,45.125020121585756,34.29501529240517
549.6118114458086,274.79286277058293,45.125020121585756,34.29501529240517
548.9864568362497,274.79286277058293,45.125020121585756,34.29501529240517
548.3611022266907,274.48018546580346,45.125020121585756,34.29501529240517
547.1103930075727,271.9787670275675,45.125020121585756,34.29501529240517
544.6089745693367,271.04073511322906,45.125020121585756,34.29501529240517
543.3582653502187,270.7280578084496,45.125020121585756,34.29501529240517
542.1075561311008,268.85199397977266,45.125020121585756,34.29501529240517
541.7948788263212,269.7900258941111,45.125020121585756,34.29501529240517
539.6061376928648,268.53931667499313,45.125020121585756,34.29501529240517
538.3554284737468,268.22663937021366,45.125020121585756,34.29501529240517
536.7920419498494,268.22663937021366,45.125020121585756,34.29501529240517
535.228655425952,266.3505755415367,45.125020121585756,34.29501529240517
534.603300816393,268.22663937021366,45.125020121585756,34.29501529240517
532.7272369877161,265.09986632241873,45.125020121585756,34.29501529240517
532.1018823781571,264.16183440808027,45.125020121585756,34.29501529240517
530.5384958542597,265.09986632241873,45.125020121585756,34.29501529240517
528.0370774160237,263.2238024937418,45.125020121585756,34.29501529240517
528.0370774160237,263.53647979852127,45.125020121585756,34.29501529240517
526.7863681969058,263.2238024937418,45.125020121585756,34.29501529240517
525.5356589777878,263.2238024937418,45.125020121585756,34.29501529240517
523.0342405395518,262.28577057940333,45.125020121585756,34.29501529240517
522.7215632347722,261.66041596984434,45.125020121585756,34.29501529240517
519.5947901869773,262.91112518896233,45.125020121585756,34.29501529240517
518.6567582726389,261.66041596984434,45.125020121585756,34.29501529240517
517.0933717487414,261.03506136028534,45.125020121585756,34.29501529240517
516.4680171391825,261.66041596984434,45.125020121585756,34.29501529240517
514.5919533105056,261.34773866506487,45.125020121585756,34.29501529240517
512.0905348722696,259.7843521411674,45.125020121585756,34.29501529240517
511.77785756749006,260.0970294459469,45.125020121585756,34.29501529240517
509.9017937388131,259.7843521411674,45.125020121585756,34.29501529240517
508.65108451969513,259.47167483638793,45.125020121585756,34.29501529240517
507.40037530057714,259.7843521411674,45.125020121585756,34.29501529240517
507.40037530057714,261.34773866506487,45.125020121585756,34.29501529240517
504.2736022527822,261.34773866506487,45.125020121585756,34.29501529240517
503.0228930336642,261.34773866506487,45.125020121585756,34.29501529240517
501.4595065097668,261.34773866506487,45.125020121585756,34.29501529240517
499.8961199858694,261.34773866506487,45.125020121585756,34.29501529240517
497.082024242854,261.66041596984434,45.125020121585756,34.29501529240517
497.39470154763353,262.91112518896233,45.125020121585756,34.29501529240517
495.20596041417707,262.28577057940333,45.125020121585756,34.29501529240517
494.58060580461813,263.2238024937418,45.125020121585756,34.29501529240517
492.39186467116167,265.41254362719826,45.125020121585756,34.29501529240517
489.26509162336674,263.8491571033008,45.125020121585756,34.29501529240517
487.3890277946898,266.3505755415367,45.125020121585756,34.29501529240517
485.82564127079235,268.5393166749932,45.125020121585756,34.29501529240517
485.20028666123335,271.9787670275676,45.125020121585756,34.29501529240517
483.94957744211536,273.54215355146505,45.125020121585756,34.29501529240517
482.0735136134384,277.60695851359844,45.125020121585756,34.29501529240517
479.5720951752025,280.42105425661384,45.125020121585756,34.29501529240517
478.3213859560845,284.17318191396777,45.125020121585756,34.29501529240517
477.38335404174603,291.05208261911656,45.125020121585756,34.29501529240517
477.7071258641268,296.1634080664948,40.72534881947038,30.951265102797485
477.424934470732,303.2181929013637,40.72534881947038,30.951265102797485
476.0139775037582,308.01544658907454,40.72534881947038,30.951265102797485
473.4742549632054,311.11955191641687,40.72534881947038,30.951265102797485
474.0386377499949,318.45652814468053,40.72534881947038,30.951265102797485
471.78110660283687,323.5359732257861,40.72534881947038,30.951265102797485
470.3701496358631,328.6154183068917,40.72534881947038,30.951265102797485
467.26604430852075,333.41267199460253,40.72534881947038,30.951265102797485
466.41947012833646,339.3386912558924,40.72534881947038,30.951265102797485
463.5975561943889,343.85375355020847,40.72534881947038,30.951265102797485
459.8679059721669,346.8888003639307,45.36273532996673,34.47567885077471
458.29628364577434,351.6036673431084,45.36273532996673,34.47567885077471
455.78168792354626,355.3755609264505,45.36273532996673,34.47567885077471
454.52439006243225,359.14745450979257,45.36273532996673,34.47567885077471
452.9527677360397,362.91934809313466,45.36273532996673,34.47567885077471
449.4951986179761,365.11961935008424,45.36273532996673,34.47567885077471
447.9235762915835,367.6342150723123,45.36273532996673,34.47567885077471
447.609251826305,373.9207043778825,45.36273532996673,34.47567885077471
446.351953965191,373.2920554473255,45.36273532996673,34.47567885077471
444.1516827082414,375.49232670427506,45.36273532996673,34.47567885077471
441.32276252073484,380.2071936834527,45.36273532996673,34.47567885077471
440.69411359017784,381.7788160098453,45.36273532996673,34.47567885077471
439.4368157290638,384.60773619735187,45.36273532996673,34.47567885077471
437.55086893739275,386.80800745430145,45.36273532996673,34.47567885077471
436.60789554155724,388.06530531541546,45.36273532996673,34.47567885077471
434.72194874988617,390.89422550292204,45.36273532996673,34.47567885077471
432.5216774929366,390.89422550292204,45.36273532996673,34.47567885077471
429.3784328401515,390.89422550292204,45.36273532996673,34.47567885077471
429.69275730543,394.66611908626413,45.36273532996673,34.47567885077471
428.435459444316,396.2377414126567,45.36273532996673,34.47567885077471
426.2351881873664,395.2947680168212,45.36273532996673,34.47567885077471
424.34924139569534,396.2377414126567,45.36273532996673,34.47567885077471
421.83464567346726,398.1236882043278,45.36273532996673,34.47567885077471
421.20599674291026,400.32395946127735,45.36273532996673,34.47567885077471
419.94869888179625,398.1236882043278,45.36273532996673,34.47567885077471
417.43410315956817,399.3809860654418,45.36273532996673,34.47567885077471
415.2338319026186,398.1236882043278,45.36273532996673,34.47567885077471
411.776262784555,398.7523371348848,45.36273532996673,34.47567885077471
408.6330181317699,398.7523371348848,45.36273532996673,34.47567885077471
410.2046404581625,399.6953105307203,45.36273532996673,34.47567885077471
408.3186936664914,400.3239594612773,45.36273532996673,34.47567885077471
408.0043692012129,400.9526083918343,45.36273532996673,34.47567885077471
411.4730912819611,402.94761526403477,40.939886890698354,31.114314036930747
408.9199896742892,402.94761526403477,40.939886890698354,31.11431403693075
409.48734558710515,404.6496830024827,40.939886890698354,31.11431403693075
409.48734558710515,407.4864625665626,40.939886890698354,31.11431403693075
409.77102354351314,407.77014052297056,40.939886890698354,31.11431403693075
411.75676923836903,410.89059804345845,40.939886890698354,31.11431403693075
409.77102354351314,411.17427599986644,40.939886890698354,31.11431403693075
409.77102354351314,411.7416319126824,40.939886890698354,31.11431403693075
408.3526337614732,409.1885303050105,40.939886890698354,31.11431403693075
409.20366763069717,410.8905980434584,40.939886890698354,31.11431403693075
407.78527784865724,412.3089878254983,40.939886890698354,31.11431403693075
408.6363117178812,411.45795395627437,40.939886890698354,31.11431403693075
408.06895580506523,411.74163191268235,40.939886890698354,31.11431403693075
400.4096509820495,405.2170389152986,40.939886890698354,31.11431403693075
400.4096509820495,404.6496830024826,40.939886890698354,31.11431403693075
401.2606848512735,404.6496830024826,40.939886890698354,31.11431403693075
402.3953966769054,404.6496830024826,40.939886890698354,31.11431403693075
400.1259730256415,404.36600504607463,40.939886890698354,31.11431403693075
401.5443628076814,402.6639373076267,40.939886890698354,31.11431403693075
402.39539667690536,403.2312932204427,40.939886890698354,31.11431403693075
402.96275258972133,402.38025935121874,40.939886890698354,31.11431403693075
405.23217624098527,401.81290343840277,40.939886890698354,31.11431403693075
405.51585419739325,401.81290343840277,40.939886890698354,31.11431403693075
406.6505660230252,402.38025935121874,40.939886890698354,31.11431403693075
409.2036676306971,409.1885303050105,40.939886890698354,31.11431403693075
410.62205741273704,407.4864625665626,40.939886890698354,31.11431403693075
412.32412515118494,406.06807278452266,40.939886890698354,31.11431403693075
414.02619288963285,399.5434797871389,40.939886890698354,31.11431403693075
411.18941332555295,398.40876796150695,40.939886890698354,31.11431403693075
417.7240718762479,396.2377710768101,36.94826439436416,28.080680939716764
418.4921302857055,396.2377710768101,36.94826439436416,28.080680939716764
419.00416922534396,394.7016542578948,36.94826439436416,28.080680939716764
419.7722276348016,391.6294206200642,36.94826439436416,28.080680939716764
426.18179854619603,395.04650392415084,33.345823485067065,25.34282584865097
429.647663664329,392.2738118296445,33.345823485067065,25.34282584865097
430.3408366879556,392.2738118296445,33.345823485067065,25.34282584865097
432.18929808429317,392.2738118296445,33.345823485067065,25.34282584865097
436.11727855151054,390.19429275876473,33.345823485067065,25.34282584865097
437.2725669242215,389.27006206059593,33.345823485067065,25.34282584865097
442.586893438692,387.65265833880056,33.345823485067065,25.34282584865097
444.4353548350296,386.72842764063176,33.345823485067065,25.34282584865097
447.4391046040782,386.4973699660896,33.345823485067065,25.34282584865097
449.7496813495002,384.1867932206676,33.345823485067065,25.34282584865097
454.3708348403441,384.41785089520977,33.345823485067065,25.34282584865097
458.06775763301926,386.03525461700514,33.345823485067065,25.34282584865097
461.9957381002366,384.18679322066754,33.345823485067065,25.34282584865097
464.3063148456586,383.49362019704097,33.345823485067065,25.34282584865097
468.92746833650256,381.18304345161897,33.345823485067065,25.34282584865097
471.4691027564667,379.5656397298236,33.345823485067065,25.34282584865097
476.78342927093723,384.64890856975194,33.345823485067065,25.34282584865097
481.86669811086557,385.8041969424629,33.345823485067065,25.34282584865097
486.4878516017095,384.18679322066754,33.345823485067065,25.34282584865097
490.8779474180113,382.56938949887217,33.345823485067065,25.34282584865097
493.88169718705984,380.2588127534502,33.345823485067065,25.34282584865097
495.96121625793967,380.95198577707674,33.345823485067065,25.34282584865097
503.1240041687478,375.63765926260623,33.345823485067065,25.34282584865097
506.12775393779634,365.7021792572918,33.345823485067065,25.34282584865097
509.82467673047154,362.92948716278545,33.345823485067065,25.34282584865097
514.4458302213155,361.3120834409901,33.345823485067065,25.34282584865097
518.3738106885329,361.0810257664479,33.345823485067065,25.34282584865097
523.9191948775456,358.30833367194157,33.345823485067065,25.34282584865097
533.1697003226266,357.9263876108895,30.094619114689962,22.871910527164374
534.6294078324414,355.4240318797783,30.094619114689962,22.871910527164374
541.0938268044788,353.9643243699634,30.094619114689962,22.871910527164374
544.4303011126271,351.67049828311144,30.094619114689962,22.871910527164374
550.6861904404052,348.5425536192224,30.094619114689962,22.871910527164374
555.4823722583684,346.87431646514824,30.094619114689962,22.871910527164374
559.2359058550353,344.37196073403703,30.094619114689962,22.871910527164374
564.0320876729985,351.2534389945929,30.094619114689962,22.871910527164374
568.2026805581838,351.0449093503336,30.094619114689962,22.871910527164374
572.7903327318877,353.33873543718556,30.094619114689962,22.871910527164374
576.3353366842953,345.8316682438519,30.094619114689962,22.871910527164374
576.0816103652234,341.61004351426817,33.521486772463504,25.476329947072266
581.423932351638,338.82274508657355,33.521486772463504,25.476329947072266
579.5153901896113,335.97860382958595,37.33857109651683,28.377314033352796
578.4244185802908,331.7757050045595,41.590305972791555,31.60863253932159
581.3062665532086,329.18204182893345,41.590305972791555,31.60863253932159
582.170820945084,320.53649791017995,41.590305972791555,31.60863253932159
585.6290385125853,313.33187797788537,41.590305972791555,31.60863253932159
589.3754408773785,310.16184520767575,41.590305972791555,31.60863253932159
592.2572888502964,309.58547561309217,41.590305972791555,31.60863253932159
596.8682456069649,307.56818203204966,41.590305972791555,31.60863253932159
602.055571958217,304.97451885642363,41.590305972791555,31.60863253932159
607.2428983094691,304.68633405913187,41.590305972791555,31.60863253932159
611.8538550661376,301.804486086214,41.590305972791555,31.60863253932159
616.4648118228062,300.3635620997551,41.590305972791555,31.60863253932159
621.3639533767665,297.48171412683723,41.590305972791555,31.60863253932159
626.8394645253104,299.2108229105879,41.590305972791555,31.60863253932159
630.5858668901036,296.32897493767007,41.590305972791555,31.60863253932159
635.7731932413557,297.48171412683723,41.590305972791555,31.60863253932159
640.9605195926077,295.17623574850296,41.590305972791555,31.60863253932159
646.4360307411516,295.75260534308654,41.590305972791555,31.60863253932159
652.1997266869873,296.0407901403783,41.590305972791555,31.60863253932159
655.9461290517805,298.92263811329616,41.590305972791555,31.60863253932159
661.998009794908,297.19352932954547,41.590305972791555,31.60863253932159
660.7828094884479,291.6474929480756,46.326184964046014,35.20790057267498
666.881815886864,289.4004905907644,46.326184964046014,35.20790057267498
672.9808222852802,286.83248789669443,46.326184964046014,35.20790057267498
677.4748269999026,283.30148419234825,46.326184964046014,35.20790057267498
682.6108323880425,280.0914808247608,46.326184964046014,35.20790057267498
688.7098387864586,280.7334814982783,46.326184964046014,35.20790057267498
693.203843501081,278.80747947772585,46.326184964046014,35.20790057267498
700.5868512465321,278.16547880420836,46.326184964046014,35.20790057267498
710.2282511874174,278.27685518894464,41.8094005731776,31.775144435614983
712.2561717191558,276.82834052341724,41.8094005731776,31.775144435614983
719.2090421136874,275.37982585788984,41.8094005731776,31.775144435614983
722.6854773109532,274.8004199916789,41.8094005731776,31.775144435614983
726.161912508219,273.062202393046,41.8094005731776,31.775144435614983
731.6662682372231,274.8004199916789,41.8094005731776,31.775144435614983
734.2735946351725,274.22101412546795,41.8094005731776,31.775144435614983
741.8161502294046,277.79796655477963,37.73300084272156,28.677080640468397
747.3067475173848,276.22922447249954,37.73300084272156,28.677080640468397
747.8296615448115,275.4448534313595,37.73300084272156,28.677080640468397
743.3282241690412,271.19755686243985,42.02964934742208,31.94253350404079
742.4545369700081,268.8677243316851,42.02964934742208,31.94253350404079
734.5913521787108,265.6642046018973,42.02964934742208,31.94253350404079
725.5632511220363,264.2080592701756,42.02964934742208,31.94253350404079
713.6228594019183,262.1694558057652,42.02964934742208,31.94253350404079
706.633361809654,263.04314300479825,42.02964934742208,31.94253350404079
696.7315735539464,257.5097907442558,42.02964934742208,31.94253350404079
664.6963762560688,247.02554435585947,42.02964934742208,31.94253350404079
659.7454821282149,254.30627101446802,42.02964934742208,31.94253350404079
645.4752578773422,252.85012568274632,42.02964934742208,31.94253350404079
604.3488385912107,241.42092186200915,46.81555627209018,35.57982276678854
594.2224011552231,238.09762354232825,52.1464333653707,39.63128935768174
553.3138399205848,235.11856120815068,58.08433626047012,44.14409555795729
524.7381759083472,233.9111387850984,58.08433626047011,44.14409555795729
502.6020981523885,232.7037163620461,58.08433626047011,44.14409555795729
479.661072114395,233.50866464408097,58.08433626047011,44.14409555795729
455.1101495123317,239.54577675934243,58.08433626047011,44.14409555795729
430.156752769251,240.7531991823947,58.08433626047011,44.14409555795729
408.0206750132923,242.36309574646444,58.08433626047011,44.14409555795729
386.68954553936845,244.3754664515516,58.08433626047011,44.14409555795729
371.3955281807061,245.18041473358645,58.08433626047011,44.14409555795729
360.5287263732355,244.3754664515516,58.08433626047011,44.14409555795729
356.90645910407864,247.1927854386736,58.08433626047011,44.14409555795729
354.89408839899147,247.59525957969103,58.08433626047011,44.14409555795729
355.2965625400089,245.9853630156213,58.08433626047011,44.14409555795729
356.50398496306116,244.77794059256902,58.08433626047011,44.14409555795729
359.7237780912006,241.5581474644296,58.08433626047011,44.14409555795729
362.94357121934,239.143302618325,58.08433626047011,44.14409555795729
365.3584160654446,233.91113878509842,58.08433626047011,44.14409555795729
367.7732609115492,232.3012422210287,58.08433626047011,44.14409555795729
372.20047646274094,230.691345656959,58.08433626047011,44.14409555795729
372.60295060375836,231.0938197979764,58.08433626047011,44.14409555795729
376.2252178729152,225.86165596474981,58.08433626047011,44.14409555795729
383.0815589882979,225.5988268946036,52.42113685005333,39.84006400604054
384.53449128524426,225.235593820367,52.42113685005333,39.84006400604054
387.440355879137,224.50912767189382,52.42113685005333,39.84006400604054
391.0726866215029,220.15033078105475,52.42113685005333,39.84006400604054
392.1623858442127,221.24003000376453,52.42113685005333,39.84006400604054
393.61531814115904,221.24003000376453,52.42113685005333,39.84006400604054
397.24764888352496,219.060631558345,52.42113685005333,39.84006400604054
398.7005811804713,216.88123311292546,52.42113685005333,39.84006400604054
401.60644577436403,215.4283008159791,52.42113685005333,39.84006400604054
402.33291192283724,214.33860159326932,52.42113685005333,39.84006400604054
404.1490772940202,210.70627085090342,52.42113685005333,39.84006400604054
405.23877651672996,211.4327369993766,52.42113685005333,39.84006400604054
408.1446411106227,208.16363933124728,52.42113685005333,39.84006400604054
409.9608064818056,205.25777473735457,52.42113685005333,39.84006400604054
410.6872726302788,205.25777473735457,52.42113685005333,39.84006400604054
414.31960337264474,206.34747396006435,52.42113685005333,39.84006400604054
415.4093025953545,201.62544399498867,52.42113685005333,39.84006400604054
417.22546796653745,198.71957940109596,52.42113685005333,39.84006400604054
418.6784002634838,197.99311325262278,52.42113685005333,39.84006400604054
423.77655165661605,197.39267683680848,47.31009710310114,35.95567379835687
424.1043696522911,198.37613082383356,47.31009710310114,35.95567379835687
426.07127762634127,195.42576886275828,47.31009710310114,35.95567379835687
427.71036760471645,194.11449688005814,47.31009710310114,35.95567379835687
429.6772755787666,192.14758890600794,47.31009710310114,35.95567379835687
431.6441835528168,193.13104289303303,47.31009710310114,35.95567379835687
432.95545553551693,194.77013287140818,47.31009710310114,35.95567379835687
433.61109152686697,197.72049483248347,47.31009710310114,35.95567379835687
435.25018150524215,196.73704084545838,47.31009710310114,35.95567379835687
436.88927148361734,199.0317668151836,47.31009710310114,35.95567379835687
439.18399745334256,197.72049483248347,47.31009710310114,35.95567379835687
441.4787234230678,198.0483128281585,47.31009710310114,35.95567379835687
442.46217741009286,199.03176681518357,47.31009710310114,35.95567379835687
445.4125393711681,200.99867478923377,47.31009710310114,35.95567379835687
448.3629013322434,201.98212877625886,47.31009710310114,35.95567379835687
450.00199131061856,204.27685474598408,47.31009710310114,35.95567379835687
451.64108128899375,204.93249073733415,47.31009710310114,35.95567379835687
452.9523532716939,206.5715807157093,47.31009710310114,35.95567379835687
451.9688992846688,207.88285269840944,47.31009710310114,35.95567379835687
441.8065414187428,213.78357662056,47.31009710310114,35.95567379835687
440.82308743171774,221.32339052108574,47.31009710310114,35.95567379835687
436.56145348794234,222.9624804994609,47.31009710310114,35.95567379835687
434.92236350956716,224.60157047783605,47.31009710310114,35.95567379835687
435.90581749659225,226.2406604562112,47.31009710310114,35.95567379835687
432.62763753984194,228.86320442161144,47.31009710310114,35.95567379835687
434.92236350956716,229.5188404129615,47.31009710310114,35.95567379835687
431.9720015484919,233.12483836538686,47.31009710310114,35.95567379835687
421.15400769121584,206.24376272003428,47.31009710310114,35.95567379835687
