683.5,147.5,8,16
681.8110236220473,150.21259842519686,10.0,16.0
681.3385826771654,152.00787401574803,10.0,16.0
680.8661417322835,153.70866141732284,10.0,16.0
681.3385826771654,155.40944881889766,10.0,16.0
680.6771653543308,155.97637795275594,10.0,16.0
681.0551181102363,157.7716535433071,10.0,16.0
680.0157480314962,158.43307086614175,10.0,16.0
680.1102362204725,159.18897637795277,10.0,16.0
680.0157480314962,159.8503937007874,10.0,16.0
679.9212598425198,161.36220472440945,10.0,16.0
681.1496062992127,161.74015748031496,10.0,16.0
680.2992125984252,163.06299212598427,10.0,16.0
680.488188976378,163.53543307086616,10.0,16.0
680.7716535433071,165.0472440944882,10.0,16.0
681.1496062992127,165.42519685039372,10.0,16.0
680.6771653543308,167.03149606299215,10.0,16.0
681.244094488189,167.50393700787404,10.0,16.0
681.1496062992127,169.20472440944886,10.0,16.0
681.1496062992127,169.8661417322835,10.0,16.0
681.5275590551182,171.5669291338583,10.0,16.0
681.7165354330709,172.1338582677166,10.0,16.0
681.7141156669292,171.78982916157486,11.1386978,17.82191648
682.3456008965354,173.26329469732292,11.1386978,17.82191648
682.2403533582677,175.0525028478741,11.1386978,17.82191648
682.3456008965354,175.68398807748042,11.1386978,17.82191648
682.7665910496063,176.946958536693,11.1386978,17.82191648
683.7138188940157,177.89418638110243,11.1386978,17.82191648
683.7138188940157,179.26240437858274,11.1386978,17.82191648
684.7662942766929,181.15686006740168,11.1386978,17.82191648
685.1872844297637,182.2093354500788,11.1386978,17.82191648
685.7135221211023,183.8932960623623,11.1386978,17.82191648
686.4502548889764,184.6300288302363,11.1386978,17.82191648
686.6607499655117,185.472009136378,11.1386978,17.82191648
687.5027302716535,187.47171236346463,11.1386978,17.82191648
688.028967962992,189.05042543748038,11.1386978,17.82191648
688.028967962992,189.7871582053544,11.1386978,17.82191648
688.3447105777952,190.62913851149614,11.1386978,17.82191648
689.6076810370079,191.57636635590558,11.1386978,17.82191648
690.1339187283464,193.89181219779533,11.1386978,17.82191648
690.4496613431496,195.26003019527565,11.1386978,17.82191648
690.7627086535729,194.77157903223625,12.407058867972484,19.851294188755972
692.4039573857141,196.8817559735607,12.407058867972484,19.851294188755972
692.6384214903056,198.75746881029355,12.407058867972484,19.851294188755972
693.8107420132636,200.16425343784317,12.407058867972484,19.851294188755972
694.2796702224468,200.9848778039138,12.407058867972484,19.851294188755972
695.920918954588,203.21228679753406,12.407058867972484,19.851294188755972
695.6864548499965,203.44675090212567,12.407058867972484,19.851294188755972
697.9138638436167,205.79139194804173,12.407058867972484,19.851294188755972
698.0310958959125,207.54987273247878,12.407058867972484,19.851294188755972
698.9689523142789,208.9566573600284,12.407058867972484,19.851294188755972
699.7895766803496,210.94960224905705,12.407058867972484,19.851294188755972
701.899753621674,212.12192277201507,12.407058867972484,19.851294188755972
701.6652895170824,212.8253150857899,12.407058867972484,19.851294188755972
704.4788587721818,215.52165228859337,12.407058867972484,19.851294188755972
705.0650190336607,217.39736512532622,12.407058867972484,19.851294188755972
705.533947242844,218.33522154369265,12.407058867972484,19.851294188755972
706.1171052862263,217.90838260647303,13.819847931715561,22.111756690744894
707.0311739683241,220.52000741246653,13.819847931715561,22.111756690744894
709.6427987743176,223.00105097816035,13.819847931715561,22.111756690744894
710.687448696715,224.1762821408574,13.819847931715561,22.111756690744894
711.8626798594121,225.7432570244535,13.819847931715561,22.111756690744894
713.2990735027086,228.09371934984765,13.819847931715561,22.111756690744894
713.8213984639073,229.2689505125447,13.819847931715561,22.111756690744894
715.3883733475034,231.48883159763918,13.819847931715561,22.111756690744894
716.8247669907998,233.83929392303332,13.819847931715561,22.111756690744894
718.9140668355947,235.66743128722877,13.819847931715561,22.111756690744894
720.0892979982917,237.36498741112453,13.819847931715561,22.111756690744894
720.8694413600789,236.7589631777286,15.393510975333466,24.629617560533543
721.7421443445072,239.37707213101365,15.393510975333466,24.629617560533543
723.487550313364,240.10432461803728,15.393510975333466,24.629617560533543
723.4838254436978,241.32014900477128,17.146366683522274,27.43418669363563
724.1318770978781,242.616252313132,17.146366683522274,27.43418669363563
726.4000578875094,245.20845892985346,17.146366683522274,27.43418669363563
728.0201870229604,247.63865263302984,17.146366683522274,27.43418669363563
728.3442128500506,248.93475594139056,17.146366683522274,27.43418669363563
730.6123936396818,250.7168979903866,17.146366683522274,27.43418669363563
729.960192965746,251.0990905512861,19.098819685574284,30.558111496918844
730.6820381192166,254.16693245353582,19.098819685574284,30.55811149691884
733.7498800214663,255.61062276047687,19.098819685574284,30.55811149691884
735.7349541935102,257.23477435578553,19.098819685574284,30.55811149691884
736.9981832120836,259.21984852782947,19.098819685574284,30.55811149691884
738.4418735190246,262.2876904300792,19.098819685574284,30.55811149691884
741.8706379980097,263.18999687191734,19.098819685574284,30.55811149691884
743.675250881686,266.4383000625347,19.098819685574284,30.55811149691884
746.0212476304652,268.42337423457866,19.098819685574284,30.55811149691884
747.6453992257739,270.5889096949902,19.098819685574284,30.55811149691884
751.6155475698617,272.9349064437694,19.098819685574284,30.55811149691884
753.7810830302733,276.3636709227544,19.098819685574284,30.55811149691884
755.9466184906848,277.98782251806307,19.098819685574284,30.55811149691884
757.7512313743612,280.3338192668423,19.098819685574284,30.55811149691884
761.721379718449,281.95797086215094,19.098819685574284,30.55811149691884
763.706453890493,285.38673534113593,19.098819685574284,30.55811149691884
766.7742957927427,287.37180951317987,19.098819685574284,30.55811149691884
769.4812151182572,290.80057399216486,19.098819685574284,30.55811149691884
772.7295183088745,292.0638030107383,19.098819685574284,30.55811149691884
760.2776894115079,287.19134822481226,19.098819685574284,30.55811149691884
762.9846087370224,288.6350385317533,19.098819685574284,30.55811149691884
764.4282990439634,290.07872883869436,19.098819685574284,30.55811149691884
767.1352183694779,293.8684158944146,19.098819685574284,30.55811149691884
770.3835215600952,295.3121062013557,19.098819685574284,30.55811149691884
774.7433496557666,300.95241762050944,17.236692452201552,27.578707923522472
777.674944592519,302.5810814742607,17.236692452201552,27.578707923522472
780.117940373146,306.48987472326394,17.236692452201552,27.578707923522472
783.3752680806487,309.5843360453914,17.236692452201552,27.578707923522472
786.6325957881513,311.70159905526816,17.236692452201552,27.578707923522472
789.7270571102788,314.79606037739575,17.236692452201552,27.578707923522472
792.1700528909058,316.5875906165222,17.236692452201552,27.578707923522472
795.2645142130333,319.5191855532746,17.236692452201552,27.578707923522472
798.8475746912862,322.93937964615236,17.236692452201552,27.578707923522472
802.1049023987889,324.40517711452856,17.236692452201552,27.578707923522472
806.0136956477921,327.01103928053067,17.236692452201552,27.578707923522472
808.293825043044,329.779767831908,17.236692452201552,27.578707923522472
811.2254199797964,331.57129807103445,17.236692452201552,27.578707923522472
815.2970796141747,335.48009132003756,17.236692452201552,27.578707923522472
817.4143426240514,337.4344879445392,17.236692452201552,27.578707923522472
819.3645683720739,338.30729302319827,19.199430829661402,30.71908932745823
824.8069267174898,341.9355319201422,19.199430829661402,30.71908932745823
827.8909297798921,346.470830541322,19.199430829661402,30.71908932745823
831.1563447871416,348.46636193464116,19.199430829661402,30.71908932745823
834.0589359046967,351.73177694189064,19.199430829661402,30.71908932745823
834.7845836840854,352.27601277643225,19.199430829661402,30.71908932745823
839.6780603816934,352.5225561979924,21.38566579436016,34.21706527097625
844.1235846098124,357.1701497092077,21.38566579436016,34.21706527097625
848.5691088379314,358.3825654077856,21.38566579436016,34.21706527097625
854.2270487646282,365.050851749964,21.38566579436016,34.21706527097625
857.2580880110729,365.4549903161566,21.38566579436016,34.21706527097625
861.5015429560956,369.9005145442756,21.38566579436016,34.21706527097625
864.9367207687329,372.1232766583351,21.38566579436016,34.21706527097625
868.9781064306593,377.5791473019356,21.38566579436016,34.21706527097625
871.6050071109114,380.40811726528403,21.38566579436016,34.21706527097625
876.454669905223,381.4184636807656,21.38566579436016,34.21706527097625
879.687778434764,386.2681264750772,21.38566579436016,34.21706527097625
887.366411192424,388.2888193060404,21.38566579436016,34.21706527097625
889.7912425895798,392.7343435341594,21.38566579436016,34.21706527097625
891.2057275712541,396.1695213467968,21.38566579436016,34.21706527097625
897.300006553002,399.05001209231864,19.300571985680207,30.880915177088326
896.0234332878075,402.5149966692754,19.300571985680207,30.880915177088326
896.205800897121,403.9739375437835,19.300571985680207,30.880915177088326
896.205800897121,407.8036573393673,19.300571985680207,30.880915177088326
896.7529037250615,407.98602494868084,19.300571985680207,30.880915177088326
897.1176389436886,412.7275827908322,19.300571985680207,30.880915177088326
896.9352713343751,413.63942083739977,19.300571985680207,30.880915177088326
898.4232731630364,417.33327055031515,17.418773984238673,27.87003837478187
900.7274889341797,420.78959420703023,17.418773984238673,27.87003837478187
901.3858362973635,423.9167441821534,17.418773984238673,27.87003837478187
903.0317047053231,427.20848099807256,17.418773984238673,27.87003837478187
902.7025310237312,430.33563097319575,17.418773984238673,27.87003837478187
903.6900520685069,433.46278094831894,17.418773984238673,27.87003837478187
903.196291546119,434.28571515229874,17.418773984238673,27.87003837478187
903.8546389093028,437.7420388090138,17.418773984238673,27.87003837478187
903.3871059097332,442.7216080694018,15.720450530642491,25.15272084902798
903.3871059097332,445.24678280030815,15.720450530642491,25.15272084902798
902.0502486992534,447.7719575312145,15.720450530642491,25.15272084902798
901.4560899390401,450.00005288201424,15.720450530642491,25.15272084902798
902.6444074594666,452.97084668308054,15.720450530642491,25.15272084902798
901.1590105589335,454.9018626537736,15.720450530642491,25.15272084902798
900.1192327285603,457.42703738468,15.720450530642491,25.15272084902798
900.5648517987203,459.803672425533,15.720450530642491,25.15272084902798
898.9309152081338,462.7744662265993,15.720450530642491,25.15272084902798
899.5250739683471,465.7452600276656,15.720450530642491,25.15272084902798
897.7425976877073,469.1616728988918,15.720450530642491,25.15272084902798
897.4455183076007,471.9839270099048,15.720450530642491,25.15272084902798
897.4455183076007,474.65764143086443,15.720450530642491,25.15272084902798
896.5542801672808,477.33135585182407,15.720450530642491,25.15272084902798
895.8115817170142,482.08462593353016,15.720450530642491,25.15272084902798
895.6630420269609,484.7583403544898,15.720450530642491,25.15272084902798
896.4057404772275,485.6495784948097,15.720450530642491,25.15272084902798
892.0980894656814,489.5116104361959,15.720450530642491,25.15272084902798
891.0583116353082,491.44262640688896,15.720450530642491,25.15272084902798
891.0583116353082,494.5619598980086,15.720450530642491,25.15272084902798
890.3156131850416,498.7210712195014,15.720450530642491,25.15272084902798
888.5331369044018,501.84040471062104,15.720450530642491,25.15272084902798
888.6816765944551,503.3258016111542,15.720450530642491,25.15272084902798
889.5729147347749,506.14805572216716,15.720450530642491,25.15272084902798
885.859422483442,511.0498654939266,15.720450530642491,25.15272084902798
887.0477400038685,512.3867227044065,15.720450530642491,25.15272084902798
884.9681843431221,516.3972943358459,15.720450530642491,25.15272084902798
886.0079621734952,520.8534850374454,15.720450530642491,25.15272084902798
884.6711049630154,523.972818528565,15.720450530642491,25.15272084902798
886.0079621734952,527.6863107798979,15.720450530642491,25.15272084902798
887.1962796939217,532.7366602417106,15.720450530642491,25.15272084902798
887.9389781441884,535.261834972617,15.720450530642491,25.15272084902798
889.8699941148815,540.1636447443764,15.720450530642491,25.15272084902798
891.3553910154146,543.1344385454427,15.720450530642491,25.15272084902798
890.9097719452546,547.4420895569888,15.720450530642491,25.15272084902798
895.6630420269607,552.1953596386949,15.720450530642491,25.15272084902798
896.1086610971207,557.6913281706675,15.720450530642491,25.15272084902798
897.1484389274939,560.6621219717338,15.720450530642491,25.15272084902798
897.4455183076005,565.2668523633865,15.720450530642491,25.15272084902798
899.079454898187,568.8318049246661,15.720450530642491,25.15272084902798
900.1192327285602,572.3967574859457,15.720450530642491,25.15272084902798
901.3075502489867,578.635424468185,15.720450530642491,25.15272084902798
903.9812646699463,582.7945357896778,15.720450530642491,25.15272084902798
905.3181218804261,588.141964631597,15.720450530642491,25.15272084902798
906.209360020746,591.1127584326633,15.720450530642491,25.15272084902798
909.6257728919722,596.7572666546893,15.720450530642491,25.15272084902798
910.9626301024521,600.3222192159689,15.720450530642491,25.15272084902798
912.5965666930385,607.7492037186346,15.720450530642491,25.15272084902798
913.784884213465,611.0170768998075,15.720450530642491,25.15272084902798
913.6363445234117,614.8791088411937,15.720450530642491,25.15272084902798
