428.5,267.5,17,35
427.59842519685037,264.18897637795277,17.0,35.0
427.39763779527556,262.18110236220474,17.0,35.0
427.59842519685037,259.9724409448819,17.0,35.0
427.39763779527556,257.76377952755905,17.0,35.0
427.7992125984252,255.5551181102362,17.0,35.0
427.7992125984252,253.34645669291336,17.0,35.0
427.7992125984252,252.54330708661416,17.0,35.0
427.7992125984252,249.73228346456693,17.0,35.0
428.0,248.3267716535433,17.0,35.0
428.40157480314963,247.5236220472441,17.0,35.0
428.60236220472444,245.51574803149606,17.0,35.0
428.40157480314963,243.90944881889766,17.0,35.0
429.40551181102364,242.30314960629926,17.0,35.0
429.60629921259846,241.70078740157487,17.0,35.0
429.20472440944883,239.89370078740166,17.0,35.0
429.40551181102364,238.88976377952764,17.0,35.0
429.60629921259846,237.88582677165363,17.0,35.0
429.0039370078741,237.2834645669292,17.0,35.0
429.0039370078741,236.8818897637796,17.0,35.0
429.4055118110237,235.476377952756,17.0,35.0
429.6062992125985,235.476377952756,17.0,35.0
429.2047244094489,235.27559055118118,17.0,35.0
429.4055118110237,235.07480314960637,17.0,35.0
429.4055118110237,234.87401574803155,17.0,35.0
429.4055118110237,234.87401574803155,17.0,35.0
429.80708661417333,235.07480314960637,17.0,35.0
429.4055118110237,235.47637795275597,17.0,35.0
429.80708661417333,236.27952755905517,17.0,35.0
429.6062992125985,236.68110236220477,17.0,35.0
429.6062992125985,237.08267716535437,17.0,35.0
429.4055118110237,238.68897637795277,17.0,35.0
429.80708661417333,238.88976377952758,17.0,35.0
429.4055118110237,240.6968503937008,17.0,35.0
429.6062992125985,241.5,17.0,35.0
429.2047244094489,243.90944881889766,17.0,35.0
429.2047244094489,245.51574803149606,17.0,35.0
429.2047244094489,246.51968503937007,17.0,35.0
429.2047244094489,248.12598425196848,17.0,35.0
428.80314960629926,250.1338582677165,17.0,35.0
428.60236220472444,251.33858267716533,17.0,35.0
428.2007874015748,252.54330708661416,17.0,35.0
428.2007874015748,252.14173228346453,17.0,35.0
428.40157480314963,253.14566929133855,17.0,35.0
428.40157480314963,253.34645669291336,17.0,35.0
428.40157480314963,253.94881889763775,17.0,35.0
428.40157480314963,252.14173228346453,17.0,35.0
428.2007874015748,251.53937007874015,17.0,35.0
427.7992125984252,249.1299212598425,17.0,35.0
426.996062992126,248.92913385826768,17.0,35.0
426.79527559055117,246.92125984251965,17.0,35.0
426.39370078740154,245.11417322834643,17.0,35.0
426.59448818897636,243.1062992125984,17.0,35.0
425.3897637795275,241.90157480314957,17.0,35.0
425.59055118110234,240.49606299212593,17.0,35.0
424.78740157480314,238.6889763779527,17.0,35.0
424.18503937007875,237.2834645669291,17.0,35.0
423.7834645669291,236.27952755905508,17.0,35.0
423.3818897637795,235.27559055118107,17.0,35.0
422.98031496062987,234.07086614173224,17.0,35.0
421.97637795275585,233.06692913385822,17.0,35.0
421.37401574803147,232.0629921259842,17.0,35.0
420.97244094488184,230.85826771653538,17.0,35.0
419.9685039370078,230.45669291338578,17.0,35.0
419.36614173228344,229.25196850393695,17.0,35.0
418.76377952755905,228.24803149606294,17.0,35.0
417.75984251968504,228.64960629921254,17.0,35.0
416.755905511811,226.4409448818897,17.0,35.0
416.15354330708664,227.0433070866141,17.0,35.0
415.751968503937,226.6417322834645,17.0,35.0
414.748031496063,225.03543307086608,17.0,35.0
413.9448818897638,225.03543307086608,17.0,35.0
413.744094488189,225.2362204724409,17.0,35.0
412.9409448818898,225.6377952755905,17.0,35.0
412.3385826771654,225.2362204724409,17.0,35.0
412.1377952755906,226.2401574803149,17.0,35.0
411.5354330708662,227.64566929133852,17.0,35.0
410.732283464567,226.4409448818897,17.0,35.0
409.9291338582678,228.04724409448812,17.0,35.0
409.52755905511816,229.45275590551174,17.0,35.0
408.52362204724415,230.85826771653535,17.0,35.0
406.75257931094495,230.8734205822834,18.93578626,38.9854423
406.75257931094495,232.88627975165346,18.93578626,38.9854423
405.85797523566936,234.45183688338574,18.93578626,38.9854423
404.96337116039376,236.4646960527558,18.93578626,38.9854423
403.8451160662993,238.7012062409448,18.93578626,38.9854423
403.3978140286615,241.38501846677158,18.93578626,38.9854423
401.38495485929144,243.84517967377948,18.93578626,38.9854423
400.26669976519696,247.87089801251963,18.93578626,38.9854423
399.8193977275592,250.55471023834642,18.93578626,38.9854423
399.3720956899214,254.35677755826768,18.93578626,38.9854423
398.4774916146458,257.7115428405511,18.93578626,38.9854423
397.35923652055135,262.40821423574795,18.93578626,38.9854423
396.24098142645687,265.7629795180314,18.93578626,38.9854423
395.1227263323624,271.13060396968496,18.93578626,38.9854423
394.2281222570868,275.379973327244,18.93578626,38.9854423
393.1098671629923,281.1948998165353,18.93578626,38.9854423
392.4389141065356,286.33887324936995,18.93578626,38.9854423
391.09700799362224,292.3774507574802,18.93578626,38.9854423
389.34794802938893,295.52544334018194,21.092000075553223,43.4247060379037
388.84971180713177,301.7533961183965,21.092000075553223,43.4247060379037
387.85323936261744,308.4795851188682,21.092000075553223,43.4247060379037
386.35853069584596,313.71106545256845,21.092000075553223,43.4247060379037
386.10941258471735,318.6934276751401,21.092000075553223,43.4247060379037
385.112940140203,326.1669710089975,21.092000075553223,43.4247060379037
383.61823147343154,332.14580567608346,21.092000075553223,43.4247060379037
382.12352280666005,338.8719946765552,21.092000075553223,43.4247060379037
382.6217590289172,344.60171123251257,21.092000075553223,43.4247060379037
381.1270503621457,351.3279002329843,21.092000075553223,43.4247060379037
380.8779322510171,357.55585301119885,21.092000075553223,43.4247060379037
379.3832235842456,363.28556956715624,21.092000075553223,43.4247060379037
379.8814598065028,371.755585345528,21.092000075553223,43.4247060379037
378.3867511397313,377.2361837903568,21.092000075553223,43.4247060379037
378.3867511397313,382.2185460129284,21.092000075553223,43.4247060379037
377.14116058408837,389.1938531245287,21.092000075553223,43.4247060379037
375.89557002844543,394.4253334582289,21.092000075553223,43.4247060379037
375.39733380618827,398.9094594585434,21.092000075553223,43.4247060379037
374.8990975839311,404.6391760145008,21.092000075553223,43.4247060379037
374.8990975839311,408.3759476814295,21.092000075553223,43.4247060379037
374.6499794728025,413.1091917928726,21.092000075553223,43.4247060379037
373.6535070282882,418.0915540154442,21.092000075553223,43.4247060379037
372.9061526949024,421.0809713489872,21.092000075553223,43.4247060379037
371.9096802503881,424.07038868253017,21.092000075553223,43.4247060379037
371.4114440281309,427.30892412720175,21.092000075553223,43.4247060379037
370.165853472488,429.550987127359,21.092000075553223,43.4247060379037
369.4184991391022,433.7859950165449,21.092000075553223,43.4247060379037
367.9237904723307,436.52629423895934,21.092000075553223,43.4247060379037
366.42908180555924,438.519239127988,21.092000075553223,43.4247060379037
367.42555425007356,440.0139477947595,21.092000075553223,43.4247060379037
366.42908180555924,443.25248323943106,21.092000075553223,43.4247060379037
364.72997487912045,442.7730472669093,23.493741483916452,48.36946776100446
365.00746001475727,443.3280175381829,23.493741483916452,48.36946776100446
363.0650640652996,444.71544321636696,23.493741483916452,48.36946776100446
363.0650640652996,447.490294572735,23.493741483916452,48.36946776100446
362.2326086583892,449.15520538655585,23.493741483916452,48.36946776100446
361.9551235227524,451.65257160728714,23.493741483916452,48.36946776100446
362.510093794026,451.65257160728714,23.493741483916452,48.36946776100446
361.9551235227524,452.48502701419756,23.493741483916452,48.36946776100446
361.4001532514788,453.31748242110797,23.493741483916452,48.36946776100446
361.4001532514788,453.5949675567448,23.493741483916452,48.36946776100446
361.122668115842,454.98239323492885,23.493741483916452,48.36946776100446
359.45775730202115,454.704908099292,23.493741483916452,48.36946776100446
359.735242437658,454.704908099292,23.493741483916452,48.36946776100446
359.45775730202115,454.14993782801844,23.493741483916452,48.36946776100446
358.62530189511074,453.317482421108,23.493741483916452,48.36946776100446
359.735242437658,451.6525716072872,23.493741483916452,48.36946776100446
359.45775730202115,452.76251214983444,23.493741483916452,48.36946776100446
359.45775730202115,452.20754187856085,23.493741483916452,48.36946776100446
359.45775730202115,452.48502701419767,23.493741483916452,48.36946776100446
358.0703316238371,449.9876607934664,23.493741483916452,48.36946776100446
358.0703316238371,447.4902945727351,23.493741483916452,48.36946776100446
358.6253018951107,448.3227499796455,23.493741483916452,48.36946776100446
356.68290594565303,446.93532430146143,23.493741483916452,48.36946776100446
355.0179951318322,443.88298780945655,23.493741483916452,48.36946776100446
353.3530843180114,440.83065131745167,23.493741483916452,48.36946776100446
354.4630248605586,441.38562158872526,23.493741483916452,48.36946776100446
352.7981140467378,438.6107702323572,23.493741483916452,48.36946776100446
350.85571809728015,434.17100806216826,23.493741483916452,48.36946776100446
349.4682924190961,431.1186715701634,23.493741483916452,48.36946776100446
349.4682924190961,427.78884994252167,23.493741483916452,48.36946776100446
348.6358370121857,425.0139985861536,23.493741483916452,48.36946776100446
350.85571809728015,424.7365134505168,23.493741483916452,48.36946776100446
349.4682924190961,423.90405804360637,23.493741483916452,48.36946776100446
348.6358370121857,418.07687019523337,23.493741483916452,48.36946776100446
345.5835005201808,409.4748309904923,23.493741483916452,48.36946776100446
348.6358370121857,405.8675242272138,23.493741483916452,48.36946776100446
345.5835005201808,400.87279178575125,23.493741483916452,48.36946776100446
343.64110457072314,396.1555444799255,23.493741483916452,48.36946776100446
343.08613429944955,392.2707525810102,23.493741483916452,48.36946776100446
341.6987086212655,388.3859606820949,23.493741483916452,48.36946776100446
341.1437383499919,384.5011687831796,23.493741483916452,48.36946776100446
340.8662532143551,378.9514660704434,23.493741483916452,48.36946776100446
340.58876807871826,376.73158498534895,23.493741483916452,48.36946776100446
341.14373834999185,371.7368525438864,23.493741483916452,48.36946776100446
340.31128294308144,367.5745755093343,23.493741483916452,48.36946776100446
340.58876807871826,362.57984306787176,23.493741483916452,48.36946776100446
341.4212234856287,358.69505116895647,23.493741483916452,48.36946776100446
341.4212234856287,355.36522954131476,23.493741483916452,48.36946776100446
340.8662532143551,349.53804169294176,23.493741483916452,48.36946776100446
340.03379780744467,346.20822006530005,23.493741483916452,48.36946776100446
340.03379780744467,343.71085384456876,23.493741483916452,48.36946776100446
340.3112829430815,338.71612140310623,23.493741483916452,48.36946776100446
341.42122348562873,335.94127004673817,23.493741483916452,48.36946776100446
340.86625321435514,330.11408219836517,23.493741483916452,48.36946776100446
340.86625321435514,327.6167159776339,23.493741483916452,48.36946776100446
341.14373834999196,325.1193497569026,23.493741483916452,48.36946776100446
341.9761937569024,319.8471321798032,23.493741483916452,48.36946776100446
342.2536788925392,317.34976595907193,23.493741483916452,48.36946776100446
342.8086491638128,314.57491460270387,23.493741483916452,48.36946776100446
343.6411045707232,313.1874889245198,23.493741483916452,48.36946776100446
348.63583701218573,312.3550335176094,23.493741483916452,48.36946776100446
349.46829241909614,311.24509297506216,23.493741483916452,48.36946776100446
348.0808667409121,306.25036053359963,23.493741483916452,48.36946776100446
349.46829241909614,304.03047944850516,23.493741483916452,48.36946776100446
349.1908072834593,301.2556280921371,23.493741483916452,48.36946776100446
349.1908072834593,297.6483213288586,23.493741483916452,48.36946776100446
350.02326269036973,295.98341051503775,23.493741483916452,48.36946776100446
351.68817350419056,294.3184997012169,23.493741483916452,48.36946776100446
351.9656586398274,292.93107402303286,23.493741483916452,48.36946776100446
352.7981140467378,292.93107402303286,23.493741483916452,48.36946776100446
353.6305694536482,291.5436483448488,23.493741483916452,48.36946776100446
355.57296540310585,290.15622266666475,23.493741483916452,48.36946776100446
356.40542081001627,289.60125239539116,23.493741483916452,48.36946776100446
357.7928464882003,288.4913118528439,23.493741483916452,48.36946776100446
358.07033162383715,288.4913118528439,23.493741483916452,48.36946776100446
358.62530189511074,287.10388617465986,23.493741483916452,48.36946776100446
360.8451829802052,286.27143076774945,23.493741483916452,48.36946776100446
360.8451829802052,284.051549682655,23.493741483916452,48.36946776100446
362.51009379402603,284.60651995392857,23.493741483916452,48.36946776100446
364.7299748791205,282.6641240044709,23.493741483916452,48.36946776100446
365.0074600147573,280.9992131906501,23.493741483916452,48.36946776100446
365.0074600147573,280.1667577837397,23.493741483916452,48.36946776100446
365.5624302860309,279.88927264810286,23.493741483916452,48.36946776100446
367.7823113711254,278.7793321055556,23.493741483916452,48.36946776100446
368.0597965067622,279.05681724119245,23.493741483916452,48.36946776100446
368.6147667780358,279.05681724119245,23.493741483916452,48.36946776100446
369.72470732058304,277.1144212917348,23.493741483916452,48.36946776100446
370.00219245621986,277.6693915630084,23.493741483916452,48.36946776100446
371.1121329987671,278.224361834282,23.493741483916452,48.36946776100446
371.3896181344039,279.0568172411924,23.493741483916452,48.36946776100446
371.9445884056775,278.5018469699188,23.493741483916452,48.36946776100446
372.7770438125879,278.7793321055556,23.493741483916452,48.36946776100446
372.4995586769511,279.88927264810286,23.493741483916452,48.36946776100446
372.4995586769511,280.7217280550133,23.493741483916452,48.36946776100446
372.7770438125879,281.5541834619237,23.493741483916452,48.36946776100446
371.6671032700407,282.6641240044709,23.493741483916452,48.36946776100446
371.9445884056775,283.77406454701816,23.493741483916452,48.36946776100446
371.6671032700407,285.1614902252022,23.493741483916452,48.36946776100446
371.9445884056775,285.7164604964758,23.493741483916452,48.36946776100446
372.7770438125879,284.051549682655,23.493741483916452,48.36946776100446
372.7770438125879,285.7164604964758,23.493741483916452,48.36946776100446
373.3320140838615,284.32903481829175,23.493741483916452,48.36946776100446
373.8869843551351,284.32903481829175,23.493741483916452,48.36946776100446
371.6671032700406,284.32903481829175,23.493741483916452,48.36946776100446
372.77704381258786,284.32903481829175,23.493741483916452,48.36946776100446
373.0545289482247,283.49657941138133,23.493741483916452,48.36946776100446
373.0545289482247,283.49657941138133,23.493741483916452,48.36946776100446
372.2220735413143,281.27669832628686,23.493741483916452,48.36946776100446
372.4995586769511,282.1091537331973,23.493741483916452,48.36946776100446
372.4995586769511,280.99921319065004,23.493741483916452,48.36946776100446
372.7770438125879,280.1667577837396,23.493741483916452,48.36946776100446
371.9445884056775,279.0568172411924,23.493741483916452,48.36946776100446
372.4995586769511,278.5018469699188,23.493741483916452,48.36946776100446
373.0545289482247,277.39190642737157,23.493741483916452,48.36946776100446
373.0545289482247,276.836936156098,23.493741483916452,48.36946776100446
373.0545289482247,275.4495104779139,23.493741483916452,48.36946776100446
373.0545289482247,274.06208479972986,23.493741483916452,48.36946776100446
374.44195462640874,275.1720253422771,23.493741483916452,48.36946776100446
374.1644694907719,275.1720253422771,23.493741483916452,48.36946776100446
374.1644694907719,274.3395699353667,23.493741483916452,48.36946776100446
374.99692489768233,273.50711452845627,23.493741483916452,48.36946776100446
374.99692489768233,274.06208479972986,23.493741483916452,48.36946776100446
375.5518951689559,273.78459966409304,23.493741483916452,48.36946776100446
376.1068654402295,274.06208479972986,23.493741483916452,48.36946776100446
376.38435057586634,274.61705507100345,23.493741483916452,48.36946776100446
376.9393208471399,273.5071145284562,23.493741483916452,48.36946776100446
375.8293803045927,272.397173985909,23.493741483916452,48.36946776100446
375.8293803045927,272.95214425718257,23.493741483916452,48.36946776100446
376.3843505758663,273.2296293928194,23.493741483916452,48.36946776100446
376.93932084713987,272.397173985909,23.493741483916452,48.36946776100446
376.93932084713987,270.45477803645133,23.493741483916452,48.36946776100446
377.7717762540503,271.8422037146354,23.493741483916452,48.36946776100446
377.7717762540503,271.8422037146354,23.493741483916452,48.36946776100446
377.7717762540503,271.8422037146354,23.493741483916452,48.36946776100446
378.0492613896871,272.397173985909,23.493741483916452,48.36946776100446
378.6042316609607,271.56471857899857,23.493741483916452,48.36946776100446
379.7141722035079,271.009748307725,23.493741483916452,48.36946776100446
380.82411274605516,271.009748307725,23.493741483916452,48.36946776100446
378.6042316609607,269.89980776517774,23.493741483916452,48.36946776100446
380.2691424747815,270.45477803645133,23.493741483916452,48.36946776100446
380.2691424747815,267.95741181572004,23.493741483916452,48.36946776100446
380.8241127460551,268.23489695135686,23.493741483916452,48.36946776100446
381.10159788169193,267.40244154444645,23.493741483916452,48.36946776100446
381.93405328860234,266.0150158662624,23.493741483916452,48.36946776100446
382.48902355987593,267.1249564088096,23.493741483916452,48.36946776100446
383.32147896678634,267.40244154444645,23.493741483916452,48.36946776100446
383.87644923805993,267.40244154444645,23.493741483916452,48.36946776100446
384.70890464497035,267.95741181572004,23.493741483916452,48.36946776100446
385.54136005188076,269.06735235826727,23.493741483916452,48.36946776100446
386.651300594428,270.45477803645133,23.493741483916452,48.36946776100446
387.2062708657016,269.3448374939041,23.493741483916452,48.36946776100446
387.4837560013384,268.5123820869937,23.493741483916452,48.36946776100446
388.038726272612,271.56471857899857,23.493741483916452,48.36946776100446
387.7612411369752,271.009748307725,23.493741483916452,48.36946776100446
388.31621140824876,273.22962939281945,23.493741483916452,48.36946776100446
389.426151950796,275.4495104779139,23.493741483916452,48.36946776100446
390.53609249334323,276.55945102046115,23.493741483916452,48.36946776100446
391.0910627646168,277.11442129173474,23.493741483916452,48.36946776100446
390.53609249334323,278.224361834282,23.493741483916452,48.36946776100446
391.9235181715273,280.7217280550133,23.493741483916452,48.36946776100446
392.2010033071641,280.9992131906501,23.493741483916452,48.36946776100446
392.47848844280094,281.8316685975605,23.493741483916452,48.36946776100446
392.75597357843776,282.94160914010774,23.493741483916452,48.36946776100446
393.5884289853482,284.60651995392857,23.493741483916452,48.36946776100446
394.4208843922586,287.10388617465986,23.493741483916452,48.36946776100446
394.6983695278954,289.32376725975433,23.493741483916452,48.36946776100446
395.253339799169,291.266163209212,23.493741483916452,48.36946776100446
395.253339799169,292.9310740230328,23.493741483916452,48.36946776100446
396.95362524047016,296.12153125058825,21.20311114386128,43.653464119714386
396.23425951626393,296.7470461631689,19.135816340139186,39.39726893558067
397.59034098918715,300.58927700311807,19.135816340139186,39.39726893558067
399.17243604093096,302.62339921250293,19.135816340139186,39.39726893558067
399.3984496197515,303.075426370144,19.135816340139186,39.39726893558067
400.0764903562131,302.62339921250293,19.135816340139186,39.39726893558067
400.5285175138542,303.5274535277851,19.135816340139186,39.39726893558067
401.43257182913635,304.43150784306727,19.135816340139186,39.39726893558067
403.01466688088016,303.30143994896457,19.135816340139186,39.39726893558067
403.01466688088016,303.5274535277851,19.135816340139186,39.39726893558067
403.6927076173418,303.30143994896457,19.135816340139186,39.39726893558067
404.59676193262396,302.1713720548619,19.135816340139186,39.39726893558067
407.33773775934037,302.50988593637237,17.270081947835006,35.556051069072055
406.11387368429695,302.50988593637237,17.270081947835006,35.556051069072055
407.33773775934037,303.52977266557525,17.270081947835006,35.556051069072055
406.72580572181863,302.10193124469123,17.270081947835006,35.556051069072055
407.1337604134998,301.6939765530101,17.270081947835006,35.556051069072055
408.15364714270265,302.3059085905318,17.270081947835006,35.556051069072055
408.35762448854325,301.48999920716955,17.270081947835006,35.556051069072055
408.35762448854325,301.69397655301015,17.270081947835006,35.556051069072055
409.37751121774613,301.89795389885074,17.270081947835006,35.556051069072055
408.969556526065,299.65420309460444,17.270081947835006,35.556051069072055
408.969556526065,300.6740898238073,17.270081947835006,35.556051069072055
409.37751121774613,300.0621577862856,17.270081947835006,35.556051069072055
410.60137529278956,298.430339019561,17.270081947835006,35.556051069072055
412.0292167136736,298.6343163654016,17.270081947835006,35.556051069072055
412.6411487511953,298.0223843278799,17.270081947835006,35.556051069072055
412.2331940595142,296.3905655611553,17.270081947835006,35.556051069072055
412.4371714053548,295.7786335236336,17.270081947835006,35.556051069072055
413.0491034428765,295.7786335236336,17.270081947835006,35.556051069072055
412.4371714053548,295.574656177793,17.270081947835006,35.556051069072055
412.6411487511954,295.3706788319524,17.270081947835006,35.556051069072055
414.27296751791994,295.9826108694741,17.270081947835006,35.556051069072055
414.47694486376054,295.9826108694741,17.270081947835006,35.556051069072055
414.47694486376054,295.9826108694741,17.270081947835006,35.556051069072055
415.70080893880396,295.7786335236335,17.270081947835006,35.556051069072055
417.3326277055285,295.3706788319524,17.270081947835006,35.556051069072055
416.51671832216624,295.7786335236335,17.270081947835006,35.556051069072055
418.3525144347314,296.18658821531466,17.270081947835006,35.556051069072055
417.94455974305026,296.18658821531466,17.270081947835006,35.556051069072055
417.74058239720966,296.39056556115526,17.270081947835006,35.556051069072055
419.1684238180937,298.2263616737204,17.270081947835006,35.556051069072055
415.9414027978564,297.2218685464713,19.23662237981695,39.604810781976056
415.25979019384715,297.67627694914415,19.23662237981695,39.604810781976056
419.37843048285964,299.15259510297665,17.361059439211733,35.74335766896532
415.51925410944057,298.55291414784557,19.337959458121695,39.8134459431917
415.06245191751646,299.2381174357318,19.337959458121695,39.8134459431917
415.06245191751646,299.923320723618,19.337959458121695,39.8134459431917
414.60564972559234,301.52212839535247,19.337959458121695,39.8134459431917
413.9204464377061,301.9789305872766,19.337959458121695,39.8134459431917
415.06245191751646,303.349337163049,19.337959458121695,39.8134459431917
414.1488475336682,304.0345404509352,19.337959458121695,39.8134459431917
413.46364424578195,305.86174921863176,19.337959458121695,39.8134459431917
411.9058374592852,305.87898601295586,21.53996864726693,44.34699427378483
411.9058374592852,306.13339509146687,21.53996864726693,44.34699427378483
409.91623447821655,305.89818555725753,23.992720138338115,49.39677675540197
408.78272014097223,306.46494272587967,23.992720138338115,49.39677675540197
407.932584388039,309.29872856899044,23.992720138338115,49.39677675540197
407.932584388039,309.8654857376126,23.992720138338115,49.39677675540197
407.932584388039,311.282378659168,23.992720138338115,49.39677675540197
407.3658272194169,313.26602874934554,23.992720138338115,49.39677675540197
407.932584388039,315.2496788395231,23.992720138338115,49.39677675540197
407.0824486351058,317.23332892970063,23.992720138338115,49.39677675540197
406.23231288217255,318.65022185125605,23.992720138338115,49.39677675540197
405.94893429786146,320.9172505257447,23.992720138338115,49.39677675540197
405.66555571355036,321.4840076943668,23.992720138338115,49.39677675540197
404.81541996061713,325.4513078747219,23.992720138338115,49.39677675540197
404.81541996061713,327.43495796489947,23.992720138338115,49.39677675540197
404.53204137630604,328.5684723021438,23.992720138338115,49.39677675540197
403.6819056233728,329.9853652236992,23.992720138338115,49.39677675540197
403.1151484547507,333.38590823543217,23.992720138338115,49.39677675540197
402.26501270181745,334.8028011569876,23.992720138338115,49.39677675540197
401.6982555331953,336.50307266285404,23.992720138338115,49.39677675540197
400.8481197802621,340.47037284320913,23.992720138338115,49.39677675540197
402.86789581222354,344.2953486921756,21.653439580281663,44.58061090057987
398.52015794374176,345.3183458377007,21.653439580281663,44.58061090057987
397.75291008459794,348.89883584703864,21.653439580281663,44.58061090057987
398.0086593709792,351.4563287108514,21.653439580281663,44.58061090057987
397.2414115118354,355.5483172929519,21.653439580281663,44.58061090057987
395.7069157935477,358.87305801590855,21.653439580281663,44.58061090057987
394.9396679344039,360.91905230695875,21.653439580281663,44.58061090057987
393.1494229297349,364.75529160267797,21.653439580281663,44.58061090057987
390.8476793523034,369.6145280439223,21.653439580281663,44.58061090057987
389.0574343476344,371.6605223349725,21.653439580281663,44.58061090057987
389.56893292039695,376.26400948983553,21.653439580281663,44.58061090057987
384.24410813767145,376.79480874865357,24.11911198153163,49.656995256094504
381.3953941241047,379.6435227622203,24.11911198153163,49.656995256094504
379.1164229132513,383.34685097985704,24.11911198153163,49.656995256094504
377.692065906468,387.33505059885044,24.11911198153163,49.656995256094504
375.4130946956146,390.46863601377385,24.11911198153163,49.656995256094504
373.1341234847612,394.7417070341239,24.11911198153163,49.656995256094504
370.28540947119444,399.58452085718733,24.11911198153163,49.656995256094504
370.0005380698378,404.4273346802508,24.11911198153163,49.656995256094504
366.01233845084437,407.27604869381753,24.11911198153163,49.656995256094504
363.73336723999097,414.11296232637767,24.11911198153163,49.656995256094504
360.59978182506757,418.6709047480844,24.11911198153163,49.656995256094504
358.60568201557084,423.5137185711479,24.11911198153163,49.656995256094504
357.46619641014416,427.78678959149795,24.11911198153163,49.656995256094504
355.47209660064743,432.3447320132047,24.11911198153163,49.656995256094504
352.05363978436736,436.90267443491143,24.11911198153163,49.656995256094504
349.77466857351396,442.03035965933157,24.11911198153163,49.656995256094504
347.78056876401723,447.72778768646504,24.11911198153163,49.656995256094504
346.07134035587717,452.0008587068151,24.11911198153163,49.656995256094504
341.7982693355271,456.8436725298786,24.11911198153163,49.656995256094504
341.22852653281376,462.8259719583687,24.11911198153163,49.656995256094504
334.44275091947077,465.1264416201526,26.865549956664,55.31142638136703
330.63503517758136,470.20339594267176,26.865549956664005,55.31142638136703
328.73117730663665,475.5976599103484,26.865549956664005,55.31142638136703
326.19270014537705,481.30923352318246,26.865549956664005,55.31142638136703
320.7984361777004,486.38618784570167,26.865549956664005,55.31142638136703
318.8945783067557,490.1939035875911,26.865549956664005,55.31142638136703
313.81762398423655,496.2227868455826,26.865549956664005,55.31142638136703
310.00990824234714,502.56897974873164,26.865549956664005,55.31142638136703
307.788740726245,508.2805533615657,26.865549956664005,55.31142638136703
302.3944767585684,513.3575076840849,26.865549956664005,55.31142638136703
297.9521417263641,518.7517716517615,26.865549956664005,55.31142638136703
295.0963549199471,522.5594873936509,26.865549956664005,55.31142638136703
289.06747166195555,527.9537513613275,26.865549956664005,55.31142638136703
286.2116848555385,531.7614671032169,26.865549956664005,55.31142638136703
283.3558980491215,536.8384214257361,26.865549956664005,55.31142638136703
280.182801597547,541.9153757482553,26.865549956664005,55.31142638136703
277.32701479112995,544.7711625546724,26.865549956664005,55.31142638136703
274.78853762987035,549.5308072320341,26.865549956664005,55.31142638136703
272.88467975892564,552.3865940384512,26.865549956664005,55.31142638136703
268.4423447267214,554.9250711997108,26.865549956664005,55.31142638136703
267.1731061460916,558.7327869416002,26.865549956664005,55.31142638136703
264.634628984832,561.5885737480173,26.865549956664005,55.31142638136703
261.77884217841495,563.492431618962,26.865549956664005,55.31142638136703
260.50960359778514,565.7135991350641,26.865549956664005,55.31142638136703
259.5576746623128,568.5693859414812,26.865549956664005,55.31142638136703
256.7018878558958,567.6174570060089,26.865549956664005,55.31142638136703
259.2403650171554,571.4251727478983,26.865549956664005,55.31142638136703
255.1153396301086,571.4251727478983,26.865549956664005,55.31142638136703
254.4807203397937,572.0597920382131,26.865549956664005,55.31142638136703
254.7980299849511,573.9636499091578,26.865549956664005,55.31142638136703
251.94224317853408,574.5982691994726,26.865549956664005,55.31142638136703
251.94224317853408,573.9636499091578,26.865549956664005,55.31142638136703
250.99031424306176,574.2809595543152,26.865549956664005,55.31142638136703
249.08645637211706,574.2809595543152,26.865549956664005,55.31142638136703
247.49990814632983,573.9636499091578,26.865549956664005,55.31142638136703
247.81721779148725,575.8675077801024,26.865549956664005,55.31142638136703
247.49990814632983,575.2328884897876,26.865549956664005,55.31142638136703
246.86528885601493,575.2328884897876,26.865549956664005,55.31142638136703
249.08645637211706,576.1848174252599,26.865549956664005,55.31142638136703
246.54797921085745,574.5982691994726,26.865549956664005,55.31142638136703
248.45183708180215,575.5501981349449,26.865549956664005,55.31142638136703
246.54797921085745,572.3771016833705,26.865549956664005,55.31142638136703
246.54797921085745,571.7424823930556,26.865549956664005,55.31142638136703
246.86528885601487,568.8866955866386,26.865549956664005,55.31142638136703
246.54797921085745,567.3001473608513,26.865549956664005,55.31142638136703
248.45183708180215,566.9828377156938,26.865549956664005,55.31142638136703
247.49990814632983,562.5405026834895,26.865549956664005,55.31142638136703
246.23066956570003,561.2712641028597,26.865549956664005,55.31142638136703
248.76914672695963,557.4635483609703,26.865549956664005,55.31142638136703
249.08645637211706,555.877000135183,26.865549956664005,55.31142638136703
251.62493353337666,553.021213328766,26.865549956664005,55.31142638136703
251.30762388821924,550.1654265223489,26.865549956664005,55.31142638136703
253.21148175916395,548.2615686514042,26.865549956664005,55.31142638136703
256.06726856558095,545.7230914901446,26.865549956664005,55.31142638136703
257.01919750105327,542.5499950385702,26.865549956664005,55.31142638136703
260.1922939526278,540.6461371676255,26.865549956664005,55.31142638136703
261.1442228881001,535.5691828451063,26.865549956664005,55.31142638136703
259.2403650171554,532.0787767483744,26.865549956664005,55.31142638136703
263.0480807590448,528.9056802967999,26.865549956664005,55.31142638136703
266.53848685577674,524.4633452645957,26.865549956664005,55.31142638136703
268.12503508156396,521.2902488130212,26.865549956664005,55.31142638136703
267.49041579124906,517.4825330711318,26.865549956664005,55.31142638136703
270.6635122428236,514.3094366195573,26.865549956664005,55.31142638136703
268.75965437187887,510.18441123251046,26.865549956664005,55.31142638136703
271.6154411782959,507.32862442609337,26.865549956664005,55.31142638136703
273.836608694398,504.4728376196763,26.865549956664005,55.31142638136703
275.42315692018525,500.03050258747203,26.865549956664005,55.31142638136703
275.1058472750278,496.5400964907401,26.865549956664005,55.31142638136703
275.42315692018525,494.63623861979545,26.865549956664005,55.31142638136703
277.0097051459725,491.1458325230635,26.865549956664005,55.31142638136703
277.9616340814448,488.6073553618039,26.865549956664005,55.31142638136703
279.2308726620746,486.3861878457018,26.865549956664005,55.31142638136703
277.0097051459725,484.16502032959966,26.865549956664005,55.31142638136703
279.8654919523895,480.99192387802515,26.865549956664005,55.31142638136703
281.45204017817673,478.45344671676554,26.865549956664005,55.31142638136703
282.40396911364905,477.5015177812932,26.865549956664005,55.31142638136703
281.13473053301925,474.9630406200336,26.865549956664005,55.31142638136703
283.03858840396396,472.7418731039315,26.865549956664005,55.31142638136703
285.57706556522356,472.7418731039315,26.865549956664005,55.31142638136703
286.5289945006959,470.8380152329868,26.865549956664005,55.31142638136703
287.7982330813257,470.2033959426719,26.865549956664005,55.31142638136703
287.48092343616827,467.98222842656975,26.865549956664005,55.31142638136703
290.3367102425853,466.3956802007825,26.865549956664005,55.31142638136703
289.7020909522704,464.8091319749953,26.865549956664005,55.31142638136703
291.6059488232151,463.5398933943655,26.865549956664005,55.31142638136703
293.1924970490023,461.95334516857827,26.865549956664005,55.31142638136703
294.77904527478955,460.04948729763356,26.865549956664005,55.31142638136703
297.95214172636406,458.46293907184634,26.865549956664005,55.31142638136703
297.00021279089174,457.511010136374,26.865549956664005,55.31142638136703
300.49061888762367,455.2898426202719,26.865549956664005,55.31142638136703
300.17330924246625,453.3859847493272,26.865549956664005,55.31142638136703
303.0290960488833,452.43405581385485,26.865549956664005,55.31142638136703
304.2983346295131,450.53019794291015,26.865549956664005,55.31142638136703
300.8648896269962,448.6502865467737,29.92472421980834,61.609726334899484
303.6924226241435,448.29684492213033,29.92472421980834,61.60972633489949
305.81307237200394,446.5296367989133,29.92472421980834,61.60972633489949
305.1061891227171,443.70210380176604,29.92472421980834,61.60972633489949
306.51995562129076,444.0555454264094,29.92472421980834,61.60972633489949
307.58028049522096,442.9952205524792,29.92472421980834,61.60972633489949
306.87339724593414,440.5211291799754,29.92472421980834,61.60972633489949
308.9940469937946,438.7539210567584,29.92472421980834,61.60972633489949
306.51995562129076,436.98671293354136,29.92472421980834,61.60972633489949
308.2871637445078,435.92638805961116,29.92472421980834,61.60972633489949
308.64060536915116,434.86606318568096,29.92472421980834,61.60972633489949
307.58028049522096,433.80573831175076,29.92472421980834,61.60972633489949
308.64060536915116,431.6850885638903,29.92472421980834,61.60972633489949
310.7612551170116,431.6850885638903,29.92472421980834,61.60972633489949
310.7612551170116,429.9178804406733,29.92472421980834,61.60972633489949
313.63384589997185,428.6800427069249,27.007075651035116,55.60280281095463
315.2287519423558,428.99902391540166,27.007075651035116,55.60280281095463
314.27180831692544,427.72309908149447,27.007075651035116,55.60280281095463
315.8667143593094,426.7661554560641,27.007075651035116,55.60280281095463
315.2287519423558,424.53328699672653,27.007075651035116,55.60280281095463
316.504676776263,423.25736216281933,27.007075651035116,55.60280281095463
316.8236579847398,421.98143732891214,27.007075651035116,55.60280281095463
317.78060161017015,420.70551249500494,27.007075651035116,55.60280281095463
318.7375452356005,421.34347491195854,27.007075651035116,55.60280281095463
320.0134700695077,418.7916252441442,27.007075651035116,55.60280281095463
321.92735732036846,418.47264403566743,27.007075651035116,55.60280281095463
321.6083761118917,416.87773799328346,27.007075651035116,55.60280281095463
322.56531973732206,414.9638507424227,27.007075651035116,55.60280281095463
325.1171694051364,414.3258883254691,27.007075651035116,55.60280281095463
326.07411303056676,413.0499634915619,27.007075651035116,55.60280281095463
327.03105665599713,411.7740386576547,27.007075651035116,55.60280281095463
328.9449439068579,410.17913261527076,27.007075651035116,55.60280281095463
326.76933660849096,408.2893179874445,30.08236541386184,61.93428173442142
327.4799436655113,405.4468897593631,30.08236541386184,61.93428173442142
326.76933660849096,404.0256756453224,30.08236541386184,61.93428173442142
326.41403307998075,402.6044615312817,30.08236541386184,61.93428173442142
327.83524719402146,401.89385447426133,30.08236541386184,61.93428173442142
328.5458542510418,402.24915800277154,30.08236541386184,61.93428173442142
327.83524719402146,400.1173368317105,30.08236541386184,61.93428173442142
329.25646130806217,397.9855156606494,30.08236541386184,61.93428173442142
329.6117648365724,398.3408191891596,30.08236541386184,61.93428173442142
331.3882824791233,395.85369448958835,30.08236541386184,61.93428173442142
330.67767542210294,396.5643015466087,30.08236541386184,61.93428173442142
330.67767542210294,394.43248037554764,30.08236541386184,61.93428173442142
331.7435860076335,392.3006592044866,30.08236541386184,61.93428173442142
335.3419164395713,391.41160416326807,27.149346892108216,55.895714189634546
334.3799317071738,391.7322657407339,27.149346892108216,55.895714189634546
333.41794697477627,389.487634698473,27.149346892108216,55.895714189634546
334.70059328463964,388.84631154354133,27.149346892108216,55.895714189634546
336.30390117196885,386.2810189238146,27.149346892108216,55.895714189634546
334.3799317071738,385.6396957688829,27.149346892108216,55.895714189634546
335.983239594503,384.99837261395123,27.149346892108216,55.895714189634546
336.94522432690053,383.395064726622,27.149346892108216,55.895714189634546
337.26588590436637,382.4330799942245,27.149346892108216,55.895714189634546
338.54853221422974,381.7917568392928,27.149346892108216,55.895714189634546
338.54853221422974,379.5471257970319,27.149346892108216,55.895714189634546
338.8691937916956,378.90580264210024,27.149346892108216,55.895714189634546
339.8311785240931,376.9818331773052,27.149346892108216,55.895714189634546
341.4344864114223,374.7372021350443,27.149346892108216,55.895714189634546
340.79316325649063,373.45455582518093,27.149346892108216,55.895714189634546
343.0377942987515,372.81323267024925,27.149346892108216,55.895714189634546
342.7171327212857,371.20992478292004,27.149346892108216,55.895714189634546
343.99977903114905,369.9272784730567,27.149346892108216,55.895714189634546
344.64110218608073,368.32397058572747,27.149346892108216,55.895714189634546
345.2824253410124,367.0413242758641,27.149346892108216,55.895714189634546
344.96176376354657,365.75867796600073,27.149346892108216,55.895714189634546
345.60308691847825,366.0793395434666,27.149346892108216,55.895714189634546
346.8857332283416,364.7966932336032,27.149346892108216,55.895714189634546
347.20639480580746,362.5520621913423,27.149346892108216,55.895714189634546
346.5650716508758,362.87272376880816,27.149346892108216,55.895714189634546
348.48904111567083,361.5900774589448,27.149346892108216,55.895714189634546
347.84771796073915,359.66610799414974,27.149346892108216,55.895714189634546
349.1303642706025,359.9867695716156,27.149346892108216,55.895714189634546
348.168379538205,358.06280010682053,27.149346892108216,55.895714189634546
348.48904111567083,358.7041232617522,27.149346892108216,55.895714189634546
349.1303642706025,356.4594922194913,27.149346892108216,55.895714189634546
348.80970269313667,355.81816906455964,27.149346892108216,55.895714189634546
350.09234900300004,354.21486117723043,27.149346892108216,55.895714189634546
349.1303642706025,353.57353802229875,27.149346892108216,55.895714189634546
348.48904111567083,351.32890698003786,27.149346892108216,55.895714189634546
349.7716874255342,351.008245402572,27.149346892108216,55.895714189634546
350.7336721579317,349.4049375152428,27.149346892108216,55.895714189634546
351.05433373539756,349.72559909270865,27.149346892108216,55.895714189634546
351.05433373539756,346.839644895516,27.149346892108216,55.895714189634546
351.05433373539756,344.91567543072097,27.149346892108216,55.895714189634546
351.3749953128634,343.6330291208576,27.149346892108216,55.895714189634546
352.33698004526093,342.9917059659259,27.149346892108216,55.895714189634546
352.65764162272677,342.6710443884601,27.149346892108216,55.895714189634546
354.260949510056,341.06773650113087,27.149346892108216,55.895714189634546
354.260949510056,340.4264133461992,27.149346892108216,55.895714189634546
354.5816110875218,339.46442861380166,27.149346892108216,55.895714189634546
355.8642573973852,337.86112072647245,27.149346892108216,55.895714189634546
356.18491897485103,336.8991359940749,27.149346892108216,55.895714189634546
356.8262421297827,335.61648968421156,27.149346892108216,55.895714189634546
357.78822686218024,334.65450495181403,27.149346892108216,55.895714189634546
359.39153474950945,333.6925202194165,27.149346892108216,55.895714189634546
358.75021159457776,332.0892123320873,27.149346892108216,55.895714189634546
360.03285790444113,331.4478891771556,27.149346892108216,55.895714189634546
358.75021159457776,330.80656602222393,27.149346892108216,55.895714189634546
360.6741810593728,328.8825965574289,27.149346892108216,55.895714189634546
364.5629988772107,329.3628703348086,24.5022964958859,50.445904550353305
363.1160128636742,327.9158843212721,24.5022964958859,50.445904550353305
362.24782125555225,326.75829551044274,24.5022964958859,50.445904550353305
364.5629988772107,327.3370899158574,24.5022964958859,50.445904550353305
366.87817649886927,327.04769271315,24.5022964958859,50.445904550353305
366.0099848907473,325.3113094969061,24.5022964958859,50.445904550353305
366.0099848907473,325.3113094969061,24.5022964958859,50.445904550353305
367.7463681069912,325.3113094969061,24.5022964958859,50.445904550353305
366.35133255125055,322.72857467308864,27.292367607367197,56.19016860340303
366.02898175273833,320.4721190835032,27.292367607367197,56.19016860340303
366.02898175273833,318.86036509094214,27.292367607367197,56.19016860340303
366.35133255125055,318.2156634939177,27.292367607367197,56.19016860340303
366.67368334976277,316.9262602998689,27.292367607367197,56.19016860340303
366.02898175273833,315.63685710582007,27.292367607367197,56.19016860340303
368.9712331745014,313.5408545411998,24.631372748963198,50.71164977727716
368.098467998357,313.5408545411998,24.6313727489632,50.71164977727716
370.71676352679015,311.7953241889111,24.6313727489632,50.71164977727716
368.6803114491199,312.9590110904369,24.6313727489632,50.71164977727716
371.88045042831595,311.5044024635297,24.6313727489632,50.71164977727716
371.00768525217165,310.3407155620039,24.6313727489632,50.71164977727716
372.75321560446037,310.04979383662237,24.6313727489632,50.71164977727716
373.04413732984176,310.04979383662237,24.6313727489632,50.71164977727716
374.4987459567491,309.46795038585947,24.6313727489632,50.71164977727716
372.46229387907886,308.01334175895227,24.6313727489632,50.71164977727716
374.4987459567491,308.01334175895227,24.6313727489632,50.71164977727716
373.62598078060466,308.59518520971517,24.6313727489632,50.71164977727716
376.2442763090378,307.43149830818936,24.6313727489632,50.71164977727716
377.1170414851822,307.72242003357076,24.6313727489632,50.71164977727716
380.0262587389967,309.46795038585947,24.6313727489632,50.71164977727716
380.3171804643782,310.04979383662237,24.6313727489632,50.71164977727716
379.7353370136153,310.6316372873853,24.6313727489632,50.71164977727716
380.3171804643782,310.9225590127668,24.6313727489632,50.71164977727716
380.0262587389967,312.0862459142926,24.6313727489632,50.71164977727716
380.89902391514113,313.2499328158184,24.6313727489632,50.71164977727716
381.1899456405225,313.5408545411998,24.6313727489632,50.71164977727716
382.35363254204833,314.9954631681071,24.6313727489632,50.71164977727716
381.7717890912854,317.61375869654023,24.6313727489632,50.71164977727716
383.80824116895565,319.94113249959184,24.6313727489632,50.71164977727716
383.51731944357414,319.35928904882894,24.6313727489632,50.71164977727716
382.93547599281123,319.65021077421034,24.6313727489632,50.71164977727716
384.09916289433704,320.81389767573614,24.6313727489632,50.71164977727716
385.26284979586285,320.81389767573614,24.6313727489632,50.71164977727716
384.68100634509995,322.26850630264346,24.6313727489632,50.71164977727716
384.09916289433704,322.55942802802485,24.6313727489632,50.71164977727716
384.68100634509995,323.43219320416927,24.6313727489632,50.71164977727716
384.97192807048145,324.5958801056951,24.6313727489632,50.71164977727716
386.13561497200726,325.4686452818394,24.6313727489632,50.71164977727716
385.84469324662575,326.0504887326023,24.6313727489632,50.71164977727716
385.55377152124436,327.5050973595096,24.6313727489632,50.71164977727716
387.00838014815156,328.0869408102725,24.6313727489632,50.71164977727716
385.84469324662575,330.7052363387056,24.6313727489632,50.71164977727716
388.17206704967737,332.4507666909943,24.6313727489632,50.71164977727716
389.6266756765847,333.3235318671386,24.6313727489632,50.71164977727716
389.6266756765847,334.19629704328304,24.6313727489632,50.71164977727716
387.35152600242907,333.9273303699283,27.436141744985637,56.48617418085276
387.9996238389248,335.8716238794155,27.43614174498564,56.48617418085276
388.97177059366834,337.16781955240697,27.43614174498564,56.48617418085276
389.61986843016405,338.46401522539844,27.43614174498564,56.48617418085276
391.2401130214034,339.436161980142,27.43614174498564,56.48617418085276
391.2401130214034,339.76021089838986,27.43614174498564,56.48617418085276
390.0020882273761,340.10871488560866,30.56028916953597,62.918242407868135
390.72398482193205,340.83061148016463,30.56028916953597,62.918242407868135
390.72398482193205,342.63535296655454,30.56028916953597,62.918242407868135
391.445881416488,344.44009445294444,30.56028916953597,62.918242407868135
391.445881416488,345.8838876420564,30.56028916953597,62.918242407868135
391.445881416488,348.41052572300225,30.56028916953597,62.918242407868135
391.806829713766,349.1324223175582,30.56028916953597,62.918242407868135
392.52872630832195,350.21526720939215,30.56028916953597,62.918242407868135
392.167778011044,352.02000869578205,30.56028916953597,62.918242407868135
392.88967460559996,354.5466467767279,30.56028916953597,62.918242407868135
392.167778011044,356.3513882631178,30.56028916953597,62.918242407868135
393.2506229028779,357.43423315495176,30.56028916953597,62.918242407868135
392.167778011044,358.5170780467857,30.56028916953597,62.918242407868135
392.88967460559996,361.7656127222875,30.56028916953597,62.918242407868135
393.2506229028779,363.93130250595544,30.56028916953597,62.918242407868135
393.2506229028779,365.3750956950674,30.56028916953597,62.918242407868135
393.2506229028779,367.1798371814573,30.56028916953597,62.918242407868135
393.2506229028779,368.2626820732912,30.56028916953597,62.918242407868135
393.2506229028779,370.0674235596811,30.56028916953597,62.918242407868135
393.6115712001559,371.15026845151505,30.56028916953597,62.918242407868135
394.6944160919898,373.6769065324609,30.56028916953597,62.918242407868135
395.05536438926777,375.84259631612883,30.56028916953597,62.918242407868135
395.77726098382374,378.00828609979675,30.56028916953597,62.918242407868135
395.4163126865458,380.5349241807426,30.56028916953597,62.918242407868135
395.77726098382374,382.3396656671325,30.56028916953597,62.918242407868135
396.4991575783797,383.42251055896645,30.56028916953597,62.918242407868135
397.58200247021364,386.6710452344683,30.56028916953597,62.918242407868135
398.3038990647696,389.5586316126922,30.56028916953597,62.918242407868135
397.2210541729357,391.0024248018041,30.56028916953597,62.918242407868135
399.0257956593256,395.33380436913995,30.56028916953597,62.918242407868135
400.1086405511595,398.5823390446418,30.56028916953597,62.918242407868135
400.8305371457155,403.63561520653354,30.56028916953597,62.918242407868135
401.19148544299344,406.52320158475743,30.56028916953597,62.918242407868135
401.9133820375494,410.1326845575373,30.56028916953597,62.918242407868135
401.55243374027145,413.38121923303913,30.56028916953597,62.918242407868135
401.55243374027145,418.4344953949309,30.56028916953597,62.918242407868135
402.2743303348274,423.4877715568226,30.56028916953597,62.918242407868135
401.91338203754947,426.73630623232447,30.56028916953597,62.918242407868135
402.2743303348274,430.3457892051043,30.56028916953597,62.918242407868135
401.55243374027145,433.59432388060617,30.56028916953597,62.918242407868135
402.2743303348274,439.0085483397759,30.56028916953597,62.918242407868135
401.91338203754947,443.7008762043897,30.56028916953597,62.918242407868135
402.9962269293834,447.3103591771696,30.56028916953597,62.918242407868135
402.63527863210544,450.19794555539346,30.56028916953597,62.918242407868135
402.9962269293834,455.6121700145632,30.56028916953597,62.918242407868135
402.9962269293834,458.86070469006506,30.56028916953597,62.918242407868135
403.35717522666135,464.2749291492348,30.56028916953597,62.918242407868135
402.6352786321054,467.52346382473667,30.56028916953597,62.918242407868135
402.6352786321054,471.4938950947945,30.56028916953597,62.918242407868135
402.2743303348274,474.02053317574035,30.56028916953597,62.918242407868135
402.6352786321054,477.99096444579817,30.56028916953597,62.918242407868135
402.6352786321054,480.1566542294661,30.56028916953597,62.918242407868135
402.6352786321054,481.600447418578,30.56028916953597,62.918242407868135
402.99622692938334,483.405188904968,30.56028916953597,62.918242407868135
403.7181235239393,485.20993039135794,30.56028916953597,62.918242407868135
403.7181235239393,485.20993039135794,30.56028916953597,62.918242407868135
404.80096841577324,485.57087868863596,30.56028916953597,62.918242407868135
405.1619167130512,486.6537235804699,30.56028916953597,62.918242407868135
406.2447616048851,488.09751676958183,30.56028916953597,62.918242407868135
405.88381330760717,485.931826985914,30.56028916953597,62.918242407868135
406.9666581994411,487.3756201750259,30.56028916953597,62.918242407868135
408.049503091275,486.292775283192,30.56028916953597,62.918242407868135
408.410451388553,485.57087868863607,30.56028916953597,62.918242407868135
408.77139968583094,484.84898209408016,30.56028916953597,62.918242407868135
408.410451388553,483.0442406076902,30.56028916953597,62.918242407868135
408.410451388553,481.96139571585627,30.56028916953597,62.918242407868135
409.4932962803869,482.6832923104122,30.56028916953597,62.918242407868135
409.13234798310896,481.60044741857826,30.56028916953597,62.918242407868135
410.5761411722209,481.23949912130024,30.56028916953597,62.918242407868135
410.21519287494294,480.1566542294663,30.56028916953597,62.918242407868135
412.426897417299,481.7801126975898,27.580673273935794,56.78373909339719
412.1011414337486,481.7801126975898,27.580673273935794,56.78373909339719
413.07840938439983,482.10586868114024,27.580673273935794,56.78373909339719
413.40416536795027,482.4316246646907,27.580673273935794,56.78373909339719
413.07840938439983,483.4088926153419,27.580673273935794,56.78373909339719
414.0556773350511,484.0604045824428,27.580673273935794,56.78373909339719
414.0556773350511,484.7119165495437,27.580673273935794,56.78373909339719
414.3814333186015,485.03767253309405,27.580673273935794,56.78373909339719
414.0556773350511,486.99220843439656,27.580673273935794,56.78373909339719
414.70718930215196,489.27250031924956,27.580673273935794,56.78373909339719
414.70718930215196,491.87854818765294,27.580673273935794,56.78373909339719
414.70718930215196,494.8103520396067,27.580673273935794,56.78373909339719
415.35870126925283,497.0906439244597,27.580673273935794,56.78373909339719
415.0329452857024,500.67395974351433,27.580673273935794,56.78373909339719
415.35870126925283,503.9315195790186,27.580673273935794,56.78373909339719
415.0329452857024,509.4693712993757,27.580673273935794,56.78373909339719
415.68445725280327,514.6814670361825,27.580673273935794,56.78373909339719
416.0102132363537,517.9390268716868,27.580673273935794,56.78373909339719
416.33596921990414,523.4768785920439,27.580673273935794,56.78373909339719
416.0102132363537,528.6889743288507,27.580673273935794,56.78373909339719
416.98748118700496,531.946534164355,27.580673273935794,56.78373909339719
417.3132371705554,538.4616538353634,27.580673273935794,56.78373909339719
416.98748118700496,542.0449696544181,27.580673273935794,56.78373909339719
417.63899315410583,548.2343333418761,27.580673273935794,56.78373909339719
417.3132371705554,552.794917111582,27.580673273935794,56.78373909339719
417.96474913765627,557.3555008812879,27.580673273935794,56.78373909339719
418.2905051212067,562.893352601645,27.580673273935794,56.78373909339719
418.2905051212067,566.8024244042501,27.580673273935794,56.78373909339719
418.2905051212067,570.7114962068553,27.580673273935794,56.78373909339719
418.2905051212067,575.923591943662,27.580673273935794,56.78373909339719
418.2905051212067,579.1811517791663,27.580673273935794,56.78373909339719
418.2905051212067,583.0902235817714,27.580673273935794,56.78373909339719
417.96474913765627,585.6962714501748,27.580673273935794,56.78373909339719
418.9420170883075,587.3250513679269,27.580673273935794,56.78373909339719
418.6162611047571,589.6053432527799,27.580673273935794,56.78373909339719
418.6162611047571,590.5826112034312,27.580673273935794,56.78373909339719
418.6162611047571,591.234123170532,27.580673273935794,56.78373909339719
419.26777307185796,591.5598791540824,27.580673273935794,56.78373909339719
419.26777307185796,590.2568552198807,27.580673273935794,56.78373909339719
418.9420170883075,589.6053432527798,27.580673273935794,56.78373909339719
419.5935290554084,588.9538312856789,27.580673273935794,56.78373909339719
419.91928503895883,586.9992953843764,27.580673273935794,56.78373909339719
420.24504102250927,586.673539400826,27.580673273935794,56.78373909339719
419.91928503895883,587.3250513679269,27.580673273935794,56.78373909339719
420.5707970060597,587.3250513679269,27.580673273935794,56.78373909339719
420.24504102250927,586.9992953843765,27.580673273935794,56.78373909339719
420.5707970060597,586.3477834172757,27.580673273935794,56.78373909339719
420.89655298961014,585.6962714501748,27.580673273935794,56.78373909339719
421.2223089731606,584.0674915324227,27.580673273935794,56.78373909339719
421.2223089731606,585.6962714501748,27.580673273935794,56.78373909339719
421.87382094026145,583.7417355488723,27.580673273935794,56.78373909339719
422.8510888909127,584.0674915324227,27.580673273935794,56.78373909339719
422.52533290736227,584.0674915324227,27.580673273935794,56.78373909339719
422.8510888909127,583.4159795653218,27.580673273935794,56.78373909339719
423.82835684156396,583.0902235817714,27.580673273935794,56.78373909339719
424.1541128251144,583.4159795653218,27.580673273935794,56.78373909339719
425.4571367593161,582.4387116146705,27.580673273935794,56.78373909339719
425.13138077576565,582.1129556311201,27.580673273935794,56.78373909339719
426.43440470996734,581.4614436640193,27.580673273935794,56.78373909339719
426.1086487264169,580.8099316969184,27.580673273935794,56.78373909339719
426.43440470996734,579.8326637462671,27.580673273935794,56.78373909339719
426.1086487264169,579.8326637462671,27.580673273935794,56.78373909339719
426.7601606935178,578.8553957956159,27.580673273935794,56.78373909339719
427.0859166770682,578.5296398120655,27.580673273935794,56.78373909339719
427.7374286441691,579.5069077627168,27.580673273935794,56.78373909339719
427.7374286441691,578.8553957956159,27.580673273935794,56.78373909339719
428.0631846277195,577.8781278449646,27.580673273935794,56.78373909339719
428.38894061126996,577.2266158778638,27.580673273935794,56.78373909339719
428.0631846277195,577.2266158778638,27.580673273935794,56.78373909339719
428.38894061126996,576.5751039107629,27.580673273935794,56.78373909339719
428.7146965948204,575.5978359601116,27.580673273935794,56.78373909339719
429.69196454547165,574.6205680094604,27.580673273935794,56.78373909339719
430.3434765125725,571.6887641575066,27.580673273935794,56.78373909339719
430.3434765125725,569.7342282562041,27.580673273935794,56.78373909339719
431.3207444632238,566.4766684206999,27.580673273935794,56.78373909339719
431.97225643032465,564.8478885029477,27.580673273935794,56.78373909339719
432.9495243809759,560.9388167003426,27.580673273935794,56.78373909339719
433.6010363480768,558.3327688319392,27.580673273935794,56.78373909339719
433.9267923316272,554.7494530128846,27.580673273935794,56.78373909339719
434.90406028227846,551.16613719383,27.580673273935794,56.78373909339719
435.55557224937934,547.2570653912248,27.580673273935794,56.78373909339719
435.55557224937934,543.3479935886197,27.580673273935794,56.78373909339719
436.5328402000306,539.7646777695651,27.580673273935794,56.78373909339719
437.8358641342323,535.2040939998592,27.580673273935794,56.78373909339719
438.81313208488353,529.6662422795021,27.580673273935794,56.78373909339719
439.4646440519844,525.7571704768969,27.580673273935794,56.78373909339719
440.7676679861861,520.5450747400902,27.580673273935794,56.78373909339719
441.09342396973653,517.6132708881364,27.580673273935794,56.78373909339719
441.41917995328697,512.4011751513297,27.580673273935794,56.78373909339719
442.07069192038784,508.1663473651741,27.580673273935794,56.78373909339719
442.7222038874887,502.95425162836733,27.580673273935794,56.78373909339719
443.3737158545896,499.3709358093127,27.580673273935794,56.78373909339719
443.69947183814,495.78761999025807,27.580673273935794,56.78373909339719
444.6767397887913,490.5755242534513,27.580673273935794,56.78373909339719
445.32825175589215,488.2952323685983,27.580673273935794,56.78373909339719
445.32825175589215,486.0149404837453,27.580673273935794,56.78373909339719
445.0024957723417,483.0831366317915,27.580673273935794,56.78373909339719
445.97976372299297,480.80284474693855,27.580673273935794,56.78373909339719
446.63127569009384,479.1740648291864,27.580673273935794,56.78373909339719
446.3055197065434,478.52255286208555,27.580673273935794,56.78373909339719
446.3055197065434,478.52255286208555,27.580673273935794,56.78373909339719
446.63127569009384,477.21952892788386,27.580673273935794,56.78373909339719
447.6085436407451,476.2422609772326,27.580673273935794,56.78373909339719
447.93429962429553,475.91650499368217,27.580673273935794,56.78373909339719
448.26005560784597,474.6134810594805,27.580673273935794,56.78373909339719
448.26005560784597,473.6362131088292,27.580673273935794,56.78373909339719
448.5858115913964,472.33318917462753,27.580673273935794,56.78373909339719
449.8888355255981,473.6362131088292,27.580673273935794,56.78373909339719
450.21459150914853,472.33318917462753,27.580673273935794,56.78373909339719
450.21459150914853,473.3104571252788,27.580673273935794,56.78373909339719
450.54034749269897,472.6589451581779,27.580673273935794,56.78373909339719
450.8661034762494,472.00743319107704,27.580673273935794,56.78373909339719
451.5176154433503,471.6816772075266,27.580673273935794,56.78373909339719
452.16912741045115,471.03016524042573,27.580673273935794,56.78373909339719
452.820639377552,470.37865327332486,27.580673273935794,56.78373909339719
453.14639536110246,470.0528972897744,27.580673273935794,56.78373909339719
453.4721513446529,469.727141306224,27.580673273935794,56.78373909339719
453.79790732820334,467.7726054049214,27.580673273935794,56.78373909339719
454.4494192953042,465.4923135200685,27.580673273935794,56.78373909339719
454.77517527885465,465.16655753651804,27.580673273935794,56.78373909339719
455.4266872459555,463.2120216352155,27.580673273935794,56.78373909339719
455.75244322950596,460.93172975036254,27.580673273935794,56.78373909339719
456.40395519660683,458.32568188195916,27.580673273935794,56.78373909339719
456.40395519660683,457.02265794775747,27.580673273935794,56.78373909339719
456.40395519660683,454.4166100793541,27.580673273935794,56.78373909339719
458.0742634525928,455.2302700330659,24.8915687290647,51.24734738336848
457.780268546344,453.17230568932433,24.8915687290647,51.24734738336848
458.6622532650904,451.70233115808037,24.8915687290647,51.24734738336848
458.3682583588416,449.9383617205876,24.8915687290647,51.24734738336848
458.3682583588416,447.2924075643484,24.8915687290647,51.24734738336848
458.3682583588416,446.41042284560206,24.8915687290647,51.24734738336848
458.3682583588416,444.3524585018605,24.8915687290647,51.24734738336848
458.6622532650904,442.29449415811894,24.8915687290647,51.24734738336848
458.95624817133915,440.53052472062615,24.8915687290647,51.24734738336848
459.2502430775879,439.0605501893822,24.8915687290647,51.24734738336848
459.2502430775879,436.414596033143,24.8915687290647,51.24734738336848
459.2502430775879,434.94462150189906,24.8915687290647,51.24734738336848
459.2502430775879,432.0046724394111,24.8915687290647,51.24734738336848
459.5442379838367,431.7106775331623,24.8915687290647,51.24734738336848
459.83823289008546,430.5346979081671,24.8915687290647,51.24734738336848
460.72021760883183,429.65271318942075,24.8915687290647,51.24734738336848
460.72021760883183,427.88874375192796,24.8915687290647,51.24734738336848
461.0142125150806,425.8307794081864,24.8915687290647,51.24734738336848
461.6022023275782,426.71276412693277,24.8915687290647,51.24734738336848
461.6022023275782,426.418769220684,24.8915687290647,51.24734738336848
462.48418704632456,425.53678450193763,24.8915687290647,51.24734738336848
462.77818195257333,424.36080487694244,24.8915687290647,51.24734738336848
463.6601666713197,423.4788201581961,24.8915687290647,51.24734738336848
463.6601666713197,422.8908303456985,24.8915687290647,51.24734738336848
463.95416157756847,421.1268609082057,24.8915687290647,51.24734738336848
464.83614629631484,420.8328660019569,24.8915687290647,51.24734738336848
464.83614629631484,420.53887109570815,24.8915687290647,51.24734738336848
464.83614629631484,419.6568863769618,24.8915687290647,51.24734738336848
465.1301412025636,419.362891470713,24.8915687290647,51.24734738336848
465.1301412025636,418.7749016582154,24.8915687290647,51.24734738336848
465.4241361088124,419.0688965644642,24.8915687290647,51.24734738336848
465.4241361088124,417.5989220332202,24.8915687290647,51.24734738336848
465.4241361088124,418.1869118457178,24.8915687290647,51.24734738336848
465.71813101506115,417.30492712697145,24.8915687290647,51.24734738336848
465.71813101506115,416.71693731447385,24.8915687290647,51.24734738336848
465.71813101506115,416.71693731447385,24.8915687290647,51.24734738336848
465.71813101506115,417.0109322207226,24.8915687290647,51.24734738336848
466.0121259213099,415.54095768947866,24.8915687290647,51.24734738336848
466.3061208275587,415.83495259572743,24.8915687290647,51.24734738336848
466.0121259213099,415.24696278322983,24.8915687290647,51.24734738336848
466.0121259213099,414.65897297073224,24.8915687290647,51.24734738336848
466.3061208275587,414.36497806448347,24.8915687290647,51.24734738336848
466.0121259213099,412.6010086269907,24.8915687290647,51.24734738336848
466.8941106400563,412.6010086269907,24.8915687290647,51.24734738336848
466.8941106400563,412.3070137207419,24.8915687290647,51.24734738336848
467.18810554630505,411.42502900199554,24.8915687290647,51.24734738336848
467.18810554630505,411.42502900199554,24.8915687290647,51.24734738336848
467.18810554630505,411.13103409574677,24.8915687290647,51.24734738336848
467.4821004525538,409.6610595645028,24.8915687290647,51.24734738336848
468.0700902650514,409.9550544707516,24.8915687290647,51.24734738336848
468.0700902650514,409.0730697520052,24.8915687290647,51.24734738336848
468.3640851713002,409.0730697520052,24.8915687290647,51.24734738336848
468.9520749837978,407.60309522076125,24.8915687290647,51.24734738336848
469.5400647962954,408.4850799395076,24.8915687290647,51.24734738336848
469.2460698900466,407.89709012701,24.8915687290647,51.24734738336848
469.8340597025442,406.42711559576605,24.8915687290647,51.24734738336848
470.7160444212906,407.60309522076125,24.8915687290647,51.24734738336848
471.01003932753935,405.5451308770197,24.8915687290647,51.24734738336848
471.59802914003694,406.7211105020149,24.8915687290647,51.24734738336848
471.3040342337882,404.6631461582733,24.8915687290647,51.24734738336848
471.0100393275394,404.9571410645221,24.8915687290647,51.24734738336848
471.89202404628577,403.4871665332781,24.8915687290647,51.24734738336848
472.48001385878337,403.7811614395269,24.8915687290647,51.24734738336848
471.89202404628577,403.7811614395269,24.8915687290647,51.24734738336848
472.77400876503214,402.6051818145317,24.8915687290647,51.24734738336848
472.48001385878337,402.6051818145317,24.8915687290647,51.24734738336848
472.48001385878337,402.31118690828293,24.8915687290647,51.24734738336848
472.77400876503214,401.72319709578534,24.8915687290647,51.24734738336848
473.0680036712809,401.72319709578534,24.8915687290647,51.24734738336848
472.77400876503214,400.84121237703897,24.8915687290647,51.24734738336848
473.6559934837785,400.5472174707902,24.8915687290647,51.24734738336848
473.9499883900273,400.84121237703897,24.8915687290647,51.24734738336848
474.53797820252487,399.0772429395462,24.8915687290647,51.24734738336848
474.2439832962761,398.4892531270486,24.8915687290647,51.24734738336848
474.53797820252487,397.0192785958046,24.8915687290647,51.24734738336848
474.83197310877364,397.0192785958046,24.8915687290647,51.24734738336848
475.41996292127124,395.25530915831183,24.8915687290647,51.24734738336848
475.12596801502247,394.96131425206306,24.8915687290647,51.24734738336848
475.41996292127124,394.0793295333167,24.8915687290647,51.24734738336848
476.00795273376883,393.4913397208191,24.8915687290647,51.24734738336848
477.4779272650128,392.60935500207273,24.8915687290647,51.24734738336848
476.8899374525152,392.02136518957514,24.8915687290647,51.24734738336848
477.4779272650128,391.13938047082877,24.8915687290647,51.24734738336848
477.4779272650128,389.9634008458336,24.8915687290647,51.24734738336848
477.4779272650128,387.6114415958432,24.8915687290647,51.24734738336848
478.0659170775104,387.6114415958432,24.8915687290647,51.24734738336848
478.35991198375916,386.7294568770968,24.8915687290647,51.24734738336848
478.35991198375916,385.25948234585286,24.8915687290647,51.24734738336848
478.94790179625676,385.25948234585286,24.8915687290647,51.24734738336848
480.12388142125195,382.6135281896137,24.8915687290647,51.24734738336848
479.2418967025056,382.0255383771161,24.8915687290647,51.24734738336848
478.9479017962568,379.6735791271257,24.8915687290647,51.24734738336848
479.5358916087544,380.2615689396233,24.8915687290647,51.24734738336848
479.5358916087544,379.37958422087695,24.8915687290647,51.24734738336848
479.5358916087544,378.20360459588176,24.8915687290647,51.24734738336848
479.24189670250564,376.7336300646378,24.8915687290647,51.24734738336848
478.9479017962569,376.7336300646378,24.8915687290647,51.24734738336848
479.53589160875447,375.5576504396426,24.8915687290647,51.24734738336848
479.2418967025057,375.26365553339383,24.8915687290647,51.24734738336848
478.94790179625693,373.79368100214987,24.8915687290647,51.24734738336848
479.2418967025057,373.79368100214987,24.8915687290647,51.24734738336848
479.2418967025057,372.6177013771547,24.8915687290647,51.24734738336848
478.94790179625693,371.7357166584083,24.8915687290647,51.24734738336848
479.8298865150033,370.26574212716434,24.8915687290647,51.24734738336848
479.8298865150033,369.383757408418,24.8915687290647,51.24734738336848
480.12388142125207,368.7957675959204,24.8915687290647,51.24734738336848
479.8298865150033,368.2077777834228,24.8915687290647,51.24734738336848
480.4178763275009,366.44380834593,24.8915687290647,51.24734738336848
480.4178763275009,366.44380834593,24.8915687290647,51.24734738336848
480.4178763275009,365.8558185334324,24.8915687290647,51.24734738336848
480.4178763275009,364.97383381468603,24.8915687290647,51.24734738336848
480.71187123374966,363.20986437719324,24.8915687290647,51.24734738336848
481.29986104624726,362.62187456469564,24.8915687290647,51.24734738336848
481.0058661399985,362.62187456469564,24.8915687290647,51.24734738336848
481.88785085874486,361.44589493970045,24.8915687290647,51.24734738336848
481.88785085874486,360.5639102209541,24.8915687290647,51.24734738336848
482.47584067124245,359.6819255022077,24.8915687290647,51.24734738336848
482.1818457649937,359.38793059595895,24.8915687290647,51.24734738336848
481.8878508587449,358.21195097096376,24.8915687290647,51.24734738336848
482.7698355774913,356.1539866272222,24.8915687290647,51.24734738336848
482.7698355774913,355.8599917209734,24.8915687290647,51.24734738336848
482.7698355774913,355.56599681472466,24.8915687290647,51.24734738336848
483.06383048374005,354.39001718972946,24.8915687290647,51.24734738336848
482.7698355774913,353.21403756473427,24.8915687290647,51.24734738336848
483.3578253899889,352.9200426584855,24.8915687290647,51.24734738336848
483.3578253899889,351.1560732209927,24.8915687290647,51.24734738336848
484.57128435695245,352.7723863754066,22.464650795137587,46.250751637047955
485.10194539935725,353.3030474178114,22.464650795137587,46.250751637047955
484.8366148781548,351.71106429059694,22.464650795137587,46.250751637047955
484.5712843569524,351.18040324819214,22.464650795137587,46.250751637047955
485.1019453993572,349.0577590785728,22.464650795137587,46.250751637047955
485.1019453993572,348.2617675149656,22.464650795137587,46.250751637047955
484.83661487815476,347.46577595135835,22.464650795137587,46.250751637047955
484.83661487815476,347.2004454301559,22.464650795137587,46.250751637047955
485.1019453993572,346.13912334534626,22.464650795137587,46.250751637047955
485.3672759205596,344.8124707393342,22.464650795137587,46.250751637047955
485.63260644176205,344.8124707393342,22.464650795137587,46.250751637047955
486.16326748416685,344.54714021813174,22.464650795137587,46.250751637047955
486.16326748416685,342.9551570909173,22.464650795137587,46.250751637047955
486.4285980053693,341.6285044849052,22.464650795137587,46.250751637047955
486.6939285265717,341.36317396370276,22.464650795137587,46.250751637047955
486.95925904777414,340.56718240009553,22.464650795137587,46.250751637047955
486.6939285265717,340.3018518788931,22.464650795137587,46.250751637047955
487.2245895689765,338.975199272881,22.464650795137587,46.250751637047955
486.9592590477741,338.1792077092738,22.464650795137587,46.250751637047955
486.9592590477741,337.91387718807135,22.464650795137587,46.250751637047955
487.4899200901789,336.8525551032617,22.464650795137587,46.250751637047955
488.0205811325837,336.3218940608569,22.464650795137587,46.250751637047955
487.75525061138126,335.52590249724966,22.464650795137587,46.250751637047955
488.5512421749885,335.7912330184521,22.464650795137587,46.250751637047955
488.5512421749885,334.46458041244,22.464650795137587,46.250751637047955
489.0819032173933,332.0766057216183,22.464650795137587,46.250751637047955
489.0819032173933,331.01528363680865,22.464650795137587,46.250751637047955
488.28591165378606,329.68863103079656,22.464650795137587,46.250751637047955
488.81657269619086,328.8926394671893,22.464650795137587,46.250751637047955
488.28591165378606,327.56598686117724,22.464650795137587,46.250751637047955
489.3472337385957,326.76999529757,22.464650795137587,46.250751637047955
489.0819032173933,325.9740037339628,22.464650795137587,46.250751637047955
488.81657269619086,325.17801217035554,22.464650795137587,46.250751637047955
488.28591165378606,324.3820206067483,22.464650795137587,46.250751637047955
489.0819032173933,323.32069852193865,22.464650795137587,46.250751637047955
489.0819032173933,322.79003747953385,22.464650795137587,46.250751637047955
488.5512421749885,321.9940459159266,22.464650795137587,46.250751637047955
489.8778947810006,320.66739330991453,22.464650795137587,46.250751637047955
488.8165726961909,319.60607122510487,22.464650795137587,46.250751637047955
488.5512421749885,319.07541018270007,22.464650795137587,46.250751637047955
489.0819032173933,317.2180965342832,22.464650795137587,46.250751637047955
488.5512421749885,316.1567744494735,22.464650795137587,46.250751637047955
488.8165726961909,315.09545236466386,22.464650795137587,46.250751637047955
488.8165726961909,314.56479132225905,22.464650795137587,46.250751637047955
488.5512421749885,314.56479132225905,22.464650795137587,46.250751637047955
489.0819032173933,313.23813871624697,22.464650795137587,46.250751637047955
488.81657269619086,312.44214715263973,22.464650795137587,46.250751637047955
488.55124217498843,311.6461555890325,22.464650795137587,46.250751637047955
489.8778947810005,311.1154945466277,22.464650795137587,46.250751637047955
489.3472337385957,309.52351141941324,22.464650795137587,46.250751637047955
489.3472337385957,309.2581808982108,22.464650795137587,46.250751637047955
489.61256425979815,308.4621893346036,22.464650795137587,46.250751637047955
489.61256425979815,307.66619777099635,22.464650795137587,46.250751637047955
491.2045473870126,306.6048756861867,22.464650795137587,46.250751637047955
490.6738863446078,306.33954516498426,22.464650795137587,46.250751637047955
490.93921686581024,304.7475620377698,22.464650795137587,46.250751637047955
490.40855582340544,303.4209094317577,22.464650795137587,46.250751637047955
490.67388634460787,301.82892630454324,22.464650795137587,46.250751637047955
491.20454738701267,302.35958734694805,22.464650795137587,46.250751637047955
490.93921686581024,300.50227369853116,22.464650795137587,46.250751637047955
490.6738863446078,298.9102905713167,22.464650795137587,46.250751637047955
491.46987790821504,297.5836379653046,22.464650795137587,46.250751637047955
490.93921686581024,297.3183074441022,22.464650795137587,46.250751637047955
490.40855582340544,295.7263243168877,22.464650795137587,46.250751637047955
490.93921686581024,295.99165483809014,22.464650795137587,46.250751637047955
490.6738863446078,294.13434118967325,22.464650795137587,46.250751637047955
492.26586947182227,293.60368014726845,22.464650795137587,46.250751637047955
491.73520842941747,293.338349626066,22.464650795137587,46.250751637047955
492.26586947182227,292.27702754125636,22.464650795137587,46.250751637047955
491.73520842941747,291.2157054564467,22.464650795137587,46.250751637047955
492.5311999930247,290.41971389283947,22.464650795137587,46.250751637047955
492.26586947182227,290.15438337163704,22.464650795137587,46.250751637047955
491.73520842941747,288.82773076562495,22.464650795137587,46.250751637047955
493.32719155663193,289.0930612868274,22.464650795137587,46.250751637047955
492.79653051422713,288.0317392020177,22.464650795137587,46.250751637047955
492.79653051422713,287.2357476384105,22.464650795137587,46.250751637047955
492.79653051422713,287.2357476384105,22.464650795137587,46.250751637047955
493.59252207783436,287.2357476384105,22.464650795137587,46.250751637047955
494.12318312023916,286.43975607480326,22.464650795137587,46.250751637047955
494.3885136414416,287.5010781596129,22.464650795137587,46.250751637047955
495.1845052050488,286.7050865960057,22.464650795137587,46.250751637047955
494.9191746838464,286.9704171172081,22.464650795137587,46.250751637047955
494.3885136414416,286.1744255536009,22.464650795137587,46.250751637047955
496.2458272898585,286.1744255536009,22.464650795137587,46.250751637047955
496.2458272898585,285.37843398999365,22.464650795137587,46.250751637047955
496.5111578110609,285.1131034687912,22.464650795137587,46.250751637047955
496.77648833226334,284.5824424263864,22.464650795137587,46.250751637047955
496.5111578110609,284.84777294758885,22.464650795137587,46.250751637047955
497.30714937466814,284.84777294758885,22.464650795137587,46.250751637047955
497.30714937466814,284.5824424263864,22.464650795137587,46.250751637047955
497.30714937466814,284.0517813839816,22.464650795137587,46.250751637047955
497.0418188534657,283.2557898203744,22.464650795137587,46.250751637047955
497.0418188534657,283.2557898203744,22.464650795137587,46.250751637047955
496.7764883322633,282.7251287779696,22.464650795137587,46.250751637047955
496.7764883322633,283.78645086277925,22.464650795137587,46.250751637047955
496.51115781106085,283.25578982037445,22.464650795137587,46.250751637047955
497.3071493746681,282.72512877796964,22.464650795137587,46.250751637047955
497.04181885346566,282.72512877796964,22.464650795137587,46.250751637047955
496.7764883322632,282.9904592991721,22.464650795137587,46.250751637047955
496.5111578110608,282.72512877796964,22.464650795137587,46.250751637047955
496.7764883322632,282.4597982567672,22.464650795137587,46.250751637047955
495.71516624745357,282.4597982567672,22.464650795137587,46.250751637047955
496.24582728985837,281.9291372143624,22.464650795137587,46.250751637047955
495.44983572625114,281.1331456507552,22.464650795137587,46.250751637047955
495.98049676865594,280.6024846083504,22.464650795137587,46.250751637047955
495.44983572625114,281.1331456507552,22.464650795137587,46.250751637047955
495.44983572625114,279.8064930447431,22.464650795137587,46.250751637047955
495.98049676865594,280.6024846083503,22.464650795137587,46.250751637047955
495.7151662474535,280.6024846083503,22.464650795137587,46.250751637047955
496.51115781106074,280.3371540871479,22.464650795137587,46.250751637047955
496.2458272898583,280.3371540871479,22.464650795137587,46.250751637047955
495.9804967686559,280.07182356594546,22.464650795137587,46.250751637047955
496.2458272898583,279.80649304474304,22.464650795137587,46.250751637047955
496.51115781106074,280.07182356594546,22.464650795137587,46.250751637047955
496.77648833226317,278.7451709599334,22.464650795137587,46.250751637047955
496.51115781106074,280.33715408714784,22.464650795137587,46.250751637047955
497.307149374668,278.47984043873095,22.464650795137587,46.250751637047955
497.307149374668,279.2758320023382,22.464650795137587,46.250751637047955
497.307149374668,278.2145099175285,22.464650795137587,46.250751637047955
497.307149374668,278.47984043873095,22.464650795137587,46.250751637047955
497.8378104170728,277.6838488751237,22.464650795137587,46.250751637047955
498.40229658068694,279.14257214743793,20.27435638309962,41.74132196520509
498.16283567852435,278.18472853878757,20.27435638309962,41.74132196520509
498.6417574828495,277.945267636625,20.27435638309962,41.74132196520509
498.40229658068694,277.7058067344624,20.27435638309962,41.74132196520509
498.16283567852435,277.7058067344624,20.27435638309962,41.74132196520509
499.1206792871747,277.2268849301372,20.27435638309962,41.74132196520509
498.8812183850121,277.2268849301372,20.27435638309962,41.74132196520509
498.40229658068694,277.4663458322998,20.27435638309962,41.74132196520509
497.92337477636175,277.2268849301372,20.27435638309962,41.74132196520509
498.40229658068694,276.747963125812,20.27435638309962,41.74132196520509
497.92337477636175,276.02958041932425,20.27435638309962,41.74132196520509
498.16283567852435,276.26904132148684,20.27435638309962,41.74132196520509
497.92337477636175,276.02958041932425,20.27435638309962,41.74132196520509
497.68391387419916,275.79011951716166,20.27435638309962,41.74132196520509
496.7260702655488,275.3111977128365,20.27435638309962,41.74132196520509
496.007687559061,275.3111977128365,20.27435638309962,41.74132196520509
495.76822665689843,275.55065861499907,20.27435638309962,41.74132196520509
495.28930485257325,275.55065861499907,20.27435638309962,41.74132196520509
495.28930485257325,275.55065861499907,20.27435638309962,41.74132196520509
494.5709221460855,275.3111977128365,20.27435638309962,41.74132196520509
493.8525394395977,275.79011951716166,20.27435638309962,41.74132196520509
493.13415673310993,274.5928150063487,20.27435638309962,41.74132196520509
492.41577402662216,276.26904132148684,20.27435638309962,41.74132196520509
490.9790086136466,276.747963125812,20.27435638309962,41.74132196520509
490.26062590715884,275.79011951716166,20.27435638309962,41.74132196520509
489.54224320067107,276.26904132148684,20.27435638309962,41.74132196520509
488.1054777876955,276.26904132148684,20.27435638309962,41.74132196520509
487.38709508120775,276.26904132148684,20.27435638309962,41.74132196520509
485.7108687660696,276.747963125812,20.27435638309962,41.74132196520509
484.99248605958184,276.02958041932425,20.27435638309962,41.74132196520509
483.7951815487689,276.9874240279746,20.27435638309962,41.74132196520509
482.35841613579333,276.50850222364943,20.27435638309962,41.74132196520509
481.64003342930556,277.2268849301372,20.27435638309962,41.74132196520509
479.005963505517,276.26904132148684,20.27435638309962,41.74132196520509
477.80865899470405,276.26904132148684,20.27435638309962,41.74132196520509
475.6535108752407,276.50850222364943,20.27435638309962,41.74132196520509
473.2589018536148,276.9874240279746,20.27435638309962,41.74132196520509
472.06159734280186,275.79011951716166,20.27435638309962,41.74132196520509
469.4275274190133,276.50850222364943,20.27435638309962,41.74132196520509
467.0329183973874,277.4663458322998,20.27435638309962,41.74132196520509
464.87777027792407,277.945267636625,20.27435638309962,41.74132196520509
462.72262215846075,277.945267636625,20.27435638309962,41.74132196520509
460.56747403899743,278.42418944095016,20.27435638309962,41.74132196520509
457.4544823108837,279.14257214743793,20.27435638309962,41.74132196520509
454.82041238709513,279.3820330496005,20.27435638309962,41.74132196520509
452.6652642676318,279.6214939517631,20.27435638309962,41.74132196520509
450.03119434384325,280.1004157560883,20.27435638309962,41.74132196520509
447.87604622437993,280.3398766582509,20.27435638309962,41.74132196520509
445.2419763005914,280.1004157560883,20.27435638309962,41.74132196520509
443.08682818112806,281.29772026690125,20.27435638309962,41.74132196520509
440.69221915950214,281.77664207122643,20.27435638309962,41.74132196520509
437.1003056270632,281.29772026690125,20.27435638309962,41.74132196520509
434.7056966054373,282.016102973389,20.27435638309962,41.74132196520509
431.59270487732357,283.69232928852716,20.27435638309962,41.74132196520509
428.7191740513724,281.77664207122643,20.27435638309962,41.74132196520509
425.6061823232587,282.7344856798768,20.27435638309962,41.74132196520509
422.9721123994701,282.9739465820394,20.27435638309962,41.74132196520509
420.5775033778442,283.45286838636457,20.27435638309962,41.74132196520509
417.2250507475679,284.6501728971775,20.27435638309962,41.74132196520509
414.3515199216167,284.17125109285234,20.27435638309962,41.74132196520509
412.435832704316,285.1290947015027,20.27435638309962,41.74132196520509
407.6466146610641,285.6080165058279,20.27435638309962,41.74132196520509
404.5336229329504,286.80532101664085,20.27435638309962,41.74132196520509
400.70224849834887,286.80532101664085,20.27435638309962,41.74132196520509
397.34979586807253,287.7631646252912,20.27435638309962,41.74132196520509
394.4762650421214,288.481547331779,20.27435638309962,41.74132196520509
