1016.5,375.5,264,130
1009.8897637795276,375.0,264.0,130.0
1002.251968503937,375.0,264.0,130.0
994.6141732283463,373.4724409448819,264.0,130.0
979.3385826771653,371.9448818897638,264.0,130.0
970.1732283464567,370.4173228346457,264.0,130.0
961.007874015748,368.8897637795276,264.0,130.0
948.7874015748032,367.3622047244095,264.0,130.0
941.1496062992126,364.3070866141733,264.0,130.0
928.9291338582677,362.77952755905517,264.0,130.0
916.7086614173229,359.72440944881896,264.0,130.0
904.4881889763781,356.66929133858275,264.0,130.0
893.7952755905512,356.66929133858275,264.0,130.0
883.1023622047245,355.14173228346465,264.0,130.0
872.4094488188978,353.61417322834654,264.0,130.0
863.2440944881891,355.14173228346465,264.0,130.0
855.6062992125986,353.61417322834654,264.0,130.0
847.9685039370081,353.61417322834654,264.0,130.0
837.2755905511814,352.08661417322844,264.0,130.0
828.1102362204728,352.08661417322844,264.0,130.0
820.4724409448822,352.08661417322844,264.0,130.0
812.8346456692917,352.08661417322844,264.0,130.0
802.141732283465,350.55905511811034,264.0,130.0
791.4488188976383,352.08661417322844,264.0,130.0
785.3385826771658,352.08661417322844,264.0,130.0
774.6456692913391,350.55905511811034,264.0,130.0
767.0078740157486,350.55905511811034,264.0,130.0
754.7874015748038,350.55905511811034,264.0,130.0
748.6771653543314,349.03149606299223,264.0,130.0
737.9842519685046,349.03149606299223,264.0,130.0
731.8740157480322,349.03149606299223,264.0,130.0
722.7086614173236,349.03149606299223,264.0,130.0
715.0708661417331,347.50393700787413,264.0,130.0
701.3228346456701,347.50393700787413,264.0,130.0
693.6850393700796,349.03149606299223,264.0,130.0
687.5748031496072,350.55905511811034,264.0,130.0
678.4094488188986,349.03149606299223,264.0,130.0
669.24409448819,350.55905511811034,264.0,130.0
657.0236220472451,349.03149606299223,264.0,130.0
647.8582677165365,349.03149606299223,264.0,130.0
640.220472440946,349.03149606299223,264.0,130.0
631.0551181102373,347.50393700787413,264.0,130.0
621.8897637795287,345.976377952756,264.0,130.0
611.196850393702,345.976377952756,264.0,130.0
598.9763779527572,345.976377952756,264.0,130.0
589.8110236220485,345.976377952756,264.0,130.0
579.1181102362218,342.9212598425198,264.0,130.0
566.897637795277,341.3937007874017,264.0,130.0
557.7322834645684,341.3937007874017,264.0,130.0
547.0393700787416,344.4488188976379,264.0,130.0
537.874015748033,342.9212598425198,264.0,130.0
530.2362204724425,342.9212598425198,264.0,130.0
518.0157480314977,342.9212598425198,264.0,130.0
508.850393700789,341.3937007874017,264.0,130.0
512.554986249094,349.2587336844583,238.26010624197278,117.32505231612296
501.52600495323554,346.50148836049374,238.26010624197278,117.32505231612296
491.87564631935936,346.50148836049374,238.26010624197278,117.32505231612296
483.60391034746556,345.1228656985114,238.26010624197278,117.32505231612296
476.710797037554,343.7442430365291,238.26010624197278,117.32505231612296
468.4390610656602,342.3656203745468,238.26010624197278,117.32505231612296
467.6465893454041,353.599683715226,215.0298417668036,105.885906930623
457.69292928747996,344.8902311645424,215.0298417668036,105.885906930623
442.9618138852886,338.86162870089714,239.51524254222434,117.94311185791351
433.26061788873824,338.8616287008972,239.51524254222434,117.9431118579135
424.94530703455223,340.24751384326146,239.51524254222434,117.9431118579135
412.4723407532732,338.8616287008972,239.51524254222434,117.9431118579135
411.6756943516627,348.76898709903907,216.16260278288732,106.44370591581571
401.6695991619991,343.76593950420727,216.16260278288732,106.44370591581571
392.9142658710434,341.26441570679134,216.16260278288732,106.44370591581571
375.60402426465424,335.204055019282,240.7769908060021,118.56442729083435
364.4585372170846,335.204055019282,240.77699080600212,118.56442729083435
350.5266784076225,336.5972409002282,240.77699080600212,118.56442729083435
337.9880054791067,335.204055019282,240.77699080600212,118.56442729083435
324.0561466696446,335.204055019282,240.77699080600212,118.56442729083435
314.30384550302114,335.204055019282,240.77699080600212,118.56442729083435
307.3379160982901,333.8108691383358,240.77699080600212,118.56442729083435
290.61968552693565,339.38361266212064,240.77699080600212,118.56442729083435
285.04694200315083,339.38361266212064,240.77699080600212,118.56442729083435
273.9014549555812,342.1699844240131,240.77699080600212,118.56442729083435
261.36278202706535,342.1699844240131,240.77699080600212,118.56442729083435
267.52786835692444,350.7363481592908,217.3013310987143,107.00444334406382
258.7264126294115,349.47899734107466,217.3013310987143,107.00444334406382
246.1529044472502,345.70694488642624,217.3013310987143,107.00444334406382
224.9794213367784,339.6146586751207,242.04538586463204,119.18901576667483
227.78047149531685,341.01518375438997,242.045385864632,119.18901576667483
210.97417054408615,341.01518375438997,242.045385864632,119.18901576667483
202.5710200684708,341.01518375438997,242.045385864632,119.18901576667483
200.36543313330947,352.4277246073723,218.44605814957015,107.56813469486406
186.46171420909144,348.6358012644037,218.44605814957015,107.56813469486406
183.93376531377908,349.8997757120599,218.44605814957015,107.56813469486406
167.50209749424863,348.6358012644037,218.44605814957015,107.56813469486406
162.4461997036239,349.8997757120599,218.44605814957015,107.56813469486406
152.3344041223744,347.37182681674756,218.44605814957015,107.56813469486406
142.2226085411249,348.63580126440377,218.44605814957015,107.56813469486406
135.90273630284398,347.37182681674756,218.44605814957015,107.56813469486406
125.7909407215945,349.8997757120599,218.44605814957015,107.56813469486406
115.67914514034501,343.579903473779,218.44605814957015,107.56813469486406
115.67914514034501,342.3159290261228,218.44605814957015,107.56813469486406
103.03940066378317,346.10785236909135,218.44605814957015,107.56813469486406
95.45555397784605,339.7879801308104,218.44605814957015,107.56813469486406
92.92760508253369,338.5240056831542,218.44605814957015,107.56813469486406
67.85065831429247,328.60770242382836,243.3204627329289,119.8168945275786
69.85716133303228,344.3040725025436,219.59681553633942,108.13479552925804
60.96273054389039,339.2215406230339,219.59681553633942,108.13479552925804
52.068299754748494,336.6802746832791,219.59681553633942,108.13479552925804
45.71513490536145,339.2215406230339,219.59681553633942,108.13479552925804
35.55007114634216,336.6802746832791,219.59681553633942,108.13479552925804
25.385007387322872,337.9509076531565,219.59681553633942,108.13479552925804
20.302475507813227,336.6802746832791,219.59681553633942,108.13479552925804
8.866778778916526,339.2215406230339,219.59681553633942,108.13479552925804
-5.110183889734998,340.4921735929113,219.59681553633942,108.13479552925804
-8.922082799367232,335.4096417134017,219.59681553633942,108.13479552925804
-17.81651358850911,335.4096417134017,219.59681553633942,108.13479552925804
-9.652478957228936,331.7867604478755,198.18621439426943,97.5916964820266
-19.97319985714526,339.8139878144771,198.18621439426943,97.5916964820266
-23.413440157117364,330.64001368121814,198.18621439426943,97.5916964820266
-32.587414290376316,337.52049428116237,198.18621439426943,97.5916964820266
-42.90813519029264,334.08025398119025,198.18621439426943,97.5916964820266
-49.788615790236854,324.90627984793133,198.18621439426943,97.5916964820266
-52.74129214995635,322.783374814489,178.8631382472463,88.07654534902281
-15.043446435427612,366.4047865768869,161.42405424833927,79.48911762228829
1.7691519132720117,381.3493184423977,161.42405424833927,79.48911762228829
1.7691519132720117,380.4152852008033,161.42405424833927,79.48911762228829
11.109484329216244,366.4047865768869,161.42405424833927,79.48911762228829
22.71500745912097,354.4012999593973,145.68527392128522,71.73896064305711
4.169769177802507,367.0457806057508,145.68527392128522,71.73896064305711
1.6408730485318017,363.67391910005654,145.68527392128522,71.73896064305711
-7.631746092127429,372.1035728642922,145.68527392128522,71.73896064305711
-4.74444518476993,371.38600587850686,131.48101834233455,64.74444085039201
53.835352357516925,369.10367610413203,131.48101834233455,64.74444085039201
46.22758644293421,367.5821229212155,131.48101834233455,64.74444085039201
31.1339632119427,361.6135755289121,146.45273297515214,72.11687608624916
23.507308720931732,361.6135755289121,146.45273297515214,72.11687608624916
52.319114575862045,387.03575716561534,146.45273297515214,72.11687608624916
45.53986613940785,389.57797532928566,146.45273297515214,72.11687608624916
39.74381406093852,387.166821031285,163.12927345943146,80.32880890047763
99.20951378120729,343.7474212355332,163.12927345943146,80.32880890047763
96.37781379452782,347.52302121777245,163.12927345943146,80.32880890047763
81.42666658097625,351.4446092792311,181.70476793981675,89.47583269763706
63.72165384307374,357.9155110712911,202.3954498900747,99.6644260822338
44.00057519980905,363.9521507457757,225.4421752420585,111.01319235404402
22.033861670073122,369.3717258117947,251.11322613959317,123.6542401444967
-0.9812032024901214,376.8614201924015,279.7074339551989,137.7347212658177
-10.691876464356369,383.335202366979,279.7074339551989,137.7347212658177
-20.402549726222617,391.42743008520085,279.7074339551989,137.7347212658177
-23.63944081351137,399.5196578034227,279.7074339551989,137.7347212658177
-34.96855961902199,407.6118855216446,279.7074339551989,137.7347212658177
-44.679232880888236,412.46722215257773,279.7074339551989,137.7347212658177
-54.389906142754484,420.5594498707996,279.7074339551989,137.7347212658177
-68.95591603555386,428.65167758902146,279.7074339551989,137.7347212658177
-77.04814375377572,438.3623508508877,279.7074339551989,137.7347212658177
-80.28503484106447,446.45457856910963,279.7074339551989,137.7347212658177
-88.37726255928635,451.3099152000428,279.7074339551989,137.7347212658177
-101.0654834564191,462.88935051932526,311.5576579240419,153.41854367471768
-89.96018313272381,488.40649666242666,347.0346598891678,170.88827949087818
