1138.5,288.5,22,18
1137.5498347086773,287.9795270217101,21.391979018237933,18.766896614901178
1138.1715384022873,289.974603314799,21.220842382017437,18.762022873556674
1137.9138024830174,289.4389082910693,20.504190368781043,19.617166405503713
1138.2438145652945,290.20869952710615,20.217651024354346,19.876763964252795
1138.3316424803922,290.6108017223994,19.986297577969264,20.280513741985928
1137.7726067909525,291.8084073180573,19.867524059578347,20.400296933528455
1137.104598332832,292.50670267037907,19.69963901735417,20.68653060213009
1136.8772336283182,292.3356155792034,19.746522035180572,20.946139551370056
1136.766817485407,293.4797491888975,19.732994639396566,20.994404209499596
1135.9940845636856,294.36706716914637,19.724370459798774,20.906151973214502
1136.574987101216,294.2053182584215,19.654895840517728,20.820785087909492
1136.0183699205113,294.70213086377044,19.62849142037997,20.566549654395235
1134.9463780944523,294.59055108230086,19.582967826480438,20.647367320442747
1133.4821502441148,295.135942930279,19.61330431595822,20.418334763650435
1132.8189062027034,295.02647332366024,19.607982758850664,20.178204844083083
1132.9649594611324,295.23065651655793,19.666590180467438,20.292391246545264
1132.8248166627586,296.6425289121145,19.93423290935144,20.13481466832279
1131.8535696298898,295.94536947083293,20.00643967593294,20.213007204297764
1131.5674978933441,296.6247234849241,20.162072537251902,20.330648529905663
1130.6270282721005,298.2840826537163,20.47799121852094,20.294275248855087
1130.5771920884242,298.1175916180878,20.379740596147435,20.266657355255138
1130.6025692159633,297.7132157971173,20.526178548048094,20.147982599395604
1129.4105827808162,299.89693277833,20.45968645442922,19.949876849708307
1128.97228426423,301.07529743122655,20.33403913430724,19.86300018215976
1128.755754868021,301.5619091806828,20.000177181352047,20.059618449604674
1128.2707118817618,300.7401119976527,19.78316059764212,20.4551015676485
1129.0082983380742,301.2808776867427,19.931900853924745,20.45108126162736
1128.0356216751268,301.72679874066654,20.189091018541642,20.481516008294783
1126.8609035174932,303.1371532154748,20.642270529342348,20.48100774036461
1127.5807832426083,303.4468008467222,20.55179680089104,20.32366662449342
1127.1182596388167,303.9348482702749,20.65216940215104,20.269586371466065
1126.382972168666,305.0918702366665,20.96041276133685,20.23106133287842
1126.7125134258865,305.3316073476457,21.020875015229038,20.355787712497936
1125.9202584425518,305.96275922110226,21.158153569964547,20.5870414187402
1124.8339820411761,307.1935269500602,21.54148198650097,20.352569139840533
1124.6111376745944,308.89095228492647,21.73601435975324,20.27309451342761
1125.1715508789516,308.61927918783203,21.44093907685134,20.947490117125213
1124.5606420785275,307.83063889609355,21.555906053615217,21.15443512168377
1124.3902398479695,308.9523398508081,21.33144575328356,21.220241128514395
1122.3806839235835,309.5649258243312,21.374212778218116,21.56490842058861
1122.3387980581224,310.59760496950736,21.51598439198753,21.787507798540815
1121.4239492277372,311.173336157148,21.706743983413958,21.785991636028058
1120.0720156423095,310.047553582522,21.409550191592427,22.170779007608147
1120.6334950887856,311.9110912310769,21.502112753451385,22.082889615954958
1119.307646521868,311.72922596008266,21.501198870059522,22.294158077822456
1118.4250979204694,312.01908564146794,21.23832504357491,22.237821736406534
1117.3075649293064,311.4553422310669,21.46258518064048,22.185665999110856
1117.8410358775982,311.3694271037144,21.527004768584423,22.229437924591274
1116.6927954246453,313.2549976311938,21.960237326254138,22.11096153103983
1116.9715594107845,314.3620689982761,21.81676195960482,21.756353179695502
1116.6928289232712,314.7366115204697,21.45904827156427,21.882113222836423
1115.8067301848253,314.3365460512437,21.113566152508984,22.11044541947087
1115.2927037064571,315.12075679614037,21.118477486702147,22.053938540540322
1115.3438555592782,316.00206321416636,21.232457385562824,21.930252210530846
1115.3452990525413,316.7984519367575,21.463789234866773,21.86509663062111
1113.6613995857338,317.9775470772005,21.513814826349613,21.723855812625686
1113.5905822625948,318.3047036055703,21.641672268769582,21.749051263137815
1113.3231466961358,318.4813763989251,21.762159990279958,21.721221661917223
1112.829565978632,319.142029935354,21.77174999746551,22.059195127618302
1112.5068714927731,320.4603571396304,22.02486989426656,21.76483350471
1112.1783496707317,320.8506386497895,22.036675734889986,22.161404521409644
1111.9023400179804,321.6585508074597,22.172571501183505,22.29171114936762
1111.6100765730068,322.22723789553,22.18732513435173,22.081208213366043
1110.9920623815476,323.54067575566074,22.233311259961095,21.80406346157983
1110.3624438922532,325.13912686500396,22.242550145899024,21.66415115111176
1110.9456496065131,324.3229637565948,22.24708269282742,21.91657428985092
1109.9753003765043,323.8522393636413,21.964321432233604,22.187124876676517
1110.6084456353096,325.26885890693643,21.99226173337115,21.97949876425311
1109.1866997926895,326.3673338330316,22.060129620241113,21.89625716973795
1109.5829067184463,326.41982823082037,21.799941437157923,22.368492330745255
1109.517054063086,327.07268592177786,21.83133564739564,22.712301756760308
1109.9715433911574,327.4160473608933,21.864949016055945,22.886625311978282
1108.3343582270327,328.42265035047586,22.307877703451815,22.33606259853725
1108.8252006900188,328.01430408235603,22.1756809762365,22.31047373361962
1107.5814705746066,329.6808478444402,22.28048844750922,22.246714803658964
1107.6485826013454,329.4238420370478,22.19421394284187,22.109471049257472
1107.4386504902982,330.23162334782893,22.1009769448055,22.33776333186996
1107.3300102699973,331.0979597747115,21.975265437279585,22.707354643983045
1107.5488866321846,332.32269849267584,22.191511803099672,22.829109288514005
1107.8861726484279,332.04339708993143,22.49834639969874,22.854899260216822
1106.825069216894,333.46519913096853,22.42746258550492,23.344990828243347
1106.3785502654925,332.44199009179016,22.136561150577403,24.31508444370943
1106.4200155999665,330.7311767868033,22.34298844185359,24.640690831972925
1104.9208260486982,330.9258210652496,22.253417553164237,24.602543489451165
1104.3134930999938,331.0646637150949,22.186517665164875,25.140055299936588
1104.7685757749402,330.0128592706352,22.21877762588403,25.24342124032387
1105.1580993467983,331.5237472553294,22.549063758916443,24.700800096146054
1104.5952534619664,333.05011455109286,22.71232761443733,24.18983643967773
1104.8507529381575,332.7321267169453,22.93053832353919,24.487748569898404
1104.152539712003,331.9866432247235,22.870640436935062,24.567661181554563
1102.7949453466008,333.06778082587664,22.978783994094364,24.7025067888032
1101.7376123983042,333.2262666532671,23.133123457505807,25.001871300881007
1103.3091221567192,333.6745770955786,23.33376930208016,24.7585512976437
1102.813622008311,335.2572169619411,23.627979916984945,24.450257849174786
1102.448874576846,335.71235927930724,23.82923183424401,24.49036057310794
1102.7443358219807,334.6706617964235,24.06137933365622,24.811670220310123
1102.146437223147,335.1166884100418,23.764741552838792,24.878005142811794
1101.7668246337935,335.29534157384876,24.16802132320116,24.609417914957938
1102.057884398817,335.3599058134116,24.423974569948665,24.79820442840313
1101.4299698848724,334.92214277472414,24.92776422491687,24.59070564634965
1100.9661820712436,335.43048698584533,25.073252645333977,24.296892103944284
1100.3118695757487,336.7845670068164,25.162750338922244,24.150133429189623
1099.0214344103174,337.18184706167943,25.17364481681869,24.08241500761968
1099.6380225354844,337.9859390188524,25.17447187191977,23.868859975681975
1100.2976574861354,338.20901191371115,25.329187523405448,23.803804141532716
1099.7780202208878,338.59647042348,25.38934001124452,23.790126233418462
1098.8198485447454,339.41843816756267,25.396087635609106,23.45669673146692
1099.1745536486005,339.86610938435354,25.51280418218269,23.066842037924975
1099.3414117431507,339.7930778523453,25.41968081551468,23.221870098726406
1098.811263609331,340.17726172749747,25.125775051064977,23.5555211815824
1098.2115251660869,340.60004112158913,24.999187589332564,23.566707636471648
1098.582394185724,340.08945309409086,24.734332276012083,23.8780213996553
1099.2941608570093,339.862198537876,24.49968557589783,24.06996916102409
1097.8978211112828,341.4535564398605,24.683508389341526,23.885299755217993
1096.6473749185197,341.1974826626764,24.950467802913227,23.99773301849043
1097.3445384211605,342.1361719191076,24.923331277864047,23.881544204800953
1097.2340965097296,342.7441011417426,24.835411661585653,24.280579195962844
1097.554716470074,342.7066254551614,24.81692404974227,24.546549537945907
1098.020647083242,343.2198095871861,24.892936000934775,24.83975861020776
1096.1711809152125,344.1395614051302,25.19819682439002,24.720633015586987
1096.0893065577768,344.86074985510595,25.269724927391024,24.72066598864426
1095.478324073153,343.86344009573,25.44900271898037,25.263314214900312
1094.8097505013038,344.23665962241483,25.579579833420055,25.703561915757426
1094.2384523720143,343.57438627254936,25.607412474483546,26.111321825594256
1093.6525343098342,343.5431574353712,25.783122900754336,26.400675204815997
1093.621950870856,344.9475002794087,25.7102541615979,26.591822623735652
1093.4991319768951,343.7051989799403,25.67475725470468,27.068333296097773
1093.55946068748,344.94946647821087,26.137024855183242,27.766186076885162
1093.4645034206007,344.80638015151874,26.276146594267324,27.97082429243413
1091.8313631049589,343.0822106260697,26.44830767675314,27.92927729787634
1093.3835310190184,343.7898347848064,26.66301620021202,28.237781002192527
1093.5737238407082,345.259166317543,27.057304137955843,28.34586085282639
1094.0195143162377,345.4007814602236,26.925840598510263,28.63995299092334
1093.3087589210033,346.31138634132805,27.195062832880122,28.055495142738778
1093.599036070635,347.4494387919973,27.349765443940782,27.868751432196213
1093.414346664985,347.19144894577335,27.762491748054643,27.753831516508814
1092.7006645992526,347.63150704097654,27.573322004054283,27.721132978709406
1094.3241235871162,347.9743904514406,27.521940403372696,27.940427819978424
1094.5187158579217,346.74694754976554,27.247789696934518,28.79029667653599
1094.450565168497,347.66314130552314,27.29161920798445,28.57978743135532
1093.675928891602,347.874368835732,27.08716682910349,29.19900162047214
1093.5947502897038,346.77705137326626,26.973913645574513,29.521855077012212
1093.812488123422,346.9261649415214,27.014430776943193,29.868483320560248
1093.7558864749951,347.6873928170819,27.116823216158387,29.60309274640306
1092.9085259142175,348.8168748315118,27.141813197577193,29.37049447453175
1093.3019142808603,348.783693331467,27.09274092014397,29.44883576093981
1092.9829250510497,347.92315705836273,27.06431346355121,30.14257087524068
1091.4841788816188,348.5096793027131,27.027869063444825,30.926569080631808
1090.9997169903945,350.1492952720888,27.57301762001569,30.894499722370444
1091.5471973213234,350.1981475831869,27.658569028813993,30.959380254350123
1091.9823216513619,349.4049316793301,27.701939290970696,31.479969314375325
1091.6738367579783,351.09893297729053,28.185509740207632,31.398195356149827
1091.1999866431613,352.30005949489083,28.63046851380964,31.136535134440983
1090.1590562311333,353.80468837563285,29.28370184686858,31.11879062521524
1092.0947701113105,356.9001297402379,29.836481773892228,30.996497583352635
1091.9218585784167,358.625667171192,29.904236654826956,31.71398656421786
1090.9300016843076,358.9830914803068,30.171977900282602,32.29678077302222
1091.0474086006132,359.76758341683336,30.45803868715518,32.74923239916036
1091.3253381179447,361.5947291120772,30.756845408717822,32.3268047457791
1091.7070458079154,360.5211838088511,30.625931988577126,33.08041624342086
1090.8642935413038,362.90313097166876,31.112020480425944,32.98494366308583
1091.2571165701072,364.2562034113864,31.36407507589558,32.5834769853259
1091.2936437872347,363.9854020455073,31.460498134211413,32.7234828728878
1091.5439736221567,365.5574355172467,31.513906552898806,33.136786830516805
1091.0134755353968,367.9280509222077,31.48145599485127,32.7840352533829
1090.5176687062797,366.92277126747575,31.499915763906415,32.75047115166824
1090.3482622289152,369.0574124201723,32.16655140387685,32.29227669303114
1091.200664419864,369.91100497845184,32.39653298408395,32.222127303972954
1090.2800111393085,370.86997094085996,32.846111024801736,32.094748948950325
1090.067622962353,371.7745764645855,33.02211420621506,31.9614822298074
1089.7627739933,372.613731156703,33.17723508576741,31.905288576811756
1089.3129859065577,373.5027644455692,33.123489027482336,31.92221837988528
1088.7187472089022,376.0366792899237,33.41043043493936,31.829719997633774
1089.2917347963755,376.80991421743687,33.12396752948971,31.60724120286438
1089.6386515969236,378.84803915069534,33.17934976968675,31.378808995725542
1088.4558844621215,379.68190964000036,33.65958721769673,30.946230036845144
1088.4181325205104,381.3193156742334,33.88093597768521,30.755155103312518
1088.3368649803092,382.6383430918504,33.974025939779395,30.74977639265126
1088.1444172094493,383.6320256442869,34.30604059828232,30.63740604256956
1087.8641796585043,385.1808116544991,34.077958766769456,30.792091369252013
1087.884698019079,385.2105752028647,34.265982382567266,30.778927428809766
1087.270773041435,386.4275682988517,34.23044596910414,30.984544374805623
1087.173790824011,387.66864726187276,34.34937936930369,31.366840718172767
1086.0560724319373,388.33086664528054,34.70797353546247,31.578489583536445
1085.1574464879395,390.17665406732067,34.957838777187106,31.765941390838577
1084.6388041544046,391.13813985423695,34.977628646550556,31.688921731793304
1084.4556956042118,393.7923824572726,35.47357646328382,31.177000151057822
1084.3254874207755,395.5938461255633,35.498625248908134,31.202687478554132
1083.612087940687,396.53624527927235,35.46633814856113,31.38126750518144
1082.718794607383,399.19232937583433,35.32669045065933,31.591902141799917
1082.1398551543532,399.32061306112604,34.87621443060965,31.89618920618349
1082.6708426323678,397.36567307926754,34.626386078641765,32.54494336690675
1082.15138159326,398.72264631816927,34.447649875530686,32.895114320743915
1082.4822634383074,400.79499502188446,34.364079432754394,32.79560152558768
1081.2035115247488,402.6150571883446,34.402767265609015,32.76417436864694
1081.0790080798054,403.81902627025886,34.33799563586527,32.96241711111425
1081.320637588234,405.7326682977245,34.08371593834231,32.96110346748367
1080.4300431363386,405.75769636726613,34.07998784517736,33.084337372469726
1080.4813729189123,409.14570963050556,34.26976878386536,33.03616319050381
1080.4466878850167,411.16257143857484,34.55898782719594,32.669627026681546
1079.727569236918,412.7218318643313,34.87824388121301,32.70732160447455
1079.2455427089124,413.4575442338525,35.08299914908122,32.64322165638685
1077.455694342342,415.78669710821003,35.1785631154983,32.496285136034786
1076.9749821695252,417.47273853417363,35.06789433197399,32.651798280964314
1075.8064407816328,419.2857696018443,35.13186552595656,32.378287367470385
1075.5180751496478,421.87604530085645,34.5160934568346,32.423280422113415
1074.789708239166,424.4755164987449,34.36547847809294,31.967364759734846
1073.5744914154552,427.54485142645103,34.2684198407395,31.970824325556862
1072.6783000192877,427.4444537702126,33.573677713183464,31.991012706585725
1071.1663879572168,429.06890627358,33.29841478974812,32.105834315756596
1069.3029131727387,430.8416465223971,32.50768943576118,31.787714781943748
1067.0573985148226,431.8918478996949,31.88141251914135,32.024219890965256
1065.0529784102416,433.99411321734954,31.21680750354094,32.31549594968671
1066.8790782900232,434.58183462221604,31.21858847594187,32.56450663688672
1065.4125129512063,437.1262134105483,31.02647119825359,32.69828276307244
1062.357423522182,439.6725031725736,30.935411424100188,32.4000653071981
1060.7401436051325,441.2449755181297,29.900752336537607,32.31438766015336
1059.3314536157495,443.74997121462184,28.97754651131802,32.03394090675644
1058.9049912559087,445.7305995972662,28.50002319957434,32.01481876022689
1058.0009195361486,447.9441122375404,28.156671659235876,31.80398334097611
1056.4698729491706,450.42638437932465,27.908030799607445,31.354174756107533
1057.1860493575139,451.35351039990866,27.39008511697679,31.118543587437102
1057.1930034913366,454.63298055500667,27.678260639633557,30.931189123188396
1057.1651763797756,456.403407915085,27.26987368929776,31.212769305222906
1056.4724139650898,459.0451629582431,27.101684481727865,31.345808901523817
1055.8843266554386,460.33870350521,26.94585288498106,31.368570346423702
1055.1616635128573,461.5281576124419,27.105244125855016,31.553609332735036
1054.3246004957798,464.8154576283337,27.299692244436745,31.844103485826807
1054.5340395111614,466.8867238203783,26.977002378921227,32.01308023412294
1054.1956295224895,467.8965112258145,26.7532361684253,31.443893974008947
1053.9253419659942,469.87254748599037,26.57130720207406,31.491299555387457
1053.693098235265,472.3229181713626,26.826420056922885,31.54062427427321
1053.6944867555724,474.2549036203723,26.869629583000833,31.544537535341824
1052.899299782558,476.4162913698414,27.037920389609994,31.411618088802385
1053.316381256344,480.4416367715758,27.16548017362834,31.388869942804234
1054.016282162672,483.2530996163259,27.128481820139648,31.56572605262044
1054.2233560641655,484.3080920847443,27.41843194376969,31.28454048273471
1054.9182050296654,486.89545749840863,27.530906840490175,31.34273602411941
1055.4005300448566,489.0156181397923,27.714317966380932,31.075793161228106
1054.893477793275,491.42488857889646,28.303740180182157,30.67043215744006
1055.8990334484683,494.91947982970015,28.577402457975907,30.85370735083999
1056.1305517967176,497.78501747701847,28.839888875681986,30.62931731316131
1056.494360440288,499.97950047218495,28.71772233793856,30.877061489759527
1055.984888872166,502.4461816261218,28.61936770558944,30.71689683279525
1056.4687236572072,504.07676750870314,28.98572089589812,30.603974216955045
1055.750961672728,508.83745323292834,28.828382378017555,30.274306564891408
1055.6494360342492,513.2939368828803,28.835823951314783,30.45569294082967
1056.5578675306308,511.2186881264896,29.010888463091455,30.415335904203225
1057.8106701819995,511.0204499857317,29.57948498263494,30.206713520958367
1054.6222699140296,512.569016139559,29.81642155067921,30.80345485717876
1056.1039259340525,516.343833757514,29.776463182660777,30.600828326408244
1056.2563231908307,519.0197351814985,30.167792865157097,30.58420766838049
1056.9040593469188,521.6478650727703,30.259742876207927,30.569663317050203
1053.0671551894948,523.1241688961121,30.426327584946236,30.565267340288436
1053.7753286188395,525.0122599096507,30.54940359593931,30.90588705195038
1053.6934428091192,528.4515561040304,30.50330369974793,31.020647076368583
1053.106159989866,529.7626669150802,30.100254673222782,31.27289974130197
1053.2830150827062,535.2329140620484,29.768960453338188,30.99888551175766
1053.1192566083964,538.0195669955866,29.06277300189506,31.040705777646213
1052.6330422205342,540.6865083411215,29.027195443314575,31.198778366880646
1052.5612383647685,544.060935703067,28.97828404142443,31.14148057353143
1051.9294846393227,546.5718749859068,28.95192063412386,31.191104693398763
1052.4243635322462,550.2449070915959,28.675228293699917,31.158791702723708
1052.143121387286,553.6158504446315,28.738245747167497,30.521785806436284
1051.5230586256318,556.0882495375621,28.377932675658116,30.687709685547084
1051.5061406590833,560.0606683195266,28.202631541556325,30.678925874517276
1052.2636042211275,563.902199451194,27.91430446839405,30.776511365851867
1053.1878384782424,567.725899207382,28.161079169725443,30.375954237814085
1053.6164809297136,570.6506052226486,28.778743865095322,29.858017465154468
1054.4632388510527,574.6014623042356,29.163823660692465,29.42645949475982
1054.7331627410533,577.6653232609494,29.15603537137173,29.583926733096064
1054.638178882189,581.8145198979659,29.20617629960159,29.496083767290955
1054.9874546243404,585.9009757058056,29.640458296133907,28.90545660214231
1055.5977002600077,592.8320067385382,29.84692892360319,28.270378560725092
1056.2594913340888,596.6754585006871,29.601479047207487,27.672482414051647
1057.388505876165,600.5950460582316,29.56525601240208,27.182035955731667
1057.894049345904,604.5936361767086,29.898232712564848,26.95356442467968
1058.4119377227164,609.3991922506008,30.20594119510821,26.792564619729692
1058.6647808220343,613.2198172310116,30.141687502318305,26.629119796542444
1059.4150048111803,617.5958078009717,30.262357115884257,26.577787918096817
1059.483502967206,621.886062055273,30.437669651737025,26.881839994516298
1060.0087258641236,626.2445216265088,30.347096342109246,27.269640014031804
1060.7550641761072,633.8567178410482,30.2662779191688,27.181239635124083
1061.778085752749,637.8100593309096,30.183447017548655,26.961267489904348
1061.6642955527784,641.6173703983927,30.36841357217103,27.02093505830736
1065.4152885275178,645.9451813505443,30.488464556591097,27.1363740976076
1066.0425917189289,653.1909531296042,30.264263337534096,26.76840575005915
1066.598174696593,656.9463379229359,30.541237226146396,26.865190122288602
1067.1205166920975,660.8235934742883,30.797453813636345,27.039399493826924
1067.2147342312,668.9468034936349,31.025490782998485,27.083211159845636
1068.6409513301767,675.7430995040016,30.55044220134795,27.430079893506633
1069.4082713282219,679.3077565546481,31.05067974393856,27.68207625516542
1069.963524605957,686.9977285703309,31.34424976470116,27.490361784651967
1070.9785737716961,693.576558504638,31.318676379435793,27.64400028639899
1072.1408981715656,701.4903422413414,31.3716587671356,27.635178426090377
1071.9212920726598,709.0636705970602,31.23249902290399,27.735788484061842
1072.7713288161601,716.3336451534186,31.241985334143727,27.85089537110085
1077.1041088209631,724.0373021059343,31.467091332533414,27.77738082825215
1077.315464811111,732.573826812915,31.45071181526381,27.654322640487287
1077.1609810649036,741.0148554654476,31.48760568116056,27.42229928622764
1077.3753355577885,747.8154886669267,31.584486697927247,27.43024671230971
1081.3373567196666,754.8269602559402,31.823907966700357,27.525859556926857
1077.2135758656595,763.2138392456839,31.55678881228767,27.348512328782345
1081.4303911329646,775.2715174825867,31.72287351052688,27.141681321895796
1081.6196581115473,783.3149122075636,31.3687745445421,27.31323842955897
1081.8635881896532,791.387175042665,31.60250055614293,27.397791052202788
1083.208342623167,803.1490394971996,31.943402217297947,27.372173867987193
1083.170497760159,811.0212529106545,31.8951492105036,27.740324479431933
1087.7229264774205,823.0862578223174,31.763422955789956,27.665248204079646
1088.320993627213,830.7058379636761,31.533067603081314,27.792235916357434
1092.4244037908425,845.8230176995083,31.419149459355072,27.210517741079684
1092.8234704176891,852.8415502401344,30.980950505845897,26.82907895682457
1093.7659795711086,867.4765094120962,30.88429899359346,26.896240614732044
1094.3948787055194,878.7525166709016,30.470754801252482,26.827052330031414
1094.620371785447,888.4896596853577,30.366785214349534,27.19390895553829
1094.407889150106,893.1836186099358,30.416688227980146,27.992708139768204
1095.3867380219538,904.677125139615,30.892719894456064,28.357915615688178
1105.0145774127527,934.5319440624322,31.03706171222326,28.187164793979388
1105.377247049516,939.6205722568914,30.870574872855286,28.709951129670515
1110.9428585101914,960.5452934807538,30.78994628133856,28.56750559967041
1111.2833552852796,976.4867784536641,30.728465110331562,28.819289834757928
1116.275010128999,1006.0894307373526,31.15538415214078,28.372934547166086
1121.9223406532778,1018.002741234924,31.384637440741045,28.26551940834662
1124.3280564811719,1013.0600964579594,30.430440024531322,29.96651998369903
1122.5566790516841,1003.6651860393961,29.293528364341725,31.663126785791505
1136.384518627281,1005.2123078476465,30.058236481214546,32.43521021663874
1143.7747528337163,1010.5099689523423,30.36130230906646,32.18826142033292
1106.5636783600519,987.7485996620619,30.493778404833026,33.39108422940952
