949.5,607.5,28,81
948.3312884863568,607.5735916214429,28.193840325603233,79.75062560692568
949.9329327745901,608.1902037992007,28.48475627031608,78.29079629800177
949.896357938597,610.0734117356486,28.50153748328607,77.07755349029159
950.7593351658898,609.9933306586676,28.566968917753954,75.84710924090285
950.9979682826487,609.4333155271135,28.3187201356415,75.6587008452969
952.2117716529551,609.6061843846172,28.098998421960424,74.15611136179561
953.5173215194393,610.9064490506973,28.328096729000592,73.47086904745764
955.0142842671411,610.3480262383474,28.103702006759846,73.43449532992582
956.0190229861963,609.3068065866751,28.21766268853765,73.31911253930674
957.8483167294161,610.1142765178128,28.02108940040153,72.47640163325394
958.3002038557056,610.2382435640774,27.623076592391072,71.94207896469395
959.8328598584122,610.1744174201267,27.596783933215065,71.62860591928631
961.2457904473888,610.4088144972812,27.618264531155965,70.68670094015366
963.9577688008064,611.4254272416316,27.692383786387452,69.68505232332485
965.9268265276942,611.5074454044571,27.568827077042407,69.24448450997056
967.3614582334033,608.820410520186,27.381073160405712,69.48796956171604
967.8290384396632,608.765298159516,27.619241982008937,70.07685587983104
969.1458718431506,609.6626970234645,27.519683813797727,69.33027950165024
969.957704500145,609.4109558065902,27.925969595389986,69.23443741099621
970.5277795879726,609.0076326604723,28.16476751219525,69.25711531419773
971.8428662002011,608.7151379367704,28.613592853412296,69.95895734310257
972.6060590999613,608.2857716832416,28.782677863828432,70.05952335817483
974.562611679902,608.470112637574,28.95413643609411,70.1733203363529
976.1333309382188,609.2675550727668,28.858410867305953,69.93976025310701
977.0641526897613,607.1223886121269,29.01162823267511,69.87046020548429
978.6065091512994,606.3739339272996,29.345852039029864,69.72242371522984
980.8839183074707,607.8234930574987,29.179655056948704,69.79608091412112
982.6166943382689,607.4495775533871,28.88658834691471,69.93361609018716
983.7140738932649,607.3003706298571,28.894100459991076,69.83075737212074
984.8917116017296,607.4875137605092,28.930863626817022,69.1817349150139
986.0042730496673,606.5907890780213,28.982518475234976,69.37804158360916
986.6837607881882,606.5165258016197,28.462379191277726,69.04726248164826
988.8215022401505,606.2877326375827,28.314267598540827,69.36187946963608
990.000392365596,607.817732109943,28.11352293686803,69.27102677659393
990.1533487009169,608.5667323154909,28.039949409979226,68.49481203005669
990.2942994207037,608.4641297640414,27.834540049007874,68.18099806566798
991.2331940475012,608.7327864127121,28.091978237200678,67.81277998650822
990.9377650049402,609.3898153863184,28.68514567611225,67.50110157592431
990.5202545880858,610.171838602581,28.92112320013225,67.55773154167647
990.2121229490137,613.8485522631888,28.748966456742362,67.05797910907171
987.3860146711294,614.9166954924306,30.51820481159881,65.14389706757851
990.372469129483,615.0872367215413,31.746550739557073,64.2814835375035
987.9548485184635,617.0204707100299,32.46188410560848,63.0495985568946
988.919696907281,617.2054649698235,32.14141021691994,61.740542077521916
992.8932285428233,616.6246668781813,32.350583594394855,61.42545583626112
996.362046566276,617.4781007604474,32.728660476261545,61.438712316418886
995.3051523194624,619.4182153347042,32.74115969758029,60.477805420178804
999.2627029959899,617.7900639351792,33.15965552775293,60.87897778519256
998.5669626544068,616.8607391341139,33.44099970197751,60.33212292222002
997.7126746770341,617.4933263595951,33.398801273177995,59.53312176246397
1002.0394377592708,611.0840386108825,33.1100564884044,59.81608324621728
1005.973477667891,610.7742221833342,33.260066919271836,60.41277968266125
1009.4190764140665,610.6152963061157,33.28165161915109,61.17407354334513
1013.3222182302861,612.3466112078412,33.24409147456583,61.9741042432818
1012.0714076934523,606.4664106531313,33.248675614334346,62.220287975992555
1015.2733998518237,607.940735133385,33.47087528425546,62.27582206945546
1019.1761342292453,608.6611546744896,33.36313468645571,62.34351527293671
1017.5909446607815,610.5323742891369,33.39234665953446,61.87196651796138
1021.8332020275426,610.4205197363661,33.5129831024648,62.209713196840454
1019.773715460492,606.2857252033859,33.74744500418994,61.97667489005936
1023.6139938656738,605.9779480233577,33.925986628274664,62.64322566915797
1022.0273561731934,601.5636588969631,33.95999647597341,62.8777468388174
1026.053122173139,602.0814454531611,33.90509085318804,63.34708359943008
1030.2998192880073,602.4747284834962,33.901830862648126,63.770047892306245
1034.5523464703515,602.0099775233373,33.84914141952946,64.16256644184301
1037.4889348449146,601.539205002047,34.28972924254703,64.59408467187023
1035.4439447916286,596.0516365025051,34.38237796827458,64.6524602726385
1034.6944048936944,594.0910759743872,34.98467023991991,63.987971892839106
1039.1759795249197,595.410298901286,35.09710348174183,64.33694469062242
1042.4829949103525,596.9672560495517,35.405662966613306,64.55530506946015
1045.8523900064047,597.4531236317276,35.84637049332023,65.2690361946285
1049.691486027007,594.9071112098637,36.0286487470681,65.62175506530333
1046.8273912257844,593.7290761413186,36.138934163264196,65.18357161467097
1051.759959785828,593.7152785158397,36.76094628176352,64.79284355739932
1054.251671275967,592.9225945114304,37.10891511285634,64.74430853963717
1057.9435734994254,597.0545737910721,37.44110502400241,65.36321683978969
1061.3758085676097,595.2047001306789,38.14568376916438,65.24981327785503
1065.2275550948232,594.4500246747536,38.027586527725745,65.3898029083106
1063.316398415962,593.0378500026085,37.9088805888019,66.19211903803199
1068.4076714828961,591.3933291273382,37.801381947914784,66.87678637985044
1065.8362721338085,590.1707536279539,37.61992756381475,66.83435445663733
1069.1441091675815,589.4490225904199,37.63379918489764,66.74129128222428
1067.537825591939,589.4491567586998,37.28159587605387,66.24007570864964
1066.809456996129,589.378188860157,36.90999039151137,65.96701997793937
1067.5301320309122,589.6776708803716,36.503948206161006,65.5317410358007
1066.9366960540115,589.7388400935557,36.3152595186738,65.09095954951104
1064.317125790078,589.4561970035738,36.700160582734576,64.78920575097061
1062.2209132946934,588.6562329974765,36.95034366638417,64.48682005390638
1060.6236432674757,587.9163037782876,37.20474848026467,64.26170825169129
1064.5610590613676,587.7816267457093,37.049864707422415,64.10756529564947
1062.336393316941,588.0858485323523,37.31698718138284,63.5709533659448
1060.655554753545,586.475091387499,37.32772622643381,63.258577885143744
1058.601817335749,587.1742524440224,36.97745884782272,62.79643141649456
1061.7139399530583,583.9701279594126,37.06834480064309,62.765713634615715
1059.695448677929,582.3950332250522,36.41040490369698,62.50723315475841
1057.5943698390215,580.7615978720564,36.42329303881816,61.86318610180854
1056.1240123466464,580.6546979033407,36.6707430623255,61.21426608617986
1055.6950008542688,580.3568496379111,36.625608574470405,60.47805451023508
1054.5517941524065,579.2089570726818,36.47844134121651,60.46113126285564
1054.0452036914546,580.1508657306952,36.004440480397946,59.830747531995605
1058.9340003360417,580.1120807656866,35.600555916199596,59.61150173883189
1057.263083502289,579.9796738019089,35.58401641857445,59.36018402690678
1055.7712844356356,580.5770008461305,35.21721982608137,58.754650028471346
1054.3810358850164,581.6150663546243,35.39923622587308,58.221808553681925
1054.1737812801643,582.7726409862491,35.027388330799326,58.02926723682816
1052.7481940388755,581.1059028125188,34.96488798198666,58.12413546241683
1052.3610435003402,580.7354176841933,34.60140910796163,57.887979239919176
1056.411410149482,579.7988163686719,34.70581496983393,57.94589177754015
1055.793842698119,580.4623678412167,34.789628223008414,58.06144415738625
1055.4259882065749,579.5607069483733,34.6033557522015,57.692992986224866
1054.2765148111023,578.3559676887569,34.61396340511539,57.16093555575074
1054.104266469736,577.0337821952108,34.42591392524266,57.33309780451586
1053.5842547184866,577.5371539581029,34.28072731898442,57.218264950919554
1058.6406410742973,575.630520456736,34.11267678296129,57.84357418998144
1056.8171146044442,574.0395912891455,34.66045413367839,58.10193365622012
1061.0653431094481,573.9479129819337,34.618369529676144,58.127575352387964
1059.8529599063263,573.3816966372827,34.87370663370445,58.43387628061568
1058.7379483312436,574.3643758686293,35.152564703799456,58.432763256498475
1056.880897166052,575.64458040939,35.13325500682382,58.06870260370325
1055.7297429318612,575.9973614580155,34.89512172372483,57.97891972751017
1059.9388370930144,576.2334468734444,35.054109495473725,58.389984887653384
1058.2659662741348,575.9262796209806,35.267303516274154,58.061137401003776
1056.3517933258104,576.5834809939021,35.13125818138631,57.884089625139296
1060.1419895186878,577.3748298903865,34.871704247017185,57.62668561154355
1059.0414989937358,577.5511215303251,34.013030584243964,57.80280983593899
1057.6684330611113,579.6090545179604,33.594436669005916,56.97002682270424
1060.518355266069,579.7406267737032,33.37307212130358,56.678402664327464
1058.7688127804802,579.5328771182537,33.55131721058454,56.46782366759762
1058.0378736057196,581.6999150402513,33.37505154383984,56.20457053936186
1061.4607491192762,580.0188335714397,33.06732875693002,56.36585700260447
1060.2813335831086,579.6415424495817,32.74453756249628,56.61502791943526
1064.4961424600033,579.0646054982161,32.64854750951238,57.61217334588049
1063.9287176101534,579.3763088232558,32.27833892063805,57.4721804218925
1066.9579678577466,580.3241880971932,32.40284804993293,57.3618996314716
1065.648735294905,582.4514442157379,32.419225677904834,57.026175350620164
1069.0219890100348,582.0995184368544,32.483117779963166,57.77162975462207
1066.9928114256656,581.9364185122236,32.56517914644006,57.64594196650696
1065.3633053046385,582.8868738254339,32.44650011957353,57.37745271440737
1062.884434314069,581.7729052246964,32.627585949894865,57.1502629150736
1066.6998680094098,581.2429649338823,32.72511878962069,57.68892734260335
1065.074648187796,582.0930729780009,32.823774012835244,57.750676648386055
1068.8232749051167,582.3422475328938,33.043059484290836,58.232701994052334
1067.0934992934992,582.9868698737397,33.21143915677538,58.28823310829718
1065.8192065199669,583.4757880699784,33.23222175965658,58.0976301280855
1064.3709258846745,583.1415946506555,33.17432407829113,57.9744961327621
1063.967982580269,582.88803939003,32.51812544006228,58.30225651630262
1067.615816255639,582.3387287924608,32.95593520495353,58.7635381194612
1066.6398418930867,581.9092184065704,32.480541992039456,58.78502112573884
1070.7414727290084,584.2599447924633,32.175739754705134,60.15134598762008
1069.691933091392,586.2473479228655,31.88443983949324,59.50135833796078
1073.0140526295174,588.3146492828434,31.640713935391872,59.41551126375673
1070.70592921568,602.4864371627732,31.537825478643008,58.741685717520454
1069.5949397900747,594.4874220667912,31.111592373829193,58.16104540777543
1072.9603959416108,594.4685534241746,30.994073854326604,58.67188010678677
1071.6260093566696,595.1751114359353,31.261901599175538,59.209865267156886
1070.4906871354676,597.4060870998774,31.230922458739432,59.2154394214504
1070.7158199665016,597.3383313976911,30.706963327504763,59.68494309843828
1069.7163296518056,597.9335945272359,30.809868708178513,59.78015101598448
1068.303444211872,599.030674520055,31.013492266344432,59.77003491462375
1066.9266732687606,593.2700551664943,30.890107492029465,59.958201913065786
1072.0287746453116,591.6185094290418,31.11831307175214,61.00576708372594
1070.5556878639463,592.2155459973975,31.18334354137351,61.70306376665554
1069.1192094302762,592.0731238847775,31.446219451301324,62.1324634860847
1067.6842504464294,593.2565314829626,32.05914340997681,62.31384746650293
1071.6968971659728,593.530978748298,32.53499724109272,61.792101223575415
1076.3014122125935,592.9253163123101,32.68264420321032,62.23054160744552
1075.154990104544,588.7698962508639,32.7905492732674,62.954044236441405
1073.1406217029835,587.9447100112784,33.0302772205689,63.32889710616119
1071.7883094997126,586.2187564379977,32.667326172398795,64.09569797525666
1070.7213664167957,582.7852416744267,32.68884303929744,64.84139342647096
1069.8260202575727,584.9061718647876,32.37593032577625,64.96011539743384
1067.221280960128,585.8424099223124,32.647374386211354,64.08698965136068
1065.3352567097897,584.5454795893386,32.40489079765429,64.08246641380504
1063.2186684179621,582.083816190022,31.386671202110342,64.67307722427883
1054.327390197732,574.2809241333292,31.956253094230757,64.71086245155607
1043.9895771992951,574.2303550868007,31.43617367728607,65.40645113760772
1027.9483305805588,572.9120489555146,31.329583815393622,67.12373888293007
1005.5508076647805,575.1349720393641,31.96964231174529,67.04338458229637
976.4269881848575,573.669679687743,33.20104592002883,65.76280719523707
954.4810800798533,567.2952917744575,34.04704761587697,66.7191082751039
926.0382050346409,560.1694802225572,33.9792950512724,66.17704355846983
950.0181596264073,570.0923137761666,37.96982913556189,63.709229844805826
935.6274246654734,572.0356503326627,42.45075050396277,62.31887292634796
933.2569431744927,544.7110986886712,45.46002796670578,61.08647597019032
901.781402876117,540.6397739208143,48.72729737571298,58.54499674461277
917.4413997155872,529.7931617792709,53.44675148119649,55.94373212083904
916.2873876379323,523.0959590893243,56.05607565553207,54.72411047741692
884.3336830934699,524.6673099859544,58.868613223461,53.29944414367504
858.7479955098286,526.0321851306085,62.13954817467891,52.222705534016264
833.0866453471863,524.298839532571,64.3025423842409,51.403172841694015
814.8753637603481,524.2956869016075,65.8495715003001,50.85513052891028
798.4346022039456,523.6713267997377,67.09948183539507,50.84532250007542
790.2249942427029,523.7820607732452,68.71397401825644,50.70240141238419
772.8545875713794,522.7449023563104,68.66195975470232,51.71141205957787
771.0856046691348,521.710993614455,68.72665633502467,52.55757930048328
768.7491374631525,521.3325188687659,68.87056853019253,53.69785350437634
767.8706136908219,519.4435311635517,69.4557742150362,53.834018497629295
768.4019365528425,521.124446330981,68.86254245693544,54.06117765900205
758.0402508124096,520.2735993957652,69.37107781719577,54.71957125839914
755.1866826154359,520.1729010460017,69.82178453890207,55.45098265166335
761.3740030266524,520.5268729906945,71.44359509433757,55.403584111398686
759.2362825104941,520.6835746089945,72.27547624162906,55.84690815303128
756.7441690577896,521.9472439062235,71.64227675162198,56.2487644857889
764.5621055641027,522.6393796185736,72.4553058691226,56.43247251608292
753.0976414772261,521.434824673158,72.76599750112766,56.903007019913005
758.5343081471212,519.3078696989318,73.10246774257539,56.98495184614262
753.5818162610163,517.9878656771542,73.65383384663323,57.574364129352205
741.2549738573123,510.8213740333091,73.40510051744471,57.942264294789084
739.91530774641,512.6854511382408,73.11872186087695,58.20705217972863
738.2736468615407,514.4553196164359,72.83574490739478,58.36773131144275
737.2796251231067,516.1778750661135,72.52652237779309,57.87396585581293
742.8857120032216,510.2453574933274,71.95446912385007,57.84128924753997
740.3962303757455,513.1261145982228,71.88396529201002,57.48409766195579
737.5144149149395,515.0219383819621,71.85104737023829,57.38705472971577
743.644471301457,524.3548588127333,71.52690681094842,57.02325206092245
732.3075468469734,526.2517838131404,72.16563570953953,57.47964381654738
737.2540803922402,519.4062451387098,72.40663520073213,57.50414382623619
741.3930236632608,513.4622891437886,72.39152407983357,58.09557277622279
738.2100502138525,507.07779180456936,72.47710503474147,57.72698753675348
742.4402466411666,508.84289933395246,72.32825850579688,58.32373323238177
746.4706766255008,526.3989924905343,72.91450947615436,58.32451917873961
744.1441513953224,525.9881019423348,72.74160406874373,58.60202594499957
750.7608813522119,525.5406775116778,73.00961758178364,59.66866339447958
747.0221198937286,526.253883851757,73.64882787286518,59.60141328336732
735.0402088343728,519.1047733088438,73.27252776867644,59.680247314750154
735.1324944650424,519.6979806680952,71.88604648841617,59.529879816477575
734.0635839830784,520.9921143035249,72.00068243761963,59.08076984084527
731.8262519813744,522.6112879357653,72.18699156737038,58.82691440146832
737.5817166289374,524.7430977197869,72.08993689840386,58.466209834340674
734.5953688180846,526.3974172340323,72.41695686092994,58.41014262706253
733.5849092730299,528.6556145943185,72.94578059982013,58.80473909835415
739.487990079583,529.6275413542984,73.1461144624829,58.526880222559456
747.2814637421126,521.3465390199289,72.86952709225781,58.78755623224083
754.1069136174849,513.3673584092356,72.50663984609075,59.30359281526067
739.17202050765,536.2689594218047,78.00387128670776,55.57274033846232
718.408651312751,549.4959990990402,75.68386895384975,57.968245563459156
726.0083364109079,548.7909300916698,72.01624848287764,60.78964311017474
740.3517479852468,545.3591428733587,69.53178930209532,62.837720148420374
753.6393817060484,545.2366280545392,68.14609896315312,63.575637163798234
765.1632239690655,543.6786855497513,66.0859766166846,64.54264502951428
775.0421329681002,542.7414482663125,65.16698765914256,65.09381625452613
788.05489135775,541.1850298868324,63.35644051485276,66.14061726595864
794.8958533057263,542.1193882111018,62.94223111932723,66.34517785245096
800.741435083098,540.6103099719991,62.81916467914682,66.41511932287418
803.4302915321721,541.0788707614325,62.19222616454359,66.32373764507325
807.3943325689536,540.5742338576313,61.54187074121865,66.23044163417902
808.277514600965,540.2300805795894,62.046787442729354,66.45476122722908
807.8091901438027,541.0149445857407,62.17776544001974,66.86313852155165
807.4705535968454,540.7646756760012,62.50691847039094,67.34029604472607
808.8852145644017,541.2338707552898,62.817527498794625,67.47785793921888
809.603928568662,540.4518663027214,62.92572982608173,68.20946538990698
811.3899449862442,542.437863051832,62.60419457049191,67.9322217238392
815.4036598124723,542.4757132358263,62.05827794141244,67.84488146465814
819.8978350508537,542.1604777946786,61.48381162755243,68.21191719180021
831.8574854609725,541.3230194394192,60.4382214396389,68.8717949351865
835.6376171570482,540.7006100808612,60.845219838716694,68.38281669814755
837.8657571363292,541.0239296303962,60.334149383328736,68.63375744784395
848.1343706040003,540.751716139813,60.422090294666155,68.68614963611024
850.6557985206888,540.8044657033781,60.523109106522256,68.16418546495836
857.2792611011978,542.2734628187071,60.478393418160444,68.03700847596903
858.7938002216357,542.4959043030893,60.77488123067515,68.36352941593411
861.1667426851423,540.674362314159,61.1761434823119,68.28020538903422
860.2021921823538,540.8590658923052,62.069742173321416,67.89992698162784
861.0823811807456,541.5148831080195,62.40059385373801,67.63058085357464
861.5315691753309,542.1693174292104,62.19276771503122,67.90466053825727
861.8701662964663,542.3910603919182,62.027435273907955,67.90717459281453
862.8925077507988,542.4956419412978,62.146056217324244,68.09695953764023
862.2602160287728,542.3786223001683,62.44376470429165,68.30387775657738
863.1014876154699,542.9547414901285,62.24858546541434,68.25668493367911
862.7472375747496,543.3335739220968,62.53401043713471,68.5641677080634
861.5842317218624,542.3366923828311,63.05697412826835,68.33715303657954
863.4377194211364,544.0867295168306,62.27478911210554,68.57854958233177
871.978994903113,546.4959381035424,61.82762556880684,68.80860385971403
879.7458640746831,544.0988006183221,61.50709542421384,69.60001589985652
889.7320924804199,544.380742610376,60.9551479511191,68.79442399472053
899.5077257577739,545.879170498003,61.21747812187495,68.43615879373125
908.9616356989185,545.4226876177875,60.17089481185146,69.34839938077076
921.9520920326913,547.8247540342666,59.14516135878321,69.43755992855
931.2283852974874,549.0675682827739,59.39197515878104,69.48572297358841
933.4800826194149,550.334076602082,59.063684656161385,69.22420525350577
945.2262222200588,549.8554177526188,58.976076170205474,68.51012908112467
948.0584342181282,549.1646014482333,59.51425885207571,68.69618454527293
951.4989828061927,549.045529712431,59.40549148322842,68.63478707993075
957.1305230750544,550.6868452584145,59.400363635629475,67.8919861957883
960.543464579768,551.1136190026897,59.83592996320772,67.51721602643079
960.9389838339529,552.0885571412059,60.81035564150646,67.34104415899763
962.9396656955047,551.1288272599614,60.86880446417928,68.16283205506973
963.644493019774,551.5105660564832,61.682255484662086,68.49009299695354
964.459482675157,551.8685254487168,61.78933231002743,68.62465667632296
964.0493539560048,545.5503708338081,62.3437618541212,69.22735556220725
962.4315400849252,547.9779692498657,63.02961304217257,69.21400424248209
963.176234629896,548.5016007066326,63.16406833737811,68.61303891491256
964.2910640745645,549.3151987652252,62.9910546029941,68.80504951235741
963.5490478099453,548.5750538001424,64.12593000747472,68.93726286056807
962.541929583406,548.5576415979563,64.95868009237383,69.55226409523209
959.1932168218092,542.6620274158164,64.93117628283457,69.70730681345486
959.9282055895295,543.5592346416229,64.6598908307526,69.96150447960909
959.4656413408153,545.8390249033497,64.97451303202325,70.125293077707
959.8130212400187,546.9903244153329,65.14866420192013,70.29206418046496
960.477650613876,547.2307480669324,65.29086055140391,70.69954465465169
959.4483078998327,548.6051552156392,66.06802811621691,70.67879012591479
959.4061301850145,549.3066944935531,66.43335027477904,70.61136380225715
958.9415838906042,544.6045667199287,66.89040143551051,70.17577369215732
958.4247946460431,546.5322263296946,67.71035176665941,69.88775479229702
958.56085184191,547.2430406896929,67.92161241760256,69.4650130747687
957.5443836862513,547.1302912388668,68.39573587224564,69.5525743263363
957.3187491972717,546.9449688919375,68.36408411413052,69.26504468423838
956.2209504553267,546.8871607736207,67.73763531811323,69.13552384032155
954.1048856578376,547.491413407094,67.6407758841607,68.82109617242376
954.8791529816478,548.3477998705897,67.10854572949066,69.60891094722984
956.4071728618368,549.8104288734886,66.8898177138028,69.9846001307631
957.4837669218208,550.8350955136908,66.88989483164293,70.07776701248335
959.0864116643334,552.0393563285947,67.25075839608685,70.61029734266691
963.0676842522028,552.8140863735298,67.12324425291027,70.54587004965647
966.2166581233358,553.539427737077,67.36100446123632,70.97404576963703
975.9311680598629,555.7748622451979,67.33002726701518,71.2300129579239
981.3550468339097,554.1857357663249,66.38877816466132,70.87129863814317
995.0317300637236,555.6163658069245,66.60887514497503,71.08168286312696
1010.0015358278808,556.2621963688096,65.50846077547394,70.84390612637299
1023.9228539086995,558.1381580026801,65.50836726215202,70.83351589963227
1045.4265020314672,560.6411078991168,65.42681030494657,70.85686815906593
1059.6307808267434,553.8280265352205,64.53316436600562,71.03671321412911
1081.2757057630388,556.5790773989968,64.07745145630534,71.02034213461732
1095.5359247604827,557.9055010655799,64.17080969554851,71.03821990864417
1109.391202638451,558.3280938954349,63.63347743509514,71.24030263958953
1123.615282106636,560.7831901280746,62.48629048358876,71.63164291967149
1128.5881266240606,561.9894791676641,61.936799721444494,71.08759022634912
1142.1300151541134,566.0545159108697,61.72397336019141,71.1194229823086
1146.2163851145635,568.9835382592084,61.699792055929194,71.54481124614125
1150.853412145034,571.600622512498,61.24459518798121,71.43266536834628
1152.324211508817,573.985229027198,61.94393235824269,71.2980076787596
1154.1765961002855,575.2939382600639,62.258255258283086,71.4617023607633
1154.3178802747261,571.7024748491335,62.974846185886975,70.47171944599089
1155.283055615212,574.936791527334,63.69256488662923,70.70993089626113
1156.1841472938102,576.7328376587545,64.23624344120657,70.42927457130148
1154.2271028809903,572.6840783296208,65.28993397430474,69.74433397053568
1156.2730144044015,576.6135750597258,65.72722517385074,70.42665940375842
1156.1106194043452,581.1689570688502,66.85889111810081,70.6728966901361
1154.8194331032557,577.0828712225828,68.6415545790254,70.27230780070073
1154.5373857364602,580.5175432238483,69.27268922704582,70.31980578196482
1151.9896518300282,575.380336265889,70.25050510051767,69.97112227814459
1153.3758342075957,580.3007693283912,70.83211874084458,70.76917216876515
1154.2073276795008,583.8422511297409,70.22783080883701,71.12332948052499
1158.0884331103227,579.7620931771423,69.01614847349954,71.93087744138627
1160.6373921990041,582.529319812794,67.72197079754038,72.88172137314669
1164.8779489291778,584.7570598701519,66.73455641098477,73.23730216388762
1169.3722185661618,579.1824152795404,66.33708635851325,72.8674558699519
1173.4604044769867,582.816840677298,65.34301081295584,72.7703136582683
1183.2852384095067,587.875480213075,65.24520947928809,72.25198497276182
1185.1100847485868,591.7727925551255,65.23983633542969,72.56328298763535
1178.8305704839697,585.8565586437252,65.47941830094318,72.67442875080476
1190.8322652520847,590.3395177082723,65.71746095465443,72.70373557440821
1197.13523453607,597.7289164739279,67.17563314260455,71.51064380023799
1190.215747751446,592.6061546611522,66.70365166424475,72.20583058802093
1198.3236311125609,598.8022190701726,68.35728115173197,71.44509138790028
1196.9753269269881,598.0866587535884,69.68925298246444,69.82946672077553
1202.509936451344,597.614638765754,72.42215700351616,68.10416799328894
1198.8028519584616,596.2515510795324,74.38741384557368,66.95825779444297
1198.97099039959,604.1820766605293,74.95578890318589,66.51627878363311
1198.8234722020188,602.9111131465943,75.57374031593285,66.25118967724117
1203.0016064064907,601.2237300001051,77.599196264594,65.7562960695543
1199.1136996751727,600.4067094998816,78.7210208890342,65.09272273398757
1203.4959061317402,608.2994930428755,80.03399197095547,64.73650936198905
1198.4795928074584,606.5605237523285,80.86374538953852,64.50434586178412
1201.8210094191616,601.7930828847041,81.43785253096989,64.95916854551922
1190.4264655975112,608.818056495342,79.94967081086708,66.43682161263459
1188.2929056036999,606.5567895937941,79.09568083602673,67.11280805054177
1192.2665143641836,604.5208882613978,80.1144133272659,66.97586952728511
1196.4686025634724,612.6490627982847,81.117886922585,67.22417056947802
1201.0681971494619,609.2350728224551,82.00369206670705,67.40933016286097
1196.0485267903052,607.1755480316607,83.00116362150739,66.90973789111726
1201.81159231473,614.1621463314077,83.70049930086805,66.84026310101045
1207.326101997287,622.590436478062,83.88218187819807,68.1608869397818
1214.1729896862569,627.6222204647627,83.02819302979916,69.75251038788926
1220.7631209118613,624.9392326723512,83.16943040311453,70.93313317043567
1227.7602587666765,632.5067171577325,83.1089353636496,72.04960234054215
1234.1722706261203,637.1214477171875,82.32190276414734,73.69432964478897
1239.5402373224729,634.4132327927863,83.58842508280665,73.8087861506958
1244.9608555199077,632.60497181196,85.12330830158432,74.13878429337855
1250.4623035213588,636.5884096091972,85.25496143961276,75.78826364122598
1246.9895707414937,633.4577997167022,84.76174730421313,75.67761243164827
1252.473995174863,636.9702823597102,85.08032252499943,77.0074435552392
1255.5355523966284,640.5505811016685,86.25948421595919,78.9554037724333
1251.180276198657,637.4194292918104,87.00811873470468,78.76372074740463
1256.002578500351,640.1915593312315,87.33640403152393,80.33984250068525
1251.4798748643368,637.8440655028716,86.9228669828741,80.51029164040679
1254.6955513946807,641.7444683922158,87.64293737647095,81.74183735555391
1248.1088534420862,636.9412107237721,88.06496475901571,81.73457648547097
1247.6359688555913,635.2536420926225,87.61660966252023,81.4069110896891
1252.3361994660945,639.2410664106659,87.99766356297351,82.87631923613408
1254.0143923728908,641.9133537051184,89.06065126164908,84.84865396043101
1248.8385915280994,636.8042080475485,89.94369940814126,85.17421837737749
1253.4747021000626,642.1798657716628,91.64189528692002,86.29884515937353
1246.0291561599372,642.5386980101092,92.36349063091578,87.35219179660106
1250.564729477385,643.5272512663687,93.28580846592978,89.7083725231569
1246.4076890708368,639.294844072901,93.00412988724162,89.7168585180635
1243.6143713239933,641.3278469055904,91.65356197364102,90.96675746999415
1250.0077680576242,642.9372196759936,91.63403954824932,92.30696235338218
1245.7780449529482,644.0839072124988,90.79702846695176,93.5646157704382
1244.3587268423212,641.9094191449742,89.23135350809095,94.98628954495268
1243.7780721989895,642.3591433596322,88.22816017405724,95.31125236479755
1241.3940782748873,642.8493764186834,86.7009991727748,95.47627677384814
1240.7933168057727,643.9474287435847,86.66517343527579,95.20457054628676
1240.21581561899,645.9937156319749,85.8975266637147,94.37497079332543
1240.2129868096515,646.5033912673028,84.94285105428065,93.68226096306113
1240.8897451903413,649.6349866873444,84.36002986003245,93.38945042922178
1240.0448188699668,649.0397624371013,83.9771583968537,93.55617699634314
1239.6862490642397,650.3963127023226,84.16374103151269,92.25671934920145
1240.1937929751195,651.4722601695976,83.49836844260192,91.76080106775049
1241.4888217181117,651.5634697497263,83.57308895077367,91.24336458399907
1246.9001222667423,653.584234810727,83.63616709850733,91.72979619295451
1244.7178435062583,655.1183367470495,83.12329274996877,92.19105394254787
1241.149310885535,655.3013760311743,82.08499826546326,92.81417894657142
1247.2534002690898,656.1132082387315,82.2018145392472,92.98273107083986
1244.6328844244806,654.6737478028,81.74437706647808,93.76782970187352
1243.057362978567,656.8638795567149,81.37852943248754,92.67194877575452
1242.8251658888817,656.9458126088906,80.95890376017368,92.28640422069948
1242.9503073411404,657.3734086328602,80.55515553995657,91.98658709312858
1239.601323480313,660.893474817905,81.12309215275482,91.0062477184917
1238.2495105209307,663.9765058495209,81.82515881401223,89.52459765782353
1238.5069963056148,665.5841053053271,81.0172418596648,89.29992709131932
1239.4263385167349,667.7048395258503,80.26448206282143,89.32059987799482
1245.0135296799065,667.1827657139282,80.0823587620519,90.05597207688183
1242.6603219560855,666.8156880139256,80.54487820215631,90.48357360644741
1249.7840162017687,668.1382482921465,80.24860913370242,89.82684516464506
1246.868569252557,669.0795346911807,80.93142602101733,89.9124570761255
1245.0147280359358,670.8097792887153,80.82257989552842,89.39711801800404
1244.4445967760053,671.9548116208283,81.09519679409007,89.27714140652756
1243.6934816863813,674.1356184695669,81.95889296388141,88.28752196602375
1241.5627972556708,676.7912006031518,83.21881748554985,88.08293509524668
1247.5550691749763,677.0375335018873,83.43220589028613,89.26937505644267
1243.4033738742758,677.9608919446754,82.63309080778866,90.16799422662204
1242.6417029653426,679.9800914104553,82.23884784877635,90.28451968776241
1242.2001745604832,681.1488192680679,82.20844923180218,90.26344757277226
1249.203385312872,683.1672178105358,82.32968657101918,90.48482061570516
1244.0481267354573,686.3964931534605,82.81006456569187,90.32006408497665
1243.2510262322792,687.766414349622,82.53556995532597,90.72157410773842
1248.7856727217568,688.4500972689058,82.8081911533117,91.1202078247587
1245.6748449437036,687.5448123017773,82.38590912167982,91.7572288221718
1244.486490083727,689.9033431852155,82.98846084068757,90.9047150232062
1250.3319056172236,690.5974304975124,83.97325080640879,91.32596599103472
1245.9135962979522,691.4571839200214,84.09194914160722,91.66193247365342
1243.155247363646,693.337261851047,83.85859789599246,92.14607268551588
1241.1393490539645,694.8982896198576,82.87385208066269,92.20134954917033
1247.1691529341938,696.0617175005945,83.68635468702533,92.28836340706614
1243.9104369037434,697.3034425948412,83.63131369876226,92.67601078326989
1242.4875167077537,698.2951522174085,83.82892210755678,92.24541961163686
1241.2667222672676,699.515845830188,84.55946512728477,91.91193872763054
1248.9064759452567,701.1448943851348,85.3248872757012,92.40858018699672
1246.218087507343,704.6043461541337,85.84968060431822,92.02076452436498
1251.2414198840304,709.3773003673589,87.16073813335274,91.06427641651813
1245.4649598447652,710.6504301827658,86.81242072409032,91.13372418316533
1250.237778784681,715.5995968746549,87.31736286897785,90.40810980115708
1254.7948798433752,730.543330512679,87.29894970727814,90.05016065255043
1251.5273945643335,731.4902320756682,86.62390687577387,89.35509562471634
1256.5984241742224,736.9608935448084,86.61079396031747,88.41036234708045
1257.2853534878723,739.4501053521554,87.6419465100808,88.44758709740712
1256.5596199917704,744.5179924617038,90.57799378068098,86.89175653523186
1256.8258684546788,748.3732255256239,92.45360032089839,85.93798043272145
1261.838161802305,764.3361061993147,92.21887244370008,85.44505180323509
1254.4175490815835,768.7496472777524,92.52255458832914,84.00064338674684
1258.0612165641314,772.5850361410198,92.61302914776914,82.97185489132157
1259.8673954252906,776.4268553630509,92.55975774823534,83.45399746837757
1262.3090868377672,781.6638518968326,93.19189406543317,83.7456036516075
1275.764186779693,798.3403916341041,94.28338981451574,83.72793906353931
1278.5440645913566,803.6297834774708,95.13062614980703,84.07554793204254
1284.3954523251475,808.5425525299456,95.7843913621567,84.05543356366515
1290.484586138386,812.4237085020604,96.41986637331412,82.65317182085174
1282.6287844139777,828.6761811117001,96.61336431523402,82.76983533570328
1287.7632687652879,834.2481294016413,98.28496739758643,81.97211967165316
1292.193537843905,839.2748262086451,98.23867446435138,81.29896268331713
1285.6911210140981,854.4924342674876,98.73328759631617,81.0812205493967
1280.7815682686742,859.5339242329724,99.3120213830625,80.56288829298775
1287.046996669107,874.003185991318,99.7101587609685,81.35028831450457
1290.3342774048588,875.963272894986,100.89183813419189,82.01225638338921
1284.139857494649,881.0995644577781,103.23581806844199,81.89535009954068
1291.327734550358,897.965312238667,103.40166609172846,83.63376420573178
1298.125122525397,911.2964283020985,104.50696815220937,84.8006717883413
1293.1684734845078,917.4319336464995,104.42247017533322,85.3034447833164
1301.3690112870754,938.15014986642,101.96293528827681,84.97976335055534
1310.542905781999,925.9646586816082,99.70593037130551,87.07843737056974
1314.2549352212254,907.8520541202856,101.91267269371913,85.62107889677918
1307.388797990489,916.3626411539374,103.07972918339041,85.04382305762522
1308.4226071193195,971.0552631665324,102.49152371984236,88.54393975020844
1310.2021252718152,991.6422406850907,103.87139980651358,87.66787060786744
1325.7537750775366,994.7818047089613,103.68302290930421,86.04638110993068
1331.6802438875145,996.4437779722438,103.44056273685815,84.44463342732178
1291.0137138177329,995.8123368434867,104.49476087690962,83.14846560167553
1258.4666521439792,984.5740700596683,102.39935480547204,84.48879158874598
1270.0872740713435,1000.7145228990174,101.11210379437144,83.78059976197652
1262.5539311285556,996.1208469179562,100.81498677009598,83.12259573655011
1334.491594297132,993.2085794088988,98.38541543782593,81.08811147518482
1343.3863327115114,990.7386752972892,94.47397796911376,80.83735792701117
1340.635670627083,1002.3127945657393,92.48722211325078,78.86894612656121
1329.591672768253,1001.7510675517242,91.63011704660941,77.15269421053024
1351.210201466774,1012.9333083669378,89.98996821890356,73.64109687270545
1373.2119811790633,1003.3910256076118,89.27888926307448,70.69290558593748
1399.6825665645358,1003.9321338988333,89.64977980194399,68.71902300837353
1417.6149266991283,1005.155709968885,88.49033983671396,66.62387396580414
1425.371556596016,1004.3170865552161,87.74473732290707,64.75238732031806
1437.3052091805503,1004.5985266989228,85.0876257878719,63.90756487396709
1407.2240665770928,1016.1179237445076,83.38876216055802,61.39986056551238
1415.6355029783956,1015.7787361740087,82.28680324497655,60.3692974655052
1434.0127770756724,1017.0447004632487,80.98317134070605,58.84410313900135
