1262.5,383.5,60,151
1265.998816347872,382.8940650331553,60.19658117144354,147.78082607039286
1270.7323263589205,384.29636585475805,60.5995028607721,144.70634153958548
1274.7243258393717,383.30260772041095,60.62764703494064,142.56330885426968
1279.2502415441925,383.2249242269951,60.11644310485238,141.89755450607183
1284.8591140236813,384.96818995881233,59.327509219177806,139.45246329092674
1297.1199824147855,383.0975785656997,58.24746478926452,138.70130879596314
1298.6075337824482,387.35279827163583,59.72388202006445,134.46025043038594
1301.6295889347466,390.69507186458856,60.06356936103654,133.33686810043756
1305.9595126745767,391.8180840897963,60.5525532488691,133.1563141070991
1309.354111615378,393.7646594784882,61.39202892073324,130.88451099550196
1315.753720204158,395.4472922997078,61.614335218820294,129.99335595639533
1325.364284063219,395.06821147283557,62.936277340175856,127.98976285893431
1335.6938795277547,396.2182199593228,63.922901306734445,124.54960916720984
1335.316209668054,396.8771521664379,64.67611441459957,122.97107784614602
1347.7722364990218,398.1385522565508,64.37592484262927,121.70899565393445
1358.6476011728964,401.1320740874808,63.851296416511154,121.48726037220138
1358.356385897876,402.53170603899406,63.27752929942996,121.94904645506051
1349.015924594873,391.57476915745264,63.46070448417152,116.75222914758669
1349.4382717005788,401.72636191479523,63.94432100083321,115.7338641895421
1350.7684027549137,400.69439754260577,63.58118494692687,114.96176316593098
1352.3077872400806,400.5108043735003,63.262122235366746,113.01683788800722
1352.0152865520008,401.2542857535601,63.048216748790765,110.25457903585422
1352.6632142050917,401.7000276323322,62.15658291773343,107.76307165102894
1352.5017547612567,402.71471347031206,61.59015753040569,106.18978613382166
1350.7104580785601,404.1810720047029,61.424101775468145,105.43723459429098
1340.061424431229,396.0315388491124,61.21086040008658,103.37088533235193
1331.2289296391475,386.0340352814657,60.64740874584585,101.90218549743038
1322.596426503916,388.7204381672097,59.77063225568876,101.51773011733044
1322.796241280814,388.0707894972029,59.64505395092016,101.00728774844352
1323.2949845338073,388.8300144203043,58.59923632581347,100.03159881084446
1312.6985268931294,379.7576515854322,57.834815181387796,99.0434318719461
1301.4654879582338,377.37371994303663,58.32999156192154,98.52625668551529
1299.2530745870972,377.8628770701957,58.889169557704065,96.71369186185362
1286.759993243811,376.5699372567031,58.898170836805605,96.60861990306913
1283.216176775358,373.06685178160814,59.17823331625337,96.36874097227759
1272.9685059393746,376.95901102232614,59.221424643371435,96.38174237991021
1270.919255400523,372.77624922968573,59.192625458623084,97.50975623771292
1269.3569185886968,369.7854720748398,59.706291391846136,97.71470970969729
1258.496054751562,366.3458007864988,59.42539646174542,97.81436821960692
1248.9636390995217,366.27213736074606,59.071917600420875,97.40078073347732
1247.1423466017266,367.4269295517733,59.55180742656249,96.39668052710483
1236.5131755594387,362.71634399717504,59.53791554812538,95.41671619166029
1241.8915283038582,369.24806281408735,66.13101970589292,90.83671228128539
1239.9484946219357,374.1210880324687,70.66749182103896,88.36972983768668
1239.5996390941111,377.99011489327097,74.04633662378886,88.19319430837345
1224.8621737855656,381.7592516963193,78.2488024886824,87.60799420386363
1211.5467274010982,376.89528822082457,81.3329099030028,87.49520956122521
1203.311603115403,370.6518064887254,81.94679613155891,87.9788942931237
1189.456457427386,373.62498470447474,85.238809767114,86.80501310423986
1174.5153809090618,374.56550185943934,86.2876860551056,88.52859424421598
1157.4726136993459,368.294699304429,89.10648539763304,87.90925632292566
1152.5091969179937,371.1135594537021,92.10850664344281,89.74240413503611
1138.5059462291879,375.29261000671,94.43591942852515,90.68016618057075
1121.9184101051937,378.200273128556,98.19756241625981,90.62488927998788
1119.9368133580483,379.59204672886494,99.92416457143898,93.60002289983498
1121.4645259486992,373.2403492082794,100.37328007197642,95.12080742922639
1121.5463308356118,371.64824836072574,100.85197847371502,97.54305910831191
1108.4064863543786,375.03239481462373,102.333705247461,98.41344761225915
1093.9877721716546,378.34582797309906,104.31921634606327,99.61331679182939
1092.9175078886394,379.7450443714106,107.0198631700927,101.5641057969642
1090.6219872203956,379.65231374126,109.27546863927103,104.30679133094698
1087.8696892911564,376.6700035959665,111.0290576560896,106.84784790273835
1084.0864679269175,375.98935712914533,113.34083024144,108.45295753993852
1081.823452659883,375.2939831242007,114.45002618268973,110.04307387768397
1080.390855003665,375.725320150995,116.345096058343,111.23914830775315
1066.6283060896378,377.1384525729603,117.45068972074813,111.33083266349897
1068.9932989945414,376.9907801745959,118.12326414501061,111.22809231308537
1070.0266776909652,376.0389318916212,118.8396118871268,110.83604279100686
1071.458684920382,375.5285746572497,119.83187394043964,110.6396938327785
1073.745743757033,363.817252235564,119.98340753132806,111.32688793152093
1073.9426368860245,365.2747105175446,120.40709146625439,111.26014284010924
1074.5807335190727,365.1777870750427,120.52642997372513,110.92585424661637
1073.8642528124865,365.26955197736265,120.72883859434822,110.99600783020973
1074.0322454489703,365.1620287752394,120.07396108085646,112.40590134138978
1074.6924204019356,363.7108728214399,119.10477530728272,113.66691793515363
1073.2615388951917,365.337652288594,119.33076346992473,114.54198296324779
1074.8286188257896,366.4591768878952,118.77225310862256,116.13176610107126
1076.8060289389553,364.15260176616493,117.02710986326356,118.43677225197189
1076.6101529794419,363.4050350631823,116.10248068545013,119.6598532506724
1077.7783636149884,364.10646292373565,116.36308313986673,119.97774392753792
1077.420685092418,363.11802152323844,117.15696554195631,120.27496938848248
1074.2870221637668,362.579711996082,119.29242208315739,120.71614076184522
1072.8140873854686,364.2459039567034,121.60807241863871,120.53310939110912
1055.9581642822704,365.8170540106692,123.89424037186086,120.98437260143001
1056.44133507808,366.65188324474224,124.93583859576279,120.92397743417965
1056.5829140188403,362.9666836591205,124.94988026153348,122.42449688282784
1044.760793854115,364.4853149262418,125.6965833595388,121.31993522100656
1046.9759367120093,355.30252932753444,126.92614824113177,120.7803912908578
1043.4553129865774,360.072252850318,129.3198532153416,121.47541747374517
1046.2087171379449,363.95644234134323,129.74159324863538,122.0598083433794
1032.9432768314907,365.634952106586,130.03211360153398,121.85998843409432
1020.4363847315246,364.77426158208885,130.6321347552015,120.9219554301254
1021.2680254299416,364.4556333315146,131.587131623367,120.93336298231839
1007.223522998919,366.044986365126,132.1525311387327,121.17334926548317
1008.1734169106994,368.17891029483644,133.5352943653578,121.8763561652786
991.9042059606668,367.7377185534632,135.24266539262032,121.71026295201062
994.852663379935,366.71809820953695,134.07662223148262,122.77398940675081
993.157686843681,369.4165276366364,135.89999119373073,122.05889324786449
992.4234483566113,369.18410539194844,136.2462853218007,122.11654783159688
970.9780251618572,356.34226166047483,139.69673254138706,120.71324684544749
971.5487237897754,360.57461426707266,139.67680716741705,121.12560919816977
957.0669733046923,361.43024798385153,138.02941679542025,121.50908525483115
959.7187190023707,364.2005706315636,137.10277123670284,122.83492889297018
943.3570860859443,366.1821994532971,136.83006538986808,122.92836671077649
943.15883656804,366.995558551862,137.55234037682396,123.40650285896827
944.0699007223568,366.64231252393006,137.90200242959472,123.89896867233759
943.1055503766966,368.13431443785123,138.50955973216705,125.15132253339902
935.1530318957458,355.7927927025726,134.83659567172953,123.1775743169445
940.4509837080371,357.4309927027925,132.99027624514494,124.30151344309174
928.4578498282632,361.6664372483052,132.77597675920953,124.10449195918292
927.5549608010355,365.3349089105098,134.8334574501452,123.46259458280237
927.6379582331163,351.6341632824005,135.61086594921164,124.00685088418699
928.7630562882991,355.5182222678766,136.04407499974974,124.58441601107413
913.0967956063118,359.3623182485476,136.02243986958374,124.23462298314277
916.104006586678,363.8310003697067,136.16472138098885,123.94062460080985
916.8653389671636,367.8122170229602,136.77286664237192,123.55989591084943
921.4121454431348,372.46125218546246,136.11120330590785,123.67965414572049
921.0682291294219,361.9611497307043,137.75064614089138,122.91607655401616
920.0754912866191,365.6346973347746,138.51567559751572,123.16384523747706
918.4029685790804,352.26506663546303,140.02143087053392,122.61142725377604
919.2186248359228,357.32576258023465,140.0081257783426,122.29179126938413
920.449819390061,362.4730277336196,139.88848864989436,124.18423167336866
921.6428620191374,367.16212980032566,139.30710424318175,125.40479386686083
919.4180355213841,371.1639551716642,140.50676725226873,125.90644459970859
904.0393083162583,358.79220687496013,139.84042405509848,125.66235803271637
908.5238066112828,364.1808943017861,138.77370827254458,126.51311599919384
912.3146474007501,368.47972279538595,137.2799106428896,127.2130940904243
912.1277148147099,371.0975458211524,137.77587122102568,127.53678040964952
913.0397522530033,373.77086322584285,138.84801106802593,128.50895272536016
899.5143991395769,374.73462727603896,139.93932283992268,127.2040870500091
905.5546824594097,374.41674154664366,138.31091512817437,127.87127328584019
905.7510243151075,377.8537871468231,139.4968655596545,127.15025158163613
891.3220040884623,378.6699165892704,139.13678162329643,126.25148423669668
894.8456092258995,379.8098351586349,138.199563852542,126.70988996257641
897.3077284596027,370.77081040266296,137.5686093244973,128.1586479400964
898.9979408934576,376.23442121145666,137.57189841743497,129.23994740252613
876.5300785345355,363.1843444620162,140.86407989187083,128.14851345328694
861.9621059159608,366.65457330928234,140.9111312386393,127.8804729226035
864.8535551384915,371.56306746962485,140.3776038453663,129.63700335497023
862.8747214957173,373.02287431026286,141.93902588974981,130.92040500114783
849.5138204273613,374.3630353418137,141.5831379019498,132.01983328518358
848.8459480383857,375.621962894111,142.27894939180382,133.4615349985975
845.8124896413569,378.2640272877188,144.24126003428057,135.42935361433587
831.042458000076,380.89086949558816,144.1806935103238,135.72357273634748
831.5694443583576,381.8640429001484,144.65894032291249,136.8502838171654
832.667007824202,370.63142081389435,143.59085067798216,138.66970164995178
814.9394491529036,375.104121996181,144.28675171198506,137.20261559244636
813.3176867386981,361.83508016512206,145.86668503629937,137.76118990092655
812.6458862039954,366.0132264862355,146.87782537443684,138.250728176058
813.9809076494079,370.25198881337667,146.4157557254178,139.2783218918319
814.3674592557378,376.04542926482924,146.09076207992328,140.35793059006198
813.63840173219,364.807199996176,146.50859082445226,140.38205758439966
808.7033759316656,369.2141674345091,148.08241783138482,140.9686849941105
792.6799607979553,357.3867232265901,148.6206135315447,138.7151356810666
795.9538061605401,364.1279495725113,148.9443880125213,139.6080673199737
796.4471806050125,369.6128574550813,150.693793679851,139.85807157741667
801.7880571997947,375.98101078281763,149.43305241503026,141.81332185248613
800.1489853278113,380.12327604857546,150.9164231763997,142.64227570359986
796.4109530360503,382.9671252395052,153.97214483771108,143.26940333339806
796.1759027669111,385.25289634587034,153.72283650624593,145.65329210516484
796.9056278830238,373.2850780836909,154.22394683424713,145.95171969092502
792.8400156712493,379.0078163319791,154.69671636277664,147.14326044440978
788.7928803286609,367.8699751147944,155.96148398856616,148.78936142736313
785.0530971886653,375.6046142508616,156.41783735885895,151.21511222322198
781.8545530357717,379.935163260693,156.4989299714394,154.0027379965888
779.0760241482678,370.23234936821234,156.13463154527514,155.391001279597
775.0566745164383,377.1191304480196,156.56022074347402,156.72548851268277
771.980778719981,378.4840140947787,155.271791503564,156.20871579466504
770.7418433024316,383.90115549511836,156.1837814440018,157.22776742086552
768.9084039151832,372.12504485601585,157.34554232527967,157.07014029514
766.3537704581333,375.41250842856124,159.1070938615718,158.40379202272985
765.4373436010371,378.0049090891954,159.97534474773826,160.79063929917874
760.2953664999078,383.32809128175603,163.3656574781342,160.91756077984118
739.6855428804508,369.6240970241372,164.71056411646208,159.64440648807198
723.8938851950311,374.73306400594697,166.04927537658378,154.3372601068499
726.5087758152813,362.12517347414024,167.78949487994933,151.96314592205033
707.3812082082295,367.949368645412,167.9295826392191,150.05116572049803
712.8854500055468,373.6033262458121,167.24423918893265,147.63196435636775
699.2552197074401,379.43006972469556,164.45017250243106,144.65785590812234
709.2299003227147,381.6574248504936,160.86492031118848,143.1480690574051
717.892236203525,382.4123495765587,158.22582689582035,142.01839209634852
719.7085507675511,384.8970049713418,159.0849499154429,141.6442365458876
705.0517961864239,371.39590650226364,158.13461554132022,139.565632473912
689.4822145352986,377.9206059080143,155.86767380206703,136.14631674651721
710.8207551962932,382.46256295146384,155.2465693477533,134.831222468578
695.1813640345129,385.1438499193616,153.06315532121664,131.9835763968572
699.6862270365164,389.2146632333507,150.85834093067376,130.73262292943207
700.3134294426802,375.40972295872945,150.92727379248706,130.30379574552026
704.7696524705802,379.9360493959571,149.8173341835254,129.48745287625283
691.2614542385893,385.33985544217853,147.90710634941155,128.20808384869036
695.7622066665978,388.74073399216286,145.97910069612288,127.71009729086659
700.4200984567383,391.59869363383973,144.0113462524997,126.37809152451105
702.2443942580777,379.15958643753777,143.7855792710214,126.10763381323318
707.8569596273065,383.28602853403186,142.01365745590346,126.22949498920252
714.1164806301841,385.86689099917885,139.54514206910588,128.48184114197736
700.6521034200952,389.61245401420575,139.10850571169593,127.0855151073459
704.1856395167825,392.0786462794422,138.64599198618612,125.42869810845882
708.5703824682938,377.81469013052,137.14635347619955,123.37052413310984
712.0833780399141,379.44098936896097,136.10807519306638,124.40561486521221
713.9773024857487,382.535350925646,136.32171689435353,124.64046667631108
699.011110553995,370.9283934697049,136.95597835185524,122.05238535711429
702.0602209946293,376.30478210062006,136.2594441389827,122.02029310047197
704.8849734523401,378.9578607598551,135.23532450798487,121.28718580412706
710.3437354366156,380.70273733169876,132.61004163593051,121.17853236136752
715.6441053433464,383.86726029810967,131.29227511195867,121.21997125749466
718.1424413770103,387.2988641207651,130.87849927723573,121.55440593853876
704.8738859695169,391.43706018637977,129.35119511419526,119.41179762460067
707.9264574148473,391.72676106842664,128.50447459825972,117.80073470766735
710.2066553691152,379.43281701104775,128.02790427795026,117.28200775589673
712.3182771213175,383.8028182181821,127.38821957138202,116.55620841322235
715.7347674607471,385.04036721343954,126.35890357681848,115.6947028089531
701.6368635376789,387.8440471816082,125.56112202170968,114.12979806899654
707.3766872479617,389.1375593819598,122.54666930329242,114.06810731125276
710.3347243769047,390.9069439890659,121.29098256142845,112.62402031368487
712.9236246546368,393.62324187505357,120.3263229704722,111.98046176934022
712.0900114799429,396.8607818048438,120.9597952095238,110.62479910031152
713.382395396846,398.90689761235285,120.77952833702109,109.47667001100449
713.3301824244942,388.3232594657736,120.83257352075707,108.41823448165312
714.3502463390469,392.74591394011264,120.89698007924012,107.72141071669091
717.8827926598759,393.96660744686625,119.89861364531524,106.32231009921034
717.3251330331547,394.8588026197344,120.51280082773943,105.90361606447104
719.5895657869839,395.83257774919826,120.201672517957,105.92217555819829
718.6757362957097,398.15973260985146,120.38508802173031,105.61062783030013
720.7134267009382,399.3441149078829,119.88635043980443,105.72511862058978
722.4802518070534,400.54806580717747,119.38424634344918,105.68133253702752
709.4992606111155,401.4924802891101,117.8983222411844,103.95601940916262
714.4469045988706,401.353741682634,116.42416826073026,103.24645294335436
719.5815421572472,398.2701252019879,112.7178528149975,104.47935353388847
724.6808144021487,396.8738364283121,110.78999352111745,104.53253689331287
727.9529081934832,397.4264489152308,110.63174887439199,104.96575810744845
729.3814702921338,398.4128010020901,111.7166710809756,103.93018343125794
731.8880740669539,399.13537021094953,112.14225528319707,103.94115632545169
734.5328462445991,398.5790589407767,112.36829539674811,103.16577289388869
720.3108917520775,401.4414072151029,113.25374796089287,102.60623747804881
719.7284006606966,402.59311980232997,114.61933815871524,102.33566757588784
719.333828937148,404.8643110509761,115.24610618548039,101.77402824838012
719.1908738886623,406.97752211826395,115.32203567541899,99.83659589613772
719.6866274397995,409.51345578372843,114.76227007900587,100.04649307250253
718.098386233377,411.36665701640885,114.8710230187369,99.19703373763477
719.2791610904093,414.4051203742762,114.67792866699223,99.36381372508617
721.9241198283156,415.33319411179275,113.17547771721124,98.26706947881286
722.658834928956,404.7345734298847,113.35933766848007,98.17944641696971
724.4526000202196,407.69371781276953,112.87723308219002,98.39919294859384
723.891350397398,411.13491513740706,112.7073900226499,98.60624961233763
726.8873200801875,411.37953338763583,111.56839169329524,98.98481811599991
715.0106972206239,410.19252594712714,111.1410725320514,97.91154519908947
719.2517423737028,410.0175797814636,108.9721698250758,97.64289664735222
719.3897623072575,412.4999555637257,109.25170717649891,98.49720111691626
719.6994517344663,415.0216337986179,109.642911484389,98.76905260535322
717.89908651186,417.6531902440016,111.46286137578393,97.87712120262292
717.7546558267354,419.1465983083602,112.4710017372555,96.00005391423781
716.0060848551476,408.7201236429188,113.37850258622333,95.60525963855326
716.6541883801831,410.9520242430853,113.44499182616849,96.38474933940425
716.3565817414282,414.7911883774983,113.06850521020377,96.93843858766813
714.4847094985458,418.41536323179633,113.65932086677529,97.35514939924414
716.1640990204853,419.6849686860091,113.00638598679096,97.11461331267233
718.3010965152646,422.5477659841518,111.70622241240879,98.48254031138812
721.7883101744113,420.38679164792444,110.9148824430534,97.71308788368411
724.3839777312664,418.6187181083077,110.15066753808338,98.93420057342178
723.6418662070301,419.22933950305384,111.35835480731826,98.31293360828559
724.1532399178291,420.8975791849348,111.0535207153215,99.27513979521342
724.8346760787729,423.4758396311302,110.41846491555546,100.31616776909443
725.105424354889,424.457158712479,110.80231843332282,100.63728467040758
727.1341967651699,424.779738091679,110.79201148583854,100.72665785103723
726.6119499560807,425.3489177099286,110.9854959139343,101.09231262973577
715.0597859634659,428.01498275073334,110.1593410347842,100.51841180380262
717.2666580996814,428.1172716972891,110.31318080013372,98.69062085794143
717.4560059891161,429.0482128355383,109.97166529971479,96.33471713593016
715.8085650274097,430.74626963672523,109.72445203880136,95.55831540947189
714.8110257943875,432.90388325785864,110.45593563904657,95.45601789285202
712.3966463756068,422.43244086062435,110.97615794706721,95.31368997980105
713.9908816301265,425.2611576616433,109.67621197034572,96.74101370579662
717.0269809105366,428.24216471739396,107.95754858484905,97.4991843973044
716.0988524174753,429.0377015969067,108.88782089031903,96.84386767925642
716.7801784648722,430.5036467702926,108.85370470994653,96.14986304606177
715.4579261561005,432.278754673978,108.50646576288406,95.70179529472124
716.9737259647583,434.4685985202136,107.97731422753874,96.1432888995523
720.3159269611849,433.8687721974731,107.284727801702,95.98760225632178
708.9495548779686,434.801396697984,106.06761807104,95.16898637965149
712.7176826648688,434.45772325203285,104.82759519758753,94.62481536059649
713.0921066379655,435.4268419984697,104.40986124551574,94.00796194002655
711.5022142377334,438.2553485598884,104.60628480177809,93.43271542256636
711.4810708068596,438.5151556783068,104.096800022748,92.37088536160232
711.7139119781027,438.7597322103129,104.33553747196027,92.01016033952513
711.8477616846011,438.53659209083804,104.99947743226599,91.78435672379956
712.0950924098643,428.5682062170071,104.49182806165655,93.1271629410659
700.401898138711,431.16885412743915,103.08260426875816,93.24717620986245
714.2873883295086,433.13407447126883,102.22538693342744,92.6881251496597
716.4296619096185,435.8273861792216,101.78095174410909,93.06146381566337
715.294139748999,437.37164494979567,103.24368239757402,92.25381146692855
716.9737149067959,437.61974768657086,102.58364092101542,92.47098615132579
716.8891144968222,439.5572360755393,102.70311038952747,93.38775598975238
720.3464393774842,439.8603045616087,101.79619778793244,94.47742671300239
721.3863130763937,439.5232629102539,102.16177624155404,95.65447367785954
722.9401099573377,440.6241477153654,102.64052576808757,96.41512596171
721.1424344531846,442.7239494425931,104.04288480442405,97.57884762627315
720.6138526621046,443.5774718624152,105.00600511683064,97.26690826777667
722.1356636815663,444.561547830834,105.81028752164823,96.4519463476856
721.2938109521486,446.83311552147063,107.23784097647997,96.59356962958984
711.5365030345882,437.3247580820079,106.28634658210845,96.91010254745572
712.6392088215797,437.9600653554476,105.96540415962252,96.27225484341837
712.624644725327,439.650944731285,106.79767919126968,95.1556072997057
712.4970828990812,441.48792010521316,107.51845867724418,95.85207510043338
712.8956873754305,442.2027401484048,106.38665127269257,97.91958543519269
713.473212014482,444.5882819497757,106.92607836063272,99.12224336382295
714.0545519698177,446.40423831935965,107.4611566477459,99.82404367931203
713.895580903602,448.2840435398404,108.27916678907687,99.19861259206448
711.1534846410627,450.8478262680793,109.80710769290913,98.66276199459543
710.1150207819844,450.52808678694225,109.82930952567449,98.87545331224483
710.6894152254166,450.42680983543505,109.27451620994648,100.16549455523274
710.3498174399338,451.20402804261425,109.52634600103568,99.95754447090663
707.5040318919171,451.74032645959966,110.20353616521467,100.16233382544297
707.9676987024836,452.3592290550781,109.79872362266809,100.88299754851802
709.1929435775701,452.02120475908896,109.45294492825096,101.11724676806169
710.8296527277389,454.91258894011753,109.9557090410145,100.18706515222041
710.5667883616154,456.0124477955548,110.76390677765394,98.92602147403394
710.288611751255,457.92204434834787,111.29977516160274,98.20435491874088
714.0052194471409,458.45069563453217,110.2662613651374,98.5441631661888
715.6194233789176,461.0123383107156,110.70077540710153,98.3299449677526
714.524680798544,451.6524423374625,111.48853539485236,98.41745847187593
714.6619275980414,454.388390257337,111.3558966780976,99.02109745268363
715.5139163302963,455.6202707366398,110.71003541117406,98.84354417001195
716.3517899120535,456.7138995833617,110.19373043401518,99.17977428288822
718.0623175719684,457.33359639208084,109.20895083478169,99.5568052259969
717.4915296611406,459.3165921178926,109.78618415765808,98.96792640140283
721.0442299800575,460.0942235222575,108.10312915809942,99.6823288339144
725.7506611813704,460.9884616579993,106.64669766749135,99.66165480089506
728.680282782724,463.35612426346773,106.06037459646754,100.45527742015851
731.512255480211,463.77507536368205,105.88311400068788,100.39935263481465
734.6383768271091,464.3253285802841,105.28238059186468,101.8159966036797
735.6341058586504,466.23070833855206,106.41217792657879,101.13268588436969
735.1853826382568,467.5858631815631,108.11006587089075,100.03229312377786
732.479367590868,470.61650663679825,109.68630938462891,99.42132264244582
722.5689263622983,470.98857781333373,107.18728942172459,98.1905460349193
738.6620823333124,470.9372157086743,106.3363275163174,98.00566540562849
738.9162133808037,474.1545466778467,106.89240899299757,97.06807091876064
740.9726093647059,474.3667328158537,106.99486560994043,96.68007406105212
741.6732484667618,475.7396347509492,107.6286771370451,95.60117475953321
743.7187337941862,475.559041033045,105.61895643451282,96.47785731682075
744.9984659555425,477.51685271600354,105.38058781683242,96.71758320551174
748.6160819474846,478.4575713332671,104.15931333340579,96.44452807681199
751.1164891875766,478.9820577086336,104.07871875144582,96.14473308000439
751.5953450950417,479.04424825984415,104.45319244333625,95.31248107695234
750.475195595151,479.44603332582267,105.5141258081994,94.4865750189244
750.830622746407,481.86124917025455,105.59297147736322,94.67843451353238
750.9974306169923,494.8941676627555,106.16584934037593,92.98012262923851
753.6838250996219,494.44314117016876,105.7961545714364,91.93695633607635
757.8261916005644,491.98264725020493,104.14051807757758,90.96204583387144
757.5092404532522,490.8898172743003,105.13072391505418,89.64874672119709
760.6264615276,489.39425958621877,103.50222401565676,89.8360476861968
763.4359546807527,489.3519930962359,102.3246625560004,90.26455698499873
765.2650822004966,490.76133961185906,102.20987956813323,89.29544972531309
769.1623894968186,490.1917873657478,101.25845516866542,89.62833344765336
770.4126394819001,491.0867991731236,102.09857333204734,89.20142204412926
770.7280671054034,503.05454182177215,104.2920219504735,86.33305825256949
773.8732687011723,502.6302659855328,104.28786076714506,85.81328302265864
775.8758502928578,500.4117151825691,104.72983970795016,86.48542672377043
776.4877265549136,498.3658188506454,104.52202808845563,87.31092323931767
779.0259188098248,496.9080106112469,102.90947667227637,88.85849832197356
779.6536053428174,508.0503877285363,103.20325216586157,87.48825862902073
782.4462920902347,506.68019228850756,102.0514953092106,87.97366942179792
786.7802872614917,504.2168721312037,100.23359117885475,88.5238601514448
789.3817996365854,506.2835544984247,99.59044334746031,88.59371101606278
791.3418280809668,507.47797241057697,100.31096568233018,87.82610078723248
792.4020700554842,506.29144871967065,101.05920989415354,87.10648964930022
793.0790527973897,506.091671660463,101.77491794855031,86.137261128212
796.068134739781,516.6916944277898,101.94655293385443,83.53602578948141
798.6630427753386,515.0625852938949,100.90746985681909,82.72715306911184
799.2366634705727,514.5471880460473,101.16383595402931,83.68719890036849
802.194181893447,513.9353059720188,99.93136670471638,84.35353194662645
804.0902382619706,512.3085560239326,100.55488192405932,84.43979479941794
805.0206321530932,512.5133644803914,101.31445880779937,84.38099294425493
806.2284592065749,512.5137035554509,101.91839078710913,84.35064704786036
808.7890117918671,521.6486286070606,100.7646897436456,83.94173597051987
814.2282619259055,518.7121189439764,98.97216893723883,84.79184327123649
816.1766056398266,516.7103023941133,98.22757444305158,85.42533558002337
818.2599594233185,526.0818632888138,98.22873405975298,84.64615917941649
822.4161020203903,524.2880836095974,97.21380928583632,85.14924635843633
825.8732316080875,524.541787589554,97.87490420971561,84.32746135885203
826.1269025086847,535.8937484923956,99.42337667472609,82.13682232904773
827.1321404965813,534.8354880988918,100.25664688423552,80.97299171568021
830.2101203778413,533.8591565801418,99.9283104890252,78.8654392800051
831.5795873622881,534.2920731360583,99.9588793983207,78.66534093608578
832.8984751676729,557.408035898148,100.69265196336286,77.17224216361535
834.8283222456122,534.2482001201749,99.78916484445634,76.03530208626091
836.9988091615891,532.3532694128967,98.8211012736567,75.26552833846391
849.0214153391839,530.7565109332371,98.83043145997084,74.9120498964004
847.9931738754453,527.8179174614759,98.72968377183213,74.95155077806388
850.3896572874918,525.7500487731214,97.367461118882,76.47796632211592
860.5794450308015,524.959292785393,97.09575573419136,76.37749578033032
862.0645961089357,524.1699108278206,95.96189235298547,77.65555169958353
864.0223221355476,523.0477892046009,94.5823158586148,79.21210874111267
864.8747267964033,523.3768674104676,94.92471746868145,79.95072125695337
867.2763308352277,523.1566868556465,94.41148837205066,81.18392320502795
870.6965513750183,522.944618740292,93.57801245283918,82.61562469567056
873.0941203892635,532.4872784947466,92.53993995894047,83.07656983519857
877.5001732068376,529.6448905745286,91.27732334509348,84.1175859481567
880.9133933206301,528.4818866618048,90.61061593611214,84.58123031592447
882.4373580313048,526.9756784130102,91.80718047609678,82.82258586991031
884.5576602356431,527.307264489312,91.69632298133017,81.76571353486852
889.1799384659133,538.9104010262793,91.37399533396112,80.19242080761398
892.1724861031604,538.1284264080955,91.47076298595013,78.94680593036443
896.2803958473245,537.9639246231862,89.65699733062979,78.43839922901518
898.5776177392246,539.4221002237009,88.44296350280804,77.95476606654492
900.8437084597462,539.3236573279272,87.46790405387597,77.70141544818958
911.2960374845613,542.4391483323876,87.62588142599856,76.65098163033946
915.4508004151664,553.1113256548692,86.4620378996882,76.157790849512
919.6461403213888,560.3830628489989,86.36140477913827,74.9251885391946
923.9988100388258,558.8805212590491,85.84979760592172,74.19943222820336
924.947052977983,567.8697532212799,86.94448833283192,72.79033857351733
929.5308828776682,575.7747314718788,86.85008597975079,72.43472205339867
932.4215653177909,597.3850090446952,87.56260184825425,70.90020587871324
936.3592796716587,595.3190616139665,88.00708318995693,69.10585266659258
939.8341421893135,592.8425701875299,88.70995319782965,68.59663153997361
952.1992195558959,590.7380892957419,88.64443316925492,68.0834105728476
953.6970953173295,589.3099544025711,88.99570441822289,67.27905084830985
958.5377727600408,587.7728188837136,86.8181637532288,67.34502253528626
963.6375541470641,588.1378469702893,85.02389921221447,67.37059882225228
968.0435126818355,586.7751447409685,83.4384287712422,67.37868546129857
974.9196944856418,595.9025090855706,82.33676096441074,66.41804132104446
979.2993635541251,594.8279533532318,81.6620280444243,64.76730399078507
982.8359678961853,594.7507378663709,81.4257505889415,64.85532139058617
995.6069909594677,593.5025488231207,80.53654984506724,65.58685625160726
998.5952182853939,602.0001261128391,80.06056583148977,65.44845788249773
999.2282351367302,601.8937055568222,79.46597237253823,65.93385899495121
1001.4143196577896,603.4312937354408,78.16627161121173,67.98302937080707
1003.1661530588361,605.9368631801843,77.22159481079714,69.20729735693052
1013.2143393494324,606.9662587409512,76.19025900328616,70.29516298702937
1024.1136534472757,608.0299632779784,76.48109308787298,69.79988882737334
1026.7749575152961,619.2258351245782,75.87430335698336,70.69008177968135
1036.9549664970693,631.0698970788656,75.97234088965307,70.33681199708323
1039.169954761756,631.2142247682797,76.38250470299207,69.90577761747197
1050.69409339629,638.938621023497,76.29548346114547,69.87126027640986
1053.8900840552774,658.9572388826564,76.02664057090537,69.65109075071808
1058.372017617466,668.8809373849467,76.5574404997504,68.85146710734361
1060.00070705712,677.4818773036054,76.15331689235416,69.31797563672544
1071.627761638151,686.7513319796777,76.28739323139078,68.3967992862896
1082.5895265617708,694.4335291590103,76.45470849218364,68.24573328913579
1092.8457081469853,704.883015975906,76.89391392527017,67.81710419880145
1104.5111934366519,715.3574467325851,76.42942894164044,68.38388485158082
1105.0498319316202,732.6179666086906,77.20376654616311,67.75762430469224
1114.061072175472,752.3996867475836,78.19843693736581,67.11991187114451
1124.347408070957,751.4617819457358,79.01030761160574,66.70501627083016
1133.1285081548224,745.5911886244222,79.4269587622345,67.70985762231943
1145.4461649919385,741.9841892496237,77.07603649120023,70.42457830337406
1148.4823584853348,742.7643798317397,77.01089027665506,69.90867972791006
1158.4699619389326,743.929720831143,77.38298103791647,68.74997203044185
1166.1922081562132,764.5844739562529,76.9914327867048,69.20630058857165
1169.113325149489,765.0774960095202,76.0513737497995,69.62097374049006
1184.1710982270401,765.956526528384,75.14151416391078,68.41530417224135
1188.3635427178397,766.4505061801187,74.20502138821415,69.35682697116582
1204.6961340200426,768.0818192824149,74.02053260094672,69.75098983098076
1207.5575133596355,780.7051634096975,75.51867350367007,68.58018925646935
1221.1528048405116,784.3341197547302,76.26982104118557,66.88104340829254
1233.0219016408873,784.3015787601435,76.71139886377406,66.22749061324437
1225.5071324521534,784.3832269383495,77.20095539920061,65.68163403349118
1212.7650829392176,795.1183488544756,78.31157267458431,64.91330594220591
1213.1904008582428,794.4878761182505,78.34703140669373,65.68124902975502
1215.411566591319,791.3914267218772,77.68486084447201,66.09399597847687
1220.2354515375278,790.4815080577231,74.97843712057238,67.04992722129397
1231.5121700083396,799.8177205768363,73.31521128429537,68.06826947127547
1249.5565916474663,811.1033434920519,73.37647252874709,68.19867998239717
1258.7373169593154,822.0669888723638,73.6973854151806,68.11042616330155
1259.9301836662194,842.184992730043,72.70685094260355,68.19641704413473
1266.129108361526,851.1028907644579,73.44311581743217,67.48349618892784
1282.5489714948626,870.6355119779573,74.24606685788804,65.61342511813025
1289.0020401104814,881.5033478730114,75.43780712909162,65.13515002601993
1304.2539456465984,900.1298387981728,76.3154695981177,63.84896505069714
1310.8945179651723,918.887554053685,77.2690375616775,62.80740004870619
1328.7113282625403,929.6902837859777,77.47093103554505,62.34681515687453
1336.7453931106995,950.9745825825956,77.7955606623469,62.61777902604106
1346.5280189293946,951.6521806116322,78.0747590219049,62.40611500570303
1363.8416367841198,968.3042975032726,78.42842693794275,63.121679501230766
1375.5365094679958,941.5840927316978,77.36110359777896,63.92773159198783
1375.7791617152116,925.741425280637,76.47910110530047,63.65830689633104
1385.0599289938568,925.3371147457766,75.85556818070017,63.8519928659733
1391.2603049512907,926.6273332335734,73.71927778316639,65.8933153050524
1393.9908325470897,928.5310969934799,72.6987819787755,66.55797101277858
1402.440733306078,929.6790747416641,73.28978894773698,65.5309901782373
1419.4425351909058,950.0580440747719,73.29266634873585,64.66131521441419
1436.1081001704704,960.7845804736367,73.83324430586673,63.431055069272645
1446.7910042319688,980.757345725736,73.47014461792824,62.56900158533776
1459.844640550005,991.7233870336147,72.7664669525595,62.11516565842287
1467.8788724978838,1007.1875935525438,73.32285428360828,63.20985061250815
1477.066151594337,1006.094564286435,74.26775028381704,64.10938914045323
1480.4855682410457,1008.5056872580103,76.13108640873462,63.65371891522863
1478.1325435211177,1011.5794325814561,77.50652438122914,62.96610194463713
1475.2615627796004,1011.259951430521,80.93201166496871,62.14508888468325
1482.4189001278369,1017.0574001517175,83.08245156200168,61.178122083464515
1492.9220029101955,1013.2648106610118,82.95919010434017,61.33795802822432
1501.0088905862378,1019.4710964810669,84.3270941345795,60.43104930620515
1499.0194834546794,1015.4555776465463,84.62037749674136,60.91512232986052
1497.7346806264115,1020.896851371951,86.02853825085681,59.890720592857164
1510.022664495073,1016.3177031148404,86.0717149532311,59.987517511436515
1511.943271418512,1013.2833494499044,85.33627765473861,60.016085643004985
1490.4721132008187,1017.8941949153974,85.89874560990054,59.61950610117934
1481.3578552251474,996.7046926922657,84.44374219783982,61.96978969172993
1479.477578953614,979.6774027051948,83.5888457891857,61.927548834572704
1476.9973658583376,981.0804614594109,83.10286990683214,62.39451715873635
1493.6126129226236,981.7604429155201,82.5214617767953,62.02012104139013
1500.9424718876999,965.0554840197752,81.48555747579312,62.129688643671074
1489.716309654691,893.1327207619495,80.82810830594644,61.832606516744306
1509.8247060008782,885.8048289355434,79.24781311113071,61.37247773211771
1517.2200338197845,885.7677957177132,80.25497565721722,60.899393853923726
1533.5307456672076,885.7555343307426,81.26515901803471,60.36057119558347
1495.5001356692962,876.4575879266749,80.9361507423734,61.41944808880182
1511.7443520371341,886.1109464693687,80.95061717661932,60.70190908874126
1526.8117887431954,903.8922228222978,81.93530400619608,60.22660995344
1545.4970937371713,922.9471843232519,81.79670772063655,60.22610772789872
1551.6056399553684,921.7536129452562,83.09212558392531,61.24263559760634
1557.8162966265822,932.7312396858332,83.16002904600208,62.8922004605686
1528.828691021577,931.0178195827143,84.09460228604144,64.63883210300169
1516.5384536787376,921.6128460623779,85.28184844083653,64.92570213256622
1553.456719495422,949.4656121000695,85.87377597494853,65.22600654399929
1563.254823580513,949.165502565936,85.50116819233983,66.29138854513917
1571.3739923487492,949.1377674505255,86.74925224095033,66.11636281643963
1529.961257152273,937.8836283522851,87.69204746300436,66.69770390964919
1547.1145963737263,947.3240888300038,89.78490896760727,66.65147304820577
1535.3004843025842,947.09312140217,91.00544306167376,67.30012907978232
1531.4964831370542,955.2683316863508,91.108224979526,68.60026316840322
1529.6990682759013,954.3115610456971,92.32304671957748,69.04493261781678
1494.7730236587977,941.3492689372359,93.44324050700726,70.52524765444122
1480.5279629930606,931.0097415215229,94.34140665354533,71.72589939443681
1479.6099560608843,931.8089437631803,95.3574696988821,73.13126502411328
1481.1894492229444,931.259917218425,96.43872394864492,74.20055798031268
1489.3620602037204,931.0955516264023,97.47757524453927,74.59866099875535
1486.3382272661229,932.1908438212786,99.38314126240397,75.4263115771883
1486.280794665986,942.5509827651327,99.47753509283021,76.8527717418481
1496.3888938034252,931.3396919674665,100.37225486299576,75.88140192116488
1493.658423451839,931.4909445639299,101.88408267401691,76.2358569771852
1524.8977855928213,963.6424772349378,102.78747280245312,76.35509388126313
1539.89856627072,981.817251361448,102.79411304577675,77.31021786945362
1561.1003045326834,988.1650342596378,103.54309089807067,78.43518773286421
1557.3834363459432,982.6485294779054,105.13044513043769,79.58800644702472
1556.1538352661566,980.1578589334996,107.47570102353865,79.73893610166283
1561.8593181238252,987.6692636917743,110.4532202630352,79.79958453189083
1570.8826514592322,994.96908847112,113.61625322295868,78.87657262273555
1578.304006466108,989.9099649897859,116.0864857140902,79.1300553718417
1562.198873536663,985.9554302187694,117.06062944163193,79.92580027169329
1573.5494614271631,991.5401908709675,118.46991012730663,79.77546594086877
1530.083863662702,971.7817808413913,119.25011230906102,82.93786629176928
1514.8012212139326,989.800752217692,119.76449770098438,83.7070753336015
1473.8130322098673,926.3989284528993,120.36715744739656,85.34897206972981
1484.4535671723029,925.1033688103744,120.66818934442475,85.23908422701787
1507.9066411435135,951.1323777343974,120.09531624331203,86.80208002032927
1465.241826717432,923.27002803686,121.52542422145164,87.98033547619508
1490.7950346355276,936.7170073721518,121.69666112573896,87.86760391742791
1570.9021755165272,987.1291544004409,123.51082174655242,86.4757515722753
1577.4796266292726,981.9598916632915,125.21141020557084,86.65915810431352
1554.4986152146926,978.6864336938901,127.6277215173968,88.11470107635
1564.6758144616788,984.8844473188044,130.2586593271354,87.21733677512975
1558.5760666947067,978.671943573436,132.08389109765162,88.04002645580792
1564.08527386817,986.8006286512795,134.0126765721976,88.06798611884656
1559.342201670066,980.7005128472832,134.25247544838578,89.15118376840412
1566.8355301694278,987.9848497686284,135.29936299006732,88.16772358690758
1547.004803227026,992.1182137449343,136.28763724840593,87.22446431944572
1555.6004099797638,985.1764287228727,137.45297395960532,88.10691379624734
1562.3172580660794,990.788299328552,139.028989052538,87.54269273411975
1539.4341935073576,984.6200832658234,140.15587409039222,88.36371538997241
1563.6955593055186,990.6287349019677,140.36105158220457,87.39962142249328
1572.5418376966304,995.0448169399544,140.9497352632377,86.80608096559955
1548.3531648995126,989.0633422502267,141.96533693047166,87.41604305562612
1524.9983990970843,982.3940718368303,143.48989386491806,88.59922270688176
1517.3420647999137,986.6485827997755,143.86201642349258,89.3989700070658
1525.0498083533828,979.0002975002656,144.98081963027508,90.03412359863938
1531.3874789897798,983.6300277722193,145.49898078362878,90.9095822212968
1511.9217053457069,988.0040066708524,146.81741466845415,90.50023030476801
1489.6141896333088,981.215416040837,146.41674098460754,91.99138346573869
1493.8410991083895,975.0073559264289,147.06174558180982,93.02511462595137
1487.0562899512324,980.904705910293,148.00743868707826,94.44727638307647
1465.7332474341179,977.8917136494617,148.76468781432519,95.20373823780811
1474.9507285113496,981.5097628341961,148.5175995001935,95.10980314501165
1452.586941822389,974.795149761329,148.7892478903217,96.40122716672259
1462.6328031971552,980.180436569027,149.0087949009214,96.08914487670481
1455.6679238127697,984.2210091066718,148.7355402495873,95.664918327111
1431.5393584591216,972.6398236735495,149.60172170761604,97.63620337792602
1440.7642948500124,977.7056716690661,149.59020151067313,97.43529351970527
1448.5877122220509,982.8093713106787,150.48182082238253,96.36067812625053
1459.6337643177399,978.9863461220946,150.16478682143426,96.03125605316235
1442.7460307312392,983.9631933612,148.82806374785332,95.19242401696818
