549.5,203.5,11,14
549.3886035107456,202.75314497380566,10.765137906296575,14.271666642445082
549.4979021137311,203.42153988646925,10.846215509304471,14.20876123274444
549.4090731281783,203.25577717107663,10.928892271966642,14.19213369822244
548.5417988340732,203.52624910877697,10.869787848854664,14.215760249762681
548.571258747286,202.7959325681832,11.004053754197699,14.04609209384392
548.2625356569224,202.7506970657442,10.861214736236457,14.129588141769876
547.98330333809,203.6392488941425,10.799344629447825,14.23238756305248
547.3089621544149,203.45826889509988,10.735105925745522,14.493314998583866
546.6563826831406,202.06737258933225,10.669715070282251,14.641900050533549
547.1182693716742,202.79454515463047,10.773163730530577,14.718890273788414
546.0641979200244,202.5106524265674,10.666632399439873,15.11257482425778
546.0717748723245,201.10729577812458,11.002728368477786,15.275027714649234
545.3717068138633,200.85590520556622,10.928594856875328,15.562695935190147
546.1825561740931,202.07421133619854,10.862223790300671,15.755247415990958
546.2616301879467,202.89112177418625,10.944984176718958,16.176362233756368
544.9811489227205,202.95934434956118,11.20295507852438,16.299074591618204
544.7579308038618,200.90095072496956,11.374568932122807,16.359057660656173
543.4938343245633,199.6246611436045,11.607550337146233,16.22377895709907
544.0457709767059,199.15637990239202,11.697942398461608,16.061735925951343
543.2511450262019,200.5154929289823,11.800873446236178,15.922389705992224
543.8273633535026,199.5178112289642,11.66208530161415,15.725768929392629
543.6804529829956,199.07095854566185,11.758329639010316,15.465306643867246
542.6981107488406,198.81402454934124,11.731139293286805,15.220161281730181
542.2190813224961,198.99739206980718,11.613695273508746,14.896884780790849
542.241331884445,198.03540691820177,11.346583035228257,14.637028637468482
542.4143371436849,199.43328050352852,11.32348133547017,14.444817595812765
541.9295197955435,198.07802784283246,11.163873969184422,14.192339070540495
541.3258119165818,198.2508950302169,11.077242013827947,14.003038889025134
541.6074443516321,198.01520297321156,10.960146251879731,13.941406380969307
540.924709090496,197.867517525383,11.050626334737085,13.945384294620354
540.878806173899,196.9292677030033,11.291594147487167,13.823194764727619
540.0915863736782,195.23549419044883,11.344130709903743,13.876073630351723
539.8722286937461,196.17077056599217,11.46305722637449,13.884025751587094
539.3703690165861,195.42542244440932,11.578717322233505,13.893127074594407
538.9172718618072,194.8189633727246,11.672364067285002,13.837578268500966
539.2434522441039,194.81640199248903,11.758782370684616,13.939004454701369
537.8596413161142,194.23401462184188,11.843069160822367,13.82483553812061
537.993107799243,192.7950691450948,11.945714138843504,14.138678916617847
537.3734539396416,192.51708827343973,11.921501974890411,14.517559536933588
537.0080197878307,192.78472384110006,11.85814136711246,14.50587389994584
536.958591757083,191.56866395327353,11.841766875755582,14.536679178604903
536.7608485592482,192.08826535704563,11.848623000467372,14.553929360638977
535.9863380760252,191.73699814033245,11.833301229715484,14.649740545106738
535.8086673753197,191.2810470019963,11.976768429232646,14.733021613111275
535.3372471851911,191.31046525452084,11.840963341731545,14.82015342604774
534.2830714751516,190.93758981856362,11.835400987320408,14.94339505685803
533.9242600888474,190.66204999800505,12.129500155058938,14.96308069315343
533.5484012072199,190.04064528389102,12.280179283536931,15.071385087888393
533.4381514942062,189.71923850239742,12.46104871374125,15.132600786247773
532.6047261065078,189.76103590337488,12.541882595751328,15.166126779244816
531.8771224560146,189.94857237695584,12.499815855561785,15.207702607421968
531.7793914906548,189.07685300654862,12.727517130252306,15.377965560310695
531.0121653877354,189.2367309328039,12.72618509155391,15.492073407236296
530.2721953914498,190.5751830526314,12.771817151271328,15.611773800912673
529.9580897464205,189.14145514917107,12.813360724826989,15.773286261809732
529.6307954831176,189.18389628508731,12.941637853880062,15.935661014027028
528.9751437055286,189.21107907317491,12.940480986542347,16.104980523625244
528.2404625109644,189.46888959034024,12.861704757201434,16.24049618563325
528.2607826205666,188.71525119150786,13.015645376081139,16.170292786345197
527.5700524644166,189.07844165828743,12.981490248966269,16.179038228938104
526.4237864208787,189.18285871197014,12.825193877255856,16.435664839250734
526.7656796149978,189.0159937405328,12.543888210491623,16.79915390232155
525.4317971415861,189.19691559471877,12.466196223339743,16.866013531857373
525.5475111190622,189.37597156887844,12.499000039618222,16.786094133482006
525.0999760054584,189.6379487822474,12.654714404685063,17.036504893435335
524.9718082261236,189.3916927090038,12.44996619355647,17.2022323695696
524.0995052979614,189.4474344904004,12.592010337615779,17.29305984574735
523.9501660572114,189.30494429102038,12.530054521983455,17.659743437993153
522.4032802731108,189.56706443337083,12.87194735178132,17.27205520400197
522.620520938982,189.863941673167,13.10142480795685,17.257996545217996
521.5339094021926,191.01597975384908,13.124726225880861,17.270216961307455
521.0800887855733,191.03129027327765,13.460246733011033,17.27958577014023
520.4644756595359,191.7399626115587,13.515289999779867,17.369572822513348
519.8205862617461,192.17417628762237,13.44058195606496,17.4373003127627
519.5535391621119,193.66208445804037,13.382341706042265,17.80589272246079
518.7294541291229,193.86981631534846,13.295826470239525,18.171505200700423
518.9670468961808,194.14569778709142,13.184733852373867,18.110525680399846
517.7030628947986,196.07515784107085,13.229972897008466,17.993297877052207
517.2724727059991,195.78550632056803,13.45662720067474,17.925909476521873
517.0169903811835,197.95257815666,13.599645881201335,17.881553096818422
516.2016745124344,199.44560627786427,13.567673286729402,18.08153058014844
516.0065239246381,200.28384809693284,13.692552356532671,18.288988353983314
515.8530250970668,200.10553702923258,13.856563982288721,18.472316809431227
514.4887322142641,201.63885901011767,13.884280664489538,18.605142652424846
514.6917243540066,201.5989960723,14.306776867106073,18.500529079250583
513.9277721272981,203.92959762242774,14.289002824162143,18.66602571272921
512.5392102325321,203.86774049790384,14.363717584687157,18.643625075969965
512.7980122923705,205.49570834814176,14.411039374052983,18.711187624548074
511.8697132034268,207.08704875984643,14.414451421416647,19.00018815756883
511.5880761572293,207.88589407419423,14.676347889538313,19.044629095874548
511.2050685275053,210.1545865122319,14.685380226432216,18.94663154127135
510.35579263430424,210.63322736407582,14.609482068338254,18.81494754104039
509.60739072917085,212.32464314352413,14.565101810878875,18.89042467889059
509.0462059395282,214.26562614801134,14.715657592213509,18.729321535364186
509.17190462251045,215.91280902609418,14.85474411225244,18.92661089051137
508.66866095221235,217.05311959274823,14.737133986379835,19.416834216736937
508.12468887608816,217.80072356569337,14.602066644945365,19.59735661848003
508.6410518626805,220.07208033348422,14.681330765945557,19.610633302014566
507.5628574471403,221.23047273941063,14.860786475344739,19.715503429813204
507.71450802064186,223.0130003733225,15.00357575836294,19.970101911455387
506.981044617108,224.48589899165148,15.219221423195775,20.07187967174568
506.7826692353047,225.13545803052642,15.303056712626026,20.27618337744308
506.2514475985614,225.93194787842114,15.341776622236267,20.401012643521923
505.9648776226427,227.67602949390457,15.493865369869111,20.203246579760908
506.347556546087,230.15559675679305,15.759676937500732,20.370022812956087
505.9970630321778,231.6237061440959,16.05854957399235,20.413307431523585
505.03211120854604,232.9413957842787,16.1215686320605,20.56715825941912
506.11364981139565,235.08189318102578,16.199827533615295,20.92876447910858
505.1932082302454,233.99044401217964,16.24750519626689,20.734783124723233
506.38960441630553,237.12352698111445,16.187333206455467,20.933153853723706
505.6622559604213,238.10832613085395,16.366415975806078,21.041695336196607
506.14811841147974,240.05176500565108,16.518780076298377,21.123467689217716
506.46698873775557,240.3853768650505,16.563108904165905,21.276747801328632
505.7240119442429,242.2182788338368,16.713180900348135,21.402141402131864
506.35453476171574,245.59087357241944,16.912935436300863,21.48331787268993
506.2451653595169,244.98240279320322,16.924432452192026,21.851374967812156
506.8134470629447,245.7920520343386,17.009048411448155,21.757905800726924
507.6039086907451,248.12223998849495,17.207203877847498,22.118977550953026
507.85982293363014,248.74669777822896,17.233434209463965,22.51420817547976
508.1015876454897,249.0958662889825,17.244038586013104,22.57128033509072
509.0750240529953,250.69518137777294,17.509601731771586,22.9339115729914
508.65367258249023,252.5729387693365,17.610452389303862,22.69101509316323
510.0266826717648,252.96434627728763,17.55748140318339,22.938693217481607
510.20033855603515,257.5381906499592,17.754684767546685,22.92370443856916
510.5014683123415,257.398602919732,17.79149546777506,23.057756700395117
511.39885199623603,258.92126668899255,17.943882741137397,23.35257546505089
512.8573935656214,260.27350503788983,18.18375794396518,23.426296055769484
514.009723929288,263.48262905324157,18.355901473071057,23.524719205791143
513.4822043771393,262.8469376656719,18.36629002271156,23.582001262432346
514.5047909352827,265.0693826302816,18.169069868346366,23.962044862112997
515.3521253320023,267.7745898389607,18.146498757860172,24.27226395152968
516.60027390385,267.8794806039396,17.92560964372088,24.499439870292793
517.5465841682009,268.97634993899425,17.977718323965448,24.45198744934433
518.3226380191479,270.7576755032614,18.27216776242185,24.38832637970893
519.0793792684859,274.4612185614378,18.350220593564522,24.26465844191445
519.6020432184815,275.1524664302697,18.47528866391773,24.53943313576914
520.6793452670977,276.5661950933137,18.705735817143292,24.666116472828207
521.0461969306401,278.82319959384927,19.166195335670036,24.734964126877948
521.7689371884176,280.0270300903101,19.270996940819625,25.055849991790062
522.5509416772197,281.61841723769317,19.373063788906634,25.31786057670842
524.1048127832541,282.71184358722513,19.350206697229634,25.455309358891405
524.2083569150841,284.9741567564183,19.661559872244634,25.70374095812717
524.7699562530638,288.28825014135305,19.938502197032918,25.809978302484947
525.2415453102468,288.7962550967406,20.203358002001405,26.183278870874048
527.2376318964325,289.89128627954045,20.28023561850937,26.29885791800929
527.4684967858648,293.04255258450877,20.43578483277457,26.606095606076746
528.2831202997048,294.5412677674381,20.59080463458504,27.035427821089662
528.3820726488769,297.4702187163199,20.73708144406658,27.211435244157457
529.7008770510789,297.4454143767807,20.70603310833653,27.42997344050496
530.0927142128838,301.4298086330203,20.78608271842343,27.784789511766043
531.3563394620829,303.74027569059325,20.862903360314576,28.108227096906944
531.8882592690002,304.31180719161506,21.291204993275528,28.17958763211768
532.4903472966872,307.3478467130391,21.74509187277702,28.33179705286212
533.1410574679935,309.5102728961478,22.036672180570395,28.495893508666185
532.378482192967,310.9591866750361,22.262285310350638,28.463229515571552
532.8961714285398,314.7053691599592,22.39193493445029,28.675144922159674
532.538418815247,315.3075658860516,22.53159664802395,28.932692235355802
531.855015837871,317.3512202994347,22.81527188549857,29.14948487572213
531.3521029128085,323.3283194561056,23.028609399060265,29.69771938556156
530.0549865502502,324.6706028474092,23.098220637513105,30.046960357470873
529.1185331627569,326.6796220998526,23.067475340546977,30.326661835189064
528.2835764916916,327.9827890409472,23.2314964059136,30.40741858829955
527.7047911071592,330.4692178589077,23.34082651335736,30.47872274894837
527.7937108846679,333.10694580036085,23.63160627515625,30.510077721907585
527.3125572673525,335.3353158084983,23.911686494291747,30.721553457280656
527.3029557534617,337.8295167330232,24.313864385125672,30.6909906203769
526.7595688198469,339.65403343812403,24.63034507618119,30.75865967141786
527.009338157459,344.4368152400578,24.86393882292746,30.71122923100242
527.6677197359555,345.58007555138454,25.027750392992598,30.75460934992612
527.7008742096565,351.1378633257644,25.21122584068943,30.835517413226917
527.9911453247015,352.9258422469735,25.452359149616147,30.930332600136182
528.6381425567247,354.932099498229,25.736519845519986,30.989906816039486
529.3183073622589,358.5305081802881,25.892788578300667,31.056068005693213
529.9103847058445,361.2047472900906,26.050822845482728,31.25611035112111
530.4578541076734,363.8646698504772,26.1726134443672,31.44410586374039
531.0239903893861,367.27681272513036,26.296685080122472,31.32870387679359
530.3640850176623,370.83332224968063,26.466348504729858,31.274968561060984
531.9087000232753,373.1116804425702,26.647876883930728,31.417674057911157
532.1684587396949,377.05994167790766,26.85950614432103,31.365221544969437
531.812598771957,381.62808136405084,26.967986722325367,31.32353045240726
532.7405321021723,382.90029300449663,26.954228788396325,31.50076397083202
532.907990452377,387.6221084169528,27.34498486945425,31.317958303085174
533.801802390627,390.4085487169875,27.566185579822623,31.225032422559217
532.682090244422,393.3873725694306,28.04090790976158,31.027314851492612
533.8985517786521,398.45115344473226,28.37637788100475,30.790071971433782
533.1785968750283,402.3152908332385,28.772025040623504,30.54162126058337
534.3442955810243,406.57667299951464,29.046843105621186,30.551019594351942
533.8601951203683,410.9562000239516,29.245171063504916,30.46718794232862
534.809102341897,414.84712915280846,29.429413858072735,30.370163211226263
533.4247013095381,417.6898316893072,29.720097503143037,30.226691197921106
533.7687997504311,422.0206335677087,29.794152773323237,30.522937897355828
532.4694275488205,426.7609241778149,29.96636872271759,30.740608401386666
532.606402164201,430.6189736705737,30.109236650417095,30.95438908124376
530.8726071370558,433.8094242125562,30.311506880488892,31.03644156478373
529.606123582578,442.70235404712656,30.56313553615151,31.086506044202597
528.7046351760528,445.70346307277885,30.88115370052048,31.08919035572153
527.7087668563997,449.91316830313264,31.207575307821063,31.045212863153573
527.9092288975547,454.77771585552927,31.562954714719275,31.175875181761164
528.1061052523946,462.7875739388626,31.734147822033254,31.38984736958675
528.1780629421071,465.592664240794,31.791937063923292,31.39935909131587
528.7883338872521,472.61755399465056,32.008099928462805,31.51304508348073
528.2139824523479,477.0926411785798,32.26123102998742,31.626884196762347
527.5630827496482,479.464289639731,32.455732061210696,31.653664979843256
526.8282407735347,484.51360913112615,32.66601183100354,31.754565181623345
527.6463138553621,489.9019047070853,32.97563855362495,32.126222702190326
528.1192388357441,496.4947271766416,33.393292287395305,32.338610905167556
527.6168360366019,500.89322325714585,33.539852274489036,32.42233697536031
528.1232017831322,507.77783729849654,33.648535323626376,32.60630541823268
528.1758289677837,512.1480261584201,33.90955209251475,32.68414497591252
526.9866515290348,519.1710212691272,33.897726382244,32.67469764695414
528.0503859980362,522.449158692912,33.97844049439686,32.68909292725331
527.3411867255776,530.678661573757,34.13527263878619,32.694185142247825
527.5621082760363,538.4174451306693,34.330087610340456,32.969959703227964
526.1144120410712,543.3787771949927,34.42147708001098,33.05697250786975
526.8318762295286,548.087427300341,34.45587579526699,33.12747003429474
526.3503072084617,552.0533435372761,34.42780975443494,32.91094908767669
525.2217522722573,534.7598629361846,34.67055562270867,32.91704252252575
522.4293079617707,540.7670285555828,35.458952620756975,32.77611483292371
522.9905148002704,542.799327328432,37.05986085843045,32.19525237175881
521.5274213438198,549.7481852003459,37.89535429751569,32.51484753338775
522.6477772893554,563.8081905777917,38.56572753522877,32.71420704827153
521.3923517373364,572.5137658383047,38.880712292907404,32.96378498183526
520.2028225391405,580.0119240394182,39.318365154554954,33.233505566912974
519.9561467974315,587.0986324031724,39.488588831786174,33.78384467589147
516.8960396174083,593.436366556813,39.650137344054485,33.76335893544369
516.7787940714079,598.2288697069279,39.738008058156964,34.15628175050937
516.4768030331868,606.28214467622,39.75581350076437,34.43234213296998
515.1854823110654,618.3726000760573,39.96829508058151,34.66053854154723
515.1856148051074,621.8046443456385,39.986155468230145,34.6880796982774
512.9745039898977,626.1887788054023,39.98889820536972,34.66754961694557
513.7017921676043,635.1517267739177,40.00341862977986,34.725197075910664
512.1565243656163,634.980853132746,40.032935528387796,34.69168629994463
510.9289915335614,654.2776956584974,40.039819324898104,34.71754241665485
512.1450069296136,664.2798962155899,39.97734758240006,34.87719617307506
511.475456951599,663.0505223467867,40.00552312760906,34.862323019110526
510.83215912108494,668.3334385606448,39.99564004031574,34.869165342676105
505.6579902141717,676.888085187427,39.861236498246164,35.084855685913425
507.2327408110845,679.8251835626537,39.88061910492721,35.05018129721547
500.63279754154854,685.0218639169888,39.617372785722765,35.253993325666926
