78.5,366.5,35,54
80.68140229192858,367.55151136420506,34.42347414081325,54.592925872358975
82.87357081052033,369.7831711755537,33.43085954434936,55.36402988705178
83.57634706480412,368.2178520063123,32.873905039169216,56.06543634343927
85.29537264557784,370.5986960645546,32.88569490011323,55.76473484118194
85.6901114219054,373.38914363221096,32.97018284924339,55.66916551916263
89.00832037593563,374.58116630493885,32.776034743276455,54.408962651505405
90.29774644861169,375.1873460169532,32.135404171753976,54.10354422412351
95.46678067452065,373.86594303106097,31.559939479701686,55.14957466413922
98.65103152114362,372.49578804882583,31.052978103991148,55.773038305596216
107.74835302515044,368.1133980564807,30.310639936065392,56.106510497622835
117.69462562379832,363.23101439152634,30.76516543273935,56.223426837236204
131.06374100686227,352.9830947068358,30.62158874986342,56.40461090266217
146.0202399665134,341.9965589241575,31.22814687609335,55.72110058935658
164.4700036928285,332.19555993862144,32.57405323083625,54.622128864383825
181.92618784406346,323.75583494321137,34.21840184731164,53.3293490883583
201.53757179213855,313.0423853514439,34.9350145969134,52.04928759379263
222.4133868023035,305.3214330548319,36.25354448869286,51.12867387646979
243.919213290947,294.47000874658596,37.54369891497032,49.929216889934295
265.00883148393086,289.36606317009773,38.077814732371756,48.64801807709051
285.92556410496593,281.0652224580647,37.89874173273327,47.13991823589781
305.59441773351097,277.6097678222184,36.682841574031855,46.04995298824225
321.84511256822856,275.1994827331043,36.32314883452832,44.934145164303686
334.2554387672244,274.6818160205108,34.751411155164504,44.78401086945894
345.48892756348255,275.60959187179196,34.05081005800958,44.779990434062654
354.15844929298834,277.7981699157673,34.2913335545644,43.24107711535335
360.893872985605,279.2576678236778,34.49125109242679,42.28637835573048
366.5308732248362,283.6327288744742,33.92285802820988,41.45002692979689
370.10125707458684,285.8161981370095,34.136209629550976,40.73168063838412
375.0983069679221,290.22603728835406,33.50357720433068,41.1294124232804
381.145325957367,293.22582575251266,33.81227779660782,40.39114607235583
384.0590894734321,296.0571569436107,33.326346891034014,40.30314256085673
388.7351463392796,300.8082982006871,33.407503613745774,40.17450106080309
393.4757171708784,305.2527808885812,32.7570914351063,40.34457766194359
397.3680398763022,308.9652634811324,33.34576374276453,40.1267166829264
401.0299241759165,311.60411170277246,32.93519361460524,39.22047972374665
405.6040906815386,317.09448094809125,32.504796165494874,39.01007738423205
408.6917729698682,318.7455434660609,32.714547212309725,39.16076311260548
414.38756995018355,323.49882829935115,32.581528691132256,39.83730749784391
417.47438573046077,328.754183405944,32.42162241133951,39.452216219289554
421.14669505014825,332.3208232291702,32.55871372908734,38.26660655574729
424.63430868545606,335.9301111847199,32.83918466251229,38.6154525577948
427.9702517833789,340.86926644566785,32.82149759004909,39.10612053626519
430.82012856288804,346.0102049885472,32.50084340007996,38.44607915912472
433.1908493424664,354.8725782223539,31.245490355251263,40.04326071580315
436.0685540059195,366.02453064975543,30.15439100683007,41.239136515907404
439.2236229096103,355.3084535120371,29.5454179218912,42.16855374605601
445.06470907956424,357.18764872853046,29.607708548902202,42.12489882103428
446.03048282805054,362.4962554432549,30.029436589420467,41.632360188643645
466.756208324471,337.1179828566536,30.26957113735098,41.32330401296912
467.57203026725716,347.12117241910653,30.798834997140048,40.71917136328308
469.3874792419421,356.54988814699453,31.198922879984508,40.301248345617424
466.82805349551523,362.7592686349645,31.508492546818985,40.107982708117405
470.3781677353335,373.0046531561296,31.724259283552072,40.34196609193468
472.8949036970182,379.9050835743739,32.20756439875689,40.16253469880543
484.7744834079448,391.4589344024179,32.44748372751402,39.92582379589125
482.09326462576524,399.7365260387316,32.13493874411315,39.733753926584214
486.67152181953446,405.4124974504653,32.247089670295345,39.255919417630984
486.7503820738692,413.53460575626593,32.20562935491416,39.07508209374939
485.354593835476,423.0165096185149,32.185758688145896,38.995336182606
492.3252328920267,426.9112619760847,31.982579673250136,39.27278321917538
496.86489434872215,433.03545824100024,31.936442718721533,39.61605023524273
501.2328800212097,442.87611945958326,31.70605132217169,40.53412736472701
501.99021459333096,453.6356585711541,31.33963693008827,41.20097557896323
507.0009803881061,459.0462305790433,30.976227403221152,42.64274049873181
515.400886374154,456.071905715318,30.434941279514188,43.58509025364822
518.8797332000958,464.5893498961329,29.434873493566684,45.23941087639345
522.9526249232648,468.52470062983906,29.019412408221115,46.38623603556799
524.0791995189215,476.9699085237919,28.65342518704621,47.91239281846305
530.9189119199971,477.2446921538397,28.08704416999037,48.918818519297346
538.9519792018568,475.1267366288623,28.022576628976008,48.373032772834904
542.0261969954181,477.5384148530855,27.47723371229394,47.38609423782544
546.5021538976366,478.7150636223769,27.01562676210505,45.687983054356664
549.0106162740666,484.6809070048413,26.71472593121155,43.572190416319884
551.2253221536942,490.33560085292794,26.88754329030364,41.08139765270275
554.7753946865994,499.40209003941214,26.4094446951353,39.93424958674116
558.2018386524633,512.2792004561348,26.470280232188077,39.48425276757808
559.3078806098392,521.3661044855836,26.38065167594137,39.24020087323118
565.8231654870508,524.6226542198742,26.18032789319792,38.962096769792986
568.3111910394056,523.9057914171019,26.38061069275478,38.054803698579754
572.5509177555305,534.9719004959951,25.826018691626707,38.49285989382076
579.4984842712502,530.3570593988608,26.295211183563985,37.097626011429234
578.2046336371174,541.0125620104516,26.13668709477375,37.04551094022518
584.8673599574927,540.323257193385,26.150984743940114,36.769224434259804
591.3493722102278,542.1295478810094,25.918020266546108,35.02603283142592
592.7534325904675,545.2201788714398,25.785842165444798,34.276078166391656
593.63140230246,548.1379364261616,25.35851256564038,34.74908480453727
599.0979759742092,547.5068445341278,25.034975779698037,34.41474220425112
602.4918605924792,546.6971848170392,24.578684185217433,33.932215897156425
607.562861828854,547.4369659278325,23.97784897168414,34.47291019488746
610.8852885510146,544.3750314623865,23.97502719697963,34.1587903676922
612.9287832171325,544.6885113510162,24.16979378896878,34.263640802568055
616.4657037790848,542.5108205344687,24.38034835979675,33.44872433614524
619.5544007249274,539.9919107140062,24.275853332857576,33.863779866505176
623.9216283243998,538.4145429496684,24.03466233221608,33.794091986672456
626.2897973076988,535.0045943774893,24.156124372484655,33.35107876497219
627.4604896772865,535.4441133480608,24.602934528099677,33.32609408272521
632.1477978376352,531.2399763101326,24.554578774113885,32.83155138612055
635.2812526592469,529.5183694225948,24.78315300616513,32.87773766867308
639.3366788087934,530.269978595552,23.937015901774167,33.499636624699626
641.7205316047775,526.5927954685753,24.28020737401484,33.043671534048315
644.0168559823506,525.3439700295629,23.769828764284945,32.97928565937238
648.6803256719184,524.846206021092,23.508400134966337,33.42263600869637
650.2367741418979,523.2427243295422,23.349451931198267,33.79524642167271
652.7489460366518,519.6558942772778,23.103465170651557,33.62706196748576
655.8180155866785,518.2887867919679,22.396960973552282,33.17847354569521
657.6400851607684,516.8730104809258,22.00438465915844,32.962245177178744
658.743764581339,516.914084998118,21.84490885176978,32.5550543718593
660.8157235391667,514.2195360406514,21.915433189227052,32.648500850940565
661.4806643894352,514.8861709578625,21.70261381893597,32.535391739250926
663.789537951611,511.62429116834187,21.641692332401856,32.080626633386196
663.8492180958141,514.6166143077809,21.86521798526263,31.147375770767866
668.3128791529418,514.0830674127394,21.075724697911497,30.936402925719076
670.2478350729234,514.3896868857125,20.367117570243973,31.068059676412698
673.1146848636234,508.43546752823806,20.02533140284531,30.569663789005745
673.3218234210493,508.3140604606237,20.117513106905964,29.756171085245274
675.4927074019572,508.243972518145,19.779470196970053,29.775231233539333
679.0730330452719,504.32598310310277,19.556236894349514,29.58382912032534
680.2562721049278,501.434622812969,19.900571343702214,29.021683901642756
681.304245192381,501.2976086340594,20.07032431697386,28.469840136220622
683.8251042601541,500.4401791107695,19.866738086029766,28.247692232421898
687.3634761655607,498.1048426857159,19.173315083627372,29.116727909830182
688.2768037940075,500.0859967070468,18.71261410663328,29.363261667858094
688.9580167599177,498.2455080332603,18.39022211131353,29.556282253117196
689.9004497073126,494.97393742181254,18.3281098843549,29.49176127508496
689.9130821783889,493.0979804503435,18.192217618813334,29.40476964513176
688.872136037155,491.05409889172176,17.73976117500861,29.356203588333514
689.4423234018875,490.5466140183586,17.450130812189357,29.15388257597334
688.2616057117001,489.73970259577106,17.08168061440862,28.793272118268973
688.4060960068762,490.9860272178524,16.777590428213998,28.56138079723262
686.375053967622,489.34975521751335,16.442997966347573,28.472117213148053
685.1730562656392,487.6310661302782,16.52908198382327,27.672810588423967
682.9871658753633,491.42218039153437,16.872466634766894,26.904745750756668
679.6210752972846,487.0588861138874,17.3284422512208,26.192388535786908
683.0288140094126,488.05444014307193,17.48945055618249,26.181958201302457
683.6639521473412,482.1274543006541,18.21583868519431,25.440074173247467
685.5723904700699,476.8943134294492,18.178385038165278,25.20798498212457
686.2894140385729,478.3086534509902,17.84962914852722,25.294002347718624
686.6620420603073,485.58542349984066,17.489313341865195,25.69789881160233
688.0370985616806,482.4239414354062,17.18435977439081,26.127961996715058
687.7538322935325,479.82310488871997,16.902888386794164,26.376925415252295
687.9617874902478,480.05454882998384,16.49819640241737,26.845929927744102
683.9793739671238,479.89268020532165,16.36093452044274,26.48617117868592
677.7117047339995,479.2773172964275,16.584715216916102,25.86737226006985
673.4239812603068,477.6276353147437,16.157645417780216,25.232705929019044
665.32940267929,478.73067497752,16.420942174845717,24.591127531391685
657.6344133824119,476.5893685682337,16.831278854234178,23.687031422809707
648.2835217637113,477.1051205493507,16.970205417441072,23.416259515286043
640.9786270483138,473.9613943125844,16.335184743866026,23.70917177428004
636.6968111023182,473.0291708103393,16.171745827446554,23.724468240325816
632.5633512839017,473.2989438906285,16.132880285141308,24.16335199326819
631.6468111420055,473.3538927365095,16.093848294763717,23.905486068874474
632.6146717043471,472.06031795809395,16.22902713345946,23.27073253999699
631.7090500546783,473.23473289876307,16.007102593746772,22.694210412221636
633.5195644933661,469.0497102179281,15.84091509172205,22.407254278530228
636.8048738905909,472.98301364276165,15.492799005707681,22.371904772155396
637.7180894708505,470.0684250034775,15.045424775730433,22.35940629236184
639.1028318813896,469.46108424835415,14.56157924069328,22.308203880031634
640.8618358127954,469.3682380796925,14.466004754194131,21.871793360718932
640.5798721533987,469.30777337389793,14.63442965470781,21.367895029731468
641.7549571397334,469.7996752148237,14.656712417939373,21.119017452425467
643.9721688485118,468.6039725781585,14.41333333097944,20.95471312530732
645.0090787775133,468.34928795316574,13.922919802131359,20.98252369475852
647.1073083865541,468.689663454942,13.478136428242246,20.80278364558601
648.3058008146949,467.66032410235397,13.102123585434306,20.699170108711876
649.8364526742748,466.96569816960346,13.017652732943207,20.42940643790456
652.6556991063431,463.62940854239366,13.198966444581568,19.83478093081906
654.6812939871664,466.14113059255124,12.942248900494814,19.596440628416488
655.5671846804088,463.9947277071616,12.617122787447627,19.5998534510452
656.3816931865431,463.12623856155983,12.515928508104462,19.06676929565441
656.9612905602754,464.0534002529858,12.853838166996702,18.177582142794478
657.6746468791848,462.50292563808125,13.386039928324765,17.287844479140368
661.112806981804,463.65100767172765,12.68520485721121,17.40561035111764
662.2317014651813,461.65122007267036,12.13206678843641,17.505065052482387
664.29785994757,460.65429357325786,11.776402398198147,17.554366821830385
664.9271079844464,458.5335587276777,12.408603207646994,16.498844687886994
665.8654595344518,458.64393840163893,12.84672778822388,15.668750334681114
669.2232467825263,457.044977774268,12.031595415488052,15.773475197363776
671.2986198448882,455.5750344742036,11.30770580855596,15.965804634253956
672.5449527011054,454.0520605184905,11.00236009009429,15.894024550761259
673.5548820930627,451.4555018138928,11.285174169186334,15.365643947413993
674.2111544293483,451.51308454859395,11.789620110552448,14.722748787936768
676.7550734342335,450.36911741775873,11.389703624829904,14.665290107178684
679.2330133802003,448.00384540787314,10.801563887162828,14.922012010098
679.4953796811307,445.67529591009804,10.484111131374325,14.93178215204105
680.5122633547957,446.2384509421492,10.843032773683394,14.417063248236088
683.1094667171475,443.00914868349673,11.119081695494664,14.050327971382071
687.0725649168454,440.05009773869546,10.645621196977874,14.13583641997516
687.6695813767271,438.43861452781334,10.292772774093917,14.205878065662098
687.8194080551621,435.4217329688949,10,14.01348256457195
689.0919163475635,433.7637463122694,10.193117084096686,13.977953936142004
692.68318759069,432.41788367390393,10.557078618534732,13.566612053220249
695.4093503126053,429.2957230570378,10.243993916433627,13.578547174739487
695.9517948885914,426.29063529638705,10,13.629060258601998
698.2158065028749,421.7820610079359,10.522874846536855,12.938873363397303
701.0498725399539,421.4400952787366,10.340759045877398,12.995431245631742
703.475983168697,419.26637030707263,10,13.1696581703134
704.5254367848393,416.1630654565618,10,13.240763148739806
705.6754447623124,413.70870350016696,10.054932088876873,13.03013996604003
706.7909905073533,410.56624196771986,10.270209531519292,12.85768798134315
710.9998608237232,406.60543581665536,10.100903919226157,12.808522771875438
711.7588864823338,403.7396313637263,10,12.740821470366607
712.7765646239277,405.4976876844782,10,12.781044993337364
714.5077953597065,404.1949896429546,10,12.66961678324783
718.2187214156147,397.33583345308784,10,12.367234430315396
720.0439677496906,397.9888280963431,10,12.680717885885525
721.792266752338,395.3065333168945,10,12.764301108570628
723.4804390927311,394.4471995976937,10,12.976843216047186
725.623452331638,391.3144341829229,10,13.033348662593253
726.374727394199,388.40376418743284,10,12.817391881570215
722.417983463751,390.1386246028867,10.032425830103698,12.696170110339606
716.5803622175335,388.88972306844903,10.192620295500001,12.421507473343299
707.8366987231127,383.970320377936,10.494135287881843,12.087533771117426
697.2572452655954,381.9778472905737,10.73690832230117,11.820298892680423
684.3863947917685,382.9728204007377,11.27783030877338,11.080444582714685
662.2617941851589,378.7262956725365,10.391502957539284,11.530023656426657
649.6941211205568,378.5592153191255,10.484158809643885,11.53758440768986
639.7346885253501,376.05699354188255,10.069077772030038,11.796141636339579
634.176164056873,373.45562364712634,10,11.681369867319319
632.3295662661549,373.76196009524983,10,11.869355614318033
632.6457874139305,371.84556924867206,10,12.05608995372905
632.340608533239,371.81121808679103,10,12.41224151817567
633.660547192907,371.31251537719805,10,12.706917056551733
634.8951179345604,369.96971947486117,10,12.917815801304355
636.9576112588402,371.6039628321996,10,13.314299484576658
639.0504741033074,371.1653760132434,10,13.50250917280864
640.2133936246391,370.9798074512867,10,13.830514978778764
641.1452631314751,369.82714990227606,10,14.05747190342967
641.0770742779132,370.942218573959,10,14.292426503804666
642.5600880270358,370.87236433341906,10,14.400867982659578
642.3082836454269,370.753057623842,10,14.462395599854762
642.6536984329578,368.6612898027291,10,14.589676855178727
644.0646207218524,370.0981478102136,10,14.740790227874374
643.1661122923251,371.26019406618303,10,14.905884002861805
645.2359715586063,372.1338920268171,10,14.893142985005579
646.2780313377734,372.9179527149102,10,14.824234946717583
647.169406283414,373.52608046463376,10,15.172924906636402
648.6534834986087,374.99765248928986,10,15.57766718125299
649.5033575778361,373.8554616141591,10,15.673077888881544
651.2025592997944,376.38097971415056,10.021528683082284,15.609722600916374
654.3008692108605,375.059300222361,10.085713037280856,15.628922725242502
656.1784175876325,375.534499021405,10.064208555541542,15.435798443537866
656.4645798390266,378.49064881390865,10,15.581890906412749
657.5757508461829,376.87191959499154,10,15.791053588860557
658.4661538188811,377.00640826921165,10,15.802222422003798
659.6120920434566,379.2691095771795,10.17257867856506,15.689842801063145
661.9759741028208,380.12132747238996,10.17240559758699,15.550417081443001
662.9970690098621,377.5420982072779,10.124852915195294,15.634670689944704
663.6033302133437,381.35300988808217,10,16.138604545743437
665.1288369380773,382.4112633284901,10.20934416886488,16.008711534594582
666.5515729552781,380.65383492841795,10.805714690463086,15.524111213843515
667.8605873785175,382.88147224443964,11.121254560033291,15.48976744422694
669.7611141142685,382.4276309201159,10.876660992248452,15.633791807733399
670.9777731150191,382.5189316597017,10.348280496469316,15.693811169230404
672.6722225596085,383.75815587160514,10.196359661336984,15.662429767747177
673.7223790367163,383.8615218538041,10.051906725851417,15.630431561321938
675.2609250593146,384.03780921683597,10.19871237619638,15.77869749916814
676.1256589193952,384.94490112985636,10.389637526938369,15.65949119502378
678.7198818420324,385.398234791816,10.171523350517585,15.78351609083867
679.1142098193523,384.4639834517002,10,16.138850316900097
679.5348750834819,383.8323429203611,10,16.25898045394189
681.0361449008342,387.31369762981956,10,16.181318470785566
682.8753403434423,387.58342597980544,10.211076831000845,15.94966456717755
683.6327920888759,387.6380156486724,10.381000906280516,15.774488888036316
686.1975493913051,389.0583388618866,10,15.92702845861719
687.1239066605922,390.47635044673626,10,16.16746946509588
688.5697738414165,389.85922627159783,10,16.275533113453253
688.7014100884553,390.52506530013784,10,16.179213175384135
689.9321940278169,390.5834999295773,10,16.016894156694057
690.7571980071414,392.17904658259505,10.026313547851213,15.846347525386909
691.0460364853498,391.50542441318976,10,15.83332458266519
690.8155365634582,392.525674786259,10.054098305411141,15.768079564294638
691.6980043982621,391.8851667639079,10,15.954874017047473
688.6442677115556,395.690115891599,10,16.12007217813857
687.2297593688127,395.50741000044985,10,16.117385761069436
685.8600780104753,396.22105319799005,10,16.040598638335478
683.7849878405686,397.76639634241644,10,16.06976322342986
681.6882981248172,399.02771989659476,10.12052825047277,15.86759598491569
681.5593453722593,397.8779614113492,10.099713704538273,15.74294079239726
681.3116627618137,395.63548221197624,10.104409198103824,15.699541208507627
681.748946013689,398.1270234441634,10.346430452417703,15.253338283623092
683.0178074042889,399.4015220085933,10.316433386855184,15.086582165429176
685.8441603394128,400.2088184366922,10.040210957006385,15.208347832600221
687.7752314989921,401.0529402116853,10,15.24628352474803
687.9181166922208,400.8645586661371,10,15.120781341319773
688.56650567404,401.63405014988575,10,14.980285345677665
688.6078631726559,399.043937969784,10,14.876223206857771
689.9578718987759,401.0289048391965,10,14.699320206863291
693.1435260621365,401.5147308395805,10,14.776431242823133
693.3981745687779,403.3959549198075,10,14.820056032732406
694.9678425041493,404.46886137888083,10,14.973364494438012
695.7248655406293,405.5717471164518,10,15.167395227242935
696.5520061699208,405.1504517532845,10,15.128980129965257
698.5975379196461,405.1953146058723,10,15.216814620116425
698.8528643036688,403.13769227313367,10.14060111102499,15.035364530039434
701.2166340497788,406.71880720624165,10,15.121594956639697
702.4750404504593,404.103618017685,10,15.24734047929129
704.1961478141602,408.587925831453,10,15.300554456857832
704.3752070663031,409.068218806078,10,15.032472675164609
706.2600150953226,409.32821031064657,10.023072788549195,14.737378348392925
706.907569050556,407.2210892956321,10,14.824808397220611
709.5884624717291,409.85809515775713,10,14.772330448300124
710.1752402184065,410.5931545171368,10,14.774650064959566
710.4840758738574,411.9641896435843,10,15.082662495627773
710.5940363926347,411.9054538747131,10,15.205546593326561
710.4060136002954,413.5994229584158,10,15.2182412841975
711.1134945673402,414.8156886520424,10,15.083712139986284
710.3341923875269,415.9238075877756,10,15.162701080882481
710.134720263826,415.31260438620177,10.067833382524066,14.868071642088402
709.1465517652687,416.5409312607825,10,14.724055460447056
708.5779171956237,417.143290519993,10,14.627400520631657
708.7451834303793,416.51263596471216,10,14.609035220373318
709.8787074906286,415.2117643018025,10,14.58871633992445
710.2021382374223,413.85105680658836,10,14.72617485032636
710.4667710883077,415.1244633610397,10,14.85911027657994
711.4626573545393,417.46124744134397,10,14.874454984471171
712.7978696075634,416.4372018868567,10.033065035959115,14.819856588822269
714.0331565362867,418.72736027661335,10,14.752886958204254
714.8728412014898,418.667801063893,10,14.655495996747897
717.6116855961736,421.0957071258832,10,15.045199696131746
718.6796689850744,418.73078098622705,10,15.222982311442603
719.0177917105611,420.1322289634129,10,15.614898654891878
719.4350699705537,418.13560874833945,10,15.609539794191036
721.5879344267305,419.3627508275702,10,15.434678157320748
721.5461238080143,420.62846608177125,10.152369674300662,15.117809111320984
723.4089568071047,421.0934139705876,10.147835954562279,14.881558751378504
725.8222724532243,420.48856992210426,10,15.151436572313706
726.112761679804,421.1637212889679,10,15.421189037255921
727.4127834474202,422.2382531616569,10,15.740571546608038
727.4777971764561,424.3878485189295,10,15.840547892914987
729.1402032633778,423.8383030380364,10,15.63134098215793
729.7838771601673,426.19486799946253,10,15.73888738605734
732.2226076384541,427.3327767943525,10,15.687147736264432
734.0299132128712,428.92040314964254,10,15.820502365543499
734.3431462009903,428.8820026500938,10,15.801108560926235
735.2870565613266,429.89375124423617,10,16.133742449454214
736.2998992165085,429.04364535900766,10,16.01198411474007
737.1388544996735,429.2586998870365,10,16.081255557806855
738.0864894894501,427.9309331708883,10.095963369293333,15.84021663864752
738.8386232994081,428.4816695652918,10.163428628062183,15.793686576929504
741.5913137087714,428.7856203384773,10.208053245279169,15.76274696512496
742.5990257223602,432.0296033524479,10,15.892430969227227
743.0792362352367,432.37153084577324,10,16.065518755441836
743.8304252286907,431.39784420409023,10,16.096130163655253
743.9721403529402,430.4164232667239,10,15.937157072186245
746.4820709573277,432.5297877545361,10.086689961574201,15.857419349460958
747.4507292916533,432.4668857939287,10,16.044923804751214
748.074091042727,433.6816549945168,10.062433988582875,16.010308375300458
750.4858493616339,433.05719966698643,10,16.13116226575854
751.5404343416449,433.82498530877336,10,16.15134862397698
750.7459265093595,433.13490707344624,10.013428391926688,15.799084411724156
751.9687697698828,433.22337093283926,10,15.350617064432392
751.2946718742605,433.98855377236316,10,15.03473977249243
750.6058632542845,433.9613711050194,10,14.779302515379275
751.2086776306387,435.89840152295955,10,14.709165286371613
748.6718212202193,436.4523128158114,10.063757891487015,14.528350554652615
748.9155948271509,438.50973313215917,10,14.804279880453254
746.7765084584929,438.480003137117,10.207243686870536,14.642694093335844
746.787848879333,438.1569857444659,10.14971245642507,14.745666608950508
746.1066243404339,437.4943574819515,10.386294286641723,14.313088461051423
746.3203239750302,440.08648668178506,10.307780851666188,14.378934488721903
746.0291626974184,438.5823501212451,10.28191775797158,14.37367211022908
746.9672211017669,440.4535649143646,10.250566612421544,14.468016396365595
747.3838419532542,441.32136847939586,10.199163862941912,14.5737766302328
745.2675142599405,442.08863439451073,10.204984475551965,14.609635858924864
744.0293013413902,442.3290340154825,10,14.994699582565243
739.406652044864,442.49584605807723,10.45961496115546,14.646705356756124
731.9516100371103,444.07962270016947,10.750688051370046,14.37968193402179
722.3873769633882,445.3031258185718,11.60273551290117,13.575518705258565
706.8468753436797,446.5640680721287,12.29495434374862,13.089289935067956
693.5689450440493,444.8943212339852,13.034118776017264,12.61275000959418
680.8904701243682,444.1056958685806,13.531783260765225,12.363655773514946
672.4506716602324,443.77955123407173,13.02579058942745,12.805270875853292
665.7437449577732,442.1253920124907,12.309188977255992,13.319678577209297
661.8359252278054,442.3197177101895,11.782759765011393,13.741463370986374
660.130813024516,441.7646777820241,11.334886618337057,14.02059594738703
658.0577471277156,442.95506147482985,11.072948324504992,13.992439149849286
656.2348932974096,443.3735663322308,10.907947223901724,13.885267210277778
657.4736229184799,443.85499096071965,10.70471726986231,13.920641138839299
657.2360111210266,444.77460481684454,10.405144259658845,14.080092110824182
658.6412982912896,445.00069358944626,10.296048877262894,14.08759276848824
659.6709875005096,445.5446785215954,10.353537285833987,13.938239597209705
659.2673100758165,446.0536497065567,10.278414076881997,13.880233190440954
657.5630162528769,448.8589172766146,10.187965410657936,14.007319357698297
659.7494443922388,447.69542110932554,10.307857392431949,14.082290379562732
659.5939606569345,448.4577929941034,10.163275563323557,14.279353493819086
660.0726212267894,448.7593956454832,10.053595832057367,14.537522450054409
659.0117522962128,449.67685657658654,10.21058924454875,14.537433136942937
659.8306330574161,450.06759497371263,10.35545005948337,14.489069691174837
660.20836137527,449.88778428054894,10.341427878693633,14.407879264624553
660.8909460960306,450.1535435306522,10.258388916984984,14.314923008594894
660.1598263380846,450.8623739566588,10.162172608024932,14.29227000532121
660.3585594770524,451.438250857862,10.391688899783915,14.052757065761268
658.4309058351944,451.61949235322027,10.44181491862261,13.917219967021087
658.4184735667785,450.48078356911805,10.391229087228746,13.970764396797836
659.0029625098206,452.1716959119783,10.428554678432068,13.855567976458099
658.8879637049141,451.43627171303933,10.356708168219154,13.85491275895679
659.8555524549785,451.8004439250926,10.24898392374384,13.87787927940736
659.6585860169286,451.7658764156186,10.224203468621173,13.85590780905468
659.6717270373842,451.4370363998511,10.164268015695606,13.877497621568892
660.7587386125233,450.5577696543766,10,13.98307605728096
659.7225368970539,450.89389516387575,10,14.068871546118146
659.363347714534,450.6199892709662,10,14.228190658301786
660.1565322929528,448.9266491881605,10,14.37843421845955
659.1129990869667,448.95402420257403,10,14.461269799783853
659.0062262543943,448.3473244291185,10,14.638756713752706
658.8360819944646,447.34698165599883,10,14.786549145902125
658.8012760074344,446.33276725965374,10,14.919175798356354
659.5895780117717,444.18414464575375,10,15.13195266144078
660.214446404716,443.4247638206349,10,14.977381858904465
658.2707688225107,442.1104251834066,10.062219933392415,14.88404756719887
658.6010815079363,440.75444940302106,10.057248873721353,14.864610320673211
657.9947325721092,439.8410020532673,10.178879550437031,14.927872722664956
657.8286927696327,436.63636709949276,10.184560425111954,14.815579100245747
659.0611276667628,435.01395655589414,10.170144150673021,14.609890400837077
657.8261434649233,434.2492237918532,10.421474849502573,14.436737091562513
656.5791681252185,433.19967790703544,10.248356093792584,14.677497776946518
658.2853288983861,429.5712134440718,10.055122148165506,15.024954237358632
657.7077414782252,428.2871782301769,10,15.04789822700759
657.5069250555243,425.90544630379856,10,14.918570331717426
657.8262613804545,423.38068282787316,10,14.87579496118055
657.8987732247915,420.8889025734977,10,15.06793787120703
657.9217836118585,417.573934548166,10.01817202758001,15.052436681269928
657.6261340247001,416.55671433459906,10,15.036745787450378
657.2494913802948,412.69671116718973,10,15.29929934822119
657.4457979963627,410.968215649758,10,15.259338087781348
657.6283919529524,408.3069004067149,10,15.304820327102401
656.7718842011355,402.41511330771533,10.105027503717496,15.032312753250974
656.5010465383715,401.6517953406658,10.325098279360933,14.833337000643445
656.6537384192869,400.1363274870788,10.194789601501093,14.930830830452365
656.9642468986033,397.27080657618103,10.054634962337715,15.061484125331354
657.1421800421085,392.6239872006974,10,14.98958141816873
656.1732218430843,390.5953237580572,10,15.373249217221755
657.006167785963,387.202537968914,10,15.454668688269363
656.3712629841175,383.52071826452345,10,15.400349837467996
657.133351461729,384.1065867182889,10,15.330895215627407
656.788026051363,377.6267295366587,10,15.156841497222805
656.3481116758194,375.9123278163608,10,15.235057092969916
657.5110104547348,374.7685419998377,10,15.35310715581041
657.1041142211761,377.1828830067413,10,15.442937009526439
657.3333360718098,377.34558158687804,10,15.345542173953326
657.5369288192596,378.6996974623549,10,15.58561531458583
656.8654174075928,380.0437599213089,10,15.614553585230722
657.5791347490158,385.14198174037017,10,15.401463561915339
656.6344373689499,389.8044758317886,10,15.69862866124404
657.7382568584289,393.59235286432335,10,15.554344036634665
656.6653449998703,402.42930908569303,10,15.42390960598024
657.2347382174339,407.40838562846125,10,15.469438656979449
657.6588526108936,417.6246541078756,10.155280972983538,15.377294764557028
656.9503788883003,418.0115382964621,10.388080464183139,15.055811587741445
658.7071453606447,426.05809631943924,10.091466941643922,15.263314667153448
658.7131381635475,433.0511072344624,10.27131355043235,14.906573881113477
657.5862478999051,441.62361952871584,10.345707700382482,14.553512869877064
659.3786710719087,450.73431775107963,10.26481743585821,14.503640473001004
658.586371721467,458.33377083894453,10,14.577465124602785
657.7869747297373,465.19692693855325,10,14.679233102692438
658.400152868695,474.01482641408256,10.168946494606388,14.511699685081158
658.726176702623,481.2048989387706,10.300081030520275,14.471615823449111
660.1658240561117,491.3090338794801,10.112194957728606,14.83519767237679
661.0596759407414,497.71404346276506,10.176089928093239,14.7777419823694
660.3590286382299,497.73945550856456,10.093559683987445,15.0358830671144
661.3361553268041,505.07251277414736,10,15.524564182616295
662.8880849198904,515.3333222377249,10,15.671781849089044
662.0105131917933,512.7953182356567,10.089791946146251,15.687116139541263
660.9333657936659,516.3216999979276,10,16.240681102395996
661.533529518158,517.3989715061241,10.074306912282676,16.047870592754762
661.8877895192709,523.935978368927,10,16.593923509910468
661.6264595687082,520.5762800741077,10.11742970679496,16.30498593969785
661.9810690185463,522.1988877663028,10.037061386380639,16.319915504266937
662.327695535263,523.898200887535,10,16.36271911524185
662.6555129156914,526.7701031262291,10,16.229265246679404
661.7397924046107,526.9349475122015,10.107423282865236,15.91575210989363
662.892987887478,528.7127544874974,10.097000611274543,15.810794811752533
663.3034422860947,529.2330353982671,10,15.793633296914553
662.4998243914451,529.3918271795171,10,15.732381506026833
663.2605207429733,529.5256285492632,10,15.66112622668533
663.4882816986647,529.2682516776795,10,15.86274982954814
663.871171148261,529.3682518441102,10,16.051540402162406
664.1510323600378,530.0527532003888,10,16.356323495307443
663.3130986408796,532.9907005173054,10,16.68024079689886
662.8321970717516,532.6006330645738,10,17.020578807573465
663.6854224817362,535.4648543962544,10,17.4918846602951
663.3400849120226,534.658185576496,10,17.34651918720965
663.9196277873125,537.8852012133748,10,17.570172220550404
663.6792135403957,537.2704745526073,10,17.456125762384033
664.1899160312023,538.5860952627443,10,17.415496515190636
663.2064672277775,541.916890751004,10,17.470837835424163
662.577145518071,542.2689075547845,10.02645984378273,17.20748812917298
662.7398717568722,544.635310658461,10,17.203242369513024
662.9059732870664,546.8400537292646,10,17.124207239563415
662.8656024688389,546.5232317599002,10,17.107789690140613
662.8811948986258,549.2584318120439,10,17.228432581306244
662.8401393347885,551.3618404276561,10,17.243556821181595
663.0131899864158,552.6737125801087,10.056854914272781,17.10245588213649
663.8169648551848,559.1407977500697,10,17.316875630105034
662.794265618315,559.6098206667656,10,17.227024217050847
662.6761371621396,563.6947435238371,10,17.35123253428003
662.8331743010785,562.4173089744854,10,17.415014196307304
662.2094387540128,565.0559743064479,10,17.854841373111142
662.73602957814,567.307072163623,10,18.059609674721454
661.5070902393422,568.2378229954933,10.132984249342366,17.84092574665314
661.9844039008491,569.7300519398068,10.113767664320047,17.990677252480957
664.1835389801922,568.5243225997187,10.414068710772899,17.429283225747902
663.0371699817185,571.7007680322805,10.444345283846264,17.44409198373227
663.4410594068211,572.176798591843,10.406321975919537,17.259142046820273
662.8131869453022,573.3991818244028,10.572457633629933,17.039516868550436
662.1568413522509,575.6580015022153,10.536569174575554,17.012559161179983
662.7570904310013,575.8875717096066,10.479158642578323,16.83984287659851
663.1559327036779,578.728027213615,10.26935870215609,16.828309672384425
663.5779645022606,578.8917047110608,10.092789878855543,16.811843385130487
662.5569616800228,579.5541966790682,10.242041683838169,16.50166595813349
662.690918902189,581.8494612613772,10.228840894023943,16.44884412231194
663.3624299149795,582.7513589940811,10.153390198513275,16.49443499132358
662.367711789998,584.1075442595896,10.285966883695185,16.070557616739396
661.6523958955346,584.3233114237191,10.385855836623453,15.710176318279983
662.004807093558,585.716901196358,10.274409540639933,15.655150188682141
661.2364319979267,586.6810868608419,10.339071871795069,15.54697763405225
661.8623695599175,588.7201299799763,10.211913268122904,15.663279785370863
662.2811642689487,590.7723394517213,10.153409366990218,15.803669992576541
661.3490964574597,591.1248708988388,10.224876528168567,15.750560497522953
660.1013270178838,592.7727126032563,10.506270939012964,15.745936344287895
660.3206462365505,594.2995665733297,10.682419066983458,15.657448617077515
660.2692809298106,596.4139036217605,10.718288974848992,15.801387473401938
660.4196056419617,598.846098459575,10.88562345204757,15.986340906903795
659.0398919144491,600.7934746899181,11.025227451262346,16.041584440785474
658.1697048185672,600.4276903944452,11.179915913045441,15.914682413006455
658.7924458520713,603.6169660705169,11.240278152983066,16.019942439341992
658.1462792541379,606.6838950335946,11.433442571384075,16.087646440982105
659.4462503818993,607.3525290937683,11.8695952198072,16.13315291208053
658.4579746092398,608.5566182104739,12.068459096325787,16.1584878431897
658.1773457753678,608.8429489087566,12.190149764396011,16.057051916928774
657.707796197429,610.7705958664372,12.152226153206696,16.160960529567298
658.1792798001709,614.4952126720989,11.990817044131692,16.570329918884944
657.8100072408473,613.0878360618325,11.78421679420289,16.612893283842226
657.3153725605149,614.3854453982407,11.537053483320708,16.798069403582435
657.6070916267639,614.8069976497773,11.472101731399722,16.712526226536216
658.2669852001038,615.8426682888472,11.373587053286817,16.627282284211887
657.1106133681395,616.8328564374281,11.284383695731025,16.581796018864676
656.6943880248857,616.9228461014557,11.18391464156191,16.565519894010762
656.4680083083211,617.5819170703769,10.97077867225942,16.634415710227206
657.3467877829958,618.2189339736509,10.819222768945945,16.56009048464982
656.9529132193863,617.3972969636342,10.548871791832767,16.565534604895515
657.8530979618363,616.6365205813775,10.31352727889506,16.46593925997284
655.9792884583064,617.4944555011402,10.36917045396919,16.01845995675555
656.6261913622694,615.6743014359333,10.141625699128445,15.96523085190945
656.3128605911043,615.603748853556,10,15.848753858813826
656.1244278678205,614.2217412976122,10,15.912406288358866
656.0750543826725,611.8234486303085,10,15.628104305308794
656.463801180711,609.8957036295867,10,15.424968131825494
657.0478328221943,607.8182274761059,10,15.336081651708312
655.7973112815525,607.2602967682343,10,15.656751958271071
656.1081866973545,603.1443268059695,10,15.844286899280242
655.42466167151,599.9575732701551,10,15.798824816551228
655.898603057256,599.0660360084148,10,16.150068695424043
655.139043306699,596.0944464258018,10,16.314461678246552
656.0920542830136,592.8963867937573,10,16.100326177778733
655.768206363311,590.6342527521429,10,16.14817719634081
655.137564783683,587.0162000295574,10,16.591534190279035
655.5738873833325,585.1021976480986,10,16.56754014719674
655.1553453260567,584.0044639269065,10,16.719288059475343
654.5100285464432,583.9060445391019,10,16.758958238101496
655.4482268744614,582.9017516326693,10,16.77700604990636
654.9330537372734,582.4895821293969,10,16.780003363049666
655.4696770959999,581.6375033491762,10,17.118598007689066
656.1606040054467,580.2262294487106,10,17.408841998500826
655.2795384579804,578.7993283036575,10,17.511880872316674
655.0225710922386,579.4154460046449,10,17.454494742116236
655.6996339613106,579.9123467560146,10,17.51400041501313
655.2270887547638,579.4663302858174,10,17.58422430198631
655.1458852419164,578.6787534831626,10,17.616798137207795
654.6714155956861,579.4378805142894,10.013581781416981,17.454402639330958
655.7238345572259,579.3667665765695,10,17.401900218039835
654.8851204344537,579.0551213420936,10,17.495643412878987
655.889418763807,578.8491202724125,10,17.61475497373276
656.3344749340322,577.8502251417754,10,17.6263019870211
655.949853667206,577.1684173454903,10.069339581935047,17.224632087647823
655.4936621117967,577.4257780135637,10.09866700580298,16.771912780771153
656.1451656987072,577.7690986482111,10.121761969547642,16.328649837773238
655.967667264631,576.9624636150435,10,16.146698575373048
655.8675039166119,577.0157448704365,10,15.892569805679724
656.4598409885075,577.4636901663367,10,15.872475174305361
656.756934201112,577.0574041537621,10,15.751942267146429
656.7487569402438,578.2832693735556,10,15.570249478621449
656.1464100431185,577.5264123687514,10,15.484114860185885
656.7447364059075,578.1615388877325,10.091120525955567,15.185920297241225
656.6300842296189,577.455940319156,10.359606148238186,14.8525174960015
656.2607453701711,577.6365821951407,10.592531065238624,14.702339835769827
656.3845397102097,579.4566161299149,10.858394497836105,14.374611033680617
657.7519151232083,577.9810352313029,11.144269501535614,14.128882476747998
658.4576144083486,578.911994949432,10.969185824023711,14.243639862198489
658.6874024370442,578.4664992401608,11.195882924229112,14.01786697371888
659.0511983400972,578.7208016937074,11.380910589673096,14.070138972543901
657.9353690745246,578.1299210113042,11.73747291892153,13.935450456750178
658.6904189942677,578.5736272096661,11.690257505552287,14.00691633875869
657.9543471434912,578.499362553893,11.71375978769481,14.089311704124505
657.6337685804388,578.7260699000906,11.732476396850888,14.132566542597836
658.2660906322467,581.5431794363562,11.663838472091005,14.320728966495993
659.643702343799,583.3714231534151,11.377332862478127,14.66854355721966
660.4680124446269,584.4330850490041,11.266146642717752,14.90861116542499
661.1133046744042,583.2781252765154,11.137034384510548,15.0422916967306
659.8055454676855,586.0763703261589,11.148584654484742,15.024538856354926
661.5473426118693,585.5860550235119,11.076711595670211,15.14847082940848
660.7174727820575,586.0208374945875,11.1872873177254,14.950916070591717
661.5963185373221,588.5437858956649,11.10704050362248,14.871955856724316
661.6766396018464,589.2026718279191,10.848349575833836,15.204920800992774
662.8943780595362,592.2992306300521,10.252776372727066,15.651408242045271
662.3251977439504,590.1920442163929,10,15.850586653317677
662.8499463673215,593.6828300512867,10,15.919148211831843
663.2468995030504,594.4158241094702,10,15.84952812219821
662.5043214734178,593.8684655959543,10,15.890296150779118
663.0923711832147,595.4452316044668,10,15.793771684947073
662.3784277017694,595.7667350567214,10,15.807063179409537
662.8144582088571,598.9014688614108,10,15.996935665550843
663.45976753789,597.0588716764397,10,16.157297071549362
663.975815552054,599.1058297187977,10,16.312643319749732
663.2541008524834,600.9655439634669,10.009690690645192,15.867324909223093
663.503695192514,600.5728160007775,10,15.906958583758694
664.0565323262917,599.6042842373602,10.017387866233502,15.836114958417586
663.0661304022651,598.5662753147624,10,15.727747265511768
663.7754452254158,600.3040291467894,10,15.818915741289333
664.798976304708,600.7221016506866,10,15.703396014828948
665.7833901703584,601.4035012586486,10.041887276481203,15.369303945549415
665.9483130301815,601.1756021909426,10,15.306671549936464
665.0285933009077,602.6392006571219,10.39205164402584,14.516229368783254
665.609568572515,603.1065034884778,10.306709639438912,14.481063338964253
666.1903747545756,603.0055879833699,10.258155603945985,14.448790222488139
665.5895648957112,599.736743019753,10.182128780079468,14.33712140033226
665.8801575179677,600.3945636627171,10,14.60441985839984
665.7511771644931,598.1994719905657,10,14.310718582036023
665.785689092305,597.8235536979328,10.401209674182446,13.851205679997378
666.2304190228359,596.6484134052417,10.735796162645928,13.446173345762595
665.4129534453789,596.2352862458462,10.830784218538104,13.545160160815442
666.1299617078658,596.5549570642715,10.71743257622411,13.556313218674333
666.6031870913253,595.9674524583766,10.784439703630644,13.468112610670659
666.5787567477266,592.3993670807153,10.367618808138467,13.757361445216855
667.259675475178,594.2048972124818,10.335009516001328,13.638745458493624
667.8257884736811,591.981360516471,10.037666374410556,14.012948595998585
667.2336843799443,591.3006122473316,10.136993971445346,13.769768172378546
666.7874216462951,590.6574446771931,10,13.853200399562013
667.4773377801757,592.6537620159052,10,14.231906950622985
667.2552542563062,588.2280591916142,10,14.100153533958233
667.0136243875604,588.640725118903,10,14.163694898870663
666.4334967527055,591.8083296787239,10.021912173930271,13.94879084056931
667.8134054716211,593.285507286532,10,14.091756181593507
668.1831320698839,589.8685390380749,10,14.255806089457552
667.6888887758832,589.9679432211677,10,14.360915220668344
666.9183611746412,589.9706614232811,10,14.513491042665704
668.6213250036817,589.3479028710036,10,14.600325681667197
667.915868448792,587.0732703879951,10,14.579355395303889
667.8193525027018,585.6300744856353,10,14.688714347850642
669.3280000637751,585.5615311282977,10,14.832498281856772
668.4010901998263,584.6271409361615,10,15.028323868384398
667.7381632279139,582.43332050331,10,15.058599602709197
667.2146332215052,581.9504765345168,10,14.849883872845625
666.4077051233035,580.7054305126549,10,14.475974642460528
667.3892824600916,580.9367108979092,10,14.275795693822774
666.8423842445944,580.3847008527011,10.149085699488129,13.853230801366756
667.6388934721673,580.3544089800018,10.157598511508404,13.464935841263866
667.0556023668032,580.776872168292,10,13.485385102691676
666.6737412761431,579.9861207471228,10,13.373416394088752
666.4379925380927,580.100665865903,10,12.916460982115478
665.7659318100195,580.5919003425915,10,12.67891532232898
666.7499563943129,580.7399698909745,10,12.405368369649949
666.2124976168852,580.8022640068324,10,12.28264748463275
666.2751575510483,581.4798802511514,10,12.470421654548817
666.8163987796288,580.3206772278065,10,12.518087669042368
666.1040991346817,580.8920906858311,10,12.746441883402472
665.9279317955952,580.8047439896768,10,12.55474334870728
666.3602030377369,580.2519273122596,10,12.615530526440606
667.0736305813771,580.0545561730378,10,12.638889882949949
666.3953873615246,580.7864923250809,10,12.606028301977936
666.9324545364361,581.0191267574488,10,12.852623193421886
667.3011687796097,580.4536689194347,10,12.967672828266476
666.6315879623871,581.2488440163862,10,12.817171176576949
666.125257770298,581.0321991815205,10,12.968302382115144
665.9397947590332,581.1478583714282,10,13.046937781281656
667.1391490499955,580.324072473162,10,12.922119212213497
666.3053703110199,583.0013705283229,10,12.932631115044888
666.7117819290143,585.0226646759145,10,12.941638507727973
666.8907697300892,583.3774756434847,10,12.989017495744386
667.9141014914494,586.9593322667247,10,13.449102142788469
666.6951501469593,584.357844339589,10,13.489824140400966
666.6841985338833,586.8405423233196,10,13.506021781795928
667.6474710458424,584.9753337250446,10,13.471882570417312
666.9976278895047,587.0232740903741,10,13.44735336792603
667.5154354105056,589.883714359266,10.175564214437404,13.063415502871642
666.9894041653533,591.1721859600402,10.312919938136528,12.78881352408634
667.4644699377761,592.3471397143339,10.44936199406,12.619659484966082
668.7143878043973,593.9807879847373,10.257593105757635,12.750759674582401
670.6698275858071,595.0619184099663,10,13.078337662701697
670.9949024969246,594.8872612793493,10,13.633216095011385
671.1090918460395,595.9681665284946,10,13.634451003062315
671.3233795592096,598.6937841451017,10,13.70864263447215
671.5223425754812,600.0062293873642,10,14.188029760726012
671.4259081908967,602.3772817202935,10,14.319742061878035
672.1461615392473,602.9170822023468,10,14.223968271481205
671.3960794636514,607.6693367031537,10,13.898496363983774
671.4674342030194,609.2192405801308,10,13.779447992277536
671.8904652351048,610.8814802353088,10,13.626586905111733
671.5770432406571,611.0707242832918,10,13.514029938601148
672.2419939318953,615.0391062333802,10.139849856346535,13.205086530215292
672.9554297797188,617.5538207413756,10.056313669999803,13.1951739822726
673.0466230341699,620.0322994229696,10,13.017147759984221
672.3743308612611,623.8742457421026,10,13.026854822645872
673.7363919608532,624.9146105910318,10.288538781040494,12.641102408265377
673.3561929898472,627.2509703851681,10.294243274509068,12.475123866898318
673.7518167612639,629.4060224893021,10.198177995526681,12.308496621673376
674.3852716470105,631.1221546941598,10.771717438015076,11.597694223295257
674.1424731502248,633.4460941517912,10.486874806800216,11.806911980090607
674.926539000515,636.6886090040314,10.318471881243951,11.930727032690374
674.4106337160657,639.9575418826098,10.598593016091208,11.590081124166245
675.3415490319929,641.5526390432588,10.572742441953206,11.464145616726512
677.7631431896433,643.9201159284945,10.0839180449568,11.809332913759855
678.6897629329469,645.6819077531395,10,12.104909964314103
677.8386562362667,648.0189759298299,10.228106962352951,11.711329336031092
678.7339098879602,651.7769605373275,10,11.999772962832745
679.2397237846162,652.786613790307,10,12.204037042124536
678.802465034416,655.312622075611,10,12.26158286851989
678.957030313416,657.1015147848917,10.130646041407095,12.074100346458014
678.4968446919229,657.5400762902323,10,12.063000280227243
679.0936540195253,660.2729709950412,10,12.067749009952694
678.6642525324132,660.8364026903151,10,12.199290589573796
679.4568919667508,663.8182789003083,10,12.217880412782138
679.3139665701892,664.093365249448,10,12.082546714012587
679.3242239810061,664.3663619737035,10,12.065806450296748
679.395543546183,667.7412202959358,10,12.337499317398388
678.9754509038758,668.6551056893085,10,12.11139498115367
679.7769711322617,669.2323545508307,10,12.05878078872604
679.9873625643086,671.7369214045317,10,11.964956033655524
680.3924801058602,672.3501314314439,10,11.879954556071608
680.2627252347302,672.3285764441941,10,11.992808268149528
679.454808057053,673.5585116669816,10,11.964830932849628
680.1374034888577,673.3749665352797,10,12.128930619628742
679.3954762227368,673.7122953887164,10,12.223302410855785
679.4048000320327,674.215457229999,10,12.312242447849302
680.0012974485289,675.4726506268256,10,12.510603228048474
680.5265679701697,675.237045828718,10,12.488094527974306
679.8973842605483,674.3629411692335,10,12.85474840890147
681.0589748367202,676.2708140762861,10,12.886628565636773
680.1150588735472,675.7482937910681,10,12.804787775065146
680.8238010152709,675.3739297357688,10,12.792710040403037
680.5664548620116,674.2166739012456,10,13.012808667380952
680.7120768598897,673.8261236193958,10.203844968944464,12.636358896150043
680.4292350008618,669.3858555859346,10,13.071447041319718
680.4444714921992,669.5441544216078,10,13.39983915850551
680.4816123011988,669.2333885764517,10,13.54620643536548
680.8724594179075,669.1461726437797,10,13.571436728768312
679.8640778127592,669.5022645299323,10,13.569242921424948
679.8068739685696,667.3134910311552,10,13.743366418918118
680.1038465412146,669.0032704784085,10.00738990338543,13.591736162869823
680.4708567175549,667.0723125605385,10,13.895151231855694
679.7260184797924,665.1385170497571,10,13.762728425140962
680.4766752037685,664.0721754121528,10,14.00593265925002
679.8548322233837,663.4190678673456,10,13.885137808716898
681.215019634692,663.3989317106573,10,13.667006045994254
680.7858804752834,660.5041025105581,10.128175600940676,13.50702464898185
680.7141411218327,660.5290959603994,10,13.540897766658503
680.1270593318623,659.7435115182868,10,13.429148221509031
680.3043103925997,661.7799300470458,10.143507321808123,12.969097218602165
680.231271675555,659.0677171106305,10,12.961740845796786
679.7781959089916,657.4258489195565,10,13.195323495644857
681.0804425987881,656.9751868593326,10,13.189013059799432
680.4899067196529,654.9738665846725,10,13.221727728687462
680.4978205615189,653.5280409991038,10,13.024052279722845
681.0186131483543,655.5135551210726,10.111041817601137,12.872138244006742
680.3440979637024,656.2166153444717,10.39916148515325,12.413728907323424
681.3941535525967,654.1448134816014,10.219622230620697,12.43790542893198
679.9495135599282,651.274845419396,10,12.658071407926698
680.770421093097,648.2585942101085,10,12.928719177911447
680.982400974026,647.160662490887,10,13.030941812063801
681.3328860306647,646.984245811745,10,12.992660547993161
681.8155298327656,645.4103735258493,10.10809632314339,12.634904326327572
681.2826551494774,644.1446022131356,10.407505672401223,12.30853703392367
682.867451739619,644.5663789633794,10.461554841361048,12.255369435363857
682.420238669862,644.8110854089211,10.455921221258208,12.199475222230442
681.4073096261636,644.8311776951355,10.463855238296668,12.135081409350182
681.47769031177,642.5665178167549,10.369495084663935,12.066612355381427
681.5296727702269,642.3319400696955,10.165654419592489,12.210019972140715
682.010075809581,642.9176791060136,10.236529878512275,12.012080357852085
683.158494887755,640.5615783786496,10.022369324932503,11.975537324817394
682.0197563837154,640.6847746425861,10.127520006641356,11.780696496582815
681.4509852672699,639.4842449817371,10.462600198154394,11.428030051145319
681.01992887022,639.8989291826226,10.636764526906811,11.141529131082788
681.7989120059935,639.7627832165549,10.984947285091547,10.666709385094638
683.0745215103082,639.549746150598,10.831330357761095,10.702968931561122
686.2214523839256,638.1107235579658,10.621136365653227,10.716192682804492
683.6046098981192,637.6287713863775,10.467245234055591,10.828903776755562
686.0352196158348,634.4859132318671,10.0279217794593,11.150398131430588
685.1361803987529,634.2321176227075,10,11.516546037581666
686.3507413843181,632.9756650823302,10,11.766086803303335
686.9173001626041,632.8091247919862,10,11.89451702662588
686.0745320299175,630.2318445462657,10,11.895856387695726
686.8096956589725,630.9305978743191,10,11.842898433828807
686.8739992657211,630.3076575585999,10,11.658609363691186
686.345174399903,629.323755548714,10,11.882473387697353
686.9403029361274,628.4398711658654,10,12.075850073087306
687.9593596139457,627.8241942232125,10,12.258169005275679
687.5843203642871,626.2747319992951,10,12.291610598267498
687.3399822094943,624.9033855184973,10,12.392800225817496
688.1503627279308,624.2118726685137,10,12.512124844508978
688.0501367950346,625.3722896782263,10,12.595556944087065
687.5560355389025,623.3561199487325,10,12.47234640002289
687.1870171928313,622.2718947286205,10,12.743885576780876
687.7707660102751,621.1846117543857,10,12.620037056485131
687.4438432061579,620.5860335589091,10,12.819093941537172
688.0860489213374,618.4304762076669,10,12.96767440711373
687.3102158510592,619.2447087767898,10,13.015192101776485
687.7090372943785,618.0473320290248,10,12.921338190690179
688.4883745813277,617.7967162013298,10,12.755330716536948
689.276194503298,616.8221507780231,10,12.727892864267126
689.0321318709757,615.8923726719934,10,12.804832818659156
688.7710872620075,614.1115702345478,10.181747083699031,12.302287836983002
688.9845245002775,615.3586381181801,10.211846696304667,11.975149740845676
688.3616844633942,614.9897560938408,10.301381316618274,11.63607315040984
688.3838810644728,615.0874204016856,10.587191766843146,11.181564763773775
687.8184406653555,613.1476611223474,10.295196087836079,11.281023984834196
689.29115036591,613.8560783920063,10.195886792241652,11.231843530675524
688.8503800088074,613.2560342178874,10,11.226741577972039
689.1561318093445,612.753044584335,10,11.427006893489002
688.7697686904576,611.3846560297163,10,11.564596867030133
689.6964611166622,609.7023005273065,10,11.523140841515188
688.8931720012333,608.0494887745353,10,11.399373439769962
689.7927469962742,606.7334920751026,10,11.229255451382548
690.5385393255856,606.258474712068,10,11.222999813186284
691.3578700774815,609.1387511905738,10,11.46739833322578
690.5209950560238,608.4646289550011,10,11.38424536632174
689.8283956077145,607.686838973649,10.026829188557434,11.127903017243241
692.4348771327641,608.3857730818405,10,11.148600074144888
691.2266178988822,608.6849798126166,10.080549258092715,10.989521750198573
690.4970078223851,607.4886737478801,10,11.08028570652995
691.8714304917958,606.395774912633,10,11.129211085459183
692.6816366070416,606.7723843800329,10,11.146686644906925
692.6624744792663,606.3819314901875,10.234030339921269,10.763467697348513
691.5740755924489,605.6077498103083,10,10.91718894246764
691.32152409642,604.8977112207131,10,11.058747444900384
692.0519078501966,605.301612720886,10,11.2562431782655
691.684662146261,601.7405728229991,10,11.405727282358555
693.4921969601419,601.9686240150966,10,11.587352099148559
693.4859253766481,601.2172481930946,10,11.713001248912605
693.6117499920074,601.3985091237827,10,11.863799356713837
692.0021251293365,601.326667657929,10,11.8413308095347
692.50043727801,600.0817276905127,10.047256642136478,11.51427854298154
692.743232046706,600.4698466550035,10.27227969982589,11.120899546018293
693.2603575788022,598.4711811853072,10.623668779981687,10.632083081693917
692.8028978162864,600.15380292978,10.653432269589981,10.418213932805617
692.1040774286107,600.6426279437036,10.71295413415182,10.279164898114868
692.4159324668385,600.0475877181979,10.698545267146152,10.207148348050605
692.6201363033988,599.9841841214618,10.72449160126969,10.208660677345064
690.5230085840308,599.6712680066632,10.648762317868151,10.145133778466914
690.6899527872922,599.6500562153756,10.685872353518278,10.03880376270992
691.433123740865,599.0881378614932,10.681833946548217,10.032629746406831
692.2012906627158,599.327911395414,10.488547840921957,10.158357415446474
691.7679576451716,599.8476059284687,10.211186881305204,10.273107987284277
691.443329349393,599.1689198988589,10,10.379044528239117
691.0256433340255,598.1074696251685,10,10.443415698636365
690.9703207763378,597.7561372393316,10,10.466396785007428
691.95418699109,597.9288553803556,10,10.607048898078226
690.4014097007457,597.096291021945,10,10.682883658142712
691.2391982825939,597.4482480574245,10,10.764971031046601
691.273907497758,595.8614649631846,10,10.883846858503487
692.2381816061679,594.1823108880424,10,11.038498573775193
691.0550549181644,594.4651739068283,10,11.33344971887744
688.8096069625253,593.411843006383,10.156632109703484,11.174409033729868
689.4952132916524,593.2211403330614,10.051982032511596,11.266168678726466
689.2916111777112,593.6796026035769,10.191476468733855,11.084924419811339
688.8848784639794,592.5280971213796,10.400207833048842,10.801654323033535
687.3676617201828,593.5231837743956,10.191284615930037,10.84098269356089
688.3166697001918,592.8626482733121,10.086200451032328,10.812808147479803
688.1650296750013,591.16569209687,10,10.801640420331506
688.2018089035992,589.5468614114799,10,10.838743605534415
687.5133948663715,589.2437051169587,10,11.001593256506302
686.8178796509746,588.108793874553,10,11.103193313949477
688.2257935742382,586.009373342626,10,11.47999763463964
688.4174753616098,584.3377697499443,10,11.675015275325157
688.5337762648705,584.3340113606456,10,11.558565352593918
687.1630673224572,583.1540394494323,10,11.491187740999631
687.6214729959611,580.4020297564326,10,11.650211151504454
687.0784198457841,576.5687934060041,10,11.963034712957185
687.2080344373826,575.9687759995188,10,12.012908140391518
686.7979145164136,571.057619587136,10,12.231357249031905
687.7381322497968,566.4378146535086,10,12.101447882582882
686.9090371245984,563.5253345674441,10,12.222928764703283
687.8692707533482,556.1236533853591,10,12.427022215604307
687.1453360433225,548.5943308159877,10,12.61343777823628
687.2414420733694,544.9226782017139,10,13.179715399819692
687.020209957147,538.1458005551135,10,12.940823331265243
687.2607452461962,532.3631312685866,10,12.788109993918566
685.7243564336985,522.3124702055226,10.058786269099267,12.623561072073109
684.391003924531,512.8326082823155,10.139379503453059,12.570278708159973
686.1001835109572,499.5747340037098,10.136849989108892,12.64756214696318
685.0272749954509,491.78673831137684,10.14708338097667,12.543153636914788
685.500003505731,483.23051127658806,10,12.728506571238396
681.6860801468138,473.7474096451503,10,12.875633296027967
684.7217448840518,466.115790366022,10.062613129589014,12.899540608862203
684.3665356365135,458.1975944337083,10.234188648572138,12.800066117593722
682.2901866966993,452.36049113507045,10.397111824221197,12.542916284815691
681.499673334379,444.9763413729283,10.683902723322975,12.199987819903228
681.468063145032,428.24596641423017,10.652119817502962,12.314897283197826
681.7343216345535,417.9978862454251,10.494893738928976,12.737540775104907
680.5664352329914,409.54662576164344,10,13.286000615959164
680.5228842946235,400.91771983429203,10,13.43945951961228
680.2682383534219,395.4298313249468,10.310560668595155,13.076628750216756
681.09940977632,387.36121187390273,10.165322925337868,13.042124259360534
680.2349069993153,371.35897392124673,10.15966308551815,13.164155782958634
680.533799484605,361.5052309876931,10,13.476963534221259
679.6670910867397,354.18523809208085,10,13.730277305487244
678.8863291288652,347.3204963223501,10.11659038208047,13.447482288125016
679.6991945965804,336.40776738083304,10.043552336817418,13.658422959245035
679.3374167236034,321.8623313205708,10,14.147280538143573
679.4855294080917,313.7647140768882,10,14.194806132686466
679.5151870960835,306.95447454435424,10,14.278493396301823
679.3149709219579,298.0062980845553,10,14.224376345196607
679.4915973022047,281.9464470097926,10.075125702297775,14.266766025239425
679.3689443732146,273.80253358672894,10,14.12320973843221
679.4511635715608,266.7345407450184,10,14.248364542641816
679.8966478223447,251.5670960205539,10,14.392231118646109
