774.5,403.5,87,41
777.1274771268413,403.4631745627739,89.90996178483056,38.7769697087571
777.7740031041583,405.471929413363,90.5944910927852,36.65689364615155
777.1960442093626,405.59983414573395,89.95673679756796,36.66363739643643
779.6100607007013,404.9382000255754,88.25384901180536,36.827863516773675
781.772600226879,407.2127227908575,87.2709554567338,37.33150229330779
786.4581102468192,406.56210700613246,85.61762302366506,37.806465428233416
785.0765627645831,406.95123630001865,84.55236100686,37.98382212251976
787.625962232756,407.28251721297045,83.84211521306152,38.03855069807489
788.9406081002334,408.3758864126022,83.27763470781262,37.71262424758762
793.5943177466404,407.71863471882875,83.65300998592159,36.929891717089525
797.7349880555413,406.0188610280659,82.30017574247876,38.565877372998784
798.1390696054243,405.45764683586566,82.41618957409392,38.8578196386057
797.4751175258672,405.7009512211583,82.3736286930013,38.83376717056794
795.9118365757286,407.249195353294,82.7775636687638,39.44827672619709
799.2871762144065,406.1109432148224,83.84736330757629,39.27897998347165
801.4269470268171,405.54826842547317,85.27512759095818,39.04504933355528
799.9891523236424,404.005047628208,85.51005599610193,39.83917186871376
800.8503656565337,404.6400525830932,83.99933502988253,41.096992559681794
803.1060084543572,402.45026754442523,83.58788912158305,41.5764903008209
802.8257158793922,402.6496931290171,83.76668777606585,41.591914807649175
803.5182924726365,402.71953922413246,82.35488265951321,42.90856793716637
798.8529693368607,402.9957833194159,80.97269934122086,43.65934877526308
796.4808815188511,405.0151975568624,80.8225311242433,43.59052247474759
799.666515369071,403.95120191546886,80.78326272571405,43.418226510830564
795.3281882744353,402.88789082442673,80.32866462616708,43.0728755121439
795.0996817233113,404.9364753661785,80.0896950933939,43.20362886821556
802.8269653309735,405.3660222683588,79.71683487880172,43.23423541700063
800.3934185825138,405.46217091687095,80.15359619188324,42.47569220647077
791.0628692062945,407.4940164526027,79.33709675401427,43.706542493955
791.481034942328,410.56953709540767,79.79998047951038,43.94624017242581
786.8521920249299,408.84696381551356,81.12451030081806,43.65318869029822
785.8250060118606,409.21764018056814,80.3454851769168,44.41383331183549
789.3290437936578,408.9867026610394,81.2263256289476,44.274217197652824
793.7455749670345,406.30023799745567,81.47250312746993,44.03962546769125
800.370222205994,409.01249062305845,81.50381873408472,43.695606990930315
790.446988503967,407.76094161623297,83.32883991011133,43.34706072700864
780.6781283905161,406.5517120080105,84.79577270720358,42.58792957327539
782.2462944628072,405.0288911416563,85.32913093318088,42.41486636709523
778.2896033629014,407.77260792802707,86.43097634405221,42.272607106945244
779.3543403530714,409.325723112074,89.13558258298104,41.26974645168096
775.152875432624,412.3068340654595,91.02897425020026,40.49896608085959
780.2483704313283,403.1241172815075,92.69064443192978,40.80497620210837
775.3147815767891,406.53706287079024,93.55266848500231,41.27855306400926
780.5646615627458,400.1678337052159,93.91133842184144,41.06441949910068
779.0812109669731,402.5320617005688,95.02106485924409,40.27626206567641
781.3579072071855,405.8759726089433,96.71455910901331,41.33679897542886
778.5206899006835,404.808000403855,97.26272485833945,41.645687454514274
780.5755252293098,404.99212521764963,97.1979798907839,42.369719049268355
782.1560892568475,406.55207367649945,98.19042391822813,42.20517348426035
783.1416447935358,400.2160415759188,97.97269111690821,42.22196234057312
782.2812598201425,414.2159653664257,97.78318333942876,43.099968153114034
783.6067190244023,411.0955237550004,97.59756859034803,43.24648148765894
779.3325966249045,415.01548355933534,97.9179195599981,43.71145441896704
777.5886192923123,412.0637438871327,97.96179864077095,43.67452887140448
722.7681387483483,431.2235195530436,97.7759469845583,43.86190121511985
709.3958453333181,434.4039105815446,95.37681128043882,45.06656028970959
722.671646942805,431.9157427713653,95.00527321649461,45.47617017917226
716.881729003648,433.0071085569433,94.44946418208853,45.96180241760186
734.2229459225172,431.7480144788737,94.62685166393044,46.144347043849095
744.8860321963082,432.8335557405766,95.7278222132723,45.929907148159295
752.107598080781,429.45085345251783,96.27713162169476,46.27161425265815
767.7906957904123,428.1984560045304,96.42497047367235,46.68157219833094
758.5215636293616,427.0884961225672,93.68655480309802,48.55082323390573
756.5569188419083,425.3807236748734,90.45711196375902,50.881140520612604
760.3459898666881,423.5553010168903,88.5263717238918,52.087096291138096
755.5445973049959,421.4648556516151,85.92335106877272,53.68589640546231
763.7750908079922,427.0820490726398,85.37716566037538,54.20444878765612
764.6724598250696,424.24052552770854,84.57473105725468,54.58065879560943
745.7126150138392,425.8185758486826,83.57378545632683,55.20577262929307
742.190525665523,427.81810778076516,83.17596376386017,55.44091448793679
736.462417639411,427.61542551315654,81.43900736125015,56.32223665521884
731.0536532137974,426.0625741750511,77.76281043580508,58.90204313983273
729.7351311344216,426.61255707491625,74.62410681852491,60.69192104241871
730.4939277844669,425.8201049166763,73.99411650333975,61.070330669910845
735.8793812992831,424.9582439857798,73.70352945051408,61.75256209610362
724.0039407369876,425.14659549567426,72.61849787063716,61.005788201623616
727.8462178846653,425.88645724983905,73.48654825057477,59.22522166307973
721.6105214829553,426.7097515564814,72.37401485312813,58.55531177885236
721.7848746734696,429.02357719090475,72.08923973608256,57.292935416164184
720.2317222270015,428.3567698193791,71.28601613513781,56.43606968855805
719.212888220588,427.0511946164403,70.22885220445268,56.016751630538025
708.3919857644833,427.4629216574493,69.3509103362668,55.04431807838626
714.5717303625989,427.1386402447083,68.86213437398303,55.109274779943945
702.5126850368899,427.8622119116075,67.55663531898028,54.68225409343101
698.6610011960979,428.28321987412784,66.78911104804968,53.767814419718334
700.2961082991659,432.7314986747455,65.59901621332787,54.203941335389736
692.7914628480913,432.90009337088765,64.51158355895829,53.183825407499086
691.3751234586723,434.9362640937334,62.7306258441135,53.015365034805534
689.8530367120079,434.91590241370284,62.368420829828295,52.00500876401502
686.6208880717127,435.28656908819926,62.406078553533966,50.606647991640386
677.0762462388038,435.5442352290344,62.89903348399996,48.663845502755606
671.4870453836934,435.7321065924775,64.18854969617398,46.61608031397833
666.9612398802424,435.80583285177033,65.00350356043681,44.7678633777443
694.5919975874187,438.3045658405718,63.92768760897468,45.524111961603836
665.2617824888432,437.8649465097761,63.97910901706347,45.49055817896613
652.2917272013013,435.3520481247754,66.88286552720575,42.379656226128105
642.665353912278,438.34962306269256,67.0814815510533,41.67542565418786
636.0324060952343,437.60501243092614,67.28571927956213,41.175808006664155
644.3474641731475,436.5779230936623,67.29284067256357,41.11689497396221
673.5244134826341,446.8166587898626,67.29977426794582,41.1069128241154
669.0250870631911,449.13377004942447,66.44333219716385,42.111798009154235
663.8841413825999,452.58627363586885,64.3557605914276,44.04941359322344
664.0449862101366,455.9563302543762,62.50623890510413,45.59759800940694
659.1603298584055,456.6618361798947,60.96494369840997,46.86187531242275
654.829555588003,456.69623660160903,59.39381859419551,47.893518189811594
649.3315700358326,455.32796191831574,57.417018053944076,49.40317019750382
654.551616492834,453.2993450932237,55.65385366014369,50.97335546016056
654.101004731134,455.3531595260094,55.50155090123332,51.07936251606739
645.006886706406,454.58628152105456,54.997865716558415,51.751503941054246
646.4465302581727,451.1684388317588,54.78423470280768,51.98713362506566
634.8102856304196,455.7562293470838,54.54950845843604,52.2604814274235
630.9989436948943,461.04464088731834,54.5261261406745,52.275049910369916
617.13191615081,468.4650859013047,54.46564273091824,52.29307902607401
581.3437187547219,489.13266484881603,55.59745744496956,50.76480971137354
576.3152117344353,489.4277005645358,57.223371593879975,48.4335163751794
573.7215256484545,490.2712136863928,59.13179688931568,45.31672276124138
570.7021461814911,494.1721097970993,61.01552795687883,42.39527493069745
568.4633145913132,496.2247012753352,61.64370621673308,40.38669536778043
570.122907032019,495.8123258790095,60.72482159967986,39.95058285629361
565.5148860958557,494.04922955942965,59.656766754172146,40.12335285369925
566.4648276122548,493.4355416978181,58.99340031626065,39.70985740973934
563.1661207575474,494.40920753509863,57.96506920603423,39.89958447007211
562.4846112426553,491.594155185359,56.81935138698736,40.20841107430603
559.3326589331357,486.8460578074773,55.63349560716185,40.79413582121935
554.0194352422526,489.18057851501504,54.69143579440906,41.8720188064734
553.3169517002269,481.30481985480696,53.69572853535116,42.82642652300776
552.6894181411604,482.37920081533304,53.16380715670379,43.06479772344609
549.1436347972344,480.28106728371785,52.51691997950452,43.70679428077131
545.9658885386215,478.865844940801,52.15806036584048,44.07476295151398
551.0511215725492,486.75991466008617,52.15693443165223,43.603032623966655
550.7037062653663,489.53612317443196,51.832122931378535,43.272177027159856
550.4253280685296,493.5647160822422,51.429759349485295,42.86174213851074
552.9111962656227,494.6071590834612,51.443448427558444,42.28340346788276
549.8713329492424,494.27092662555407,51.68919163899332,41.136361976913044
550.0096031114593,501.00262111449723,51.76482178193625,41.04080709021324
546.6307744475132,495.90571113760706,52.28527312762027,39.690389907152706
554.3944655489065,497.9500840924043,54.13325713577105,38.42445154798854
549.3541432246981,496.2123728392978,55.31947925306001,37.544303261049684
553.5645549499284,499.364681227773,56.070083529345055,37.02641438937273
545.5672221164488,498.0337441526595,55.761331990493666,37.223124593448006
553.8076154185,497.06422244964386,55.75338855655752,37.22730574342919
552.4188189117916,492.1299230371619,56.1484413439915,36.89323351736766
563.4487220295858,488.37331500211695,56.45442833655239,36.63872459661287
557.3902519858227,494.51388808676927,56.065682617804235,36.79461875628768
560.9445966162513,487.92878566301977,56.01924158692766,37.00448405758315
593.0256991766518,455.51728848231187,54.35342013311873,38.55396843975085
598.9659333682514,452.3412275274197,53.05403600132337,40.045431227068235
599.0775539723206,448.6568240695854,51.88427339177957,41.32902591205439
591.1758704578464,453.9054761376228,51.007327310376525,42.32389878556208
595.6900195345106,445.8085181006011,50.10906360376421,43.538049921251066
594.5534133933088,445.79361573961904,49.52645451508944,44.52279871736907
592.5085936812815,443.6857236300772,49.04766971429057,44.93417533986462
591.4984377060129,445.17810791746405,47.304968540361905,45.84974064646907
591.0829353873596,447.34794048954325,47.059597335573876,45.7571143435582
587.4601989100053,446.24229049983416,46.01215589971856,46.00317861283238
584.4554371946302,445.4119426951579,44.89846317827753,46.01658065452739
583.4611011469451,447.0202844700313,44.88294125242278,45.53647127775419
582.3370384387532,450.47266813655796,43.91128860789346,46.20872029830809
578.0876824383774,453.5501800460402,43.2196071607691,46.855571593784475
576.7341607551381,452.5694931728219,42.20504474950725,47.83351006705061
564.4161566306987,470.1488029126322,41.9204673660619,48.176359245877315
560.4472080351048,473.4198933994435,41.8648385753465,48.4040452156141
556.7334850150239,477.1717357389008,43.81221497820981,46.71933741581934
553.4969521555694,473.7114016601511,44.86701726175518,46.05374143986532
551.3798027417392,475.201384684035,46.12807857491959,45.09054194025428
552.0205331145346,479.48619237212796,47.768139254576106,43.78254803928813
547.3203448564755,479.3952743397469,47.72680148389006,43.55087527159563
544.721509123484,478.89932371522076,47.66236319340332,43.35726898471339
545.0332729214438,478.39052286941626,47.34495903298098,43.53022779874367
543.0947418618927,474.14357007753097,45.906370212141816,45.12294405527433
542.8267268920231,470.23359248605976,44.234279328974594,46.668676864254266
543.3911228433967,465.5783724122691,42.605870892709305,48.90405569057697
543.9465419108111,467.1119714450853,41.303240195276636,51.045733757909765
543.0845200402558,465.5700763905761,39.94216015899775,52.68617581681069
542.0425957308609,466.20460980049523,39.60774558084253,53.309204085931086
538.3996517748765,467.14985459763574,39.361719735487036,53.82298180274626
538.0049105133508,471.18911091799333,40.2017603077701,52.6957664452037
537.9404134264141,469.6433694614667,40.78298949489009,52.27225449856157
534.5697566914982,469.79543730428975,41.59812593988054,51.41597345101514
532.6624522993047,465.75281196496235,42.38231370566699,50.158397286408245
535.739141547851,465.45074803416,43.26220747496234,48.82750839672365
532.9394667952936,467.76885417907334,43.98330208963523,48.00421572359611
532.1863254454689,468.66721352274647,44.80683372975258,46.635974889786496
529.9566411395838,469.21389115961045,45.44100106855821,45.93725463774506
527.4122283531948,466.10504076044424,46.10601377512536,45.20984177717247
529.6946643513166,466.8535052065478,45.95005729859602,45.289539066567755
526.5778699978775,466.5990932727444,46.001403611980464,45.21636726814741
530.4081890500036,466.30103315467954,45.817509682685696,45.465113899502775
527.5159732984264,466.8099352844001,45.65259798134192,45.82267942727775
533.3996888802332,467.53691335764995,46.180823975626225,45.387073047509425
532.1734227686162,471.8165216429572,46.04708872754662,45.53904097854288
542.0144366231752,471.74371589323977,46.01298544164632,45.57613576251076
540.8695809901118,463.96794421119165,46.034797432947336,45.55031611238573
542.9357023755729,462.9211985840215,45.683792025840404,46.12193329655847
542.4197514671546,463.6813028131577,45.47248150041459,46.43098745253632
543.7734927643716,462.84933223396666,45.01331376346355,47.21992414057001
545.6309405166745,462.33823227709263,44.615702366065996,48.07305050242488
545.5733654490975,456.139352422111,43.887749032801864,50.06313351561074
547.5240609659717,455.59272778277403,43.98178489228783,50.44237207880004
549.2993940506756,451.77308472419236,43.91775559993987,51.29016430329369
550.2628660161415,449.7351661602959,44.294488035814,51.597727839091526
552.1466074683728,442.9685003819612,44.561953480350496,51.694901215524084
552.4372754182837,448.5712745255476,45.03222876560273,51.63441632861973
554.3552330593295,443.59321670289563,45.096644742284795,51.76226869114785
552.6244569530877,445.6538372852042,45.07175415043176,51.97725160566278
552.4347571945718,448.71403543684823,44.75961777736109,52.33685150675086
554.2074428372282,450.52085623418856,44.66934464420916,52.442815119513526
554.4302098125925,448.0487665261818,45.022452732779485,51.98980873306736
556.0504221846538,444.5922767127146,45.65626886390092,52.05837221849172
557.8436446676662,443.07905005315706,45.77112022737458,52.12030174533998
558.4805894314061,445.7965137014649,45.830185821888875,52.082056234307785
559.2056502087052,439.90802386170185,45.46383490003446,52.50298065412928
559.8483886841918,441.24311983276795,45.54851709823105,52.590352064581936
564.2015332319999,447.18746194824007,46.45738322264664,51.44615654976313
562.1973104746112,443.0044623705118,47.43401344697298,50.03469179225581
564.8701166624969,442.09775124050543,47.57067417300816,49.89956728503371
565.6280290290648,420.79780261973934,48.1345074713361,50.064161792190944
558.4895808052353,415.8024291518232,48.20789935661726,50.29048917235916
561.969898027022,415.56503220595914,49.1779466185185,50.091840640743605
560.9762245484153,416.60726326421815,48.484029175249844,51.03900546399911
557.3625440909384,415.7098777986886,47.05932195208115,51.96395842287508
559.5753642213547,419.6634130827626,48.03258601482643,50.93880199352104
556.6489390543826,416.4424991074388,47.72099237904393,50.71378939088494
560.1389682401177,422.7137397689107,47.9167081050164,50.38154843201577
556.0170657250761,421.263827664546,47.80942556490918,50.3153825742169
552.535796112051,420.6004668373589,47.57854676498892,50.28143545017155
555.7467380586443,422.61482813348414,47.750482013190265,49.85961474200002
551.4546746861276,422.75316361233394,47.73467036558442,49.669291766587875
548.1016965282151,423.52277804146837,47.58191400822217,49.52468249240256
548.0631899664428,426.05932260014583,47.96218868004748,48.79115626796142
554.4547032780761,429.74288824959507,48.82258322987681,47.96111384006524
539.8904055748487,431.208214111494,48.98085698105789,47.68107900049894
534.774440584986,432.8093251859431,48.55035142916718,48.307506610893256
531.999950506837,434.1963509700136,47.30233737617575,50.27560677996537
531.0657163658343,435.7689925035604,47.16102644332215,50.63452989344427
529.8285844242213,437.7908915918389,47.21410817093898,51.057043648497505
526.009601513231,439.02530451305586,45.664783801269145,52.657626222811594
524.575342996439,438.5877178649865,45.10453601475426,53.20691291178029
521.883813887239,442.2578519566631,44.41565667211928,53.57442270541672
521.1124990873276,444.3505446804286,44.66566608990456,53.17938817188724
520.4096157022773,444.39507859095454,43.78365448247231,53.84232509345769
517.6852675262123,447.5929793994611,43.54076434015636,53.83803205569869
518.2130880036368,448.1452222324277,44.04316221606457,53.32974047822454
514.9355204612253,452.252871980984,45.03061217362921,52.58592516537707
506.6124384526043,455.13622026044845,45.39267088996793,51.94920201800822
503.367417617957,458.2129850917431,45.09587116674539,51.8077988011892
501.4737373695313,460.1230373493033,43.94789793480654,53.15989735003366
504.28817046754756,459.2351063926134,43.917808556095814,52.8657223752909
501.3012328795571,459.8588301646362,44.134544526144055,52.80764605946338
499.5964531414344,462.4903146795024,44.47543849793396,52.18725992310258
490.8047034835326,469.6975016141141,44.66280629823464,51.87027146037323
490.0039618502157,473.32267330632754,45.49439991213934,50.4388010045658
487.287616065019,473.80400397214464,45.44203174437364,50.096479185756635
487.61412040883147,476.8817350737712,44.5414340944321,50.17874700874854
482.3455492758443,482.4109289109495,44.9029829842468,49.92067995969719
479.5761129979659,482.1883414880775,45.081055750574926,49.34378499362014
477.1598394803011,485.06919098698194,45.02172418101554,49.229131131309344
471.16637482832095,494.77302407119697,45.14586433092314,49.07918400279625
454.73944648019665,508.85112906598766,45.289344287669806,49.478172682648506
457.32488715568905,501.55242146641694,45.209731952950825,49.71822227357463
450.9501710801171,510.6337941860306,45.24775739633106,49.98839729027989
455.4650017917397,505.9944462025126,45.110704615663956,50.27730710924456
471.2214894358916,487.370287162216,44.568253161588714,50.171178778705
468.54868525075506,490.8610090033525,44.49665619815208,49.478695553280225
463.74440723556376,493.19691209525286,44.07251073622514,49.46818859814772
461.51507984350945,494.67261828398443,43.17210570969525,48.945923941021476
457.9473139525475,495.7198581957487,43.458651819622055,48.09419845766463
454.7285511705588,498.1805143936504,43.024499508080794,48.23359076996068
449.1028498374488,501.91294610604746,42.82021751243552,48.111694378552784
446.0193228092319,504.9734717537493,43.2683413244235,48.102098523670286
442.3999558119076,506.82992931617963,43.577357301493976,47.949622747030496
437.700397559397,511.2747520254177,43.37173080266997,48.64143160559291
432.5214116235332,513.216380624162,43.344779693135315,49.4193286782765
428.2453009289733,516.6323593290813,43.441485220743914,49.64269391553273
422.89031609362246,523.0496674855103,43.79935833382845,49.11875989942735
417.1544049979817,527.1195843748096,43.89744891195073,48.966348110269706
412.46873596387906,527.9387502664624,43.99533422136694,49.76528100782666
404.60658043697464,536.8593360363616,44.014388813078625,50.30772686915141
400.6003862373667,537.4205788369751,44.29514545646566,50.280514405016845
394.3776926095252,545.6548709964077,44.55726035039334,49.70447101785335
387.3521905371411,547.3155300234745,45.1913524163041,49.1622076054434
378.7552875700618,557.4556569080032,45.81592922448617,48.24936831087332
372.2192764684184,566.289779177501,46.980028683021956,46.92212337514913
365.3721671992885,568.8680201084818,47.97905106954826,46.017045321781396
369.3711575681854,566.9290961177942,48.2692020456217,45.73219694161475
361.53162488604954,568.8876233148768,48.28235382804534,45.69258323844376
337.09053140508377,589.6050896125241,49.38085319842418,44.58348682478978
318.89253583790946,594.6945418819752,49.594383547860616,44.15845134258931
305.7171001154043,602.0683372759146,49.94689912739237,43.714862362876985
296.9512567121435,612.1328679546732,49.96277782844527,43.699574351306985
282.3637983855424,615.4799129312602,50.36839211348345,43.02354746652308
271.6190289019619,620.7672768604905,50.94426721650869,42.14296004232763
256.6939950383465,629.464746095094,51.32117706104902,41.626698941284566
250.86335951099176,631.5917334046069,51.486713900975786,41.296658781945126
237.68880606578588,638.674449700339,51.512982961797725,41.18584216490722
261.21393573826896,614.0310491567542,51.52161491321824,41.9000381190201
254.8625683231627,615.089061949486,51.878977543418635,42.573851562868576
246.60537556367615,623.4923504344225,51.68579966212317,43.63573810923104
237.42076317840136,639.0383389021746,51.60016374541687,43.909459034444644
229.3730790457293,637.9863627668425,51.35363786098071,43.91360165850241
218.81884344635495,651.3947467883618,51.284628362097564,43.931512265366074
209.3213613981553,664.9640419192126,50.5764274041756,44.52262590686279
217.39530992149648,648.159675023786,51.88072457136041,43.967659593956014
207.0734412874927,653.4441735674329,52.23771486060819,43.74692147883016
204.60959467557103,658.2214911383732,52.744773337900014,43.29334243588789
199.0574630188548,657.3814598909842,54.01983399935492,42.15841011865399
190.84366715861105,664.2579680984667,54.10981738244012,42.09107504676761
186.93833167978815,667.5585885612945,54.78577230615038,41.63239174211401
179.07613541987402,673.9135267590029,56.234393684926374,40.919411136797315
170.97260405951045,678.4281885308625,58.24580916596845,39.55274151611292
166.36922011693576,679.2186632447845,59.51452821154871,38.498868332623374
170.47962158084255,680.5407901504615,59.08067062675278,38.111723448042305
175.78654026977966,667.2364512276674,59.296130314613364,38.855525500173265
173.40690261083853,673.0429316915355,59.43578244829153,39.19883383665853
176.05471673112433,667.9563457051784,59.570103968156936,39.15966163975593
164.17181075985297,664.7204526145152,61.63746963689597,37.462817221106555
143.91497872634176,637.9141595959718,64.08950345489492,31.95139126478538
145.08680073809506,639.6775165880904,66.10625963127845,29.03431913054277
150.26283524739816,640.4061783122896,67.72183721148822,26.871049892330426
154.89119581402366,635.6718042258957,68.82541042027822,25.45324143975189
149.05487213197642,643.6823021665336,71.64381355219496,21.785484617924286
149.72529261328296,642.7773482617418,72.41765192612974,20.791718206469053
134.39753818244142,658.5813968368118,74.5819078886429,18.345482476006907
132.8245004382713,654.9313224311715,76.30650677442883,16.55825087804694
129.93157014888172,657.9972893402164,77.55580252624263,15.176945531331421
131.45641695659782,659.4605867544345,79.41026416517445,13.376781571997842
136.30668082578424,649.6884435347202,81.16420324656481,11.52448636164606
134.22364880568637,646.775465272367,82.95148000763152,10
142.41218392597122,645.6161434873939,86.8572581252161,10
155.17297280466502,615.3796112760901,90.83616483438124,10
148.03864679565012,624.6332342848182,97.80641931136489,10
147.90201184669763,609.9714644178748,101.80166453580794,10
145.60049404092413,608.1898366436362,111.36490093394553,10
208.1964033985374,526.1728917583823,112.20579706246902,10
199.08170771854336,514.8261059295044,107.43344319845808,13.511961550334064
203.15697920112456,509.8985090336131,100.42387761595556,18.69962671281357
203.6765482370715,505.3351853051812,91.93081631865886,25.039268506759264
204.92815168204947,496.40894567652276,82.72813461714892,32.135161689247084
207.4480360292259,489.7772871618048,74.628997312414,38.161151619836545
209.55031581951562,483.7432401396306,67.98855611714956,42.89718580395552
209.82213981232283,479.08162079010475,62.64627121823552,46.513478606858484
211.77141919702862,479.1264663776426,57.735469177949945,49.547489481038106
212.68535010484902,479.21609540195846,54.34730748895711,50.97564877745345
210.92601051062016,480.51761139225005,51.08871349931424,51.826029329676615
210.69451288109144,481.7632966747325,47.768801987665476,53.33314242254867
208.75712698283877,483.9421383838302,45.19438078337736,54.08447256178739
208.84309605470128,488.7853497252683,43.591453612629024,54.018885183171435
205.6460422099916,492.92852523586043,42.125813892227825,53.7138817228697
202.95838530530787,492.3815114185007,41.148133736446354,53.06745718721724
197.9100682934005,496.6850975226914,39.84095249079084,52.384897977798154
197.6233756929664,501.3568424452798,38.344752368325395,52.07645566374927
196.24068817511215,505.88451210652386,36.91747708588812,51.564592445997526
192.33331790166602,511.1096694372302,36.683762394438105,49.805265371559905
190.48536164848315,512.2827984328,35.97850226286434,48.86590838235062
188.02218229188446,517.5333879950618,35.07073927196019,48.381244035963974
184.66557106131629,521.5738769361747,34.827921350711286,47.271638281271336
181.2537653125431,527.2556982566543,34.550666530508636,45.876825748954545
177.96522436485705,531.0884574710396,33.74313920346862,45.90586546379974
175.2986020483033,532.1765267454714,33.18827272207415,45.77884781795136
172.16751775654834,536.7707131829214,32.705599253124355,45.76651463879099
168.40714117843075,540.0809758440258,32.658896163937186,45.13319100725599
164.03738169947707,545.1298252152201,32.25690034370734,45.41647180283142
163.33115794237986,548.397034243521,31.33366904206006,45.644586934095784
160.9096410148107,553.5211755217406,31.306371609814388,45.73775125418249
156.82413414767214,556.4475952694874,31.602456392828046,45.53104136684325
152.12460697223594,561.1111053575405,31.503992204271736,45.88128254327605
149.82143246954948,564.9370287748688,31.50595869469107,45.883215215302734
146.37749594622937,569.6798879172462,31.365462314603995,46.10754083771347
142.25697915162652,572.887385820153,31.59352879412952,46.53352937638236
138.3302167778852,578.3499796052934,32.4663721222396,45.79744397895319
134.3000844712568,582.0701856383373,32.21928562313066,46.297044844689125
129.7765707255102,586.1652596071676,32.22393278167707,46.81703332060249
128.82758750096875,591.9846878158318,31.980997903626797,46.8256082768706
123.24611740569534,596.5310746317177,32.123497992550085,46.69600278932462
120.2948087530773,601.8194929685759,32.568829416743675,46.76504013904577
112.87532704461518,603.507210879491,32.859641817432575,45.87808226254343
110.75864664669687,611.5821254057678,32.83045559712539,45.957510793607966
106.6218442734109,615.6998283016095,32.68999784369735,46.73355958413897
101.51360732314991,620.3788903370576,32.86828280989314,46.87115542291071
97.42124248501564,626.1164904190466,33.23849737233113,46.99190920027776
92.57634634856684,629.6172955131099,33.50041031173262,47.22832420059737
88.73794200777431,637.1210340813687,33.977529605042534,46.96786873918941
83.92888796395232,642.496002943117,34.132138623472656,47.12648700019018
79.20034842752057,648.254389212302,34.538972411301984,47.16165824081174
73.3643921858511,653.4873905306893,34.87576183250714,46.5253417688933
67.03480346088193,660.795726831427,35.07168149283363,46.71875637139705
60.69951938467112,661.9501427253066,34.56398216631241,47.47255571385647
55.64991289532643,671.4398923318884,35.03662158237971,47.48490258528781
49.57094119357784,674.4585689906128,35.05119531119427,46.86211483104091
42.58438826484416,678.3595872029705,35.879826185446305,44.61971595286478
33.94430683915637,682.3042875627075,36.91217676570372,41.22340252510832
25.770650110887853,682.4276481643938,37.23116418769485,38.79916176187553
18.671072566339657,686.5824067599682,38.75027224157396,36.07690577067771
12.485051840657775,690.2858315620762,39.9868433026179,33.689770521930484
17.879410498344033,692.5903692333746,40.04817119140798,33.57408430897235
6.150393103563925,683.1555167160549,41.701035921764095,33.027548651473175
-0.44973152480559975,682.0971002120368,44.08494663937961,32.90653266239326
0.5938247600060365,681.2812650730864,47.72829423668749,31.407973944017233
-13.126143164977144,684.5309520598951,52.136699706404826,29.423301336824426
-12.712565007922976,685.3682788841904,57.61524703228062,26.392189739548897
-16.066478962761593,681.6963318974856,62.82926762613144,23.026077952765654
-11.0015337090598,683.7147851817494,67.62897306599348,20.05342626418944
-19.541915259691642,682.9889204960655,77.03263550884041,14.058856559477045
-30.22397004972762,684.4791838154197,85.64977777323854,10
-21.994455427618647,687.1747509464622,93.77590973812704,10
-23.843009388767328,688.1084627136588,101.71472403173178,10
-22.394077279028693,682.6366976723075,108.83092746209581,10
-23.80642849238191,683.1311531886458,118.15307118061133,10
-30.076522280423177,684.8322883471847,127.66612243085768,10
-35.98730141857011,677.5095682963729,136.85392144697394,10
-38.98811872900231,679.5791586264968,145.66023975314107,10
-41.57180040375749,673.119677387178,153.26082706543525,10
-48.56750473256068,671.7724716290832,162.17094881584558,10
-51.95632786293331,668.6730575188994,170.09698942282802,10
-64.86408972417495,665.9422707185149,179.6997617567615,10
-63.859699196721834,661.6668686494231,186.5157878689085,10
-73.10467241938807,660.7093927487731,194.84108339718773,10
-72.6413356438566,658.9814432486892,203.24290391808526,10
-82.33541644655804,654.899375282228,210.3906547187396,10
-92.4405416660701,654.6991508677602,219.15435574217534,10
-76.93405509491407,656.755513496697,227.04049148658203,10
-83.34672451092351,654.207722492516,234.43129958358503,10
-84.4933306730987,655.9260794594884,242.15928964459923,10
-89.3698877727908,647.3465153649449,248.91398122130278,10
-88.69949057673205,647.6582669988275,256.5943011785505,10
-105.20976954882204,646.8273505941033,264.532404441334,10
-99.60342872682429,648.0656307712197,272.99470677561,10
-89.21287509934328,638.6211737170815,279.2439931211118,10
44.9393898697617,646.7880486026406,283.1545510735269,10
30.3700066282604,664.1917007938027,286.86619162574334,10
20.914916742070602,673.6658972278237,288.23382798686805,10
8.484509141314078,681.6771000400186,289.8534608611106,10
8.443731241785258,684.3548880591989,295.75881102509743,10
3.907793411932147,699.766596890986,300.41925632591693,10
-21.968572168739882,645.4424696937203,304.391599608843,10
-16.56770169364006,686.3236609473825,308.0698038414437,10
-18.270719809161164,682.8887194171548,314.6257056997747,10
-25.752009590593048,672.9302032962441,318.9808433604778,10
-15.064516742264516,642.654766894877,323.7426069313989,10
-52.95878100242936,589.395001269877,328.11233509772467,10
-53.54559928032327,581.952540256083,330.93195320372917,10
-66.56417772486631,590.4620054736733,334.1758895727957,10
-86.18847715898443,605.8537605777383,337.2955631175456,10
-65.68728961492079,608.96123418957,340.267835551391,10
-63.23712522218099,592.5554896369576,342.8842690225337,10
-58.1819030052805,590.1348374858499,346.1604412955809,10
-52.046860111745985,577.4947455897927,349.66109506387073,10
-23.764476886254016,571.7303627505898,355.19447695883406,10
108.70058382559185,511.37165150791407,359.9525574394392,10
164.80988579061608,565.9536484256387,363.65472987657824,10
136.36960484823243,576.3196638599038,368.0517674388358,10
137.1491956354757,591.3225153461099,370.12367650537095,10
120.31037410890352,589.5156461969018,373.9919666837595,10
132.24701402858227,581.3481590524316,376.7572023168141,10
134.39899507902874,570.0808880105615,382.392512142801,10
126.2754453377429,599.5115539804101,385.7156490322941,10
124.55216928231286,569.2375366464257,389.8409811028328,10
113.56154471251713,601.3695595040917,392.73243226879146,10
106.19841055959012,593.0501415506005,396.6553501260371,10
107.62510524504575,587.6323201432824,400.0406396873158,10
96.63144965335866,594.4181306138635,405.1517912027212,10
83.99264149385357,612.0157239213586,409.62926332617474,10
99.14695200733144,608.0797574296594,415.4758394427737,10
91.85527304095905,611.1278993859887,420.2504081222836,10
85.80493921538107,611.62368375808,426.04416049023644,10
76.8863605310091,601.4841402247548,432.88895965127773,10
80.69857514282526,605.5195444300771,435.5463383271205,10
86.30848643001485,615.6787222102284,438.76488264269494,10
88.08566551513584,607.3466308787465,444.8252219288128,10
93.09571488307967,595.992489643395,450.0020311900565,10
110.58550639718541,585.1521280482411,454.6345544850872,10
135.43583731968835,584.8734484985471,460.0033773507747,10
173.20205430516074,573.5523606613278,463.69272987885336,10
241.50700986916576,532.8526650741696,465.1608827156871,10
277.74874233525446,523.866223461926,465.7819633767714,10
296.56713770418,536.4628688171506,466.0501065683637,10
300.92852685726587,547.4426881149411,466.6670413588106,10
280.7473782361561,551.5031815841794,468.03169989863744,10
297.4848632102586,518.5443040207028,468.65211645555956,10
288.0321422812771,527.2081157043576,469.5336535131074,10
288.3914759351351,534.0661188438535,470.0999852183386,10
286.20047170211495,530.9364413097501,470.54878521880266,10
285.7577386054261,533.887728817761,471.47949856835334,10
272.78962481444546,552.0368872955441,472.0172733915256,10
285.43280431433107,534.9029723480344,472.62633065151994,10
283.7093625907023,548.8952561691403,473.7080958336256,10
254.14043366136247,538.0501862838864,474.9057147396685,10
268.38920781901317,560.7304536178708,475.83150817546573,10
257.74560717549207,553.6945687606931,476.6825255330646,10
258.1862713462981,541.2512017562985,477.5042702162023,10
269.1723452414347,536.98042691499,478.24690704812144,10
269.30413195905453,532.0481668785214,480.40074160238373,10
258.4786662688607,535.2847582176328,483.1111898895097,10
259.02273537587655,525.5317484214902,484.2998525463733,10
265.799487685905,522.1712688282132,486.3757968170026,10
260.38082167130744,526.503374941647,487.47034243872696,10
262.920757966698,523.2644697502255,488.81715327384916,10
261.8457514229051,520.1268271282315,489.67002218685917,10
275.55425601185334,525.0697883442044,491.43762146843534,10
269.0514048266009,517.2642611339688,492.33422158979465,10
289.34910465913936,516.9411416426301,493.6105565438584,10
255.74996759338975,522.3852939978242,494.68648570465444,10
263.2486503567398,528.7316327467561,496.69485176059595,10
254.6906846051924,533.8579469099641,497.8084715571478,10
245.5576224929915,546.1803651228547,498.98555884002127,10
241.69985593926535,548.7567932978272,500.05942791930585,10
236.38451175054337,543.7174060717225,501.58608091924737,10
239.33471966495176,545.1906425133348,502.39584441934903,10
241.85440197319875,538.1037971153855,503.3349415452562,10
244.49849184403448,538.7303628697991,504.89097242827955,10
241.9816247901921,542.5172812715173,506.0160575682214,10
238.84438544214075,534.4932954087853,506.4567192591666,10
234.95485006454518,524.3812968507409,507.1007215977623,10
234.98656085978664,522.4112349525094,507.64699365371035,10
232.0557181919426,520.5138491168618,508.5470062065005,10
229.25461913689864,514.6952956691384,509.1166182188711,10
209.92250392839014,501.5863793864846,510.1392012970209,10
229.141469591046,509.23579201847315,510.80295072732446,10
230.06220701766057,476.9721163287759,512.0026223908952,10
261.3547593523112,469.46555457264185,513.5345297455198,10
291.1009896598737,427.7122319713235,513.7513739399651,10
315.74154368881244,389.8647740855813,514.0490393806227,10
347.28447002574615,388.6652006879449,514.3321480409838,10
372.55603622248583,378.8131041303277,514.6213101116158,10
390.6486440955196,374.6979903951287,514.8451825003139,10
416.75201771430324,384.67403028160334,515.1622504177759,10
438.58585585499713,382.8737207427621,515.3983789154408,10
445.7109570361229,395.07391891628504,515.6318229460115,10
468.66899631391215,412.27589378505945,515.7763217830112,10
467.078815519734,434.9370113387704,515.9011816719199,10
457.05992972759066,455.0053840652108,515.9400385375786,10
432.12806761298106,447.05048570781946,516.0650733441904,10
431.08625353063974,439.2451439872384,516.3720414241486,10
443.7601602470874,441.11003003269434,516.4832371617855,10
467.2654151334748,438.29576740413904,516.5414377161592,10
463.1920536493942,439.8643163219094,516.7084396149844,10
445.4744431560772,435.62902674824,516.7615118589426,10
441.74725974418004,429.2386435046792,516.7849905067726,10
455.33825990606624,431.2601173892617,516.8604879704758,10
439.8828687126536,412.3110016360879,516.9538246022962,10
439.7976185528578,426.93441281467676,517.0574323873934,10
433.5465430166991,426.9731408506632,517.1547878130433,10
439.56207682297884,426.70438961684704,517.2741709069658,10
456.60531970564415,420.8406811207533,517.3242093420746,10
461.86439451980954,439.3277130573988,517.3781470016467,10
474.809736253755,442.77842573821545,517.3888078330722,10
490.586034102557,444.5986199826002,517.3962173234564,10
515.4458579153336,435.7673141719897,517.3858592486845,10.007706302007186
503.4039625695469,473.2672999465803,517.3807636792716,10.011465526751799
500.94501228915703,476.16234346385966,517.3466002027283,10.037292646245806
499.8489020353516,474.2731539176942,517.3578207160612,10.028607424688218
515.0276000081865,465.39421599387913,517.3737825432187,10.016091808084854
523.4117150221884,471.1811234103452,517.3902452794968,10.00361921453256
507.5913797868224,464.39803998172283,517.4177413117524,10
509.5405115033123,474.65073697268963,517.4281149255866,10
512.4444287826918,461.4374419897795,517.4558135089173,10
523.9881103435148,485.7211538675419,517.4547979672276,10.000771587492784
519.0633432655359,479.1173435896635,517.4599231342326,10
522.8986864373078,496.5720045828828,517.4545457430203,10.004202641246879
516.6942132542947,474.24617163836956,517.4867754952769,10
516.8322813507611,491.4289643019438,517.490209226222,10
523.4850335189831,503.82626597583294,517.4987784524001,10
517.8560198483638,491.8191849440336,517.5494207304672,10
520.5678515841922,516.7113097712704,517.5400214609283,10.007391580877918
519.1007353217315,505.98503939807415,517.5783189272561,10
526.8219417835737,513.5933534353971,517.6595523582469,10
515.4911180703261,515.6739370077848,517.8077720503671,10
520.8049744402232,518.6480256766081,517.8490246502336,10
514.2701076224649,522.2379500120878,517.8554304964434,10
515.9853005503758,538.1635166853666,517.8891461935849,10
529.3621376025103,537.1643549650908,517.9389865699069,10
511.179299386842,537.8965642303228,518.1307890998762,10
523.9754779384848,540.1505741924047,518.1876610462731,10
522.7192625530367,550.8536410182714,518.2284259579468,10
514.7646938803773,540.3960308879614,518.2533279211857,10
525.7966344207107,544.6240410655737,518.2730554678384,10
523.882971679063,539.4298796504736,518.2912879526291,10
531.8802667661096,549.6139254420996,518.3220483492146,10
514.3548541470852,532.7555689662695,518.4804137178784,10
530.546329450922,542.2764344066381,518.509500005957,10
524.0085018226166,543.000224635005,518.5956914564155,10
522.8345529083604,547.7916522473097,518.6291023044896,10
519.1062338722725,532.8061004132032,518.719706345751,10
524.3905686563932,548.5717750042677,518.7929683113232,10
526.1362839322911,545.5788987129927,518.8491799905148,10
511.57013273119554,544.8878584355116,518.9803227247372,10
511.6297147542765,542.9231747835875,519.1033687687357,10
508.12158948649807,548.1758851259947,519.2884711567095,10
521.5621990011174,534.6029500216246,519.4013450687551,10
522.7186540854485,538.9612077921629,519.5684504163739,10
524.5454070763083,535.7327846735716,519.768396878731,10
524.9891494498521,536.6004490107298,519.9788776105404,10
529.5112093601088,529.392260953784,520.2215629429203,10
534.4762763858298,524.59521715343,520.4392198002914,10
549.9186246145384,553.1535362452269,520.6516760528352,10
528.7141866864567,538.7254518717527,520.9926388535787,10
530.1870757159527,526.5817131251097,521.2114897771306,10
550.2953957734574,527.0589308589697,521.3329844277463,10
554.2040790989952,530.3207952827215,521.4717387445359,10
557.528136902497,526.4096217006445,521.7955379057511,10
567.8858655759738,549.8305201381445,522.2964253921716,10
581.9308305247534,556.2862768024206,522.8287489125811,10
576.9535167256287,556.1792773455381,523.3232687074858,10
588.6705091497763,578.0573653429747,523.7421166533801,10
600.5617477777541,591.1311778277159,524.2399948509157,10
607.3153071916375,601.4314727038145,524.5791942680828,10
605.0431480336383,602.8258423060179,525.05613501679,10
620.7770640088265,606.2227484434843,525.4405922662426,10
616.327736625887,605.4992202371359,526.0171912154713,10
628.8229041873851,601.1831039041281,526.457384733222,10
629.7058926275745,597.1769112199545,527.0825185114892,10
635.040179834257,592.0790051072836,527.4381378618571,10
640.8251474896847,582.2468699067831,527.8800710278691,10
654.1998100364864,571.5057171434164,528.5345659721077,10
686.1934300498272,547.0806244462729,529.2825706964027,10
728.3960766667599,523.245901927352,530.055240719373,10
736.4734983685613,461.9586514085531,530.2621202619373,10
777.6465906231613,376.4603527635336,530.3576776960969,10
763.8843011919448,383.8795072336611,530.294451764218,10.04469810930546
766.3936882924959,403.2624976359999,530.0756124271603,10.196407581727497
778.3671035606627,401.6896102910761,530.027829742389,10.228899352645062
773.5658608224259,399.69268061002293,529.8154081448881,10.371947710112739
767.2124429808193,405.17024627687675,529.7359860842658,10.426650665955925
767.0259265885389,403.55035344664157,529.6087490385996,10.511639726084454
773.7315391416882,412.09972797110197,529.4165009067884,10.642764334390211
778.751101697691,408.9231187544995,529.2214977277664,10.77372229243646
777.7321831388754,413.8857858342743,528.9422495792843,10.966161188917065
780.4777063104043,414.6931590135666,528.7268689962666,11.110013277178474
780.9514712738421,414.68652142853426,528.4707626643425,11.28683517335081
784.7655164900623,429.29948047041756,528.1276096136468,11.514324377181865
782.9303369763147,430.0015120916136,527.8407526167431,11.710133843110361
779.1319547287917,429.59544739534357,527.787729208957,11.747269517979992
780.8724552389843,420.3897709886161,527.6749120398138,11.824191636854914
792.493236438117,430.16105043010134,527.4740639054645,11.961348864113859
800.8757032669106,440.0680089348469,527.4414224231703,11.983083252327852
797.342283050212,441.68699072921186,527.2944843607788,12.087454649331
800.5592148933874,438.88316125874206,527.0774866908158,12.239296844512541
812.1561652643633,452.6730025768389,526.9178972434199,12.346744182684171
808.765162848015,457.1753141042036,526.5049643701228,12.645724300256946
811.48878871027,458.6371114249331,526.0409637404309,12.980577067474073
813.1519868789358,464.5165803781114,525.4095213215566,13.431569581039287
809.271312211192,454.275800753876,524.6619719219976,13.956128097088296
816.2560029974388,462.73685479728886,523.9798418219771,14.431765142708802
824.5576511512683,469.9654613957412,523.5082441227166,14.762028485415971
821.1322116258267,471.8418739242112,522.1954631241613,15.70818709775697
822.4381232270784,482.1457513246717,520.8093796391412,16.67420281990725
825.4063410647423,483.0541324900458,518.5368419549941,18.272479074821963
826.7620301568816,488.2978805083286,515.7826663915199,20.21419370109811
831.4006932704235,481.58582672895324,512.9624581987988,22.22033346352317
839.074958800682,476.42780542067067,508.1999447469244,25.674645027689607
845.3518173463768,491.10883921372863,501.4880250073718,30.52180595719865
853.3345088542302,497.32694576740175,492.6068395128748,36.973433120848505
863.856880041459,494.6284353684429,480.7818647089128,45.66037401039528
871.9193759434769,491.74357050376153,460.63810030279575,60.975242098827835
893.8992607152358,488.3849955868027,440.25036368774477,76.3653464920717
905.4301149098447,488.9525144541169,420.03507248717113,92.57272552074888
911.9619850193811,487.2351387908287,396.5348221820389,112.05150799051378
925.0494271609912,485.86905916373104,377.89149975032024,128.3324000022775
945.186783711636,486.2820818948639,357.28868453721407,147.442845552585
957.4651626024008,467.28628177306746,340.83789618470075,163.7310594894152
969.0438869192685,466.926718948215,323.5313882553111,181.38770802730366
965.0847950874271,456.60955578565284,308.0223563428219,196.70045680344728
976.9834774349947,446.1740990406099,296.59575256535027,208.51275460902383
982.1185534995828,450.7888913388646,288.7358387021652,217.62645080475096
989.8138499340621,449.15897964478523,281.4819426486975,226.95832857904847
991.762480330113,454.06781828912307,275.30883036848223,234.85065991158865
997.6887553047317,458.3684123806895,271.91135186852466,238.49984556878783
996.9022235801638,453.64583546756114,268.66640069592574,242.71308058324638
1006.8750453449891,454.7747146386447,266.82176462782314,245.23928306032377
1005.8641333107322,453.0920681584143,264.05962692341814,247.85707154805195
1005.3098035776009,455.1366397957246,261.613860434862,250.36507573818352
986.7631744306481,447.8333170525042,257.0735738068927,252.98008399470496
1005.3963624894894,473.125486058521,254.44672787109477,252.58857130005416
992.0558070806853,456.4922802555552,252.20189531406913,250.3491769367474
999.4413455633256,452.7080495263146,249.01119688119817,251.19875201980142
1004.9371524713796,453.36377998108617,245.0059297867395,250.03998003075623
1004.2137469138532,429.8906026490263,240.1320965231301,252.75572861577433
1007.8550839950489,441.31434624440567,238.54712238438987,251.4017736058018
1013.1465270018708,438.24335221846314,236.66525470418102,251.72750418088017
979.7252370935747,427.66210681999064,236.08645543141773,250.77894341837688
960.801768306101,410.66045163133384,235.30889654640413,250.63150840384478
977.8030818269193,421.4163529601837,234.0183056375802,250.29980904814707
989.4982669655394,446.9932918752613,233.36132998314278,250.49877927097035
980.8506486654587,431.4552279732952,233.15959354558424,250.51288200471205
997.3824074833807,437.6375942740296,233.07865800202566,250.49567213883907
985.7743779013306,446.33459710725543,232.94909414976829,250.4724130849362
990.1063625653991,450.6377462019385,233.31859116074273,250.3167469909069
986.4046814942246,443.0790939269423,233.375169188254,249.99456694464698
975.5836195012098,418.90931304836346,234.2370426249672,249.29395612490032
965.6934202637109,401.3303115290636,235.89892227061935,249.0274749105704
982.329960965488,429.09611161006364,237.4327408914791,249.58644329105067
982.6563648738907,396.5897174454389,237.7585480606166,250.6273154215697
976.3572320302233,410.5596409210966,237.59156068093495,254.02413648478063
981.1396334289464,403.39918391677793,236.75966041034405,260.18205420130386
986.4038751184307,430.40080352036983,236.55164688763762,262.5415431130165
989.2009552699911,423.9482774704571,236.549214794966,262.5568437785157
992.860020512403,424.44701331897875,235.269648992149,265.9465695759793
998.6742885139611,427.31822909300047,232.8059937415964,270.72270225217903
1001.8130987577784,403.48495085711204,231.89104081453902,272.9420121724422
1011.497488431514,404.6174411450153,231.35036930093045,274.6471820673694
1014.6799537427934,403.87362666124943,230.0199097133753,277.68893717835664
1015.0022717883933,402.8797591340195,230.0898321043455,277.51094676322725
1011.834649995049,418.6540968784723,230.37742630748923,276.90717369436567
1025.7446072327346,401.8081240985639,230.62899162948148,278.1340199194655
1034.042405133125,395.3163557205546,230.52694326827557,278.9464703641438
1025.3559889204364,404.4027943992372,229.70321769499566,281.28778368060665
1010.4419340007885,405.1085636234912,227.63586740550718,286.8775441365177
1003.2123401824832,398.4780500422698,226.4627174719273,291.0278039344586
1035.0391371872674,408.7879643906397,225.71861595503492,294.1036615780509
1027.8561866568452,404.8282859220234,223.76385928577653,299.7239877344912
1025.0064965752244,403.664698381363,220.1819694218577,306.55999336314466
1033.4584697201947,397.2389546241453,219.65986288411443,309.43787381428655
841.7577267915635,293.74060757119133,215.22229844840777,310.6745886721477
774.6099368347219,257.342966004926,216.46389276638797,310.92726163622143
767.6785985436414,243.88379538008607,216.79109171030424,311.10855569046663
625.4736467763443,132.56884788347287,213.06165198317984,310.5191818848649
591.469329184169,155.40005430267587,211.0478491182138,310.62376733747453
619.6474089883042,167.8458570275844,211.07284643133042,310.6964219889758
599.2358388346561,164.49579521301666,210.45397395176133,309.93188068204563
621.0192033712837,160.9667230005478,209.4227177483792,309.02367312105196
615.9511880295067,165.42589744777132,209.46484775139103,308.07913823722504
623.8442262576773,165.2593365899165,209.02164200733034,307.3012113737187
577.3801560956298,163.9484916695279,207.88648124499954,305.8981915129578
618.9739874971009,149.89183539548895,205.52219032926436,305.25823486547904
611.2300196178705,166.1825416558425,204.4702014661429,304.81162993144187
601.7075245302381,156.91087726619452,201.91589697893238,304.90816610819877
603.7509106160196,140.33155409432905,200.51709830666738,304.69310563430275
623.2118883555496,116.37347757218504,199.12005661544916,304.0396976739521
604.443092166667,180.9545698115823,198.62728018828267,303.41801002132945
609.2771988766495,142.46016475275272,195.9186605412058,305.2375086155511
600.1112886337507,148.00420511595033,195.26951827370755,305.080236910152
593.5617406075569,158.85144278764264,193.19896424827527,305.41896469176737
579.5296410096504,164.23428465416222,192.63675582079742,304.9897191377443
609.6331254054787,155.97684779566242,189.64523731600593,307.67655177808376
586.5747037431943,178.87260940345607,189.36169764496947,307.1322857951625
614.4759254210056,130.39356112635076,187.83846724100678,307.12474514234185
590.5174802889367,170.10986646408452,185.87802291041822,307.8358722598431
590.945989120467,172.62251561922628,185.16570672822314,307.4150442025503
564.3810661435319,182.05715751846625,185.02001709859695,305.89992834230276
561.1286680372572,193.6825297525683,184.60579122786407,304.2143045711201
549.8233240322866,202.48753118166778,184.8388566334351,302.41665866177374
564.7739648807752,191.89439916209238,184.5649915471757,301.31408908276046
540.5048058819042,199.46790453981916,185.17090598046465,298.58092148221414
516.0356194971528,220.0887916821629,185.3813696618327,297.90350114039774
541.8871648319857,189.6276340539378,186.33523471116075,294.7166016141331
507.5556701061088,226.82408141562743,186.92473783478982,293.11062553089056
506.83619278098826,250.44467080293325,186.9219143020474,293.11703586760706
495.6469365439462,237.3715427489045,186.6396220275964,293.78653111140676
468.38691597637614,252.66427577102363,186.62002082875208,293.8263053930962
470.39084014350703,208.947083311596,187.5677865844561,292.26683960394365
443.3092393924219,234.3432245993835,187.62228447334522,292.15418349321243
491.372824546225,190.6059281716189,187.71007998605145,290.28191355577286
464.7331190677013,217.73891279927744,187.48718686595043,290.64485055045577
399.7177118426982,241.18110632922927,186.8695027808004,291.75431419855994
397.10570524025263,240.51680293874296,187.1521602804303,291.35797281173166
364.7789802987141,243.18392973437633,186.9655756786441,291.60732069522686
350.5256832236847,251.54072043160798,185.8712958815593,294.1477180300116
386.1054187585885,201.47322100576366,186.11422196751352,292.7979146356065
358.46584426829816,227.81917771200813,186.42972882773284,291.7434066186254
363.02523114298765,205.6896105323883,185.58193019126887,290.82191124764046
413.3829904471729,137.90841927573067,184.82706679530062,290.6644451281432
378.1534373461682,190.9233866806004,183.29124654467336,291.95546368754435
370.9239224416197,189.9603137372433,183.6953084735213,291.13668645948195
406.7605822051189,187.88043399184298,183.7033701721088,290.82063351513244
414.4068629533505,172.02775519621514,182.4075814417589,291.36175122296527
404.0589407961736,157.75323057597774,182.5952985435883,291.3141036098024
404.4044039366415,109.12157418022679,182.20327870815586,291.9092035106793
426.4813706122355,85.56737355632364,183.82396159842293,291.45534126971603
413.14157154171784,78.07105539904256,185.47584977852068,292.6512723383065
410.20235538733357,87.70141064574179,186.37274808307782,293.26092126568443
422.4264469390189,136.16599829252942,187.38761200729508,293.43135534710916
410.3525931055715,81.23699574642907,188.17513214367233,293.0543903465364
415.18923156236696,129.75532381684505,187.87992224668287,293.0801960587318
405.18863433124454,121.77248900604201,187.21653922479692,293.4976545826206
404.9984489339797,149.53320510393542,185.8889759973768,294.98474823522247
403.00219176719577,112.83984579042254,184.21698198820175,296.3732750287521
382.4782898179027,112.27951765674203,183.58386623957114,297.29377652967275
377.5591578892501,115.09596877630287,180.5427174458142,301.0656270218743
378.08121700582166,105.54273723841308,175.79923097422207,306.1475835287452
348.2906888448957,108.700395644656,169.65136731316375,313.1948164980587
342.8930270815388,78.85356741328869,160.25899247561978,323.8709520562523
378.20390004366106,62.00953770455234,150.87839645371906,335.218715682099
360.9879234508941,35.40810030502655,145.1393329461377,341.26944891010567
360.4033713107904,47.39557128568333,139.96655452065656,346.6236943419806
367.77087884048365,37.722619629641855,131.54541227544857,355.3727720543931
375.6536219639343,35.344139976957905,119.3337735798931,369.33336371449735
377.66160794358433,18.32390820834297,106.19487300120834,384.862514766986
347.29131592712736,3.4868405029201597,93.69764880658322,400.08732175528525
392.4576646620069,-19.18998154604185,74.1949455384843,423.6040651421497
415.3324304841544,-39.00102515443996,62.98869544936504,438.49106973260314
385.62163772105174,-52.14609572994732,45.321352752914066,459.4129381022458
324.58633642729404,-64.71211361061489,26.602663958593602,481.3315301074774
300.12844815643325,-57.73472064763726,20.316555276926422,489.4084023541296
288.2729031780419,-46.342092584614306,16.17217839105789,494.89524476934344
275.9852635826264,-52.789881161782006,14.546444016825347,497.13689793533655
266.42671745379226,-49.57662450398209,13.039896214068836,499.2028629904032
265.1243928933271,-46.42916214240552,12.481440800849896,499.9580595746231
262.67015315323704,-49.13049017812784,11.946007774926567,500.6881635373031
259.29453637320603,-42.99164164522628,11.979169397427501,500.6430046947666
255.85080650198242,-34.560657069523046,12.093558327649443,500.48945152846755
249.3412705395773,-36.894798178826534,12.575167064288308,499.89437515408747
248.50458441222202,-33.4111250919959,12.218151678999462,500.33866676347674
238.4356968054607,-36.403873007332464,11.712435147526955,500.9590097583039
246.96462733737457,-35.1444770438228,12.029308962239288,500.5765656019755
227.7476365317044,-28.179481549105986,11.590369583589393,501.09079134075233
232.09233113657095,-28.150193264397842,11.113052746292768,501.6838012443242
223.58185893437928,-16.101447511850523,11.2653829538988,501.514805146334
223.45212556680295,-15.147926616322707,11.329355528995313,501.4492307358021
215.68742269047172,-9.320675737203402,11.087527723002982,501.70239041555175
201.81220982753473,18.36981215074522,12.511342883691434,500.20292251318966
191.55524006092867,56.55526335964868,11.62955907400807,501.0661891017304
184.09835333857782,100.8692185235422,11.474839629305468,501.2431264912285
170.92230106727393,161.37604977005478,10.849521457679817,502.00792926919945
149.74438371922255,203.02877956711515,10.017699751194723,503.0127266330865
134.31153936216623,221.31937746081874,10.897937720678442,501.95579994968324
133.68635329698114,242.0042518131945,10.337724709866697,502.6418640806251
126.53720484487712,257.2517411454455,10,504.0692582341162
119.35431555617495,245.22417059884387,10.13106216199907,503.9250928392824
124.95792303793132,236.22618727272754,10,504.6651257299184
136.3460932802409,250.64010837170568,10,505.13894597703046
114.69350336830931,266.80043614140254,10.047142256724495,505.08321734803707
120.49936877004802,254.3556980886404,10,505.15036679340517
124.0716334413737,264.1518336766231,10,505.37521330847983
121.29471905298821,260.5016855599754,10.120959342414283,505.23671254470486
125.87505164419875,265.56322957683193,10.320285233601616,505.00015920184876
115.3748575194241,276.55506174246034,10.580065267818895,504.69347393553335
116.32463858650326,276.7780707956475,10.935663226968071,504.2601347494503
133.24103327103577,269.846259186401,11.091116960930393,504.07538951396384
120.37737189511724,285.64711711227164,10.848974457030147,504.3699653950107
128.20466150488068,273.7212205184347,10.986446552810907,504.19967148551666
124.55161097658987,282.6478286193527,11.321871664110503,503.76883000902234
119.10150211926822,289.1937229968337,11.593857376495507,503.41225167276167
124.23840341483711,296.78640630711135,13.019048468219061,501.58186361360765
124.05664379671907,307.9501271011107,14.509934366480588,499.66413577072615
112.11329579485773,315.5591287273726,17.592558943811675,495.5108631624285
127.35244007348624,310.9199236326553,18.660075363971664,494.21161565227806
119.23333258334088,324.9789509965417,19.924835868859528,492.6917111778012
105.71709981361361,335.7997839999567,24.02721908714707,487.41689316291456
126.00149598876969,332.5689596356967,25.936572336200165,484.9801349090127
110.043004490284,335.04865339472735,26.167800557170562,484.6966735994474
97.25837212097429,343.5577256093891,32.05692384681538,477.30549087819276
118.42405802094403,330.9502391718687,31.825642073731355,477.5822656636339
106.38466709931257,336.77854937819734,34.67159196203825,474.1625656077272
106.77169348232714,336.5242507638,39.851413784021794,467.81639885184165
126.39171908365049,323.56690540297444,43.72575772297667,463.5592775159977
142.19471682518133,312.4949287505427,47.10882931755171,459.8428468334343
122.94784449085657,316.67553998549795,55.820601101069386,451.1112332628788
131.92027762711226,330.0352205466039,65.87256481513026,440.3720509736748
134.18056488678025,324.65740122670536,74.92172963753013,431.4436190263136
139.7569181335591,323.8772869099089,85.85998650761985,420.1140981329291
160.9395212684251,295.2604006580161,94.45463817856174,410.64721756054263
137.25073350546367,308.4042031886251,101.16042262782442,403.0902471886558
114.57441047719811,344.18773576028195,116.83508826138188,386.34025205266624
133.26549536821503,344.54833063789874,128.96869606723868,373.25505434760356
119.7358002700172,352.07501588605146,141.21887453267732,359.2359972916211
116.00878025350472,356.519519067252,152.83858543743688,346.51258765277646
131.00156807222402,360.0405943397974,163.44189224628735,332.87120777190086
121.02025448777057,366.1482087735737,169.5168860915248,324.95822785912117
113.27959273606774,388.48583931061603,178.68955147191411,311.3936902805199
115.15079291743923,394.11897822339495,184.66046707291625,302.376361744284
103.44242319833783,406.5266862332574,191.83848275623623,291.57438681037445
105.35304127102897,414.0019352317963,198.11182916853218,280.8761857378876
104.68754065687342,419.2607609971196,202.6936491262439,271.1096387409135
98.51245908588162,426.28913960767443,206.43766545578856,263.6018765378092
107.99431656942275,425.1427557485629,208.2904559208352,258.24671935597735
94.08332932486033,438.461842273782,210.69110091166903,251.83228020751662
109.39660020001543,443.51362932771144,212.33750838010883,246.53309891429396
115.24210313599302,436.4903271475629,213.49799729727718,243.0680226715638
106.86888212892816,454.2162361971311,213.26138038196353,240.57033283780822
114.27432120111781,449.1733288107921,214.03210338046753,236.25713981324498
122.5263142513712,461.4681703247815,213.88855085845196,233.02334324461674
121.76312791317856,466.93699959960514,214.58177904888677,227.36179200621825
109.04181090780492,475.8663358272712,214.05103583185087,224.39411648386957
132.43891624476703,469.2163095941238,214.06296224288755,221.28800287350413
137.8638782908987,484.7840284246889,213.24547547514814,216.98806592953704
142.72320229656074,483.82113523903706,212.46919883223228,213.19090041180266
140.1820121068447,485.05067289600083,211.68205950112358,209.33440087683633
135.56911000884168,492.7309447383624,210.08917816551346,205.74932983310435
158.41743628945002,495.8684672259856,209.8924302368651,204.92660877143214
153.65853503563955,495.2804978246745,209.25523587253784,204.5522156238667
279.98696055713043,305.42774420706724,212.09887311080607,199.78927803486255
366.44348111578205,210.84873269986446,211.06106087533874,202.36252321723683
365.257405333931,226.12861751482916,210.0600783028409,205.42821898037377
375.0147727523308,243.0007306452072,210.96175391220825,205.9972175120982
381.55776945273556,240.2129585203729,211.20351453208966,207.64902089796675
375.3838057492171,237.49627690308918,209.31914022709037,211.17144288936248
373.8457634546639,256.64099887511946,207.98443914114807,213.84826176268476
374.3178363686767,264.3503750787919,209.10924015150135,214.6450092332696
386.69084202999795,257.9988379113188,208.05337241406392,217.97022063791792
401.63878163183136,258.012145740129,206.81451759394204,220.41046217519812
382.9060939107994,279.52192868864176,207.94446289074216,221.08272977426626
384.1344801724185,269.41095641888734,205.2058342776737,225.483596013299
397.9444915452913,281.1125546145772,203.88911429682062,227.76650344272002
380.012459250937,291.8699392760744,202.94477205569524,230.24851260788492
400.9349299448962,303.8684833875162,202.5862389014194,231.26608998863887
378.75581664238877,313.5987759018043,202.8216627720593,231.98593823337825
391.13115121011856,301.26778076737423,201.21734831189264,234.91471507755574
387.1145806147143,314.3828394524603,200.7838442619175,235.828066564195
390.93147002454043,315.40658876430274,199.40824939841156,237.9791911208996
408.3410325412578,336.56676193470037,198.10950629246705,240.01676256574893
391.6744202717972,325.8813709343377,195.9276131861245,243.06904595502402
409.98498977549633,349.2622820723291,194.60918566554267,244.6524881138556
406.8127911068739,340.86020001711915,191.58080887864207,246.9867540003986
393.150972505844,353.5224744950743,189.96941228248406,248.5396960418028
399.1315022772393,377.69087372464696,186.95036457288444,252.0033583980871
397.3714529632257,358.47909627150125,184.6647819722739,253.03934769158553
371.72103239930186,385.8728601957647,181.495473106225,256.1808054387618
376.6889165442911,381.20871579380787,179.87423423519192,256.2810268446042
411.3438093765076,407.452829841897,178.72034761861053,256.9924981502813
360.42876815105376,422.27898283043135,178.2236402135611,257.23007902929186
391.2448441091311,384.44549242244534,177.62617533964274,257.12233297758803
388.194815460633,403.4321060976034,176.25734864539754,258.5783468076918
398.72885947220044,368.35230104828156,174.5355607473847,259.05729284383546
411.59212617251023,390.10605773948134,173.393225344812,258.94111780982456
402.60440937188895,396.43574664375285,171.2766770582372,260.8910692249145
409.8171814565036,401.86761334904975,170.2527241899723,261.9586235798236
417.3190860084918,393.7956496288134,170.11585749169646,261.7824197184163
407.5099201458129,369.2172205337256,168.5757553028698,261.5366060946272
422.763764430406,377.4114389555455,167.96700777372251,260.7553956227524
424.33511153633583,374.9586661858232,166.57279125923537,261.2961230660362
424.2721857552126,393.7285120534329,166.4823562367469,261.0179479018617
428.30195962402547,393.67997195911937,166.3348554084534,260.924260459554
407.66614004968886,384.5811171721651,165.05234111474385,260.85365567189035
401.32203233062774,390.8485008838695,164.46908839032946,261.4003854408643
417.2461811165453,379.92639861917024,163.8595794232307,260.17611615434487
415.55451685712876,390.4059597210594,163.97487753701918,260.1125284659474
421.286404620382,398.0988019974228,163.7064478891138,260.7217827636234
410.596360484432,362.365142647839,163.86948560864568,258.7804405741192
414.5617532987402,385.9534674984777,162.59021641755973,259.7222334082422
421.2233731447993,386.2086019137178,162.4228042477193,258.76346281203394
414.53896733661895,371.559972379138,161.18254890088429,257.95745802621315
412.69920961928676,397.8194535873264,160.42644498130068,258.7587394452856
396.78305100799196,376.27975272850216,159.20936187430038,257.5291583138129
391.1101883523733,401.60673264393637,160.0865107542633,256.20485699124526
386.7231741354178,395.40140833747944,159.43447183587935,255.46276989401508
379.65682109586345,410.02977807305035,160.668273114573,253.12815147084694
369.7079719404014,427.45259858027123,161.1723366293545,252.0937363475184
395.4434761819065,420.820361477143,162.8768957732975,248.97528361285688
409.27827319196,412.5868687086037,164.48288120570513,245.71382028213773
457.8729893497095,436.80117419671404,165.37970682477646,243.8659473735439
416.9445111831301,442.0666426653099,165.85446100949775,242.66973581629594
456.81345233064974,439.72180932448646,166.82582248887257,241.1187308632689
469.9179911509746,443.99949107259306,167.81667694661144,239.2774176600244
451.7225379346939,428.45081705536506,169.01646323146784,236.67403632436324
450.9494341006437,433.5431334692265,169.2793507110458,236.17415214623747
461.2595688172602,430.16031244232806,170.41017037388227,234.12702717122582
485.82509417805323,397.76697260528573,171.779276054884,232.25573260214637
479.60391753778646,405.57774956913875,172.192815973296,230.61521009228701
518.1075478606176,405.53299780900755,173.10541616747736,228.94406464671385
542.6103715838019,401.2403148708147,174.25223072672404,226.94417966860735
509.07869496610647,417.9445456136882,174.31286789766176,226.3083698552236
516.2152043751342,442.8586023040814,174.1283786663982,225.28117886823614
508.204088032967,437.62244748789016,174.5953573681888,224.19266124536952
521.5343221555179,429.72016293678394,174.9887145015049,222.26486760038955
487.9244099938599,441.1423718107496,174.97221069982098,220.85931742142805
532.0748202180546,410.39796828883277,174.81165666988852,219.3125600426543
536.7967349459092,388.1068374024138,172.7902052773813,219.332707099916
574.6119404269614,378.57536939915246,167.5353131141051,222.88195215795233
565.2831825026517,407.43370689991673,166.2513693069626,223.3334328265899
572.1073320298909,399.55400128920394,164.4120969706239,223.19586853074253
582.3299669528889,391.2981202421298,159.6642520132389,225.52578972828428
540.1918261613669,425.48450388289484,159.97298141122417,224.53284422409794
559.3129439012467,406.69028247320296,159.31086220343713,224.25311153688997
565.4842657856921,401.8503174933951,156.91980229685134,224.69439785026543
553.3173821919345,423.38145897467814,157.0704411274329,224.2943005566447
571.3166368792076,413.22141851245925,156.11340514155825,224.59902923193695
582.0421767853716,408.6047869366512,156.45846027796102,223.4293373283163
524.3194298148343,444.32071454233443,157.13318700712153,222.04317456079738
557.6782323997204,430.7325763699777,157.25034441059137,220.8629121329278
542.0177337089315,436.57667316804304,156.9341233168274,220.22439161724148
553.8426089420219,425.3412649630279,156.37808279632526,220.2045502208752
538.6299356621759,429.9703012181717,156.04854272882025,218.71827870546082
545.430082779706,438.2920543017797,155.69712029704354,218.69967144876728
557.3878728584381,432.16789000466844,155.07569526042906,218.5698061877041
541.8754652617328,435.46078018767264,155.42001614536804,217.41415630341564
550.3161342133128,441.1107884880484,154.97277553224706,217.0564319161041
565.9466890396419,447.2101621286332,155.22090316901742,216.3493399846659
559.7732521618242,435.94282810732363,155.38769555716016,214.9600215923485
550.9569136585524,443.3260227210726,154.9345933736404,213.3984119897896
534.6113949146488,451.09899508814465,155.0265402852755,212.2715832758481
566.0040307762736,436.6737740527146,153.58369486207485,212.6601036548137
547.175128396299,454.9779245594904,152.0562884403835,213.40206051479723
566.0972826425451,438.14871599351886,149.28762157997136,215.62647381678426
557.3969778085948,445.83888185069026,148.50977780243736,215.90689630623785
540.4715068388117,457.75116194974936,148.2967091218863,215.23065344515578
557.4450476684822,453.1560083964863,147.65942665688132,215.42969620842018
549.264501074555,445.29246626262335,147.6688924948822,215.2484219022325
576.4390565327185,444.6466031375371,147.06558541156306,215.79198045879
565.5619101056341,458.0006013229264,146.55348651158138,215.88806886584348
583.665161290582,435.6085160034134,146.01279377303328,216.46101208787732
553.4123671006362,450.13343539600373,145.71851261557146,216.5904354639515
577.7955318477109,463.2479987422579,144.47341572640235,217.05548258430935
573.860775603513,453.0669702256296,143.8434174497225,217.4807300777711
590.2086043558088,451.64594514561213,143.48399880621488,217.64434705795065
560.9801135522113,460.38919841287577,142.96881244466,218.27337244481006
541.4475852158627,457.32428419958273,142.86898264274788,218.02947450344578
562.5621513711956,457.1436213742536,142.80154771977723,218.01754031170825
554.3992603595268,464.7432743435589,142.31686297675748,218.2601184139302
573.4608505736143,456.9780332805973,142.27652632910005,218.31415057342275
582.5665821735075,447.4163396494446,141.80421985233596,218.55926673282278
539.8423442785632,462.6378658413214,142.01061495374793,218.14761884430843
548.2488448925677,458.5040908922438,142.02853871353201,218.12582204751735
569.8029333485603,461.41017067046914,141.63130693094158,218.79894300483005
564.268210333306,449.3303691915675,141.4387910244994,218.97088460093903
562.2466958910961,466.29797395980927,141.10532550126527,219.08345033301018
557.6781572092373,467.09168914866325,140.46808607726325,219.8618131834516
550.4870720674936,453.2989194790433,140.18835011837993,220.30028640635857
569.7740417764294,446.7858869598925,140.18800002545953,220.30038956874463
576.0596843559977,434.57302651426136,140.2650178982445,220.13003540202354
595.8751134564943,439.2270203121188,140.08504165525903,220.42968044333256
583.7527752845035,443.4716279463533,140.0990966613499,220.40926571960236
562.1685397996836,454.84654898783776,139.74954318640962,220.68221073074966
551.9505557407626,459.4431484978983,139.75217886101422,220.67693514202506
559.9571185028788,444.6311020740172,139.83484992186516,220.17051765958706
566.5247473211427,450.3991794294101,139.83471744555442,220.16726185169438
575.9485871242597,441.0831075318906,139.86899393978433,220.03488118689438
623.1003367802163,361.4174648136393,140.28039941302754,219.0831008274986
607.3333253092197,349.18733083280796,139.8126294473056,218.81800219675404
605.65831218307,385.89593509208964,139.15051399504574,219.64931357565163
597.4499568160176,363.2386926298508,138.12480186232943,220.0617065201489
614.4481722057237,340.357672151181,137.40535243667685,219.1393755292462
615.8112390942123,360.04315233690005,136.85770238429384,218.8954903531206
604.561407096668,397.431235830486,136.58637219298106,219.16889154221826
621.2650857779727,377.49557591551854,136.81428018071355,218.78603046395008
599.6457874416901,378.69083686384636,136.99559154444057,217.8530397810548
605.714436764425,369.45911142531514,137.68887837870722,216.0907006343135
618.2872219845295,366.6335441894187,136.28431478969452,216.88517998525674
610.7280760009378,357.2796529987207,136.4511573626518,215.30016337068116
599.2123241889907,385.62550081724737,136.50637695944647,214.96897188401846
605.4365649033309,376.55846039271546,136.2132223740278,214.66072714104124
601.745641858532,377.807250951038,136.64207697802968,213.77474213187912
593.8125541635031,374.7947820954722,136.13145755302418,213.41977318865264
608.8138136333297,365.8275182089057,135.60353654427914,212.9104285100035
593.7220053343414,402.0097124082328,135.55623616532716,213.07331519679846
601.2995133885663,365.1893124475183,134.55191108928702,213.11333081646973
599.5192070439346,381.1472814858479,134.28161595689505,212.85597161249123
603.2423150789997,353.5163755450627,133.3335416523593,212.35302061564357
599.335582475812,366.7627406373975,132.99840246572953,211.70429029364496
596.5667627210817,393.61597111100014,133.0070550443428,211.636405854008
592.6281225021378,391.7194490366971,132.84588524114176,211.6695234450732
599.0631381287787,408.80168136900795,132.85095030896574,211.66384936883043
611.4178330767205,354.7019885693854,132.2908848301965,210.95571848858333
607.9731368577701,340.7229315313749,131.8405412832952,209.32438554311992
601.165069133943,338.2209413227831,130.54991937621296,209.97393671530833
619.8660165468036,381.4767160794651,130.29698084931977,209.91564953104591
613.8694257510284,352.47258768868596,129.90826356086544,209.8260974747136
603.3825496558181,351.2465075744701,129.82193808404963,209.52065501149488
601.6805802132201,362.38963479177835,129.92959920778645,208.95031816415872
619.5659380111815,371.85945431146416,129.84495310038903,208.8270415057685
597.2808157006071,365.6189185222471,129.8426383648482,208.77254007852636
591.0276784067516,372.8104120859345,129.7661607247759,208.6836117508952
606.2497604180002,347.24500896757945,129.5841827526941,208.69127574517367
600.4141884606813,346.65099940001153,128.450344481968,209.05841744748642
613.3837346990694,341.95555415197737,127.26366670856093,209.0956692945679
613.2685233127394,330.8550563834732,127.29968797861167,208.89975511783103
605.167463338875,344.4862573282037,126.91659331147234,208.69452981833598
616.1786255868046,306.43598024678863,127.4205120254519,207.22215459884188
611.2127923527904,298.63522860599466,127.83606711957887,205.73796833575202
619.8760481940651,305.9981642619073,127.50205192750815,205.310615204774
601.5673425725106,317.21213148084223,127.304979528039,204.09155833038056
602.9187967502288,332.4585601530646,127.27151191890994,203.6820082521713
608.2790718441989,341.36999936653325,127.26959824372611,203.94766704142043
606.6282991502219,311.2886474536479,127.30507874940179,203.8342554497107
608.825871113895,324.0240248693808,126.84100944134859,203.36944391658477
610.307735295526,321.815805422325,125.77961147664637,203.42529330645436
602.4076936928959,314.4879704914569,124.50904267384986,204.04628566269744
595.0570401445167,335.2568011597741,124.24348327738322,204.30069662220563
584.4862570296292,349.4201518516211,124.10955970002922,203.8677101432968
600.1770958223286,349.9054969202619,123.86106845496239,203.4203074215196
