1710.5,674.5,209,76
1657.6535433070867,668.5472440944882,209.0,76.0
1591.7025169353146,657.5525258433355,203.4926039246468,73.99731051805338
1553.4772174903273,656.4907119698637,203.4926039246468,73.99731051805338
1508.8810348045095,655.4288980963919,203.4926039246468,73.99731051805338
1474.3986840851903,650.032972983632,198.13033422025444,72.0473942619107
1435.112998631353,647.9653053281669,198.13033422025447,72.0473942619107
1395.8273131775159,645.8976376727018,198.13033422025447,72.0473942619107
1372.049135139667,644.8638038449692,198.13033422025447,72.0473942619107
1351.9152747216394,643.7454030229909,192.90936663607718,70.14886059493715
1317.796644078248,644.6988372449154,198.73798039605495,72.26835650765634
1286.6865092575567,645.7358417389383,198.73798039605495,72.26835650765634
1267.0920768474075,645.6810787763138,204.74270140761627,74.45189142095137
1243.588666864022,646.7494155937404,204.7427014076163,74.45189142095137
1225.426940967769,647.817752411167,204.74270140761632,74.45189142095137
1207.2652150715166,648.8860892285936,204.74270140761632,74.45189142095137
1188.0351523578374,649.9544260460202,204.74270140761632,74.45189142095137
1170.9417632790114,652.0910996808734,204.74270140761632,74.45189142095137
1153.8483742001854,653.1594364983,204.74270140761632,74.45189142095137
1131.9742330218357,655.2087208148041,199.34749016269038,72.48999642279648
1122.7215552661703,655.1537898995794,205.37062706081335,74.68022802211392
1095.422261751321,657.2093591687785,199.95886923560977,72.71231608567625
1081.8583863770712,657.2093591687785,199.9588692356098,72.71231608567625
1066.2077609452444,657.2093591687785,199.9588692356098,72.71231608567625
1049.513760484629,657.2093591687785,199.9588692356098,72.71231608567625
1026.0639605822869,661.2975118250963,194.6897176008717,70.79626094577148
1013.3908992001891,662.2302942406045,189.55941431557665,68.9306961147551
1001.5215646640595,661.2411830292604,189.55941431557665,68.9306961147551
987.6740077052416,662.2302942406045,189.55941431557665,68.9306961147551
975.3348964117491,665.1167191638999,184.5643005622376,67.1142911135409
974.4727534624996,664.1028148431899,190.1407743261432,69.14209975496112
971.496319309144,665.094959560975,190.1407743261432,69.14209975496112
967.5277404380034,666.0871042787601,190.1407743261432,69.14209975496112
967.0565229217016,668.9823815823498,185.13034105203593,67.32012401892212
971.4277252233941,668.9033633111292,180.25193859395563,65.5461594887111
974.3479074632876,669.794239528394,185.69811753213745,67.52658819350448
978.3252840132332,668.7741065820983,191.30884873676402,69.56685408609596
982.4228340523767,668.7213907433229,197.08910403279728,71.66876510283532
984.5873870487385,667.6386813919748,203.04400546521128,73.83418380553132
990.9442257083319,667.6386813919748,203.04400546521128,73.83418380553132
997.4120715114384,666.5232587787808,209.1788298377786,76.06502903191944
1002.9838541833414,666.4656188026805,215.49901338899303,78.3632775959974
1005.8231805483678,671.9959519034128,209.82036065894027,76.29831296688731
1008.5876873206697,671.9063953127861,204.29134711433625,74.2877625870313
1020.8731811514058,671.8191986437658,198.9080295864601,72.33019257689452
1024.0956025017751,669.6886052196857,204.91788850847308,74.51559582126288
1042.2728683908306,666.4808524157347,204.91788850847308,74.51559582126288
1044.5234018830593,666.4243865572857,211.1093308705191,76.76702940746144
1046.8419335793606,666.3662146247085,217.48784308186703,79.08648839340613
1078.0784716196547,668.5430659742013,211.7567823477708,77.00246630828023
1105.1770823188092,669.5576187989352,206.17674181173476,74.97336065881257
1129.4099735882544,670.5454369622088,200.7437419137297,72.99772433226528
1143.5770655569427,671.507224953829,195.45390795981876,71.07414834902492
1158.3907063460576,671.4238003254156,190.30346735881227,69.20126085774984
1175.7929711837105,675.3145486006157,185.28874693174035,67.37772615699642
1144.9558043860832,674.2966645324576,190.88710930661014,69.41349429331271
1140.0799699003057,670.2599086851768,196.6546220578485,71.51077165739937
1139.161350235896,670.2057197994077,202.59639593890608,73.67141670505667
1131.25930195434,658.4907340055057,197.25774237012791,71.73008813459188
1146.2096570986512,660.4651008325961,192.0597686085859,69.83991585766752
1160.766052782451,659.380966977343,186.99876757572383,67.99955184571769
1172.987370522954,660.2769011040436,182.07112987887012,66.20768359231634
1187.2379364847275,659.3268633732588,182.07112987887012,66.20768359231634
1191.5369062671823,655.4489999269289,177.27334123709971,64.4630331771271
1179.997540128119,672.9483944624121,172.6019799749277,62.764356354519094
1196.6817239726754,672.8747236098151,168.05371458204678,61.11044166619877
1204.1573040952849,671.9260984875451,163.62530133736882,59.50010957722496
1215.3460090335684,671.8810109494525,168.56911873455445,61.29786135801973
1226.8727724119208,670.9549761891949,173.66230991597118,63.149930878534896
1238.6528646774411,669.1426543021918,173.66230991597118,63.1499308785349
1254.0576007169677,666.424171471687,173.66230991597118,63.1499308785349
1266.8387976644933,666.3763181999155,178.90938809997292,65.05795930908099
1279.0726290938526,666.327019076949,184.31500286846642,67.02363740671498
1296.3840596838795,662.4800345013874,184.31500286846642,67.02363740671498
1312.7337441300162,659.5947960697163,184.31500286846642,67.02363740671498
1331.968667007824,657.6713037819355,184.31500286846642,67.02363740671498
1352.1653360295222,654.7860653502644,184.31500286846642,67.02363740671498
1356.0123206050837,654.7860653502644,184.31500286846642,67.02363740671498
1377.1707357706723,652.8625730624836,184.31500286846642,67.02363740671498
1393.520420216809,642.2833654796893,184.31500286846642,67.02363740671498
1397.8723711730743,641.2429490713574,179.4580855314975,65.25748564781719
1432.6173945711869,633.7022747476898,184.8802787868484,67.22919228612662
1457.2413027432044,628.7998845874587,180.0084657638776,65.45762391413724
1454.423478174584,626.9213348750451,180.0084657638776,65.45762391413724
1447.8485541811365,624.1035103064247,180.0084657638776,65.45762391413724
1425.3059576321732,621.2856857378043,180.0084657638776,65.45762391413724
1415.0723474891233,620.2968089038424,185.44728835066852,67.43537758206121
1410.742144228943,610.541111842331,180.56053395809738,65.65837598476261
1404.6417358840913,609.5218885598877,175.80255129740596,63.92820047178392
1390.4461229715494,600.2735655008025,171.16994708184416,62.24361712067054
1382.8766726358356,600.2005058757486,166.659417441763,60.603424524277386
1380.724407507151,599.2597512447586,162.26774556836864,59.006452933952175
1365.4837229687814,595.8729324584542,162.26774556836864,59.00645293395218
1353.227716201389,585.6432161572927,157.9917994195665,57.451563425296854
1340.1238041467125,587.2484670126722,162.76540472509714,59.18741990003527
1323.2267612610206,586.3543149658778,167.68324098246646,60.97572399362412
1305.7275118347525,577.6046902527438,167.6832409824665,60.97572399362412
1285.695049888141,576.683522063528,172.7496660231534,62.818060372055726
1280.7599379159137,565.7930023958799,168.19750892901706,61.162730519642516
1277.7101637444011,567.4765032716306,163.76530653399382,59.55102055781588
1277.3043113896138,569.1156419171614,159.44989789052812,57.98178105110108
1270.2531432161497,569.047584702952,155.24820534575412,56.45389285300145
1279.5893236072882,588.4231712539411,151.15723234658265,54.966266307848194
1297.7301277228757,588.4231712539411,151.15723234658265,54.966266307848194
1312.7160093835785,590.0006324813835,151.15723234658265,54.966266307848194
1341.8990420912628,598.6766692323166,151.15723234658265,54.966266307848194
1330.9394533808295,595.4800948604257,155.7243362655827,56.62703136930276
1324.5240979609312,598.6874305637862,160.42943184983847,58.33797521812304
1313.7293449706174,591.9463238929567,165.27668841540176,60.100613969236974
1311.2324885527564,592.7631865138312,170.2704012511237,61.916509545863136
1308.5671021337441,599.8708836311972,170.2704012511237,61.91650954586314
1314.7863371114393,607.867042888234,170.2704012511237,61.91650954586314
1314.8794264435985,602.4893514310247,175.4149954248295,63.78727106357434
1315.7947328093574,607.0658832598193,175.4149954248295,63.78727106357434
1303.991652011936,603.3563215662399,180.71502970449413,65.71455625617965
1303.1474899057835,608.9642949139006,186.17520059789345,67.70007294468849
1307.0333001431807,614.7930102699963,186.17520059789348,67.70007294468849
1303.2492746256228,605.9986359922171,191.8003465143104,69.74558055065827
1311.2557088620638,593.9889846375555,191.8003465143104,69.74558055065827
1314.2581217007291,596.991397476221,191.8003465143104,69.74558055065827
1320.26294737806,609.0010488308826,191.8003465143104,69.74558055065827
1326.267773055391,602.9962231535518,191.8003465143104,69.74558055065827
1321.789225576123,590.9047066021052,186.7461815590745,67.90770238511796
1320.814793667675,592.8535704190009,186.7461815590745,67.90770238511796
1341.7894908071455,579.1318157482687,181.82519980115276,66.11825447314641
1355.1714600427626,581.9279766040496,187.31891366249675,68.11596860454422
1344.9330318704435,578.9157630104179,182.38283973931848,66.3210326324794
1351.142690019047,588.3545596086542,177.57683717571993,64.5733953366254
1360.408557460119,598.5470137938333,177.57683717571996,64.5733953366254
1362.7482368288636,593.8382858269156,172.89747843823096,62.871810341174864
1368.634943261286,594.6666589406077,168.3414263129239,61.215064113790476
1378.7585122897249,597.229997144026,163.90543152538723,59.60197510014079
1380.0628127835855,599.7257883677252,159.58633042341597,58.031392881242155
1385.9790534551894,589.6892552487005,164.408113303275,59.78476847391816
1384.2633074059484,603.4152236426295,164.408113303275,59.78476847391816
1387.7846838375651,603.3699203978946,169.3755827847296,61.59112101262893
1390.5286630290109,603.3232483491446,174.49314068063896,63.45205115659597
1400.1116822844585,605.0697626525896,169.89504097652122,61.780014900553155
1407.6691706411586,603.2242401310497,165.41810661338215,60.152038768502585
1425.3852276906819,604.0167786531505,161.0591447418276,58.56696172430094
1426.6668784576673,606.4692294121168,156.81504664780422,57.02365332647425
1454.9170984815742,621.1308471441015,152.68278553553415,55.5210129220124
1466.950935474961,625.8689200831925,157.29598291522902,57.19853924190145
1483.366181403273,655.4163627541541,157.29598291522905,57.19853924190146
1500.6881856548694,655.3730192824322,162.04856463998533,58.926750778176476
1505.0045850972413,651.9461221324356,166.94474210464466,60.707178947143504
1505.0958562426422,651.9001199105452,171.98885394822736,62.54140143571903
1510.574458699491,651.852727765562,177.18536989852115,64.43104359946223
1543.0303716308617,634.2375660277255,182.53889473283124,66.37777990284772
1559.2225061917045,628.5226950062515,182.53889473283124,66.37777990284772
1564.4849991006492,632.2546968436096,177.7287799364154,64.6286472496056
1565.899300831147,636.8157356120837,173.0454173282856,62.92560630119476
1572.2198950405345,638.6216196719088,173.04541732828562,62.92560630119476
1582.152257369572,637.7186776419962,173.04541732828562,62.92560630119476
1589.375793608872,635.0098515522586,173.04541732828562,62.92560630119476
1587.569909549047,640.4275037317336,173.04541732828562,62.92560630119476
1586.6669675191345,644.0392718513838,173.04541732828562,62.92560630119476
1581.2493153396595,638.6216196719088,173.04541732828562,62.92560630119476
1583.0551993994845,635.9127935821712,173.04541732828562,62.92560630119476
1592.987561728522,625.0774892232212,173.04541732828562,62.92560630119476
1584.4322326141933,646.6742378183437,168.48546683904323,61.2674424869248
1591.4654201686392,651.9491284841782,168.48546683904326,61.26744248692481
1587.948826391416,652.828276928484,168.48546683904326,61.267442486924814
1584.432232614193,651.0699800398725,168.48546683904326,61.267442486924814
1594.1028655015564,651.9491284841782,168.48546683904326,61.267442486924814
1594.982013945862,652.828276928484,168.48546683904326,61.267442486924814
1597.6194592787792,654.5865738170955,168.48546683904326,61.267442486924814
1600.3490180939655,647.5069594885379,173.57613054033948,63.118592923759806
1597.7267809249956,652.8933975476857,178.82060487827923,65.02567450119244
1596.7937042654003,654.7595508668766,178.82060487827925,65.02567450119244
1597.8245447792071,648.1787395912768,184.22353712742887,66.99037713724684
1596.8632758988188,647.2174707108884,184.22353712742887,66.99037713724684
1596.8632758988188,647.2174707108884,184.22353712742887,66.99037713724684
1599.747082539984,645.2949329501116,184.22353712742887,66.99037713724684
1600.2517983327077,652.9064527686488,179.3690300204275,65.22510182560998
1603.9955515870993,650.0986378278551,179.3690300204275,65.22510182560998
1604.0936152734007,650.0492120489102,184.78853252941252,67.19583001069545
1604.1946418814164,640.3561229351407,190.37178129627466,69.2261022895544
1615.1214929835855,641.3494730353378,190.3717812962747,69.2261022895544
1625.0549939855575,631.415972033366,190.3717812962747,69.2261022895544
1619.616453473858,639.2815173856111,185.35526071651822,67.40191298782477
1608.518179974992,636.3008806465608,180.47093136045973,65.62579322198532
1613.721054671616,650.349170794472,175.71530983371363,63.896476303168555
1610.97043449922,646.6816772312773,175.71530983371363,63.89647630316856
1606.3860675452265,659.5179047024587,175.71530983371363,63.89647630316857
1583.4642327752595,659.5179047024587,175.71530983371363,63.89647630316857
1580.7136126028633,663.1853982656535,175.71530983371363,63.89647630316857
1578.9759319650136,665.8875994547943,181.02441789101002,65.82706105127635
1571.4193236304907,667.7767515384251,181.02441789101002,65.82706105127635
1574.2530517559367,662.109295287533,181.02441789101002,65.82706105127635
1572.363899672306,657.3864150784563,181.02441789101002,65.82706105127635
1579.0749006762057,657.336533151452,186.49393671951765,67.81597698891548
1592.8004795648253,658.2582597868686,192.1287130119847,69.86498654981258
1596.8105502805934,657.2557421079265,192.1287130119847,69.86498654981258
1607.8382447489566,658.2582597868686,192.1287130119847,69.86498654981258
1620.976014167825,657.2028003526124,197.93373990039422,71.97590541832513
1625.6495237315116,655.0527012522549,192.71795280801422,70.07925556655059
1645.2837653410688,663.0151828116631,187.63960784655507,68.23258467147453
1665.379715327543,660.9769060013258,182.69508325404342,66.43457572874303
1680.179645935034,669.4785685439691,177.88085270619823,64.68394643861751
1703.871311759746,669.4026445361364,173.19348280153508,62.97944829146727
1711.5755256214668,661.1952895643168,168.62963061274115,61.31986567736039
1741.9541421458064,668.162519677338,164.1860413025743,59.7040150191179
1753.0914275832206,669.0192339417545,164.18604130257432,59.7040150191179
1766.7988558138843,668.162519677338,164.18604130257435,59.7040150191179
1774.5092841936325,671.5893767350038,164.18604130257435,59.7040150191179
1760.0349046216584,661.2635635100069,169.14680104286106,61.50792765194943
1773.73730357693,661.1913674144075,164.6895836829472,59.88712133925347
1767.8119497366201,655.1305945520614,169.66555758363552,61.69656639404923
1758.9588887693844,614.4065141027776,169.66555758363555,61.696566394049235
1776.2445360164572,610.792872201986,165.1946703780914,60.07078922839681
1787.040845435506,610.7223629748438,160.84159631440923,58.487853205239674
1808.8616866489403,562.8843649300069,160.84159631440923,58.48785320523968
1816.0164481089125,562.8157137040171,156.60323087758854,56.94662941003216
1824.616968284728,562.7488715186615,152.47655136025426,55.44601867645606
1831.39962512363,561.8881759515499,148.4586147069296,53.98495080251982
1826.8328934319177,561.0726182817326,152.9441818909246,55.61606614215437
1822.1281813215217,561.0304739643765,157.5652771680643,57.29646442475062
1777.8172817416278,556.0540515283371,162.32599541939229,59.02763469796079
1768.0979013141396,544.1266457456239,158.04851431843267,57.47218702488456
1782.5506180278144,523.4419625189921,153.88374988076404,55.9577272293687
1772.196301802716,523.3995593003096,158.53323350943643,57.64844854888593
1769.8013196347686,525.8375295176626,163.32319784533126,59.390253761938595
1762.2207029013732,544.5411890475477,168.25788740906154,61.184686330567786
1763.9766247946147,545.4191499941685,168.25788740906154,61.184686330567786
1768.8274043540077,548.8591770956783,163.82409396999986,59.57239780727264
1763.7880155433568,553.0881629894201,168.77391773947386,61.372333723445
1772.5945512050819,553.9688165555926,168.77391773947386,61.372333723445
1779.221514758864,555.6580867482814,164.3265262936348,59.755100470412614
1775.8815652558699,557.3277006007947,169.29153068396752,61.56055661235179
1769.7906383190377,558.1644061566249,174.4065490078509,63.42056327558211
1783.0090794095204,559.0000094132771,169.81073109626365,61.74935676227766
1776.0134085964664,560.7253446670456,174.94143667639625,63.615067882325874
1786.5338832586906,562.4763459971193,170.33152384496927,61.93873594362516
1780.4055384880608,563.3181916095862,175.4779647926174,63.8101690154972
1757.6106014552743,560.5229332176262,180.77990164513238,65.73814605277538
1748.2764347988216,558.5865183305463,186.24203259621285,67.72437548953191
1741.9840716510932,548.7890127089321,181.33433575704447,65.93975845710705
1742.08320979894,553.4700112689363,186.8132185245351,67.93207946346728
1739.2609982209715,554.3933159210384,192.45764168047225,69.98459697471714
1741.3746856671473,557.3529855633726,198.2726069051929,72.09912978370646
1741.483084216905,559.3675032345568,204.26326700110423,74.27755163676511
1745.8580985626745,559.3112177594099,210.43493045872503,76.52179289408177
1743.1405097841005,554.829244559157,204.88972227630583,74.50535355502025
1748.5980458316797,560.1183062855588,211.08031361648995,76.75647767872356
1755.3218834422255,569.9727976975806,217.45794909298013,79.07561785199272
1739.5551903976684,557.4313488424275,224.0282801059422,81.46482912943347
1737.2172544601576,549.2485730611401,224.0282801059422,81.46482912943348
1726.6965427413595,555.0934129049168,224.0282801059422,81.46482912943348
1737.2172544601576,558.6003168111829,224.0282801059422,81.46482912943348
1731.3724146163809,551.5865089986509,224.0282801059422,81.46482912943348
1738.386222428913,556.2623808736722,224.0282801059422,81.46482912943348
1738.386222428913,559.7692847799383,224.0282801059422,81.46482912943348
1736.6620550290677,550.3219201430223,218.12487115559006,79.31813496566906
1748.043697893495,566.2562201532205,218.12487115559009,79.31813496566906
1742.3528764612813,566.2562201532205,218.1248711555901,79.31813496566906
1720.1871857464773,555.9196404113154,212.37702398171825,77.22800872062474
1782.8266832042214,574.667921968942,206.78063934835887,75.19295976303951
1755.965466417739,573.5319721507169,213.02836334859643,77.46485939948954
1725.425111338213,562.3253365788413,207.41481515603672,75.42356914764966
1731.9187899500755,579.6418128771413,207.41481515603672,75.42356914764966
1711.9237271027205,575.224163959073,201.9491905677091,73.43606929734871
1674.541630521467,567.7616440238986,196.62759162247772,71.50094240817367
1641.2225739825276,564.5997406539302,191.44622307507203,69.61680839093525
1601.368981176648,562.5490739976028,197.23062903508026,71.72022874002916
1559.282102343148,560.4364479657478,203.18980654070975,73.88720237843988
