748.5,623.5,69,96
746.9105816875657,618.5113792804736,68.58912324048961,97.20810128591627
745.8574081920101,612.3577837099616,68.09423299469927,99.11034347933402
745.1186821449228,610.0157941980251,66.94989225562448,101.1725296699575
743.9022590751918,607.4515653016455,66.74889005988996,101.0332907923236
742.808167643104,602.8139243419373,66.30866064641995,99.79492360115754
741.4970285959861,600.5127639256087,66.32845714199243,99.19228123648834
739.0509417309073,594.4279485118747,66.03313204677013,98.39316500050654
739.0491045222742,593.5119176644947,66.03680646403637,97.64840337799112
737.946845831842,590.4267248993439,65.6756498047905,96.12176678796206
735.5770026094336,585.5838228257105,65.34196058004731,95.66081959610909
734.3305389630796,584.7221910432369,65.31067506480561,94.85987035310646
733.1924995125686,580.286748929474,65.0751372140814,93.68428757364848
731.5221345589115,577.7720216109645,65.92588799421782,93.7337839563123
730.7923832795409,574.5582082089568,64.8806172029141,92.6470907101926
727.5440398156068,571.3450651276956,63.96400949799472,91.66008223992722
725.0105912784891,569.3409181282296,64.14880448714237,90.78627415377153
723.1354715883713,566.302599945087,63.03726258367385,89.57023859450102
722.4979871298223,560.7855112177716,61.918061959441566,88.63356834247972
721.517441483504,560.0759551345247,61.517611937558776,87.691139194454
720.3430080149093,557.0840325014975,61.52579008945182,86.65291810462038
718.1436660831432,554.0554080403988,61.27423342376477,85.7348062329889
716.9861833542827,550.9728002573918,61.282121520763695,84.97878971683613
715.8961519729489,548.9922923604893,61.16643286342365,84.34830267062578
715.1352244942991,543.6685827228977,60.40399861390531,85.85856511853791
713.1677080811495,539.2948146058358,59.749810384075644,85.42765924040376
711.5238447309381,537.1795582772942,58.482934147110704,85.10356896009927
710.5358252928248,534.4135751790259,58.20750458455235,83.88112984028166
709.3668039434187,531.7399051654486,58.31708139667488,82.54307220736689
708.8633396616732,528.202492638278,59.32400996016597,80.77768495099623
707.0008251979366,526.7926147197089,58.649339894522214,81.39759129157602
705.792238660927,524.7287815660087,58.86833527568271,81.12890221325921
704.9313621892067,521.1898763017357,58.39238605622444,79.41590409020947
703.8554077071683,520.4841742226556,58.380408459466324,78.66342168753475
702.9494576666398,515.6376436085899,58.04005547729487,77.59521759952422
703.3886381491244,514.6494675559368,57.16169451232551,77.44113829831723
699.3843615324383,512.4707243515278,56.71542107367047,77.57121137112162
698.6157907270535,510.0099806993739,56.14419833330905,76.16760562203595
698.8890447359869,508.3797588117382,55.59769031544231,75.2726956992527
697.9232153204861,504.53361892345436,55.47422913700696,72.68937542863428
697.8409927153779,504.91057084063596,55.63867434722327,71.9354715942711
697.2979530787045,502.91571291431546,54.71981419877129,71.91530860331477
696.5234234194138,498.5351627999018,54.27922125657224,70.72814752824061
695.1057336052506,495.11359341881155,55.15024617389979,69.71386744642608
694.2831425363506,494.85343082840444,54.83241094329021,70.23419262724032
688.416798708335,489.8401595458614,54.77020506850227,70.43165724997698
688.8569219538273,489.101811305082,53.889958577517774,69.94053110569655
688.9591520855801,487.27845855708523,53.68549831401219,69.69526299298755
689.2275770393372,482.31193145779724,53.14864840649778,69.93376513852249
688.4654796243692,481.1832579880814,52.739048738515166,70.25731758003545
688.2209705999223,477.9358890198746,51.29603401826148,70.95595720900677
686.9456412678469,477.5928494701414,51.92769819931253,69.72304182537337
687.3448998297425,473.23405019603257,51.129181075521274,68.88749778954013
686.6834443151661,473.08254470969,50.567245236634804,69.19050876222524
685.7748845515359,468.1710152628788,50.50412543511864,67.73213168318891
684.5348532214811,468.3836387048902,51.127147832826054,67.30688479916613
684.8725818074993,467.8254169950317,50.451690660789524,66.56258156635909
681.0826496384901,463.459323655003,50.678064088310116,66.10290460829408
681.6234760900687,461.43024462866197,49.59641118515289,66.49095181018578
680.820507008632,461.4186274654237,49.379048309310946,66.51418613666226
679.3186159717122,457.85583407010034,48.7426377581874,66.35938767738232
678.7078919002075,455.9170082630811,48.156771055167056,64.81509475333166
676.6179507878566,453.568994318682,48.7881681706399,64.18839497828608
676.4354426640182,453.79460364458464,49.15318441831672,63.73717632648078
675.6806791832449,449.8001443423775,48.88862309003257,62.855653481741584
674.9808673613177,448.73807704531976,48.531934231210485,63.22347557318062
674.0592929459086,444.6981235269442,48.61896137950542,62.52277419731552
673.9509906773434,444.27124861758995,48.835565916635886,61.62968776548921
673.2906864170373,442.9748436844946,48.41948356001302,60.74911587720965
672.8486794368469,441.3215653257845,47.5870503547939,60.62277826343001
672.303844436179,436.3774263305497,46.975722668702396,60.305070129336286
670.5647227166488,436.2109007168886,47.08157002062604,58.951923313090134
670.3133263746266,433.5125622666969,47.584362704670376,59.346997680761135
668.7284298327696,431.8346264151911,47.3913369190314,59.34005051441952
667.9554757371562,428.995611714699,47.25907114091886,58.305384038046626
668.2404668413645,428.4392161830425,46.68908893250238,57.758019672078674
667.7831763484256,427.0234593888135,45.961144330562846,57.304482084902105
667.0190573385843,424.87911631839654,45.86560666606566,56.721841173196026
667.6709323744697,423.45827867549104,44.56185659429468,56.33694195051625
666.9760845300684,421.3876435929949,44.36530220166297,57.30571195263973
665.2353711180158,415.754120893794,43.053110390810936,57.387647202807784
664.4831767916007,416.4434928140718,42.97978708049773,56.00890336225209
663.7998317923832,414.1460112538482,42.79097955776503,55.93737391919569
662.4945902593347,410.5656297122796,42.298807717953565,55.341499737561946
662.7604243781527,410.75799462617937,41.767139480317695,54.95676990976247
661.4585951886701,410.2116584767742,42.85113133742723,54.52977568671727
661.7687101768302,406.5399689154262,42.230901361107115,54.21916460447283
660.4167714518064,406.60521882174714,41.902853595863014,54.08866479183085
660.1967380209683,405.6102956154657,42.34292045753932,53.06125279209034
656.6624262842281,400.065501943843,41.91126571622945,53.650450634629536
657.4772601268156,399.78386026923425,41.78366551038148,54.21373398384711
657.7669543015185,399.39745665984543,41.204277160975806,53.477942741007695
657.0947437330408,396.21653974864995,41.06077497465395,52.4001599470121
656.2929869246441,396.5864708090226,41.19517356851801,51.6602978262667
656.5587025145913,391.6960900843932,40.66374238862342,51.22128831074515
656.8703693438282,390.7408900206805,40.04040873014963,51.6870699616646
656.3345576970397,389.79742165572674,39.67041872256482,50.69078008924867
655.657465799703,388.57169024518754,39.60423970921053,50.301517294271775
655.2774453685687,383.7611251100662,38.95094960459388,50.02933079631718
655.3279003821249,384.2113681439938,38.850039577481496,49.12884472846193
655.3362192242389,383.6263056052395,37.45027364863589,48.91584156135285
655.4505210379942,382.75960311212475,37.22167002112512,47.935053140709854
654.4981730289736,379.00744671321866,36.44957618959645,47.40899638981212
654.337323849039,378.45999145188244,36.7712745494657,45.86833695496976
654.1264688592189,375.4188217135953,35.89354610888413,45.45348433043439
652.2769196844151,374.59006647001104,35.75611817517361,45.832152723163745
652.2502167319558,370.65592973424356,35.809524080092295,44.72360686342779
652.3392445686043,369.9813592052018,35.63146840679542,44.806453422794654
652.8487752437795,368.2259873641958,34.61240705644497,45.78784278748119
652.9238875476021,367.4526552792073,34.46218244879958,44.80833860867347
650.1029939732899,365.59991834450705,35.121194969669645,43.53103785031959
650.1884088532254,363.5321699109407,34.95036520979873,42.71914887737144
650.01496297787,362.61664111430326,35.29725696050944,42.10698377552738
648.4185167932739,359.6602831548155,34.83679573355858,41.93077703426415
648.1298871425596,359.1118333337554,34.2064080128205,41.82002965421767
646.5517261363469,355.45747006586475,33.7754353719949,41.954166883497166
646.628745546468,355.3195685491594,33.62139655175277,42.229969916907834
646.4457149243549,351.56783584077004,33.987457795979125,41.385340966725444
646.7159499751356,350.34181944736565,33.4469876944177,41.466287745905476
646.3565054151848,349.47043650873104,32.987831264070174,40.85296252267621
646.2967920699897,349.2285605636779,33.107257954460295,40.17551755612807
645.5285103074418,345.57458063834315,33.49110482505798,39.41446082531257
642.0881997898426,344.43277894041347,33.488697453326296,39.40372141886175
642.2317564790342,340.32888689767924,33.20158407494312,39.582737483105205
642.2376386607677,341.0527910986317,33.18981971147613,39.28003706231601
641.8012403549536,337.88805551567793,32.92236667985816,38.76801036874715
640.6457846395788,337.75718712238074,32.97719085265325,37.901703526364145
639.9357351769848,335.94395769696484,33.28176043290305,38.18157434238157
640.0802420619814,332.9661383310922,32.99274666290995,37.388741084310055
639.0097417670777,332.2588509219478,32.918088735920726,36.58765738580239
639.0904256507133,329.18886618767283,32.756720968649546,36.16244339380194
639.1340482803222,327.4932863236159,32.66947570943168,36.29857364523856
639.1727845434392,327.2985733163764,32.59200318319759,35.60226462292843
639.5436879242719,323.77621988420213,31.850196421532157,35.1313243970782
639.1388085377921,320.27533703860354,31.60544453600255,33.69700482036113
638.1853700178597,321.9982004454517,31.45581527527319,33.33603745755634
638.5316848207103,319.84578811507765,30.763185669571932,33.55991522044879
638.4897279316813,316.84265811590814,29.83437662747501,33.48983829785829
638.26584030645,315.8931224042901,30.28215187793763,33.395277202228826
637.8202463728729,314.8930686674045,29.168350720132796,33.3903956510413
636.4574622798706,311.14365572787347,28.940070793800892,33.01229323053923
636.4973648091905,310.7001051528644,28.860265735161118,32.924293659015376
636.5645645947604,307.4907679459999,28.725866164021312,32.53575631814373
633.0630223959404,306.2696597577647,28.978966535270352,32.08512239758945
633.1110335427179,303.89747141966984,29.844272361051324,32.022858477098964
631.8126831874615,303.7988405417098,30.492704078911128,31.245985736692532
631.7361084519943,302.21983780085486,30.645853549845782,30.515012261289293
631.5237514597216,301.3889380833561,31.070567534391117,30.250486316048445
631.235607036189,297.82473391885515,31.646856381456313,29.65358026284795
630.0218483861895,295.21044877349766,31.178672847837866,29.090748886328104
629.6778496523622,295.534663788447,30.91768796089135,28.442318856429385
629.6272983159814,292.362281475151,31.01879063365282,28.244883234219532
629.8236853054228,291.69901685563207,30.62601665476985,28.63838188842603
630.2516038417878,289.72271871616147,29.770179582040058,28.858312643643934
627.748829114264,287.43201090286226,29.236196497190583,28.82345115366161
627.6767548847422,287.5457587027919,29.380344956234303,28.59595555380232
627.1682981062294,285.8686003701823,29.484266797560373,28.29830535622314
627.8305935052459,282.76728177463326,29.06958984846704,28.13154560474318
627.2640173978423,282.4914186055692,29.301967062618306,27.78249694221525
626.708124422454,280.3971493122928,29.514864696264834,27.476593943117326
625.2766902369514,280.40517375484256,29.68565374308706,27.460545058017846
626.8284186945488,278.62794442054536,29.28150554558543,27.41592543635479
626.4734827771005,275.6370337286945,29.098625297026782,27.148482235869608
624.8917961863095,275.62878949847914,29.60505413734925,27.16497069630041
624.4447716753962,273.4686130820657,29.60529349945586,27.016275230526276
623.518404550584,273.51402249840925,29.67513738828722,26.925456397839206
623.5119044564008,273.5412605960476,29.688137576653624,26.870980202562414
623.0817238685339,272.8266997916709,29.65808024753607,26.51926480161336
623.2070241276784,270.1839975707092,29.407479729246973,26.498645423644366
623.3407311911844,270.1753993035343,29.140065602234948,26.51584195799422
623.5074496770995,267.62600234726114,28.80662863040466,26.357271592255476
623.1124864036182,268.19744784981566,28.72804645024417,26.082889314269813
622.554476500376,267.9028436641919,28.11824022072659,26.672097685517272
622.4446919805719,265.45119753059953,27.475044433693327,26.39880099285127
622.2024889164269,266.61809389886696,27.11108587173052,26.610102327074408
621.3478042220731,266.53120914170324,27.128467726652946,26.78387184140189
623.2520668841926,269.0801478647528,25.866969059641953,29.327074366986558
622.2132236422021,263.17589713679126,26.20711467477613,28.10401930656095
620.7126188114541,263.6270301088374,26.642835275320124,27.201753362468718
620.8230394614764,264.13305250909343,26.421993975275647,27.037643418997323
621.4206986398686,261.88758781699005,26.0685457153047,26.477352222322416
620.1532440351074,262.01119148309294,26.120990340306435,26.23014489011662
620.1580677058979,262.8017698303228,26.111342998725274,26.297841952550712
620.9564210940221,263.49403082329525,25.339976411355128,26.56400034436205
620.5415702513628,260.17427421830024,25.352349459792393,26.664884459302368
618.7006324427625,260.1854706341526,25.757809712902947,26.642491627597657
619.8567213681688,262.1372929439076,25.095976248879538,27.68988016845418
618.1833267995738,261.69485220194855,25.949698256249164,27.74373927576562
616.685484204742,259.9064745470194,26.409039632672254,27.93870283463665
616.4396444037277,257.16342874106914,26.900719234700883,27.434298014274553
616.6342793529607,259.9992017426035,26.511449336234868,29.463685245776674
614.6430235286022,257.43834915206685,27.850386124748987,28.417049086376956
614.7992281795944,258.94746127151706,27.537976822764705,29.829275387381934
613.2462302640191,256.6844672655393,27.93424927553371,29.83905776870168
613.3209209573367,256.9867581639682,27.784867888898262,30.14416819587267
613.0695397843743,256.25729241651675,27.37555111967558,30.691020575627803
612.5494815647129,256.3256115314191,27.501606084209726,30.55438234582314
613.3571124338345,255.58289598181796,26.800295831394735,31.12586195959717
613.2653686002251,256.56732217545215,26.983783498613594,30.980183364583105
612.876083091109,256.25070035690396,26.850078697766104,30.70115118259974
612.8556362462398,255.9675859763995,26.89097238750447,30.361568781734125
612.2154973817388,257.5935292727471,27.270049532546416,29.813283940918534
610.5916777393807,258.4408883102756,27.821507646148103,29.01729292289962
609.8209859542991,258.9619392711857,28.467841518076995,27.9751910010795
609.7582592585871,258.8397663280154,28.593294909500834,27.330678698164625
609.328651728118,259.2446271155448,28.571873589729663,26.52095712310582
609.0167481530283,259.0902591160714,28.32822741209891,25.962239794242336
610.7911387986635,259.4341598836121,28.198506083610823,25.274438259161002
607.9760123653936,258.4287139246219,27.094528593070425,25.60177258787138
608.7590842051375,255.92418461977036,26.35816467979798,25.63215260028267
609.5019432120852,256.8360080960519,25.69117186238895,25.445956040692177
606.0711269575713,257.3954116048383,26.110350082450513,24.327149023119414
605.3817709800644,251.25132648404278,25.900727614486563,24.70281109237696
595.4693775108225,247.76836593121297,24.210556533646578,26.090780118952658
595.1431365503327,249.72673302765492,23.279021108822768,26.926097963479364
593.3474957153278,236.00111717249462,22.129642204592223,29.093806611186334
593.3148736869445,236.17784270914683,21.390083760854598,30.349960538890436
595.0467186769448,247.8999736008878,21.985112720452168,29.634524817159104
594.9855417720265,238.5432503001241,21.29679332364791,30.51316087258867
594.1604117331922,239.72484703149146,20.50904022843409,31.40065164036414
593.1093747135316,238.6826296071513,20.172220855446277,31.859157547505028
592.9278011203796,239.47454439280068,20.53536804175025,31.903743947003612
593.5264992510929,251.2925806201939,20.97986564453387,31.254185591160823
593.950622245955,256.1636723382036,20.950215252636667,30.5165537312344
596.2398920459872,258.9656411411575,21.213630312906616,29.754570785661187
594.9028377832714,261.4588323353109,20.68843293854926,29.56714724703757
591.931299567195,247.9915442839092,20.32484864285516,30.486747847472436
594.6584084082206,259.32894979455955,20.44383488113146,30.104752507481557
591.4782415251217,250.95908882093622,20.464986659779004,30.2041217374095
607.0680152685395,253.10307498915742,21.84949228647926,29.887375390422726
608.6484329498277,242.38825930050876,23.562408257844524,27.760541987002505
606.142300481596,243.22784041604692,24.536877350482193,26.08137975592621
606.3255113635877,243.66203362498098,24.96750071856065,25.21299333805808
604.188059363379,243.76652302544144,24.50095489865413,25.004014537137145
603.0944932490543,243.72930648642765,23.56970410792182,25.07844761516475
602.8323279261961,243.8617665206842,23.32801424234054,24.813527546651624
602.1644647722705,243.875978296348,23.14765199586526,24.785103995324057
602.2049432809097,244.29746344274335,23.066694978586952,24.696870131922356
601.1288877852859,242.18309253378442,23.714660777727513,23.66110377746496
601.0133922319576,244.31950016553293,23.199576971201296,23.864737993064168
601.0488890197342,242.92817457620382,23.128583395648043,23.68278193659578
600.4601576764234,243.37936817416931,23.56887214239127,22.780394740664793
600.0570813438882,242.45331847090327,23.645141497379015,22.4428442169488
599.2493125290141,242.63630835055133,23.809212512751355,22.076864457652686
599.3146960604702,242.73040607663262,23.67844544983926,21.88866900549008
599.6874213832709,242.3203562167959,23.650448761648505,21.991314767752794
599.7157421876612,242.42836630842174,23.59380715286794,21.775294584501047
599.852212795891,242.4671805637119,23.32086593640827,21.697666073920765
599.4681387798736,242.2570345334247,23.380175927476174,21.40912009352806
599.460436473743,242.44661018590529,23.39558053973724,21.029968788566944
599.3726352948729,241.8720008602501,23.571182897477396,20.780453557729523
599.413268930746,241.35129980922454,23.489915625731218,20.425645235958196
599.5360858845175,241.02448697515263,23.244281718188255,20.388108289949823
599.6367756351593,241.02601187594004,23.042902216904718,20.385058488374987
599.5708411701701,241.16428313865657,23.17477114688313,20.10851596294192
599.6824131451248,240.9213440287615,22.951627196973796,19.913195343300657
599.7709052721507,240.92809655413402,22.77464294292191,19.899690292555672
599.8041214521369,240.9853280266293,22.7082105829495,19.78522734756508
599.893626548827,240.7290636214186,22.529200389569194,19.62896406824684
599.9100018055731,239.5643222489672,22.49644987607707,19.30438589004337
599.8415511853641,239.69126438652071,22.633351116495184,19.0505016149363
599.9153464017988,239.74223658099854,22.485760683625585,18.94855722598064
600.380679400489,239.8852184394937,22.858923183597703,18.66259350899034
600.069485008751,240.00110924321797,22.828265186186755,18.430811901541798
600.3784991866944,240.16017791277784,22.859062807496258,18.11267456242203
600.4259216477137,239.60741141697744,22.764217885457683,17.929925705045555
600.4830656129084,239.59137700404338,22.649929955068263,17.961994530913664
600.4054408889083,239.34508523299587,22.805179403068358,17.816086331991865
600.4407725060133,239.38997315828217,22.734516168858338,17.726310481419283
599.9405533475206,239.44819145199102,22.463040678228133,17.60987389400157
599.8893565776248,239.18442278604422,22.565434218019583,17.507499774130135
599.7688513015012,239.06271383334098,22.176632897179843,17.750917679536585
600.2413957624173,239.04473845235685,21.85935788269033,17.786868441504836
600.7606698596767,238.85082718124156,22.06786167734858,17.55116498914682
600.3626530056762,238.21041005498964,22.240988148321147,17.586184767593423
600.1526579198666,237.89244744939427,22.660978319940355,17.595982247226406
600.5257438244901,237.94569645204245,22.547518699563255,17.48948424193005
600.4829571089247,237.96003917254072,23.262336979416485,17.46079880093348
599.9984837801697,238.0985100610623,23.591603457971516,17.18385702389033
600.2857208561916,238.12918087905445,23.65727727031601,17.122515387906066
600.3423051178852,238.15217071181218,23.544108746928664,17.07653572239059
600.3775414209862,236.1389482322692,23.473636140726807,17.276991397911477
599.2675327584626,237.25972928777765,23.134115064774196,17.594967687894194
601.3216287913007,235.18119794014584,22.865432442303053,17.91252093995304
601.4639407282351,236.02146020190588,22.580808568434087,18.154957960519624
601.1495127214811,235.73718180498275,22.569103719541893,18.082953891965648
601.5809108834349,235.78013531349146,22.345521992722038,17.99704687494824
601.7375939486639,235.7004875369124,22.032155862264077,18.156342428106374
601.5459219580807,235.64776986108348,21.783346335563106,18.261777779764223
602.136056941268,235.50449375557594,21.233098330458112,18.548329990779255
602.7435946413659,235.4428096644497,20.64414534239504,18.671698173031768
602.9573968835622,235.37513416671305,20.216540858002325,18.807049168505063
603.160832715682,235.48881786815824,19.80966919376291,18.579681765614673
603.1896477393341,234.75077810209265,19.75203914645853,18.242323916335934
602.8652248152903,235.21088471522557,19.80266666840316,17.920329016213078
604.1577374957727,234.09141293198925,19.59315330896866,17.783760581155356
603.9433204617686,234.46335277755745,19.43354700939405,17.62832125760179
604.2079914427256,234.19750761334936,18.904205047479955,17.576533232936878
604.8898107323588,233.85485048601004,18.11497115965519,17.68744279617414
606.1254700501971,233.9420403677726,17.335075002392593,17.513063032649022
606.3628685179295,234.00443048595966,16.860278066927712,17.388282796274872
606.4858600407322,233.58378694620973,16.614295021322405,17.150907093814105
606.6420335557715,233.35878388195474,16.30194799124378,17.069194543778032
606.7760323693734,233.45606613155667,16.033950364039935,16.874630044574204
607.0540048279524,233.86031163321132,15.996208530472963,16.5843421248559
607.379145830304,233.61988003668841,15.858985164014857,16.552146679656804
607.6295907046671,233.10681891242015,15.86847775782566,16.557504243119475
607.4353706744239,233.38987066403303,15.746301254677698,16.502017303527975
607.7140019403852,233.37485898436537,15.696851396373422,16.532040662863245
607.481028785269,232.9543140454836,15.655298706176769,16.358132539768985
607.3413364368938,232.866269086929,15.934683402927256,16.030104308752165
607.333366982202,233.1789680664313,15.950622312310735,15.9080882726687
607.3417963895104,232.70515501444902,15.93376349769413,15.852290644769756
607.6535809546747,232.62449931879883,15.810761738057213,16.01360203607017
607.6938235935182,232.60277800710512,15.730276460370158,16.05704465945755
607.6772923405182,232.59034217467115,15.76333896637015,16.081916324325526
607.620134922509,232.37808854120223,15.877653802388508,16.004929781650098
607.5073590467886,232.18818902079934,16.103205553829312,15.882641892173872
607.7301719974533,231.48407670751058,16.161290791536345,15.779733101641757
608.2686923623187,231.5468445321244,16.090248617449422,15.654197452414106
608.2942171374473,231.5480757866991,16.03919906719227,15.651734943264707
608.359049956757,231.62459395441027,15.909533428572736,15.498698607842341
608.8614840544047,231.63199298944429,15.89387973058544,15.483900537774355
608.8498177440865,231.93156309490328,15.917212351221908,15.378888053902141
608.8258130613957,231.51066618292646,15.965221716603468,15.235014384342977
608.8036801186795,231.37167894236623,16.00948760203601,15.512988865463477
609.7044569020928,231.04853820143205,16.19354026712163,15.662868789353766
610.0840390307504,231.08418470920225,16.43769267220587,15.591575773813357
609.9482450863196,231.19545111911583,16.70928056106746,15.369042953986215
609.6469889081507,230.977466605358,16.806732707438044,15.299951771534449
610.1881435332413,231.00462620799203,17.240857033227734,15.245632566266345
609.8245502410323,230.11809531666336,17.456686635194234,14.97326641911863
610.3430847909231,229.86150739040502,17.440284383382846,14.976108847650206
611.7278634910938,230.06969466022733,17.22135454746889,15.06985982089109
610.0621189560871,229.65791134669803,18.01163962488403,14.876944850910434
611.0396384843101,229.05754508128672,17.608626534361036,15.042993404451098
612.8437363166552,228.94965141723458,17.083241316661105,15.258780732555383
612.5381009696707,228.86874976995995,16.676270926236484,15.42058402710468
612.6071626278746,228.88546491233703,16.53814760982869,15.38715374235053
613.0026268797493,229.11951659801954,16.249898064719453,15.421729329625613
612.8472626734213,229.14261539293074,16.061903322305227,15.375531739803247
612.7773379404454,229.27054881359672,16.20175278825691,15.119664898471296
612.9599972082586,228.82722964110152,16.8227884057247,14.526772013820208
613.21837075955,229.06680823903403,16.7994040365364,14.540977551349624
612.692420421757,229.32372002172593,16.864847015837128,14.520382834108453
612.9106416153812,227.844477848537,16.92231535130201,14.515402844207262
613.0238859651276,228.17191559548365,17.19054594641385,14.355246644918552
613.1298584293265,228.46730975751422,16.978601018016,14.26074056204039
612.9014094988405,227.99540762791796,16.94400643109534,14.22155992544781
614.7144667728653,228.4523563652239,16.750187550831534,14.28831835591757
613.7966741014462,228.47201748207817,16.632129560704456,14.248996122209
613.7337581296384,228.3130651217653,16.757961504319965,14.080946063900463
614.0695277648714,228.0526978244571,16.571616660722533,14.116486231648498
614.0292912001306,227.60524251698723,16.65208979020408,14.045616029684226
614.2508301117914,227.86901895008924,16.69200455915569,14.001055755753443
614.857432852098,227.82976802842578,16.444580361439982,14.079557599080392
615.178376309344,227.8192843786795,16.283027683056872,14.10052489857291
615.189933733892,227.64977703606002,16.25991283396087,13.961367148500228
615.2510968742512,227.40341034947824,16.137586553242393,13.97851911284744
615.169347341946,227.44315607339644,16.301085617852692,13.899027665011015
615.4648031524921,227.71546485931535,16.185390090597213,13.829626187009715
615.7309902231834,227.45587629793837,16.12532926432468,13.87648999465342
615.9332091506143,227.23740727841724,16.19302906521885,13.841290377939902
615.7282305963522,226.33183661192425,16.130367394692904,13.76195659472583
615.960582418522,226.63241667690315,16.136039470272422,13.631172184686964
615.7390166785616,226.62263551078516,16.110811070353872,13.650734516922949
616.5677600562767,226.66703055680023,16.326465487497355,13.561944424892857
616.563374040537,226.38638199286385,16.33523751897676,13.653061555252645
616.5347420718532,226.43007452210617,16.39250145634447,13.565676496768003
617.353985318712,226.45546350287054,16.167785859474414,13.514898535239269
617.2609495506042,226.2237613281314,15.886880515580962,13.511326004608415
616.8138520600152,226.23695288364468,15.855903786304115,13.484942893581852
616.9097124146507,226.20813599912725,15.664183077033186,13.542576662616666
616.6777543336603,226.34243700268058,15.668453743781704,13.273974655509996
617.3302862195549,226.46731162072695,15.729578404070313,13.024225419417302
617.2441312348685,226.51944946937047,15.901888373442965,12.919949722130223
617.6134388275378,226.51455488669808,15.616552683140688,12.929738887475004
618.7247225321129,225.9691739437414,15.63923434890512,13.122401143422628
619.951092390237,225.6999600240892,15.449021590266426,13.208323591205072
618.4347268314222,225.76493058933454,15.325090363771727,13.078382460714405
619.0794070164566,225.91783115495727,15.37657644442666,12.772581329468943
619.7420057831694,225.75313034791225,15.37983705282333,12.659163562951633
620.1013534775792,225.39855483082204,15.10218075390383,12.927275507231833
619.9471243550538,225.67234796472974,15.410638998954596,12.820765672292218
621.0024122454531,225.67431311671686,15.076547660990293,12.816835368317989
620.5152734402246,225.29321450404063,15.17301454636114,12.701221868584234
622.0470076478141,225.21963255233013,14.740742115071868,12.848385772005269
623.646973845555,225.0216874073894,14.580341823199573,12.810057189942473
623.4220770955707,225.6706996628052,14.167896165949248,12.805391414939432
623.4538084681657,224.44910057028375,14.104433420759312,12.700745521516389
623.3756208384498,224.88060556460604,13.83882459947933,12.68170369429541
623.6139485315457,225.17781620850718,14.197262653589299,12.504829126644138
623.6929766458063,224.40403925339115,14.459500593129633,12.371206364630583
623.7064525372363,224.38182731110933,14.432548810269779,12.415630249194258
624.4133214384238,224.40476674073238,14.708841415858187,12.369751389948135
624.3176946495475,224.40811373160474,14.900094993610706,12.363057408203392
624.1662319977801,224.254163442399,15.20302029714564,12.24208199995837
623.6549440835087,224.32835594045918,15.362442022147818,12.09369700383801
623.9621508790973,224.41656798527467,15.61125524928837,11.91727291420706
623.7548791667405,224.3803447853628,15.593255405839052,11.989719314030783
623.5009059507203,224.41870993473898,15.667752003317805,11.912989015278402
624.6310602728704,224.37744334669532,15.574118280388621,11.995522191365765
624.6310491424048,224.39393896585858,15.574140541319752,11.96253095303921
624.4555770003981,224.46819737024643,15.925084825333233,11.814014144263524
624.1407688453841,224.15427576120496,16.119065953918252,11.570586999460076
624.133322047583,223.8516184462306,16.133959549520284,11.741317383070262
623.5499303690711,224.09488907586146,15.987894856753638,11.692392140405342
623.5413274204966,223.7847705561608,16.00510075390266,11.878033310142008
624.1929364206554,224.0184725928317,16.015583781143928,11.848529579319838
623.94404605911,223.74035684285008,16.075788020022024,11.96718459507019
624.0754248648911,223.7728338390379,16.253465478637132,11.902230602694527
623.8235734162262,223.61109505823788,16.315097285892694,11.783637074220287
624.238248839661,223.59976323993624,16.367864148443644,11.806300710823557
624.2858485630338,222.88330704184065,16.272664701697966,11.912518849834829
624.3785023924772,223.67869952636858,16.087357042811213,12.091859532491512
623.8854539053759,222.24658417569003,16.188152827445027,11.857536070358096
623.9466663646623,222.14083484797328,16.065727908872397,11.628688646050765
623.9750143335173,222.18397491193326,16.009031971162294,11.54240851813081
624.0698233425703,222.22719442134613,15.81941395305616,11.455969499305047
624.245815545295,222.08645626891615,15.895586821310761,11.309288530461043
623.7876192007878,222.30384391198393,15.95818246526039,11.301411766858031
623.8023276260238,222.37465643783486,15.928765614788194,11.159786715156187
624.0631365228774,222.363542125279,15.832083254687944,11.182015340267897
624.4100314226597,222.8462072704545,15.985974014768647,11.064365609562167
624.1381117600147,222.51423284234937,16.10559009881081,10.879867983276794
624.2020153974213,223.0076437476736,15.977782823997472,11.161959496786562
624.1150823662499,222.342280877454,16.151648886340276,11.215549187780972
624.3039505067103,222.1482028930268,16.203135961071503,11.174481800983534
624.8463852965483,222.0558783887384,15.976909433708958,11.35913080956032
624.4324216841379,221.8136310838014,15.946935630844163,11.414674905591538
624.56200562536,221.64519778695202,16.117178880185143,11.322130367505151
623.522818975415,222.46763205321153,16.0432398896845,11.399111667298573
623.7654106647814,222.22446321928055,15.988669630597407,11.454836215514863
623.7394871080464,221.7928772938383,16.040516744067208,11.456599609857662
623.7560796557418,220.9872945239248,16.007331648676526,11.341690856145117
624.0061198957412,221.0417863051478,15.936374763431086,11.232707293699091
625.0996777451563,222.28167627849973,15.880526774591855,11.310448598984351
623.6180491371307,222.28356880260185,15.856956557382727,11.306663550780106
624.2509411952416,222.24108609157886,15.869983743235515,11.39162897282607
624.6927835340522,221.6294085163762,15.842031280838915,11.331385800394486
624.6123997391278,221.6759042290844,16.002798870687712,11.238394374978084
624.6432958293725,221.68338935861934,15.941006690198357,11.223424115908236
624.8125556301871,221.45748194297096,16.02865757042334,11.24906846535056
624.8917538429856,221.41428430734527,15.870261144826326,11.335463736601904
625.3390825111563,221.00443588229638,15.82949592388865,11.301268471296034
625.0153787773723,221.44677913709023,15.62537183092098,11.268113522243713
625.7648204734505,220.98227831885137,15.392870889835066,11.352860191341295
625.4353262987008,221.0122490022737,15.211880018811701,11.292918824496615
625.3178362800412,221.3283234421867,15.446860056130943,11.07702613540152
625.2940586451444,221.14303493578976,15.494415325924322,11.031323758400177
625.2836124447941,220.9697898553496,15.515307726624973,10.961566594009694
