172.5,5.5,30,22
173.4072975041645,11.187688119084187,29.634818798943257,21.871692798192935
175.62086851896828,17.009495391609804,29.251774787936903,22.360372308945184
178.34305649713937,22.46849224055532,28.673256972633112,22.796047606810447
178.8280103727117,28.48123922161787,29.32178535669705,22.09960659114539
182.15448198372832,33.37512758829547,28.32334734055071,22.81305381158018
182.43546322502883,38.671994272816704,27.761384857949654,22.67298398789969
184.39499472637118,44.966592375073986,27.8084758628539,21.982249806151977
185.3489055330776,50.96740691666354,28.248942453756207,21.722061744548654
186.48535951812457,54.16367049043036,28.331829512375705,21.611654673583953
188.96242869566518,60.69361534145548,28.87079800015465,21.10743775521421
189.6842704920078,64.26761235403391,28.211795788919154,21.021576163105482
190.07003752682638,68.23133248303579,28.21352055076077,20.826724219889545
190.48590666039314,71.25815152865349,28.151876226951252,20.933837675245922
192.1706069925623,74.35680762881614,27.86612014996313,20.903814649621054
191.87319715101185,77.38515586767812,28.460939833064067,20.209618138988425
192.54327384074065,77.56220705557232,29.411906892554082,19.85551576320004
192.33861493984256,77.96695199059454,29.821224694350313,19.818233276321237
194.19887594677175,78.12733596381607,29.21168527817694,20.275210979299434
194.59680507065437,78.54862408202864,29.191965013477922,20.20877272594046
194.54436113608733,78.49981986378995,29.29685288261198,20.306381162417846
194.9102548281129,78.1461232303905,29.34300449590292,20.23583543187466
194.91527391262224,78.11031021096089,29.332966326884222,20.307461470733877
194.46860504060817,78.19985710472872,29.447802059213473,20.128367683198192
195.34241293315264,77.73815774371971,29.25472794488134,20.27449556983784
195.93222004271954,77.32333672934976,28.85188972353137,20.32736160079386
195.56702160672057,76.80261838911073,28.039162111428436,20.59723603922147
195.21496024040044,76.8279204423393,27.979602139084236,20.546631932764342
197.84734549253747,75.79832261575203,27.286520513141955,21.081931293161634
198.47857362496282,74.66344278321449,26.784203784429565,21.831411885960126
198.3559851657805,73.28779297745427,26.264774355924168,22.28889245687052
198.7637697623337,73.28809861983623,26.213188681602936,22.28828117210658
198.6804572334457,73.02867514720513,26.37981373937894,22.04395092924005
199.09226123740453,71.58326442196802,26.318020080979732,21.887514981640603
200.79974207218973,71.23133457695405,26.69475982479228,21.83303438899195
202.36879596238333,71.35449523863504,26.609683375040664,21.586713065629997
204.12510108286827,71.21977903805242,26.886909037279942,21.09817828615341
207.13236806228167,69.58410216585831,26.906733074009946,20.59805828331863
208.09479853503854,69.79025341410491,27.22123989361989,20.185755786825425
213.81775260252027,69.56734940512047,26.942962151098897,19.88705511196484
218.71384630328433,69.18095375263415,28.18154761233077,19.18907670190278
224.94256904697653,67.1585896787129,29.091372378438955,18.7780480985811
231.71165959690723,65.71901731052479,29.043514682296205,18.65934318968653
240.61464409331896,64.57854016806803,29.159860116606342,18.700008171208335
247.22190455813978,63.43686503092763,28.681486970167633,18.735802954335714
255.43370752121447,62.727177194656804,28.595326328068005,18.669956328327373
261.96435090517843,60.698588124438565,28.117795241355857,19.026029856641557
269.71905183191086,60.708731671063475,28.12661390452253,19.00574276339174
275.0854466396851,60.12279013415508,28.475212097303753,18.700107462764585
280.5561654886365,59.35432173689463,28.617581832979596,18.759203266141647
286.64469087829025,57.86095835522703,27.571160655487496,19.519804109113778
293.223037124423,56.765393002678685,26.975347071350043,20.23318435443069
298.23082603133594,54.78064262039288,26.599835523147924,20.49496732453162
305.1643793520985,54.63534782266968,26.79445757764048,20.045465935977106
310.77537576476095,54.73378098496983,26.608262559781096,19.8485996113768
318.97249240231395,52.90896911280495,26.266668549013907,19.849896250175025
321.2883116215375,53.24845736551575,26.70642800298029,19.895405157955327
326.5512394367811,53.30798028879885,26.427521756479365,19.77635931138911
334.7348670934753,51.954495518243874,26.02639201314001,20.306129911128714
339.23579269352655,49.995112758383414,26.491848947280676,19.855368599660494
343.4006316343326,52.091067049337795,26.17021954100293,20.031486458843187
348.5116159557758,49.39701885710375,26.11195062087328,19.611754430307446
351.0716611075967,51.24763558787069,26.01951918040794,19.501705871042475
351.37348033140984,51.31338510210844,26.13091098670215,19.370206842566965
352.37657037741116,51.07633487061864,26.268449548145885,19.129734421064434
351.75126369221715,51.051903372908896,26.093625154309493,19.178597416483917
352.0474367400598,51.216936365674,25.501279058624114,19.55939759612065
352.64396197406614,52.088573569474974,25.72437441571526,19.23226901362245
352.51974101770173,52.19386726038522,25.97281632844411,19.021681631801975
352.7561407018746,51.94342183263841,25.50001696009836,19.52257248729559
352.4076008351944,52.09531719981231,25.48964346266135,19.92623498374529
352.7622733721488,52.20351212823837,25.494166251236365,19.709845126893157
352.1366937644726,51.482945883306314,25.32449409550192,20.44056193121384
352.23417630934296,52.6343428577953,25.129529005761228,20.296816460722223
352.3497314426821,52.47508465382042,24.898418739082956,20.61533286867199
351.98423730436446,52.409120684143,24.913448888974287,20.747260808026837
351.90239414922604,52.90048991034632,25.077135199251046,20.48283996783291
352.68875335904016,53.227350183360684,24.937551484459227,20.54568677422241
352.88442694034455,51.57912882384173,24.546204321850446,20.98038476975301
352.84676494183446,54.26330371659013,24.621528318870634,20.6268641515089
353.35763179728247,53.19766363747905,24.311673164749674,20.622508639406156
352.84773389000804,55.266566892202874,23.91741212608747,20.726872689591794
352.9608738042852,55.38691858438395,23.691132297533187,20.486169305229645
349.0732696808108,53.855292943910854,22.42812065191717,21.463677534045523
350.29302626068807,54.216973642006415,22.06211060013377,21.431483840511437
350.81053626370317,54.448454516821116,21.712011089688673,21.653442586467058
352.7193106809638,56.71808905605775,22.67490487751904,21.211695755723753
352.6165243539803,56.45613337089189,23.571509061581644,20.353544065864103
354.1305195672346,57.042931796399266,24.691131981066462,19.179947214849346
353.8648186126963,59.87564721112161,25.222533890143055,18.341148969268875
354.80363533985513,59.865559770034636,26.080497038115418,17.677424700870326
352.64507896232703,61.1918906614353,26.28210645200457,17.768431812180335
352.6629036202833,61.12052634505558,26.936919741387598,17.91116044493978
352.44550883968714,61.110595108226846,27.371709302579934,17.931022918597243
352.3562522654122,61.32220008771645,27.550222451129763,18.217358498543767
352.16529330210346,63.01407606318038,27.93214037774726,18.418572398395067
352.5599255118012,63.01295336356918,27.86895441585542,18.420817797617467
352.07238042639847,62.60578256754222,28.11887788382664,18.50999268683706
352.17792509400965,62.46025967626355,27.90778854860418,18.801038469394403
352.2694773435981,62.79101800769832,27.724684049427278,18.871590405456043
352.4421985607818,62.672915964282154,27.379241615059975,19.10779449228838
355.68357179324124,62.536731056338894,26.72990656744733,19.380164308174905
354.23609283803603,62.70690829668078,26.00569927875535,19.76364286731161
352.61324370091506,65.21097715453243,26.37500031662958,19.07010100615988
352.2248969742669,66.32088938462428,26.43833804134444,18.990343731720433
352.12685222200645,68.29439910470907,26.63442754586538,19.321351497688518
352.4607229374009,68.5423834978381,26.688104685304467,19.546801281658382
352.067387924427,69.25695172915393,26.748840510337264,19.569533220856698
352.1439635476903,69.28525068049426,26.59568926381062,19.51293531817603
352.16503837242084,69.7595994389945,26.553539614349535,19.288213006521005
352.4544401144127,69.68658281514931,25.974736130365805,19.434246254211374
352.74696501240555,71.51552685311009,26.102931558613044,19.34258429945406
352.44317831615905,71.23103616042584,25.996809908034056,19.197870641750562
352.2430524806017,72.97532059707399,25.687350588026508,19.257856724064972
351.9163441595185,73.04176581778532,25.63478154455267,19.124966282642298
352.4793595482448,72.79462175586207,25.211762472346862,19.619254406488807
352.4509501646157,72.65061990420686,25.268581239605123,19.907258109799212
352.7021026747987,74.14424077173506,24.76627621923906,20.47090111061501
352.37068162550275,75.60361797082993,24.717525143212757,20.398519410898164
352.27601625286593,76.41185081797006,24.906855888486486,20.201402757725965
351.8492760318768,76.40854109589017,25.050936946412342,20.208022201885726
351.80044615651195,75.94051435725206,25.148596697142054,20.43235700224138
351.7499979690364,76.76091781874595,25.249493072093166,20.225248171957688
352.08852713918895,77.52417705300847,25.287478837360823,20.128817914578327
351.7644732802935,76.35494858484242,25.22152366443457,20.325086178758934
351.8793927485806,77.48493550866624,24.99168472786039,20.213809842492044
351.6089454852296,79.69012660173084,24.82167646188094,20.06884441245181
351.717147788322,79.6526393366558,24.605271855696014,20.14381894260191
351.5287187121575,84.14843394890713,24.982130008024974,20.302071052454437
351.52445161532063,83.71675395404623,24.990664201698813,20.453246775227257
351.6348684607461,84.13529904250177,25.484590274100576,20.33091636156886
351.4567915329127,84.57106664869809,25.840744129767373,20.179743097518497
349.8864275785182,84.79067334014455,25.364672080918773,20.46388970615308
350.48046054535206,85.70400644842596,24.8972833968291,20.79925523832457
351.8702792233563,85.49741573148349,24.993272941290158,20.493529947092153
351.0428406189689,88.19483211938324,25.217248507152217,20.106852921486887
350.7659360684827,87.48577247096117,25.058427403142648,20.099711808366877
349.3898808458806,89.17117068157178,24.260142207469336,20.279311028023134
349.97797067813696,90.39367005989122,23.78467051692082,19.936436193276677
349.7452987397064,91.38293575473571,23.562160109303893,20.021467657021887
348.5755305312528,93.12603184204052,23.158536991581613,19.964224900699186
348.6787206958532,93.23545508767121,22.95215666238083,19.7453784094378
348.90276433879603,93.26250138058239,22.50406937649516,19.691285823615445
349.30003179803685,95.0692320066476,22.373659037935383,19.39844747109405
349.5561814032207,95.26610790541365,22.518771000552306,19.00469567356195
350.2988784395675,97.23139295897403,22.993358475115812,18.34076147853629
345.70349751677634,99.8634291136556,23.735429411773012,17.625984273978972
348.7698999193334,98.89046182425233,23.448862619080522,17.62317284864497
345.30950559159965,101.2156751800019,23.27272580528581,18.134146478427436
343.0497576818236,103.39523488616204,23.236480146879522,18.33076854406547
343.90251273008533,103.11149553756577,23.491355005445968,18.24478558956141
345.1432114329625,103.19550053513049,23.63380748939833,18.076775594431965
344.84237709211027,103.56085618387075,23.580075605418205,18.00146486263618
343.3340423520317,104.17397747492637,23.32998278942199,18.081927198986307
344.8143495853125,105.82286266983064,23.623596024713244,18.038384511030713
344.6782068567347,107.83524978058587,23.24126288534699,18.595940465174152
344.59200816041056,108.66300294513283,24.07149776485361,18.256109109796974
344.9484680977853,109.2469817261083,24.023579728882137,18.418155225402103
344.6934515971956,110.89178982701574,24.53361273006159,18.46311326815662
346.67493140974454,110.89994013127648,24.623200425625406,18.446812659635142
346.02715399027466,110.88367937411127,24.565710980560667,18.47933417396556
345.6944407283309,111.34230822388292,24.55495896753959,18.23825501133076
345.9265846137353,112.54764459665766,24.762742122499667,17.84379504308773
346.1974778168374,115.25240117827362,25.558463038707423,17.115557508297876
344.121498946653,117.05203355622882,25.02927194269654,18.197441588767227
344.06760681103805,117.21644602737138,25.137056213926343,18.547223478160603
344.27254674298223,118.72393267722056,24.727176350037958,18.962158982248276
346.1486118077773,118.60033465534757,24.407655780461276,19.209355025994245
345.0269091186285,120.31491461294881,24.594076912890138,19.208502187239596
345.04989319754566,120.9604020293263,24.548108755055836,19.294526739248447
344.21617068527064,123.54772485228305,24.83716405142495,18.944245141968587
344.10807325008807,123.5909361809675,25.053358921790085,18.857822484599694
343.50231458980426,125.63046759562266,25.575084475664013,18.917510255451532
345.1234878013462,125.62101609670498,25.826273141244485,18.93641325328689
344.0967029131975,125.94996174055596,25.77134234100903,18.98135549109585
344.7620253242903,126.36391313240915,25.846169578217037,18.856188737086303
343.45381697225156,127.59576944266622,25.655309214198184,18.497933917644406
341.3448663815694,129.6171405037742,25.021937548172996,18.61342566461944
341.31785136415346,132.47543302462472,25.76128342305632,18.379367343330106
337.4008015832408,134.21032770514609,25.97574974741581,18.373047635680884
335.5093786245742,135.2123150813598,25.583580146631817,18.456580642312094
334.6814803594614,134.9317575153515,25.165561520468543,19.017695774328658
330.6585244882879,136.9740391928906,24.882113157189856,19.09781247206326
328.16788444291024,140.21018215124647,25.025706730528977,18.845409220601034
326.8024903728587,140.98506464287857,24.999823988047005,19.36314739927562
323.0415914560121,141.67901541430814,26.246657742215355,18.672464087474808
327.402341694332,141.93572254339418,26.688456724098486,18.86391901841988
334.53690542097047,141.5083397870494,25.998812404065262,19.718684531109414
324.2658004210774,143.49095760072876,27.1479925123859,19.344750735503588
313.3343044446479,147.8625558582282,26.3938023100162,20.086178995278008
333.9027492123513,140.8067229713708,26.152663226812088,21.052782123641972
337.5528435888931,141.8616569554016,26.275549084510878,21.169836538815048
336.7242660414504,134.55465211707096,27.186615107191663,20.862064771382123
338.2881609202154,140.5731272761714,27.83398330098221,20.905619897407103
336.1118554423593,140.09419129242806,28.358536110386613,21.097880235632203
339.9015984303008,141.76315366655783,28.546450923641725,20.866915803027933
349.36454932707295,136.41288695833202,30.567426486566003,19.930295132552562
351.3535036827693,138.41299418814083,31.334417668854464,19.8841639176693
348.7585546195443,140.50767322224763,31.715093435962018,20.504028208798157
348.7703970489285,142.58242898080397,31.69140857719367,21.26009619857698
349.4839977640881,144.92065088979663,31.094034090750043,22.392440987720377
349.7965114332048,146.01675183398848,31.308522123920085,22.71878521354677
350.9875792901686,155.6417930752744,31.470779848918973,22.97571909607814
351.1301310386372,146.23387928742062,32.04048839869619,22.98568164406489
347.830385927983,150.67200541316902,31.731052314042575,23.609203063265923
348.5997329321541,153.61832920775387,31.93065930890493,23.8006089853123
348.84225853023054,156.48178787831964,31.445608112752062,25.0762515954075
348.34078292802434,155.57790203372264,31.559865311912926,25.106635274098473
349.3780655023801,157.18500355270675,31.267176181446125,25.456184272619367
323.43393530534314,170.63498104836083,33.19735275625817,24.427379830571816
317.87340074638365,170.88747964686928,34.36512793837653,23.922382633554896
319.52010800128727,171.4657300468421,34.7286063575352,23.68010506585066
323.19738857355765,173.9004337135635,35.61533598789066,23.389192607350175
321.9634891108116,176.19361010098248,36.234725255190355,23.423863977993026
322.9523011510576,176.32769536171637,37.99339868199954,23.155693456525277
324.66773287710186,179.00920556721633,38.385992318947686,23.527858679080367
322.10104468398333,180.92438230443497,39.64746150788217,23.569412401945655
321.0950258855831,184.0145643823774,39.68458111805124,24.30126119927108
326.7754253245355,182.90790975582456,40.32791279709319,24.51388202621891
326.6575023752283,185.15736571201685,40.56375869570746,25.08252017618849
325.2504937178185,186.4719658771275,41.32460065505602,25.53308287917413
324.54170373287303,190.09699360207546,42.74218062494681,25.60158913442234
326.7313434137235,192.5150166405019,42.63403724792054,26.10446303841274
323.5715640469725,195.96368965814622,42.50573780899325,26.729618204291654
328.89956427798097,200.16272655169118,42.681948475718585,26.997313320195595
328.40102697090185,201.6543103609237,42.58868397869258,27.285163035283464
331.95030048585437,206.26395921619988,42.05268353481563,27.90968520377328
330.32241757873646,212.03423515548693,42.020067960754076,28.42653174895609
331.1605844297202,217.12957880430685,41.44795399343553,29.27804179780574
333.2491715066909,218.92347057986242,41.70944113429363,29.019254217794185
336.53459984412666,226.25927104888163,42.904010785311804,28.76915931355069
335.0470492179594,229.52500830973585,44.75590144520826,27.853737754032814
340.1728576986707,234.1306096052412,44.72547093037539,27.72803422665757
338.957087481535,238.41637584196906,44.89076464151698,28.221488645721458
337.93121384892544,243.60901153066317,45.79864364787303,28.131031598099753
346.1020487378908,247.80249540191497,46.79555775892774,27.835403003789388
340.4112351293957,252.5390609974932,46.51948361378901,28.854203038549024
344.9454817703649,255.72822141479344,46.881462476976026,29.548736312792567
344.2361052551756,261.45219043610086,48.30021550735469,28.863561379349072
343.61712667437246,265.9246214486999,48.332671135603334,29.56271162101139
347.100422468717,265.9636968386573,48.67265808530487,29.48456084109661
346.16692479903134,270.1423549840212,49.31813950771636,29.677841969087012
346.6548088849943,274.3555116282662,49.57675281238849,29.892199016782286
348.17865272663647,275.62075514450095,50.254597912790956,29.845400506770673
348.84063965989014,279.2115176133448,50.181762870276955,30.170708513043255
349.90465113027597,279.9631125995528,50.564829418504,29.923063285126624
352.18147692843127,281.84746919596563,51.039425486847804,29.925535840791753
352.3934798917502,285.81446549587076,50.61541956020993,30.84061868937311
356.00069019434517,286.5176561151668,51.04072137246991,30.70752452035594
355.19381062708624,287.7575581479117,51.37710099126812,30.782479486305377
358.3017783023674,288.4316061047192,51.579412062586485,30.71803285706648
358.66050090649475,292.2915440622169,52.14753781843856,30.711582726712074
374.4919225224584,290.85398435704377,50.24452190004605,32.2927966016872
361.23407190495277,295.3285664372705,52.21048523980828,31.096181250259793
365.3977287632018,296.2385507457154,52.99254426904117,30.577551597046
365.0423930038076,298.93042321577377,53.703215787829635,30.41051049454677
365.5151705211843,300.31927842347085,54.069527679992156,30.256533932984205
370.0716701871084,302.1383138769145,54.159186421223346,30.562459343130968
369.3780446885188,303.8792750723856,54.22523896658749,31.044132307633767
374.7133084867419,304.40997023768944,54.19760324173559,31.313103460975327
376.9965192952048,308.6475422655744,53.634726551119755,32.17956423326211
376.8957823710516,312.1027914495081,53.83620039942616,31.973091612720903
376.74463300352403,312.44675852334325,54.13849913448131,31.285157465050567
380.8005034861706,312.9495184488764,54.025746926914735,31.612802406938695
379.7311398943525,315.8011332018964,54.82743228210569,31.257740214679366
384.5742825020741,318.3173694809995,54.54150761105308,31.596902253267633
381.993527748375,322.71998453121904,55.6697403424681,30.858225704794634
385.8321591145666,323.41939988756667,56.083881467605266,30.80796230168608
388.46279134802586,324.00024554025913,56.23791583196375,31.000095704120476
389.09802958969107,325.3930704211188,56.326817761615004,30.93320276836429
388.2865000377808,330.385696630144,57.949876865435556,30.464792254635825
394.91052468490784,330.2985279103551,57.08074196125067,30.63912969421368
395.854239318356,332.22296936111394,56.55894818733604,30.887153271641253
397.812505890312,334.84607190641475,56.72897743811445,31.089698040626985
401.3865524746518,335.42685143164175,56.42166701103642,31.296295538493304
405.67424321614254,338.1375971445569,56.04915556671321,31.343384138435262
406.2912800553295,340.7152675326609,56.1775243791404,31.63781332543136
410.40590246705904,340.7833435614097,56.16439796900754,31.50166126793369
411.95518445592387,345.7076522361411,55.79951722830667,31.220935248071903
413.37738723666075,347.02476649833744,55.66844447736212,31.300039534208363
417.0552925956231,348.31692903842765,55.09300830363868,31.427864271708472
417.58580519205907,348.2496307909742,55.38171450921605,31.562460766615317
421.4034158571111,350.581825170875,55.88425267647546,30.966951755495543
422.62323886051144,354.6197250056015,56.1517869532388,31.01269293673452
424.8756007314676,356.82717075228527,55.722028094798475,30.672766326839046
428.909657994673,358.37531598554875,55.73096498706498,30.26882633320447
428.91444139349426,360.2407384144972,55.721398189422544,29.216792267642504
430.5214694852019,366.6484191797878,53.828570189194146,30.934940752117626
433.39072046529793,368.7961254763848,54.70322114050697,30.60741990582665
