537.5,238.5,20,50
536.760249583846,239.39150563240207,20.479500832308126,49.37049965349149
536.3425991344129,240.2791067982306,20.23858189074653,48.67151716226212
536.3503370860788,241.54569680964147,20.22310598741479,48.262044009355094
536.1729447754471,243.43635543935966,20.577890608678036,48.70339406436355
535.0045198843001,244.75362803704505,20.778077697170428,48.20551156279468
534.335915545004,248.48051086195758,21.05061350735885,49.269128860199594
533.5996697132323,249.44645396828878,21.43822751996415,49.5069979494136
532.3428309728017,250.38356923046103,21.761567000580143,49.82310542531435
532.3728937252436,253.21480718141063,21.70144149569642,50.793338875991665
531.8897406268134,253.16102798275284,21.549314939044784,50.90089727330722
530.2642994530487,257.1360720870781,21.448311384832305,51.88917146930152
530.2450959004946,258.0978251057961,21.486718489940646,52.22521434981944
529.6920708624517,259.2942656065621,21.457463795239207,53.23824766064901
529.0664698953365,261.88841031036253,21.559281137092796,52.647496622555316
528.3861856414802,262.3751164697776,21.777164559890466,52.81676938863981
524.9046026389203,263.16493139750435,21.846323939135303,53.53514174181139
525.3674487761838,267.2609014631287,22.081222062847264,54.62792479647388
524.2292626711592,268.04431298851546,23.177072499881227,53.06110174570033
524.2809247882037,270.7850188376218,23.07374826579212,52.28895518617192
523.7853715281223,272.8659154315827,22.900548490594073,53.94869347505555
521.7653277807877,273.84944429876685,23.384812685140034,53.16691017406151
521.876129959051,277.46223861046946,23.163208328613457,54.21889683593221
520.1906316924096,276.63662667762446,22.952717258992053,54.67629150065426
519.5616184055582,281.65746177000887,23.014031583069197,54.208319312891746
518.2745063564786,282.88263553399884,23.20618268380581,55.33108128104588
518.3483968495519,282.9671898423659,23.058401697659157,56.372636788134486
516.9477713293005,284.60702113939266,23.41351544955557,57.985248771293904
516.6737767687395,286.71823132197864,23.96150457067765,57.52072644555709
515.4537571938728,288.74972987823946,23.890179777641315,58.48045721857473
514.7491521232888,290.14824438920937,24.031130631091678,58.21994677207037
513.9635390815612,292.44074839466236,24.335347478034823,57.43596647070015
513.1675336332562,296.8715747860295,24.666272861798177,57.40191227789309
510.4481836072016,297.5008396502453,25.03918331333449,57.40982994960472
511.10336611026327,297.8353401197157,25.00196412206757,56.74082901066403
509.7218732657608,300.8389012616068,25.239357259308186,57.04768810629264
508.8810698403612,301.1387981166744,24.37811480932485,58.99074369693992
508.03297560418497,302.46584212297404,24.790007328640648,58.90524759041425
506.95417075649016,303.8570550759883,25.657245454910004,58.703564822626
505.6552290805727,304.7149215342481,25.64955876725329,60.89618696534387
504.92766613783687,304.66792215983565,25.770315656751,62.32455471014272
503.00076748234505,305.38265803894564,25.55270991199217,63.609351655751084
502.16874876247346,306.1508299044,25.844968496361574,63.44478678021623
501.38679039198047,307.1183023348716,26.034268459872088,64.25907547422389
500.55251623478864,312.22288991946056,26.31309390532742,63.77796038754416
496.27649088531945,311.98365895922075,26.538652595709937,62.86867363993106
496.77080959228897,312.5754887779584,26.928638404694272,63.06363722537924
496.62543860439575,312.7885355142274,27.219380380480686,64.02588927513185
492.7602828081062,314.45470975025154,27.91267416059631,62.10094436557627
492.98993711833674,312.7180462762975,27.453365540135227,62.79078867040897
492.97982982281195,313.8535721429591,27.473580131184796,63.307062706917506
490.3936074569299,314.3145311396423,27.04003867484694,65.18813780760198
490.007485574574,314.1146835149296,27.81228243955882,65.58783305702741
489.12005181741915,314.33019898853445,28.14667126170186,65.15680210981775
487.9286162430233,315.60112657500616,27.649227760374334,65.49526158699344
486.7500527103107,315.339596058397,28.57010194880979,66.01832262021179
486.20905616175617,315.0427624469337,29.65209504591877,66.61198984313836
483.9113828222492,315.4703670639211,29.784120918042223,67.2445542114604
483.1820889781797,316.49673791949687,29.743437881628715,68.19035394941395
483.032472077439,317.5306811672793,30.042671683110086,67.6347283976962
481.1369317269199,312.3703315527957,29.305316885525784,70.40803512895927
481.16783730619926,316.11867792704084,29.243505726967086,70.5942169820784
481.06669957558586,317.00686686840174,29.445781188193955,70.356003481716
479.8915378606869,315.8554575214583,30.25778835455656,71.12050591216769
478.883870719902,315.79713944717605,30.70937259660756,71.2371420607322
478.7098802483151,316.5081434096678,31.057353539781413,69.81513413574861
478.2060617319772,316.3316646003795,32.06499057245723,70.16809175432522
474.36055575049147,315.84447069129607,31.847165537454583,71.14247957249214
474.2901955457481,314.59529610534537,31.987885946941365,72.0487318441401
474.29332846783797,315.1413192688074,31.981620102761575,72.56440451287469
470.8688595441045,314.33678045573265,32.370215393365385,72.55839649980848
471.0515254465524,314.5356080397651,32.00488358846967,72.16074133174354
471.08038454664825,314.9103311311815,31.94716538827789,73.02093766212124
469.45385925992895,314.48297696473924,31.958027244561485,73.87564599500584
467.02962676193965,315.92080864597415,31.905502114868057,75.90097275820804
466.9923364933488,313.916430575691,31.98008265204971,78.24770821009024
466.6045958759252,313.3356168895097,32.75556388689692,79.40933558245275
465.4318014257886,313.6878311059199,33.37339771322608,78.70490714963243
460.12858496956227,314.95262301655157,33.60856924322601,79.63241045585319
459.62116941961625,315.8096328043846,34.62340034311806,77.91839088018723
460.23939205315247,317.0911441222236,35.126171033996485,77.09458420245994
459.3734350584307,316.7779947545672,35.12200036220147,77.72088293777277
457.84150568326754,318.37950750367673,34.69563910876681,78.00807744331466
456.1350540883912,317.2594934611618,34.62496725562858,78.50631800689897
455.05921530287696,318.39398987951205,35.02887620989023,77.98509378696527
453.3440883488568,319.01324206591295,34.96450769254156,78.49390062685805
453.0602093309632,319.8756226227572,35.53226572832891,78.52270303773145
453.02665850944425,320.3866200228461,35.599367371366775,79.2646629163719
451.13795921132015,323.79448580143674,35.824953820504305,81.32846172696702
450.0019634974433,328.69884892885267,36.28713528405908,82.37859525732884
447.2268978427785,330.99344874521404,36.337751638167894,85.12208223156712
447.13666705769805,336.32756216331626,36.5182132083288,85.69656563205152
446.3967980619185,339.1565189605526,36.11266618045585,87.57979211530713
445.3740737281604,343.58086186830485,36.25282378401931,88.25756161956639
444.6492436276194,348.9984069924509,35.784925081364605,88.92782479369413
443.7502166916123,351.33665777946345,35.66409388213118,90.00797843341181
443.14542162450147,354.9702225971798,36.87368401635282,88.53767326186284
442.68023024735373,362.2280686595707,37.80406677064834,87.55040284901344
441.52195220249075,366.1588927156335,38.18578837355922,87.42809268414771
440.37299840174796,369.9805944126747,38.5438960552291,87.54388896932807
440.18694361778046,376.8447034581707,38.91600562316413,87.45019345845468
438.1440863322,380.9581607684469,39.095760806315354,87.03519761392141
437.02885121434326,387.39605244157553,39.376113999058944,87.81023356845427
436.9856354842545,394.08365835590723,39.462545459236516,88.19906388331049
435.879294314958,398.2728653867546,39.701774213151616,87.7144641603277
434.86335889270225,401.1818803395483,39.763026149594495,87.80829097894593
434.17549080912147,409.3734688677206,39.16570590621501,89.1826216174696
433.09465877883764,417.02114237285906,39.34487666954703,89.74722098507803
432.83791261710405,425.4464196498803,39.85836899301418,88.84732286236078
430.53373403955914,430.5465339304081,40.487092247239026,88.5961790534677
426.45717876401136,432.11214746440345,40.651402932810214,87.46215195185808
426.8023040776152,439.50891890346446,39.961152305602525,90.52084168122227
425.6404375814815,443.81807327220065,40.26898470033794,89.96613533387824
425.58571057104825,450.7844614333108,40.37843872120439,92.13951552038603
422.67926957218555,456.31242975755356,42.09789797099437,91.31713574173902
418.3684254325362,465.34922360718656,42.45970235554104,91.82828680566521
418.00206915516,468.3603506026294,43.192414910293444,92.04224429478514
414.8957273229047,475.0903632820676,43.12113022262573,93.24481175765811
414.9288068583274,481.376730237076,43.05497115178032,95.44849145879624
412.6296348462202,488.62913446746614,43.3697418896743,98.07797614329782
408.39245195257524,492.70978773651393,43.10221457544634,100.84403598209975
407.01150865929475,502.43810305429315,43.643294041156096,101.37466943420165
404.4989164956468,511.928606726955,44.1923811821964,100.29805083389972
403.94191830392356,517.2791583684574,43.074235148877754,102.98980205148662
398.27051101349815,521.69620052346,43.16044698730543,103.16099993541968
399.0318790576597,530.8427240530419,43.89303295685636,102.91052933924806
396.4499428100035,533.058532352648,44.5275438464031,100.74359354291903
395.1244113375026,537.7071134267444,44.93410386973816,100.42444308139338
389.6409247245529,544.974989579875,44.66595398038986,101.61786313647877
389.6121452150112,546.0196550194943,44.723512999473265,101.78814568693825
386.64910815715155,552.5831312855007,46.12339650459449,99.97666968142053
385.6493748309378,553.343720906036,48.12286315702195,98.4554904403502
380.049047768682,553.7327726132135,47.95329938344794,97.67738702599507
380.28321674911473,554.1704853173812,47.484961422582515,96.80196161765966
380.5820996322462,558.8316105199489,46.88719565631963,98.67374679937592
373.8562116925622,557.7167839211239,46.804539862703436,98.64766138486183
374.97611556336227,561.1430338652111,46.81864986873475,98.55691473958129
374.5135944832674,560.4225589737177,47.7436920289245,99.99786452256807
372.52481046528146,560.61943110633,47.14132280495627,101.89408888731347
366.58382150409085,561.0420474594303,47.487911302285895,101.04885618111298
368.3544507805712,559.5925002707922,48.54831028983385,101.64712178813457
361.3107338317603,558.1134535034857,48.66752709684155,104.60521532274771
362.76285811178445,557.0024152342527,48.13649577118545,106.82729186121384
364.4098241549438,550.8548748500427,49.63500023020845,107.14128126627922
363.4790927248795,548.7742140107645,49.069423226655644,108.87556308115447
359.3063721768135,541.9529880229229,50.08785127428965,107.86398895984176
358.7309419867795,540.7176776056524,51.23871165435765,105.44365926834132
358.75016108125357,534.2975030191544,51.20027346540954,103.70254248107653
358.83475647459545,533.4636307243418,51.031082678725724,102.9661572654852
357.920557781903,526.0979772133429,52.85948006411057,100.96447859438912
356.27758647694606,525.7872821610787,53.752795089468506,99.1932411143616
356.24439593086134,523.40112979951,53.819176181637886,99.20179557203517
352.27154112014506,518.5816867824453,54.61547548374054,99.30813451372448
353.2832814461897,513.8212766327478,54.990307797723744,99.23570294882983
353.381220761063,510.17360408950486,52.39079000654476,101.72376971245095
354.6951331748378,505.7148391731506,52.15867826787277,103.45416027852666
355.1300266181522,495.27911225876176,51.28889138124398,104.98896072618476
354.96214070473053,491.79702148973354,51.62466320808737,104.6797236247134
354.3229399876753,482.78465872638907,50.47728746016368,105.72400887716307
354.6520551612357,475.3828773173259,49.81905711304282,106.0010167322923
355.486933282198,469.7836249262734,50.562955389384776,105.13124892306463
355.9318590110133,459.77091505920504,49.6731039317542,105.8451851829021
355.20146109029156,454.2251214209177,51.1338997731977,102.4837506711202
356.1142331668221,447.8714226482701,51.69350303679653,100.8802637164556
348.84020562827936,444.27226871310745,52.01365728020568,98.59330436432992
350.9505430134753,434.21421106124154,52.479448621180296,97.62032216691289
354.4955505181572,434.0373488291627,54.737031406055664,95.6371471825107
354.85313419704187,431.2809409349282,51.67576733021575,96.45776953483873
349.38962461535755,426.2537378607535,51.07274614980682,97.28814340816592
357.3990663681325,424.0649610225594,51.209012841624755,97.0499398853064
354.3757931391773,423.4313696587621,50.335408989560065,98.31712261290093
351.1577954345877,417.34834638874463,49.84051475949658,98.93168642086478
358.4176672128859,414.46549967505814,49.18534165736414,100.07585636341655
351.339913319106,417.348445803837,49.44387425996909,101.25845169833613
350.3674907608502,414.51946648586255,51.388719376480736,99.90261064610681
351.4048341157852,409.9825095910638,51.66575044496225,99.56965332229848
348.6857212513893,407.2082925659975,52.400774285237844,98.06328453965659
351.3352304302508,402.21329514831837,49.44383114703754,101.02705371644674
352.0594673364039,399.89915719943934,47.99535733473137,100.98622762986838
352.03443124596464,398.3117658054698,48.045429515609825,99.54347869820835
356.2529684275595,391.2594260153012,48.7627114209908,97.62803480854673
355.1259425167075,388.31543809982634,48.74373274396925,96.69691914331986
349.95316790464096,387.7377960269493,47.79395047192056,97.85220328907394
354.73076729428294,387.17471308094184,47.276825607026126,98.9783691810888
354.74162277328156,385.40838090056434,47.25511464902885,97.97709682449944
357.97390226571395,385.83808442296476,47.54649675440781,97.11768977969857
351.89978480300124,379.55723652009647,46.227794111125164,98.45693761151179
356.4575844140437,379.35892269108547,43.83542970915666,101.09464354290596
356.4433321958447,375.1283257089067,43.86393414555475,100.60628305713112
357.9895728083651,371.9928228044978,43.00227262244488,102.41564946208686
359.1635700578446,367.6922259914065,42.896030443230735,102.04983380929
359.48325084123553,365.2539427601778,42.2566688764489,102.45723096257083
364.8943017577799,361.7855145934262,42.58014827324631,102.70673855814233
362.6323311079129,356.43091710792766,44.86562570048113,99.98515029414429
361.2146974925797,353.84067340164546,45.461447169644174,98.44730042219909
361.6906219267819,354.3057754380327,46.73714343816231,95.2895512125022
360.79497946866013,349.1829971280102,48.528428354405875,94.51647906516716
360.8147543148551,349.21684501480956,48.48887866201579,94.4487832915684
361.3776475113484,346.211498091011,47.363092269029266,96.01606496964763
363.43561886477,345.4671141481126,45.47235280943221,97.50483285544428
363.3067560248365,345.6208747840289,45.73007848929919,97.19731158361178
363.3820643229667,343.9507352902122,45.57946189303876,98.32354840419978
363.2039580133816,343.40623461520516,45.935674512208905,97.18474081500156
363.87060278867546,341.59262657188447,44.602384961621226,98.59451122992657
364.2269525709099,336.8020509171461,43.88968539715246,101.53176471065692
364.35101813190346,337.87327886518267,43.64155427516528,101.63398318776527
362.9282353897722,337.9664911178769,44.24534992702159,101.44755868237678
363.4456403430606,337.19285236250676,43.21054002044495,102.99483619311701
364.40137199512924,335.523694290247,43.552887510368635,101.82553074951426
363.6457084781248,333.0955057612678,45.06421454437758,99.9529887545292
363.46705939754895,332.7642013926028,45.42151270552929,98.37313117442267
364.1271577134534,335.161163446932,46.327083543448325,95.80497453549219
364.4615586169084,336.1757781892376,47.86241588190484,93.77574505088108
365.3434402331071,335.30297294803165,48.29968218465442,93.32032599814589
366.5609766830116,339.5860154313772,48.066492275302735,93.5617729932834
366.8947026145897,341.0115163407293,47.39904041214657,95.1135907561289
366.9690756122271,342.3465448493858,47.25029441687173,96.8687788377625
366.9901212073064,343.75153893489176,47.20820322671301,96.29450142027645
367.58458289299404,344.67608260928574,46.01927985533783,96.67200195737895
369.21006187314464,346.51368398343783,44.97975024826569,97.41965591553296
368.67373944582926,347.27125108710726,43.84822729074736,98.10868952034319
368.94774519144477,347.7431306468507,43.30021579951632,99.3592656975183
369.07874116754124,347.5923915269856,43.038223847323394,99.66074393724853
369.36712005260944,346.7757894965788,42.461466077186955,99.09139181104969
370.5159400242176,351.8340406388895,42.347952322048755,99.89552046681922
370.27371012178617,351.1722664159613,42.83241212691166,99.0253237587138
371.41830251720705,356.18090679151635,42.7329516970976,97.76694045171475
370.8152752177143,356.7977337692473,43.939006296083136,96.5332864962528
370.32626946884517,358.60700455309484,44.91701779382137,95.08779784084751
367.7729368537062,363.64488194483954,45.685442288955045,93.6885245276467
368.4988003204005,368.6865810070527,44.2337153555664,96.57757660959798
369.1622160124427,371.12471356621,45.08574520913048,96.05903396658019
365.2643118617638,379.8436270541599,44.13669453026971,96.11092495111723
367.1359695957102,380.3964211541268,42.56375632109428,97.17571400990087
366.32300165060997,382.0219810926734,42.03149340641077,98.24099174257574
366.425339510193,389.4590419445417,41.82681768724472,98.51642857854746
364.3595815415003,393.23190696424973,41.62916582124765,99.62903414589627
360.02567778689183,389.74504795452975,41.58835283498732,100.07128679372833
364.47405896948925,394.68164297809324,41.4228513421341,98.92935761894302
363.7280698990521,398.8678007237406,42.91482948300836,97.0472172106355
362.96163326409624,399.58271025979377,42.28518230729176,99.94243902978582
362.65000314925203,405.3936408339167,42.90844253698015,97.09382450779549
362.4687483273943,409.5241046584728,43.27095218069563,95.322148125891
361.4447155805908,410.77977751546564,43.1752763919791,94.9545436942289
360.4468789767993,413.53420041385385,43.034226992472156,95.8558657187219
359.6883851098176,417.1465955646639,42.40387800676755,97.2204222957745
359.4836387599937,419.2550546458973,42.813370706415355,97.31555923335475
358.5174082876934,420.7252234809913,42.581207873466084,98.7044691182665
358.5461292262542,423.64579425163924,42.52376599634438,101.58590333237899
355.09652326181,428.6775221362655,42.759129687704416,102.62886129234057
355.92130575136525,431.1003200378595,43.350082467736016,102.26430100743691
355.78626647771114,431.4472347851881,43.62016101504419,103.81619974186117
354.8102216675743,434.7504721488061,43.299313201293046,104.02853731669997
354.92218951722106,437.7174505932463,43.07537750199944,102.6352036471996
353.69645482828946,438.90954438527837,43.2806271244535,100.25101606313545
353.0306583974917,440.6643503475764,42.396839310796466,101.1721654890444
350.9587598869623,442.2121710555689,42.11452334378673,100.28958056709376
350.23743631239955,446.9559646568488,43.55717049291218,97.38790223498667
349.2047072602224,448.1801705539954,43.44386828636597,97.11825075159393
348.76774314977337,451.48147060019056,44.31779650726405,94.86136262041433
344.5610722981951,456.7274743134151,44.10968703818602,95.14616915925843
344.68040702345934,458.96227185918576,43.871017587657526,94.98831639974907
342.5725579274092,459.7352725223515,43.78791621770415,95.59171485444428
339.31820370951317,467.653871658967,43.82646472963937,97.00827637816496
338.76419588527347,472.0875880759081,42.7565015447253,99.03073771124969
337.15863203692345,471.2226301858583,41.59070489591536,100.76065349134929
336.1302304363809,472.8441157223768,41.45470350644783,101.90329159941766
336.26199162069275,476.5111532601153,41.19118113782403,103.39666048412909
331.0716861301113,484.0787504471083,42.677120235420986,103.82714190638373
330.4530608527534,486.9014192522026,43.91437079013666,102.69450625032187
324.58538683919863,485.4434636262255,44.340048015591876,103.34848334194515
321.0622016042936,494.111328550711,44.54965712137095,104.24411713039004
322.12392391358316,493.05582687718334,44.72179426096175,106.35512047744535
322.3193801055149,495.6541888886632,46.66002411735765,105.81668093500446
321.43121490070956,496.9611637536003,46.080759150093066,105.55832658200549
317.65880861323745,504.1929885571475,46.600640637271084,105.14453915044348
317.42859033102883,504.936369441796,47.06107720168839,103.65777738114653
315.54906708893384,509.04349221312987,46.157495995714456,104.76878721880644
310.15212544529646,518.7518675279921,45.29360124302529,106.33603706101724
312.4668645614706,522.6416593365336,45.34211042162019,107.91242826582037
306.36384176750124,524.8856724881007,45.73498233136537,110.51230616960235
307.12036939222094,529.1450125722181,46.62906867413105,111.62219237018797
307.0762888558659,533.4095370964692,46.71722974684107,112.84928665819322
304.4701124809369,541.042112222314,47.01295617584899,114.79232852947922
302.832624397971,541.6321416263165,47.796334988714236,116.10386707454073
299.84389559661724,542.4213282661475,48.72490428685447,117.04993794716239
298.15593277899563,551.9380815765865,49.54623801716602,118.45316656573729
297.6385808959348,549.0648890487116,50.58094178328767,119.02069862967218
288.12289160781324,554.9432309543854,51.300588826383205,120.34382305628708
288.9967933449466,560.5443642729896,52.2006126535835,119.73286562494637
289.07085603909474,560.8408747798965,52.05248726528711,119.13984461113257
279.9286286974226,563.9760958236942,54.47484402807151,115.51308551029705
280.2496388850486,569.1750120649616,56.46630134894227,113.01568611613078
275.13760186251614,572.0880693149351,56.16396218500849,112.45277822068333
270.4290547671212,573.536418131504,55.10853303140815,114.79234225974061
271.5236113897587,579.13234365546,55.55342896951228,116.7705371287243
271.61997064960383,578.4618988430108,55.36071044982201,118.11142675362268
268.5855799195239,580.3490194431623,56.0559119409854,119.71076552231605
265.179219687794,586.7232364938162,54.701969007100246,123.29565821569835
264.43140243125634,584.0573488952097,56.197603520175576,123.12626197230617
261.8466571072883,583.3035175982053,55.818314889452196,124.63392456631485
261.52274669714245,583.7018313408372,56.46613570974382,126.62692712092917
256.55399467142115,585.4739420453418,57.9138305656859,125.91264211042011
255.2489162990122,584.7162588975868,57.6790274024238,127.42800840593006
248.73366863067278,585.2383618472886,59.25804892842126,126.38380250652645
248.9347552642945,586.0628742722308,61.731193252462404,124.73477765664222
248.63690617447742,586.1897766866292,62.32689143209652,124.48097282784539
247.69681165268165,588.1586742222792,64.20708047568809,120.54317775654542
238.78058694833854,585.0524298855771,64.78690277672199,121.00479072739876
242.38703479691708,589.4861853538222,66.25052885276673,120.81380156411038
238.87214299373386,592.8856840027472,67.4515172342584,119.84359949113514
238.38076787186532,594.4107165524763,68.43426747799546,119.71407161063397
231.50992394219398,595.4058934881324,67.4993321925429,120.65904236828078
233.04214172583696,597.0213858787057,67.3683066451087,120.36146760698608
229.39897175420364,597.1611016153026,65.87430914792827,120.08203613379212
230.0679344892932,599.3287958071621,64.53638367774916,118.64382089555964
231.5857463061059,601.3729098914237,64.35385328255911,117.40868596547199
231.08744786672798,602.1127022398267,65.35045016131494,115.92910126866582
228.26314132634548,600.4929065194282,70.99906324207996,110.68805194459051
229.37244423666715,602.1102009904538,68.78045742143661,113.14165580420503
227.86794197048764,602.0018327730558,68.94592051856837,113.35839223900115
226.54593662312894,600.701915723685,71.58993121328577,113.10867038398567
223.5517427819694,599.255236074522,74.6881100858122,113.1118208725191
220.45211209191245,594.6783499707476,75.00344504116211,113.43970344292191
219.9951553647352,592.434261783282,75.91735849551658,112.023608349527
219.7217385982657,585.6988815706982,76.46419202845561,110.76429876522593
220.0595513770744,582.8385685850762,75.78856647083822,113.5488402123284
218.7573608064675,581.2046073738163,75.42611736472188,113.84993238751818
220.90185061117347,574.3399037537492,74.10246848560462,115.71801670647369
221.35861457162503,570.9595767511354,73.18894056470148,116.53610115482522
223.3789260503009,567.5574845603103,72.11655408197203,117.40381258723099
223.71110291164874,561.9260530881696,71.45220035927635,119.7770949146329
223.76005512983602,552.2083561700696,71.35429592290176,121.28839571509191
230.65395864743223,548.9920835150889,69.59911497324431,124.71278450366925
231.1414066365357,541.5406516837337,68.62421899503737,127.49924165972702
229.9625756013334,532.17484991013,67.92831198230067,127.90943070808659
229.72114544961755,520.7784418408887,68.41117228573236,126.32079874665365
229.85526792331765,513.6084639129331,68.14292733833219,125.49797623961416
227.8478025592085,511.47784291681296,69.14202166933913,123.72754543743171
236.87663274357487,508.9587253536944,69.12487001564804,122.75227765865493
233.9335547344943,501.3358768351492,72.01898852633164,117.05371214340245
234.45771379132736,500.0636322406415,73.92700229687912,113.68553756399068
239.50421044997006,498.8500029075747,75.58559145049423,113.17490061239906
239.40577456610293,499.15835056182283,75.78246321822851,112.55820530390278
236.29288039921536,498.7243995063866,73.1527756306313,113.42610741477523
238.85556085106566,497.2363838529111,73.86959009172142,113.48105103933086
241.48731021066124,496.68490871621236,71.53996256377388,114.58400131272839
245.5152622506224,496.1233343819413,69.30690735372573,115.70714998127048
254.7804352737219,497.43136815443125,68.12021671322685,115.98169167057392
254.66488892561023,498.15507201335964,65.47666456516278,117.40892879700468
255.69090262675564,498.98412368508775,63.424637162871925,118.60173680178423
260.4848713439176,497.18566712551166,62.33702346716454,119.36520867473101
272.0993949397814,497.6224758070819,61.71597146192045,118.49159131159044
269.5867980525328,497.53451845287424,63.93868376563893,115.86502454922712
273.13086826457027,497.5100596117808,65.25618088898868,113.11206304893929
280.00561760004825,498.80551520767756,65.42447761505343,110.52115185714574
279.82211168445605,500.94521478496085,65.79148944623788,108.98970238994049
283.2980776000418,502.52314942100725,64.30228108903373,108.56519485483136
281.54005627449436,505.7759844209261,65.1184036362575,107.45936506273569
293.8382328479053,510.62211743630814,62.09991915900786,108.55603336675762
295.59929578807584,511.30525872952455,61.240277875536975,107.18975078032489
305.50288433908713,515.3935793524807,59.826646276714555,106.89605760721241
307.36918459809965,517.2311968046903,56.094045758689546,108.4193504797743
310.6223689070935,517.7030465588048,54.70325962136193,107.47565097154518
311.7479297103104,521.2276832170588,54.9721068827463,105.46631539067354
317.6785048484786,528.3820195172146,53.09139673787094,106.12830298755361
325.8896268620628,528.099292004684,51.50340249463317,106.69375801261484
324.7927101401369,528.1114131988263,51.24413702504398,106.66951562433026
334.72271431495113,536.1538084546156,48.52177660840074,110.17060846473457
334.4000798600309,534.1166037470086,49.167045518241096,109.34202782144277
341.13034525986143,536.3853263133019,50.41146030680994,107.25540695356125
341.3073644745576,536.0086307513257,52.49968885308466,105.56653110184672
346.93502340437294,534.0609945906563,53.51392385003237,102.10007170923825
354.83846699594307,536.5033323333488,52.23044676711205,102.05653292392654
357.4521331135537,544.1636090780177,51.798777977592295,103.5208014945442
361.4959321810798,544.6810847095904,53.35851799046257,100.0740156944181
365.15710783570313,545.444083440196,53.20045874842656,98.54801823320679
363.53249819878704,547.8905797949997,54.086764743830734,96.01793880202729
368.2754191591541,548.4958672755524,53.96365214482064,94.807363840922
370.8723259112985,556.8649438696425,51.09051095590209,96.63458917570324
379.73075251907164,558.2994282454904,51.762240544092606,96.06419327447452
378.95929050803653,557.7491478711017,51.003473054817135,94.86306251190615
386.06957761503105,556.5736500706369,50.40891156162657,92.67205387256993
390.77025185272424,558.9526837983329,49.92169885950063,90.14252036049278
390.951910456971,561.0810980540608,49.558381651007124,88.06857334775874
399.7156570119655,562.4807857338644,49.19918187946289,87.41523465545718
395.867043534582,566.8547431767774,50.505628709362604,87.18835993612107
404.10365093963554,567.5054088574641,49.07601483780874,88.03611442311268
402.93904798684525,566.1443643670441,51.40522074338938,84.34617480948849
410.9096259750238,570.3507924679844,50.31823279185264,84.421414621791
412.5378377645508,575.276267122935,49.1666333828923,85.09458616235776
418.6933474982927,572.3897200661202,49.42764672881475,84.58166386928424
419.35292653495145,572.6965891436165,48.10848865549724,83.96792571429161
430.0734334650976,577.5040702930484,49.335053890926616,82.59571945023566
429.8889827215693,579.1651589640904,47.64287788778116,85.45677457875763
430.42132652133915,579.043003454285,46.57819028824147,85.70108559836851
437.56256846919695,575.5759599147731,46.717349811591674,84.39423358078324
437.7628889689145,575.9044650532546,46.3167088121566,83.73722330382012
444.6998190496296,578.2152768924541,44.603574576828,85.19596258847187
448.3687595619835,571.6127683690323,45.341466974252526,84.26837614658386
447.1484613698279,570.7500607557332,45.76410901916813,83.9758370337866
447.8106512116607,559.1067819481667,48.48147560132443,80.99104392107758
448.3673419114176,558.6261996477184,47.36809420181049,81.95220852197423
456.65195277840405,552.5336962409684,44.92663460221425,84.04595666806216
455.95009046403965,543.6404245230633,44.32278791151797,83.76435822904605
460.8066752180286,539.7624100262019,44.5749646583884,83.5481102188902
461.60055689409126,524.7735383386483,44.98141426166627,79.62423335214194
462.1088547540987,522.0102424517887,43.96481854165147,81.26434161134304
468.8334086005107,506.10197055705953,44.166555821170235,77.97871261477673
468.7653488733103,503.6112048035309,44.30267527557116,77.2451435442079
475.05928994857595,500.2940832991469,43.093686314671075,78.18993995816004
475.49740935632803,486.15925846421663,42.21744749916691,76.22149913788405
476.892438789692,482.7227815263396,41.27325108225821,75.71100321436153
483.61385051874004,473.88355130880615,40.58587115577453,75.16740146141078
483.11922424780784,461.1605327235501,39.772689457806756,75.37935927427401
483.0865163887024,454.7447278219545,39.8381051760176,73.87806037748227
483.4626547087355,443.690744401488,39.085828535951464,72.96778594286093
490.63262301905553,431.54607419843614,38.700611818796204,71.09202652993068
486.43892681474387,425.3533806019874,41.957695264255456,66.37638384561436
492.1958762155605,417.2715366407112,42.31005080084497,63.893100665245335
492.78094828525906,406.8557496958055,41.139906661447704,63.09483355074014
490.9825807048552,399.2873202128118,39.83955125681223,63.54042082039782
495.83780131710955,393.7251481728487,38.21560759801896,63.34366830832222
496.3458385235132,386.6319022340386,37.199533185211735,63.24650493565243
496.76729471334687,380.4003518449058,36.35662080554438,63.16180481806012
495.3863420870741,380.47930770937523,36.0126425189644,63.00389308912128
496.79861518123323,374.1914473590268,34.732860420482,63.22150107113173
497.2099080027527,370.73378493996563,33.91027477744303,62.505870178815925
497.47179871169686,367.4326740424086,33.38649335955475,63.101785002392376
497.90288281915025,362.5462013850607,32.52432514464794,63.86646293968053
497.3739777174244,358.016636904064,32.08436577631796,63.93897447098426
496.4215116132949,357.99933271161717,32.49806642845783,63.97358285587785
495.6901328404259,351.76754965253735,32.46193711733466,62.94716726228697
495.1723293822745,346.96495031753545,32.014336950622386,62.16991635118434
495.3339209948449,346.0069489753646,31.691153725481563,62.62183192186461
494.92162659413486,343.07110582619515,32.51574252690165,59.70268193525432
494.00014492783913,344.60460900909305,32.922311392922126,58.072070036029494
492.7859384910806,347.03685290037663,33.93149109527111,56.04604859579838
492.44389807003745,348.4790851351704,33.20934289293991,55.974042215046026
492.08402205821886,349.6030191967909,32.53611781049902,56.512128303961205
489.55880888141616,353.5145775176357,30.638699943345916,58.41599357133342
490.12336173629484,357.9712115150677,29.509594233588615,59.19965640317038
489.85620638806614,359.4164947268012,28.66660869043544,60.44097869853495
485.43459811670846,364.88595952371304,27.844327828451604,61.92911719646735
487.7760919420906,373.1462672612902,27.325479855480197,63.45310699174921
487.2190928032854,375.37270541729765,27.038482900416575,63.2032163777565
486.8100543021223,381.5299870572929,26.46425290790679,63.419416051289744
486.20815813107725,383.6648497004476,26.282786514871646,63.30546697035621
482.1001875575523,389.0426638030227,26.216372776245244,63.59297861277409
482.0851973645347,392.1518381322085,26.246353162280556,62.90807391092906
480.8155578542934,394.5501654721937,27.411622849051703,60.859437898381515
480.60499204755416,399.37176009043776,27.83275446253014,59.40575922855565
479.33064798812137,400.301430560314,27.679134593476956,57.546418288803196
475.4073860982386,404.6550982709383,27.597439839812356,56.767301400984685
474.75985384352117,405.4387353215524,27.58393016881141,57.81717566062815
472.64636372021147,408.6459731228354,27.839922274612718,58.021013626092355
472.9642445057355,408.70307567535417,27.204160703564675,59.23790157879571
472.12375152856816,407.8912790054852,26.209706733508284,59.523774956338066
471.5451713123054,403.46023245682153,26.042461172304293,59.11502609755924
468.9186014129082,404.6743024594147,26.0334584213376,58.002421729813236
469.0882819157685,402.59159380129705,25.694097415616987,60.86860015354213
468.0711884807389,398.2722330625605,26.393524650123467,60.16400418214644
466.1935927521847,396.7516915791075,27.474870184465793,59.19431826490322
462.6135980315902,392.8283871160241,27.925746585959825,58.98999154343606
467.21517165839407,392.22790908623756,28.14963243995274,60.190947603009114
462.29184566384146,388.02572095243966,28.419429670148073,59.018469111695
461.2015058735024,387.86722787113786,29.24437743211613,57.9797234555887
461.2798476408108,383.53472250897545,29.0876938974994,57.16082200435968
461.5007224085627,383.5823841821581,28.645944361995625,57.06549865799441
459.9420441444097,381.6842746896937,29.101085346215616,56.8683943267943
457.26181733089277,381.38033631178706,29.117223904128664,57.476271082607624
460.6865965191752,381.1140434878642,27.648747190925366,59.35412714629381
460.3230514079601,380.4305029880976,27.028649476964993,60.721208145826964
459.44635049487533,379.5513590489271,27.42586868488461,59.76713078766796
459.2785996731024,376.21006749461776,27.761370328430445,61.05252374789879
458.90580495698396,376.76443914930695,28.506959760667336,61.317640056209555
458.5568762888827,378.4534163387971,27.81404892492209,62.1119901930725
458.7622352604057,374.2943203527439,27.403330981876003,62.08916787308276
457.78897536546276,374.7651081123573,27.96723723394605,61.1475923538559
456.2815306451887,374.6844731591848,28.224427575623405,61.30886226020094
456.38196128501045,374.2786142322768,29.409264664604166,59.34918337676831
456.53117776135633,372.8459897853692,29.110831711912432,59.458938503260256
459.1703663861969,375.04921979245165,29.32916350966056,57.800833012809974
457.9650635010441,374.17637252134733,29.032394140782785,58.19283998542699
457.45380159354283,376.27474875974417,28.700618508434296,56.70468640333512
456.50317351451093,377.02422843964746,29.275107998837072,56.53249371118965
456.81292416280303,377.00060241457203,28.655606702252832,56.579745761340476
457.2064877400459,380.9684629050473,29.19263767123749,56.58897352121245
457.6662822457078,384.1526313605332,29.606605227999854,56.888419450671165
455.73929910218214,386.43855283419595,29.425329821072673,57.69689876198363
456.20550556368755,383.65564717908467,28.492916898061807,59.20123929568507
455.8280540963571,386.0543522991315,29.247819832722712,59.842539724890074
458.1130866283315,389.7689060555864,28.824237075427483,60.70639682528726
457.76747875378464,385.4411319594833,29.515452824521148,61.0375321478569
452.8164388100248,387.3862373735001,29.587680036686983,59.95585065563874
452.2394717182567,390.81611411799594,30.741614220223184,58.65494704518521
454.75175637239,392.9515796760819,31.27927340237064,57.16513017422031
455.28023572632827,392.5312105099945,31.600145341845476,56.62803785904375
455.18422922721686,394.36282522526716,31.792158340068326,55.71555517901952
455.7386368378339,395.7072274343807,30.68334311883428,55.757028487237726
456.57502682375144,396.6853610987143,29.010563146999125,57.84137857032564
456.7385402871366,402.71714282581416,28.683536220228948,59.2655750373887
456.9726441463144,406.3835395518189,28.215328501873294,60.11637024719283
457.2687279088331,408.3316162631214,27.623160976835848,60.3247662132773
456.91709594376096,410.62906951712444,26.96556451249629,59.81244088872292
458.17257610320866,409.64530547402006,25.796489226077817,61.77996897493166
458.1093121343786,416.9761993146273,25.92301716373791,61.965309236883726
459.11829903267477,420.0306930904336,25.259703299024604,63.98428127654573
459.1307679972211,420.98789920495,26.606706411069876,63.44181008865091
458.7410903590349,423.5617266592217,27.386061687442254,61.07037352346195
459.09025499540076,427.72779220299276,26.687732414710624,60.94343198419556
459.41322839693606,428.35637164154195,26.04178561164001,62.393076669852434
459.3640785009132,435.04734685272,26.140085403685738,61.277620004434084
458.9716240141923,437.7888041671565,26.924994377127547,59.84040938442621
459.05106263514534,442.4165011929737,28.107695917763586,58.63448802804503
459.127224584057,445.0144449962503,27.955372019940324,57.47271365137078
458.97856444236186,446.67692902827895,28.252692303330573,56.797936597143845
459.3188746715656,452.45721244943724,27.572071844923137,57.12084350852372
459.89386736260354,457.0436309950177,26.422086462847183,59.767669422299775
458.4384140795662,458.9628731064974,26.669630362204245,58.59254786605808
458.7337397253966,463.5663065661298,26.078979070543333,59.937470043475784
459.8507733595113,468.8984047323466,26.501102012900027,59.898034553386225
458.3258041769103,471.34510871730936,26.881115565597213,59.00951380221809
458.4373381971163,475.09727195584395,26.658047525185264,59.47762888309071
458.44009979580915,477.8915719904797,26.652524327799448,59.21552376558507
458.76024885942417,479.9840643331258,26.012226200569405,60.34142702015177
459.0071877976972,482.6365594134219,25.5183483240234,61.70025965886611
458.0691316114988,484.5111666034009,26.05081091676606,60.63834483821632
458.0048361336874,488.7610088539178,27.51714457779463,58.82737386421144
458.26716955089415,493.6689705785085,28.329697359762008,57.034768113316005
458.02454871545905,497.3988938658404,28.814939030632186,56.200846931161614
458.6330665638605,502.3636569581876,27.597903333829315,56.84213289886323
458.67249370601587,502.94895823378954,26.209373832868202,59.600555997610456
458.91207840439216,507.4494662376475,25.73020443611568,61.20364375508383
459.0595299334468,508.0681766476782,25.43530137800628,62.64670309445354
459.1906696219311,515.3333279592413,25.173022001037843,61.67459354246414
459.24944807161893,517.0318004460728,25.055465101662065,62.289063686820896
458.64621770706754,522.7961779899314,24.91802887694862,62.855381183450305
459.6752700146009,525.8092699468583,25.55911312581045,62.22757499745383
460.28374872690614,531.2766590828297,25.694136686806257,62.10864461036047
460.7095166229475,533.3503945719198,24.84260089472359,62.019170279197915
459.9810196165292,534.0133060184871,24.96338181605074,62.029560477572716
459.6793970025065,538.6613980080689,25.56662704409606,59.42596408138226
460.07401579143317,541.742914609119,24.777389466242795,59.82115263635838
460.4588165715759,544.6205589940352,24.0077879059573,60.582722487582934
460.3628061623226,549.8831913708765,24.199808724463892,59.16187711900737
460.5312052974028,549.3267726930222,23.863010454303556,60.27471447471582
460.6410609213653,556.6053432119352,24.936911925337903,58.65370062648417
459.8211068461905,560.6969050820869,25.28748178944514,58.20660660363474
459.4853333632775,562.2868349996747,25.959028755271053,57.60487712409571
459.81977699018546,567.3777541094428,25.290141501455178,59.052482769839855
459.70193004698166,573.0065740686973,25.525835387862745,58.205674334272715
460.2736783928353,577.6731664746773,25.67559373190933,59.21852980834336
460.13498651511105,576.3382093509774,24.64241100949263,63.19901053360802
459.48475800589904,580.2136876906388,25.942868027916678,63.54567648788398
457.67426730449165,580.1944858445607,26.80822167446296,62.206266301906
455.19954563083616,584.8590274972049,27.636223960238716,61.120065119688185
457.5851837447787,587.55348014555,28.355529823248908,59.84909639116959
457.2510582895561,586.7778619977942,29.023780733694142,58.66686362954418
458.04062975136947,586.5538401072187,27.444637810067455,60.475993931664256
458.0905557692166,588.4741262670179,27.34478577437308,59.35527942092212
456.29445649150483,590.0627826477142,28.253206783634162,58.86174420569226
457.18558825330746,590.8483591626417,27.821495951029227,58.64114386683754
457.57768691412286,594.3290554552157,27.03729862939832,59.718650367200844
457.3533697362411,590.7637117790936,27.485932985161895,58.79864625414778
456.9667129016479,594.0675804595485,28.259246654348313,57.53593354769592
459.4240437293473,594.744312834227,27.33846669283721,57.51376269630139
460.04455071379977,592.667704488872,26.09745272393231,59.03705554145972
460.617641079336,591.5423013972189,24.95127199285983,59.97248811437083
461.9071388943107,590.3714124408448,24.989563880053282,59.69697850997609
461.5985100740054,587.3085044984192,25.606821520663935,57.99072130065454
463.02046151797566,587.2783295321212,25.346050900004897,58.05107123325044
463.92498729150196,586.4948535771916,26.112690960385738,57.04233153567604
463.58851740331625,583.4597682599114,26.785630736757227,55.392408251984406
464.0360867385656,580.0543635275352,27.164880842233202,54.556885060888504
464.6835774605481,581.091501676184,25.869899398268075,56.28887243176242
464.39685586985195,580.2357058636413,26.443342579660424,55.457513337851125
464.59692714613834,581.4347130658508,26.043200027087636,55.59826422528019
464.79133919251655,578.997238331053,26.91883138978126,54.15093641762587
465.1597069339939,574.3646396901006,26.18209590682654,55.86481263662445
469.1333889793476,576.2893724198801,25.85930766731942,57.09839774453238
466.39202421866594,576.5865599054944,26.20981748012538,57.78707770044317
465.8168277906738,572.0208838429048,27.360210336109617,57.823976672309655
467.8647805345393,574.5724568396345,27.223894231674173,58.000283189911194
467.7750507487625,575.0926933461272,27.403353803227752,58.279863861164415
466.3152844051044,570.5622826023308,27.66836921402455,58.04987488093914
466.48729448046123,572.2126338670051,27.32434906331092,60.06328098870327
466.68810369614414,566.3427924689078,28.274553843560597,59.63655488035819
466.3790132712201,565.4902576681835,30.25495937669154,58.61717511524109
466.70328730061885,562.5944725540413,30.9880399329878,57.50060226805674
467.04467253715205,563.818380747639,30.305269459921384,57.808378359495585
467.14178158606103,562.6680764478028,30.111051362103524,57.36775996501909
470.0073161376663,558.708121365526,29.823176439261594,57.12287885901979
470.4201753285138,558.372328253537,28.99745805756665,56.44221452025231
470.2143790419226,554.8276175769,29.40905063074901,56.891438670362994
470.41020255015457,558.5089476269984,29.017403614285065,57.579124605580986
472.12749203495343,556.9328249027138,28.272930603714283,58.041264095123246
471.8127648391833,554.1858845677395,28.90238499525457,56.84056332087604
471.21718674910767,555.3010651522185,28.761298874716005,55.94244445260796
471.597621542516,556.9701039665068,28.000429287899387,56.55427275724486
471.9387656713128,556.9012811791005,27.318141030305753,56.69191833205774
473.17403145527715,551.4870414553955,26.150228273401957,58.40206610229296
473.2612938762436,550.6089859192624,25.975703431468958,57.54399536575836
473.9129490854888,549.5638884623168,25.96396211313236,57.051052079342355
474.6598401639072,549.9470681121713,25.75438251604016,56.2846927796331
475.1543463153009,545.9950289875306,26.034761674317362,56.57242226252656
475.41720088265004,545.331578021127,25.509052539619084,56.620839129098925
475.30079753025217,545.0281533032648,25.741859244414826,55.957716170867016
476.0653723265787,541.700150268421,25.477127634634236,56.29163232619217
477.9646934631205,538.9366718099608,25.472379321395998,56.76006396331886
477.1032409758881,541.2653970618678,25.923934786752525,55.916661986829396
477.1202321540764,538.8599654701703,25.889952430375985,56.926505854191745
478.2598712006255,538.9391264683742,26.17286480434433,55.48708862425075
478.19843734200225,537.2985571559764,26.29573252159083,54.972930304623695
478.96597753742196,537.1922147071234,26.020396235115065,56.445359306693305
479.2651943374617,535.5561126762689,26.698348237620593,55.88840656064736
478.5550328537866,535.149781470377,28.118671204970873,54.140852215246724
478.5451117287921,533.3910515659552,28.13851345495982,53.82095695433807
478.95451908503475,533.3546575097012,27.31969874247455,53.89374506684602
477.7026344527406,534.2672879139188,27.30003015790392,53.330203182989976
478.5911237056019,528.3489027149225,26.776167755906833,52.63581254372815
477.30014786005785,531.1015347770834,28.124225019838427,50.83223170087591
477.81439820872765,529.4181502414724,27.095724322498807,51.738029600088
477.9998084662588,527.9479955204094,26.72490380743649,52.22589976988653
478.0976177622621,526.0923658176218,26.529285215429965,52.256163760597985
478.4453488067994,525.661838262246,25.83382312635524,53.11721887134957
479.5023665430033,524.7857065318847,26.169033607378168,52.42023637864137
479.79335762232733,523.9979062253083,25.587051448730055,53.995836991794334
479.6710568272858,523.0760203180943,25.831653038813265,53.37330992877012
479.1558314359415,522.5003532828781,25.633778519580716,53.29631869728122
479.2033365044196,524.2828226355059,25.538768382624397,53.40266146136844
479.8382701607427,521.9726523985485,25.492559620030946,51.90470918501977
480.1271315153597,521.3132942129022,24.914836910797003,52.022444618526094
480.5346718586875,518.4412024942588,24.099756224141395,52.995981998003316
480.6040471083242,519.3692658875027,23.961005724867952,52.332450723959894
480.4727242211206,519.2966695777517,24.223651499275164,52.47764334346206
479.99891864902213,516.6521263632218,25.17126264347212,50.64335010837393
480.4810412294018,516.2291682744852,25.383981223566003,50.31230254499377
480.8193719830122,515.4964815249992,24.707319716345154,51.777676043965826
480.5589251640626,514.2056501135113,25.22821335424446,51.98838320663049
480.5288160840615,511.3099790576407,25.288431514246682,51.79165354130967
480.5138337642649,510.8747627834299,25.3183961538398,52.66208608973121
481.01212411267954,510.28469480546414,24.32181545701053,53.842222045662815
481.0774316328427,509.86770717403135,24.191200416684147,54.676197308528366
481.1221591237188,509.1949563524814,24.101745434932063,54.80310932798143
480.7524759337932,507.2812307661753,24.841111814783225,54.97399800858601
479.29870330482794,502.78227251793345,24.045656011312253,56.56591238226693
479.3458134952993,504.97777440193016,25.19481558966318,54.66166853286077
479.279019553784,505.0613190556224,25.328403472693775,53.258586047032075
479.7244815687428,504.0200977809073,24.43747944277613,54.12313534538808
479.99881585218134,503.51785985634143,23.888810875899182,55.12761119451979
479.51755190345204,501.45219362230387,23.631539182810293,54.3797453004054
479.32174339540626,502.6242405893216,24.02315619890191,53.24008213310086
479.86364583505525,499.35463704307807,24.134148647726313,53.805302584975934
479.8185468705797,502.92198229897247,24.224346576677323,52.695373282161626
479.5238501633164,501.8884399158897,24.81373999120397,51.19123152006441
477.08015008184805,502.2619499885473,24.98605742139651,51.622982057935204
477.4252096140723,502.0079665116592,24.295938356947985,52.13094901171142
477.24869520320783,502.27563593065724,24.648967178676966,52.77905898814153
476.96553634937453,501.8082413699455,25.215284886343476,52.514795667859225
476.9783570273676,502.46140916484256,25.18964353035734,53.61860862567809
477.2820991708447,502.8199307200506,24.582159243403176,54.12228574347823
477.7360624897261,503.0561979545373,23.674232605640277,56.08458943545479
477.8713609059827,504.15139036854214,23.4036357731271,56.353896273285
477.6919664740861,501.9984454257359,23.762424636920432,55.74404515204155
477.0412357111495,500.55278003701306,23.837401330241086,54.95592143182975
476.46303056333716,505.9477331169567,23.77740517666709,55.113673314730406
476.5333464175095,505.5309708675632,23.636773468322396,57.16482842320595
476.23006309376996,506.49503222160683,24.24334011580156,56.48148438186584
476.00724979355823,509.7505518012773,24.688966716224982,56.1987233927853
475.3060784834757,509.2852086173688,24.841883679290408,55.87998410350262
474.68659963195825,508.50124955756957,24.83334488566821,56.200405726444
473.39565319883013,509.9121106540241,24.911252091659435,55.88266919379994
473.24826473559733,510.57045066439514,25.206029018125015,55.814744575257976
473.27144936576366,515.1222636485683,25.159659757792337,55.48175393912862
472.9637207082544,517.1883208329651,24.52781926774054,56.338830790616434
472.85645410947393,518.8733541260503,24.742352465301458,55.465992870509716
471.22023781561245,518.679090374207,24.29556347355294,55.854520374196355
470.7018953670689,523.3452720827111,24.09474524943751,56.42218192680844
471.07968524845575,525.7207936982397,24.58133580883176,56.63981998442243
469.7263938409887,526.9817546090857,24.780084377134685,55.371815286046306
464.50878899797937,531.9969979631123,26.54203354929429,52.7755518755864
464.46871810879696,536.0869354031438,25.390277575472176,54.45085901301856
465.07102767047047,538.3801946362266,25.422002068377047,53.57337139560863
464.75476595746323,541.9009185953994,26.054525494391545,51.4283789154604
460.7581822597129,544.5556486913954,25.621547149597113,50.933859146494015
460.87533434094024,551.9834568807923,25.38724298714238,50.346337186435875
458.64196928682003,556.6663977780242,26.324919537147842,49.214913694520334
462.1424558561964,561.6725008337871,25.203299721858567,50.96141422992177
458.76160932605734,567.5212672398933,24.871960390550726,52.267774135617145
455.1018906496963,573.733896884544,25.018439665737375,51.797444975541296
455.9039797176511,578.6292610495683,24.605441773571837,51.5361585954451
455.6162183476751,588.5422977123378,24.000783515456025,54.13352423319318
452.6789663985743,594.0045604744191,23.838440970127408,56.49006088479733
452.58022312168106,599.3705491788716,24.03592752391387,56.905610165918624
447.72942569658,604.3968032276575,25.00069961235068,54.341807292716936
447.7940254873791,612.0843511957371,24.871500030752493,52.474089063744614
445.181924095765,624.8089709980593,25.301731183797877,52.19320051755998
445.7171788920776,633.7179871586004,24.231221591172687,54.80717887614478
443.1857288717404,639.507573989127,24.409348713357286,55.43993751131579
443.19374136456537,648.4392986504522,23.159821108199594,59.77953533980505
441.96338261040887,658.0243134091263,24.346632274266085,59.71810095615477
437.2503704354245,665.6675677916164,26.007305802402353,56.079618423923264
437.4595774993133,673.3209240733948,29.401398517870163,50.93959077568721
431.96988152269284,679.7543513970538,31.6042279219948,46.84929867748566
431.3724414951093,663.6846250659254,29.11017823475993,51.93659989546112
396.91080253227517,635.2439915702889,28.53499235208809,54.48270427294092
394.2833514515314,629.3208542845417,28.624687289074117,54.70726258930699
392.3115136061391,652.3040325703054,28.679930417873138,55.40209676160722
