14.5,517.5,156,43
12.099687899613627,516.3559425169124,156.79573018287857,44.288114966175314
11.209902837014397,516.8279443885726,155.53506454096606,46.38434698996572
22.005944987187178,515.5222193240908,158.43484341750545,45.93431422181878
19.970700349249768,516.4472392487827,159.41122879919314,47.1783782666221
24.51446020004589,515.971744435721,156.58582130439953,48.12936789274541
25.490534011534876,515.5051143593366,154.63367368142156,49.06262804551413
35.47956000810743,515.1378050566185,153.24504652117338,49.79724665095043
38.74467956751678,514.0865275916633,152.8988579349039,48.80777631458645
39.02426441284503,514.0506431770272,152.3396882442474,48.879545143858614
46.72955046267636,513.9305454600544,152.24062104440304,49.119740577804166
47.86940509814744,514.48862225235,153.0262213530414,48.003586993213005
53.141076058594194,514.5001107012349,151.65061336446422,47.9806100954432
56.63912180580728,514.2722114125597,150.72646601164345,48.43640867279339
59.94617073569498,514.623670191911,150.17485195876043,47.73349111409097
62.40429351166463,514.9181393638673,151.27955927372034,47.144552770178365
64.87073485593119,512.8451637201165,149.36196625844198,48.27521438442513
70.07023875189688,512.3484517648842,147.98964990820582,49.268638294889726
78.05880199504166,512.1306433156744,147.0505273857856,49.704255193309365
81.8300485125458,514.7720779607873,151.5168137114572,47.423580743253495
81.66822423225581,514.3000780217193,154.86426600092724,45.343776892499484
85.3307829207256,513.8221729725504,153.60445760400512,46.299586990837234
87.47848301857142,512.0693336185749,152.34164922300377,46.77267388409816
93.18167375524006,513.0046869070186,150.00568008180286,47.92543808458949
102.51924116143424,509.92707142183207,143.37697761706264,51.069060968050636
105.50781354055637,511.3356292549052,140.37446360260103,51.22657604568696
107.81214203462739,512.2109513860296,141.6349119847597,49.47593178343834
114.30436947809324,512.0167575473926,140.33376196692717,49.86431946071222
115.38798986089174,509.6629924127397,141.07582373127025,48.75324467013787
120.12693721338644,508.0627126797224,140.297029515207,49.054103973197
123.40976652317823,507.82714381079285,139.51949845310816,49.525241711056054
122.53927083338458,509.28778822320214,141.26048983269547,49.49547211198137
123.94876049058853,510.15567475356454,141.357348277655,47.75969905125663
133.59243626755563,509.8629277087716,142.26914934630062,45.45959990904517
137.3927613137273,509.0829051725419,140.38128612768472,47.019644981504584
140.63742231479046,509.3219853289176,139.6083051969567,46.541484668753284
141.16200173558462,509.4736509050998,141.3975684241149,46.2381535163888
145.4531160274671,509.2882986520076,141.3902842768431,46.60885802257327
149.05401711675285,508.88823741259455,139.91849790089054,47.40898050139935
152.1171548694996,508.70251544864703,139.50961080161466,47.78042442929436
158.46258281588484,508.247824552161,138.25733346355864,48.68980622226654
157.44193981763556,508.1175885672671,140.2986194600572,48.9502781920543
156.9391343343811,507.22546219818776,144.19642899317338,47.84233236360573
165.76807233858258,505.06769732454035,141.17614661790708,49.23034338427318
169.1237924743784,504.66682680603736,140.28433369675554,50.03208442127915
174.8744240608063,505.2773858741791,140.42962674049016,48.81096628499566
175.90582976096124,505.51880848724625,144.14988253172777,48.32812105886133
178.37286325728059,506.2113292610245,148.02304860605543,46.943079511304816
179.5077435404353,505.4657808237382,148.71866792326205,48.43417638587741
179.59006784339886,503.8884844377171,151.55669443059858,48.586094044655994
178.733263754397,503.63678427668367,153.2703026086023,49.08949436672293
184.35302572337065,501.16699279447596,154.3482888854829,50.94969977743136
182.99501513305216,499.7490301894729,153.93546324051542,53.78562498743749
186.7859862293528,497.47406434150764,155.8776953242894,55.160831924576044
191.02430159429485,497.10772491032515,157.08337129628333,55.89351078694109
190.59682259119973,497.0043818325853,157.93832930247356,56.100196942420766
192.54187409519722,496.52794514723695,157.32214089512277,57.053070313117516
196.45339077232885,496.3694178247489,156.0638466572995,57.370124958093534
202.44035091214414,495.57867756803364,153.9002109528376,55.68151061313463
205.02307610818593,495.0844898586846,151.9433720183797,56.66988603183269
207.44862806632426,495.3647329905163,153.48916673618592,56.10939976816931
212.22457832197028,495.1139144754545,153.56867382637543,56.6110367982928
224.3459010397143,494.88210519836997,148.65003311000024,57.07465535246192
233.35144809430284,496.53704954386706,149.58991922536765,56.92326336555859
223.7882644056582,496.31884901228506,152.86995612792646,57.35966442872261
224.72447215928767,496.5615510722613,154.22169535681275,56.87426030877005
226.78298508537068,495.81066751155726,153.33943829301577,58.37602743017817
226.52325678509806,495.031988683787,153.858894893561,59.93338508571864
226.51191735897012,495.02974099261576,157.1661479887345,59.93788046806114
229.88190825189662,495.5294306477607,160.42259964880694,58.938501157771256
223.52415046760674,496.59626740104244,166.41648810409794,56.8048276512078
232.8894122254531,497.3657012814708,171.53983888701646,55.26595989035103
197.41039612958798,495.62674811732484,173.4496457250441,55.291454950957814
184.93709235520743,494.9307720114554,174.0362554620882,56.68340716269661
176.11123746167758,495.10688060730473,177.63230025146203,56.33118997099805
177.35714620330242,498.1219177495407,178.6989951969878,57.41814054407688
175.8666743615828,495.7116930772156,178.08627948656343,58.64493049486353
175.5921079762768,493.38740530199317,178.63541225717537,59.6860342826568
175.12048122824058,495.1802948742069,179.57866575324786,59.7346017071638
171.52282946666008,498.4970939930817,179.4766509304661,60.398321815356795
175.62073497645315,496.3893453746852,178.59953083457688,60.954473590301326
161.74782568290198,500.27321438471233,184.4033219601188,60.5007447241005
167.4617498562207,498.27441187141784,187.90075830508601,60.767028577788466
152.43453713693802,500.702706620914,195.239680338899,59.696356312921594
55.438856048613374,506.15014970667204,191.8466962107028,60.412314041690635
53.24703448446098,506.6679701632542,192.39493030410716,59.37667312852623
24.76317940145516,510.11065465409195,195.82574109098667,60.13943262958401
6.239397553908574,416.46323255192533,186.23192990790912,64.75555856108195
6.455192433878395,408.7374115588454,178.1301859712758,68.7019692822013
4.4718620734437025,410.1299923642482,174.5160067439807,69.70722764547794
4.008669956416014,411.45072276437685,171.68594016265104,70.8222176606057
-15.409765233055424,404.77555413040295,158.22535614633236,76.70149001494477
3.543359562271945,408.13070149236864,160.3978301021182,73.63471561341699
-3.0840782972288565,402.74790065724915,151.92262590301922,77.15695731095579
16.271416295894,415.9724158194437,155.92196173997195,72.06308949816595
8.96841197469486,410.1359620852212,152.8826004581968,73.14877501210694
7.835374667559307,408.0086468356597,151.64493051553305,73.89966095429511
-8.611654516799597,402.40136908811576,142.5542039169723,78.11675228816983
11.107270074516023,414.8910243659352,147.80897557837432,73.76480519900782
-3.251433089108005,395.99493407043246,138.68310212231506,80.5943023309437
-8.275562377932602,404.66205797779315,131.61755329239872,80.37386192378793
-3.617675503466785,394.8772259345883,128.92972779004344,83.37365539375679
2.0200246078485407,476.9645791001072,130.95057438712962,78.75391089932067
-5.20170019898444,416.1026727177523,125.73347522750856,79.23767289542712
-3.2032563848814917,474.1407068149832,124.94365040204715,78.61586559976695
-3.3265713432608734,481.1879588975245,125.19028031880592,74.07587780833472
24.698106407445508,423.27527915018186,134.49571008531004,68.5280646626029
-6.512027293392535,485.36529101050183,127.51150873110043,70.53798413448236
-11.37343916850061,495.06000074451913,121.80204381439725,69.66731106675087
-9.598945355884993,493.36064361160084,115.26586563593528,73.0660253325875
-7.074548724928405,489.3972554815924,110.21707237402211,72.15124954973791
-5.969727277621267,482.58924889890153,105.15117096672155,71.48597015168832
-5.996708945311418,492.71061845304536,102.4361062334174,67.85739945550738
-4.903135977755589,492.6152026541951,100.24896029830575,65.38030088024075
-4.06818476339452,497.5581647851635,101.17290237918385,60.68206563750432
-1.1214184889340686,497.9840709701044,102.86600559240273,57.30137468024253
0.9816018120689591,499.45695683072466,106.14998773799665,54.3556029590021
-2.471371704376807,500.0310219673937,108.06687686260923,53.207472685664065
-4.644317916649484,499.8643880500048,109.91001974128139,53.54074052044194
4.976598883643057,502.6348839810285,116.02289691212567,50.535219735537474
6.909693763175795,505.0637231302988,119.87203769215043,48.24931828336038
4.6366662395904115,509.3997034241546,124.4180927393212,44.750995843936856
3.031525423919291,512.4182676316155,130.21754754124782,41.30304059959942
5.724056058839565,512.8230406806199,130.05008881458795,40.49349450159078
8.276379746199567,513.3551003111209,130.1284358926565,39.429375240588726
19.061444252681355,513.1454393638503,123.99585862320589,39.84869713512984
27.578708526776524,517.5842075269785,124.41728075160279,35.95857528789829
37.28760355774497,519.7574459732083,119.56544480952459,36.46741643539156
24.149727162177008,516.3166376082936,119.78778490141822,36.243556974518725
36.446615535162266,514.6217184381072,118.86894639280382,34.89840766742041
0.5792205035309266,503.7961513507152,111.40010583880049,40.24291200923783
-0.2516118682423141,501.14604085416715,108.41892950503735,43.22171246367909
3.610039681441897,502.4109128504432,112.3566728886845,43.02417776773012
-1.5158477077192174,499.2853651069769,105.91158628935614,46.89000734356975
6.339062407631069,501.2911303360045,109.08992759723102,45.239497077836475
-7.207547100538264,495.1132306959504,100.51592660449333,48.08403768885768
-7.492102779959403,493.9104499956535,94.17468290156047,50.48959908945156
-4.886672823336028,497.60012623235383,91.21588277651136,49.866425980643804
-3.657267473600541,497.7981249006776,88.75707207704039,49.470428643996335
7.891841387923918,500.16352431740376,93.67019779379186,46.89434853668249
-0.29507344801945834,498.88038211361436,90.3991984239561,47.277874161847706
0.6206226376187658,498.83671929213176,88.56780625267965,47.36519980481288
0.8912373281551993,499.01736057599175,88.02657687160678,47.00391723709284
-3.64438750670962,498.57670187332167,84.48709722702907,47.88523464243302
-1.6339602855568174,498.75518085319266,84.5954126985457,47.52827668269107
0.6545450249001306,500.257864569676,86.19874879654537,46.58302482269559
-2.7245715526020717,500.83982773185886,84.68636576496428,47.486752544976234
-3.004770006421154,501.35381835427984,85.24676267260244,46.45877130013427
0.8767754062434889,501.161892800609,83.63815055448738,46.842622407475886
-2.2930238155570777,501.52802416369855,83.87488816992283,46.11035968129683
0.541798960332855,503.42996606747704,86.30643773308358,44.331774652474905
-1.9760310384258375,504.8511623761204,85.25037991124154,43.519954641641405
-4.661211480763015,505.2493329205565,82.61641634935069,44.724694664410386
-0.5673202138111932,505.3583084150338,86.32694919245002,42.52369111262213
-3.5211612977824274,505.02510281660005,84.23616758516238,43.190102309489546
-2.6410853284252767,505.3132850819079,86.43704590321303,42.61373777887384
-6.1730769924944795,505.31148703266535,81.48430673272942,44.620120960462614
-2.158419926728115,506.5093988001235,81.31326590639773,44.18886575184652
0.0012282900599132063,507.36944524774657,84.81266770381717,42.46877285660039
3.2212373430154813,508.2466633612731,84.30217189031025,42.69084406034866
-1.3170957809057242,507.59561773072676,81.541632342432,43.992935321441394
23.949445156862055,512.84539997914,75.96638882435386,45.22150257003875
44.45338453902029,519.3510354299708,76.60570728512153,41.675503764987006
30.099459164216675,523.6426991798281,70.31026827149664,44.14584671681957
6.240675949323538,509.6485766937569,71.47104084790637,43.483757009960975
9.141558977610764,521.3932849897981,78.24721476349426,37.96282609239618
0.12459789092723383,511.0410674058176,74.65257326733837,40.64345820242131
-2.0798733193990913,511.1822234175379,71.87819792064653,42.15697562081681
-1.186686804607099,548.0851410271459,66.53079372882294,46.69382597087195
-0.28268483983082504,560.802123841099,62.94657951346543,47.903014630040055
1.8329930882198084,561.6433798432487,60.456863052779894,47.962142021156595
4.181321125078199,562.823920548599,60.873853981025434,45.60106061045591
7.005694795808463,562.0803670068694,58.57001119973368,45.415715413830625
7.902973163320937,562.9805978457746,58.40974602777948,43.615253736020264
10.959775034262499,567.407968941413,57.10353506600745,42.77283284492887
12.398484456464587,565.4031143380316,55.79491948578337,42.07613225915114
15.948710957651329,566.0310352461877,54.84441180606753,40.82029044283895
16.613875766816637,566.3091794301466,53.51408218773691,40.264002074921166
20.003181455384723,569.7457861168514,54.10112242369265,37.81017966936688
19.36878580490493,569.8249325839682,52.48646012400128,37.65188673513317
19.448981100885394,570.5005074050904,52.32606953204036,36.30073709288881
19.974893690931513,570.4510936902159,51.27424435194812,36.399564522637746
25.43655070226006,571.0435029753656,49.98092246326825,36.59045911433508
28.138517987766605,569.4656595407712,48.654724728987816,37.0276547590355
28.88742300569439,569.8827311372979,48.50313403637043,36.19351156598209
32.15317806876374,570.6257023368728,48.62301902304841,34.70756916683245
32.870916818616266,570.9728541694743,48.49525193249491,34.01326550162924
33.37752193657927,572.1042656219208,48.77637502700294,33.04477592717028
33.267401877522275,574.2548812993722,50.279169282467464,31.308652846968744
32.868346290879074,575.4050742278829,51.07728045575387,30.284402053700433
37.38875869227915,575.8497127299148,50.93193632245256,29.39512504963651
39.82381536710866,575.9948760768772,51.07612211604108,29.104798355711758
39.1472000340909,576.9888629831676,52.42935278207659,28.367608436786327
42.59488443778539,576.0362425103995,53.083233751119295,27.756432790178494
43.421553948073544,576.6773794033621,53.9445925458662,27.731507911914765
44.38441056231384,576.2163474536507,53.28844845664638,27.384002672076942
45.4973416514766,576.9673634830003,53.570488708254665,27.135921828344525
45.24125550194027,577.0736156833785,52.828853798117215,28.177224636798176
48.78539841702075,576.897178538554,53.30556113070436,28.530098926447078
47.903528459378805,576.2789249661752,53.79540118702201,28.492706212238673
52.6672520517253,576.1442119639977,53.231233923764506,28.762132216593628
50.64817009183569,576.7388586922759,53.43906183758848,28.849617428689076
55.951114530560844,574.3501793148802,51.80254528540166,29.782959472653275
56.39317921779252,575.3457579468758,52.19147445042455,29.064860748148433
59.104750115644514,575.6784183880886,51.83474903054291,29.6661439596782
59.844651466643334,575.4863239305959,51.62649955786004,30.050332874663752
63.405953038646345,574.2099950500689,52.15377726051901,30.053030353496027
62.68796955423984,574.1779558384611,52.306898287445534,30.117108776711582
64.26863845707308,573.5420338240781,51.717965683804906,30.10275020446464
67.40818159941011,574.5863441730324,51.82500479551665,29.291354585833048
69.26960048185336,574.7156231255174,51.89728911404418,29.032796680863168
70.89098692458928,575.0587851961633,52.439644716289706,28.346472539571355
71.58445053625618,573.7102891600573,52.31071579912849,28.52746799943806
74.65263603604976,573.5421278547489,52.470309139637436,28.863790610055126
77.71138907763176,574.1145676962046,52.689267148460765,28.986203745540926
76.68383244712558,574.788024459705,53.471765649565796,28.9119049784477
76.24890653407596,574.9613769173902,54.34161747566503,28.56520006307717
77.06500039244057,574.4303408418039,53.999176662649504,29.62727221424987
79.03546604845783,574.2202822372204,53.966929916630136,30.047389423416625
80.34485588655572,573.8552343266181,52.657736101684236,30.777485244621314
80.85549311810986,574.7613774816572,52.93905802581952,30.267795321786714
80.61621693345614,573.899244368812,52.11948305972308,30.6939342120732
79.44242254171868,574.7886154281506,53.17388145362334,30.208382482970656
75.28948461929356,575.4933236330388,54.97677915927971,28.79896607319425
81.12694522976696,575.2033858074025,53.72666922773825,29.37884172446681
80.05350512256615,575.3528446530271,54.57891932035456,29.07992403321759
71.27926498538751,576.1447071975056,56.50252412938087,28.798271899704787
79.26432120729538,575.0943441218407,55.11279001018126,29.57350911243322
77.84301714827404,577.1714251783976,55.318610347067484,29.374528671053977
80.24157221686565,576.9861277956708,54.47553851173076,29.745123436507537
81.3405949100966,575.9693770503578,53.58943000814911,30.466688044253303
78.63817526726993,575.9566484846937,53.749719623814244,30.49214517558155
79.26806228971711,576.0674936892266,53.803888614158254,30.270454766515833
78.98133506450351,577.8493414108392,54.37734306458543,29.32870764853466
76.57864768232838,578.3777935431752,53.969250949049,29.575170103834104
78.80942078659481,577.9869038968704,54.71395822131266,29.055386026244513
78.73396272036936,578.2938283492695,53.56123479947037,29.7451766757398
79.85434573699223,579.3419077698197,53.91734867642755,28.947457789740596
77.31096422393641,581.5303663967081,52.55380648509569,29.730784709918616
77.60181643226156,579.9593831744303,51.97210206844538,30.306154128976516
76.66300765717743,580.0993284464216,52.565278840373786,30.026263584993693
76.10341419394845,579.6262366074452,53.68446576683174,29.683957888616543
70.42949941498489,580.0809622827653,55.93778176933365,28.774506537976286
71.40810161934957,579.1002295360905,55.297371867564266,29.419177524365928
70.63914072315038,579.3228296352522,55.51682754131942,28.973977326042558
66.70628521664617,580.3005587980939,56.81230326866152,28.332566057492368
72.44574082437202,580.7322836649978,55.909224046106836,27.469116323684624
66.47119706977789,579.1357004857208,57.5078501543152,26.780859656871062
62.983294425915894,581.6734474498169,57.95792998156186,25.62080100496548
76.52758357496597,584.2656364439441,57.987425210403174,25.601770355175773
76.28062289329908,584.0108111294794,57.18991715930133,26.111420984105216
76.32348665620368,582.4994178541948,55.81538429172548,27.845402192907926
76.16233318527418,581.8589066961276,54.838736621109945,27.827469896567635
76.98763526961292,586.5064876167091,55.75680961532619,26.238339544085864
76.91596136095947,586.0755672947685,55.90015743263311,25.830008996967422
77.73202710466958,586.1667750372387,53.002902500742906,28.177840400967057
75.2794163351393,586.3685593981147,54.11791018322832,26.51086706035642
71.10016984775106,587.3164124990682,53.71941201839297,25.86615959267978
64.03515203262344,563.6506705725914,51.807735813156654,27.540463606157665
70.75909495231437,577.6827052219843,50.70866826992386,29.113558218129462
70.39590570122394,567.8032965631629,50.18955760597929,31.4355272100162
70.73929538754086,564.2637134589174,49.50277823334545,33.406996758359924
72.25811605206485,567.7439777390832,49.06413703040465,35.54296863940336
72.91183625390818,568.8815523263438,49.08483156790881,37.25222428845464
76.06895491520518,569.4173587120271,49.552807475595515,37.53705416314448
74.47920534038781,572.9900239817549,51.364080035868724,37.23285657049625
75.5630388426355,569.7579525567013,51.9779798248636,38.13386583362306
74.60483142079339,569.7358000080403,53.89439466854785,38.17817093094513
74.26114413497876,572.2985875724771,56.02644041826724,37.386609336342076
74.70572320134235,572.1361878011435,58.06474553595646,37.71140887900914
74.46608357011887,569.0373146245365,60.04377220320029,37.910165613035566
74.92815604951335,570.5496009950255,62.185037264885565,37.95100289253194
73.7275870774291,574.1779535606814,64.58617520905406,36.95572916313321
73.377572666165,571.1208006082325,66.87041983527058,38.31738765696602
73.18918375281737,571.7488489975274,68.88837043116912,38.70246364757952
72.53009770579519,573.8771236491864,71.8841322342489,37.801093762332385
72.68956464074661,571.5392298173023,73.27154938580455,39.06417938318365
72.41157161302372,570.7893903042417,75.57597689969813,40.563858409304835
73.13313364502442,569.214045116931,77.74900678631366,41.90647180861782
71.62269363897902,570.0490258990156,80.76988679840446,42.09959367012883
71.07211447233601,569.6128949302686,83.78188958231031,42.971855607622885
68.68839927773936,569.6421556811399,86.57923259566445,42.91333410588037
69.0040601835562,569.4343619196586,87.9579696328988,43.32892162884284
68.40334468906093,573.2185090805646,89.15940062188935,41.872908572918945
68.60790081789389,574.2453680551583,90.77991962518014,41.84882188468797
68.37729741219533,578.1830379277475,93.2939244749181,40.13187625453223
67.94971989686812,577.7136225270442,94.14907950557253,41.070707055938804
68.28216222975452,577.5758642857438,93.48419483979973,41.34622353853963
71.5184622151737,575.2556008577116,97.42783436221839,41.82025459730139
70.16585974318701,579.7564681315624,100.13303930619176,41.41342101397033
66.2295869662992,584.2016322946077,101.46378702338237,41.24548980332625
68.37282631212344,579.7502120993262,103.76771165957867,41.36112575676305
67.37736337326979,588.6191160026567,105.75863753728595,39.247619000229015
66.30498856427418,584.2831034797714,107.90338715527716,39.02884926102716
63.28741102744627,590.2536358124775,109.4396566077088,38.334998648675345
62.1016911846367,589.9791633484292,109.55228939516122,38.88394357677171
66.37429812756545,575.6612421649164,112.35899556413358,38.00479380123976
61.7671393927903,584.9008185615113,112.39565377252129,37.88095953037509
57.9505790212895,584.2326420772475,110.85807486120558,39.21731249890264
61.237482225514526,588.0708673860228,111.16952141300288,38.42611484159935
60.68491879505231,591.6719023789695,112.27464827392731,38.07947937140709
57.238095938870515,588.5499538669139,109.98998608447891,39.734222444612385
63.41977756131931,587.3843573654925,113.67096245284094,37.48131841509533
64.28514450840629,594.2949433013254,118.85076496359056,35.17770721830213
69.24071485378482,593.4269299695911,122.94635501278105,34.579278758446065
54.218969348383965,587.9100705525238,122.03504124777419,36.088442276947134
57.7887952498806,591.2654174240125,122.08461996283658,36.56697905202524
57.07689167210374,585.4906142276844,118.69642926419962,38.49258973630013
61.521727000881626,590.0265067935474,119.38077923889989,38.99482523683007
58.18612859214412,581.9776839408466,118.81462537418984,40.6177695778614
62.008347490309134,573.6097469455889,118.47241942739313,42.74917986931035
56.99463667852102,569.1288380269817,121.09608669860705,44.30724335416244
52.45164848612063,569.267422589427,117.51391693563784,46.563703458825884
53.11901783288344,569.3425530135347,118.70196090086117,46.41344261061039
55.86944187979397,568.7845945986368,118.27546862760681,47.529359440406225
57.29465829138989,569.7472062957513,117.97602189686368,48.15512213862589
59.42970297895256,568.9494276308043,116.26375499932365,49.75067946852005
57.55403724869923,567.775245213365,112.33086751033761,52.099044303398614
67.83597002021956,566.2724124158597,112.13216350859653,52.55906470574682
67.9823888764094,566.2958587033054,111.83932579621685,52.51217213085543
68.55632760274551,564.8678205624944,110.69144834354464,52.8225418784923
69.46295490527181,564.4117252988843,108.87819373849203,53.73473240571249
70.51736713220727,562.6602310857384,104.24561452907298,54.71396607645622
71.64756382599359,564.2651321436579,104.45795306763837,53.97689588675533
75.31470579177339,562.419298375793,104.51318274197064,52.74222101855709
52.272501162426025,565.1391677338336,99.30127367338721,54.630527777801504
75.97450748431461,560.6799180308399,99.86663416455943,53.95515255679908
76.12193908628821,562.8850615865215,101.96703443903789,51.94012892386158
53.66736348798847,566.8318605233161,96.65446069375915,53.612573896344514
23.82433148981368,569.6306889246185,102.47417812658058,50.35693216171891
48.033410474035,561.3070502079274,96.74384184142728,52.77493570067146
49.339667852256326,568.9166824393724,94.13132708498463,51.529879802181384
50.68476300405918,560.7742716393248,91.44113678137893,51.93017597991049
50.42071905428132,566.2138105223845,91.96922468093464,49.99621395145327
45.13395539870689,576.0217432531495,95.90941321987384,45.85813895841271
32.906552353626076,579.771138842341,102.78422116752297,42.75434731565767
32.49735318180271,578.1149203671,105.8452950386588,41.58143321116126
31.51911247352379,577.8079600785405,107.80177645521664,42.19535378828037
30.322504834279314,575.973841443092,110.19499173370559,41.253629432034295
31.326449913001795,574.1165500727187,110.50952016940195,42.64579357963969
33.59099599381355,574.6380317943335,110.68433931712568,43.95478579108391
33.6814142411473,573.5492771465199,110.50350282245817,46.13229508671117
35.97775824094282,570.5018502966733,110.73895274875656,47.399010860514956
40.30180514349453,571.3932970310664,114.290407878031,45.61611739172875
41.367444729021685,572.8372886992503,114.6185990368501,45.18760438523438
45.091355444025695,573.2210640549386,114.54038039244315,44.420053673857964
47.074770482431845,571.6424063078937,113.01521668316008,45.135702800418294
47.586837219547384,571.4384385481497,111.991083208929,45.543638319906236
40.794595010444354,574.432556266736,113.45025504882119,44.40552791405914
50.820586858779954,574.1240769818721,110.37846227274487,45.02248648378702
49.98704778245906,574.6498427470451,109.65300009428773,43.97095495344081
55.30641834738043,573.6625682628825,108.46765141159148,43.582155809979696
55.88780857746482,573.3374385481635,107.3048709514227,44.23241523941752
59.442388432474814,573.085862704368,104.86404144628358,44.73556692700861
60.47040306222725,571.7751263723156,105.11584762266696,45.049204155225
57.28698482814575,575.8206912372152,104.53161142650052,43.90914708975531
54.8810274833711,573.6570610023399,104.76673654437673,43.65961798783299
56.89061678478184,573.2999053387292,107.60964886207205,42.08656567488205
33.36260093460672,578.8191569882023,104.05970831567362,42.549419704742334
25.091284704108567,577.8243084909858,100.28544555699743,44.53911669917533
-0.927215310947787,572.200524222048,94.13280945073808,49.072496452085105
24.370161444126893,576.4544163855327,96.98884996776906,47.24606137851309
29.92196131287981,575.0633210466519,99.30959908277394,45.55346910543764
30.534881366321756,574.8803511851183,98.08375897589005,45.91940882850493
30.99081019571686,575.7036875592603,99.40216022660539,44.27273608022093
30.59384104680153,572.9414138750527,100.19609852443605,43.13558761309471
23.98232795874509,579.7187797223695,104.5710297768139,40.64097457312975
26.26378927682454,575.090663076789,104.46952899030893,40.97436416498283
27.235787044261023,573.196783418987,104.76075653716406,40.29167731713072
5.67447869242082,572.4479501570588,101.1127693839511,44.01651545322005
31.79214868513577,515.673075799753,98.1760544588968,45.52393448515998
31.00513201965728,506.8984419380792,97.52539612700423,47.50036056856076
29.312858934289686,501.49966715010487,96.4106501540518,49.299325857134164
32.73809101516987,547.6184737909397,87.29572376644606,54.4335882868147
36.776147475980174,561.602174985512,81.43651857194193,55.28598635018425
41.47595721317109,562.5447709691732,80.60986611488748,53.400794382861726
48.47795769204912,561.464419591089,81.30237257735615,51.36249501896582
43.38829768540516,565.9182131479879,83.17822450631459,48.68250896841507
31.832527762142263,565.796219289423,81.58529333806132,48.92649668554493
41.97922876653108,563.2377485144686,77.60511439571192,49.96513246884652
34.05666861187666,563.1606229354283,77.47297975277786,50.11938362692749
39.607229941739135,563.4910827786199,74.36286360401428,51.45621556828449
31.496824145590452,566.7628951675887,76.77144098094578,48.858943423308574
1.4869424053819316,527.900441450062,73.87326822093308,49.90261606533825
-0.9721928960527535,526.0535054568086,72.97133837069246,49.71635441643825
1.3031533461328237,563.3385653702172,72.26743213150651,50.15856637073212
-4.384689181880496,531.1214851014854,70.20246700532832,51.229661763515836
-3.3214457211130224,517.4676276375765,69.98245280712644,51.84675856467088
-1.4060781987236481,512.504894401612,69.97821474118902,52.20598258949639
0.5436977791224606,511.5459383802436,69.91679310646973,52.20482947174662
0.7412523045077606,511.72142435893966,69.52168405569913,51.8538575143545
-0.42036721535401256,512.7856874436687,69.93856653979289,51.63168790052627
-0.4883031467718837,513.7341840254599,70.07443840262863,51.64375249790962
-0.5538025495040486,513.8425386549851,70.20543720809296,51.42704323885916
2.15745605735529,554.3031118595632,70.51218998009456,50.71567662978681
2.5935654118958595,555.4271705803786,69.63997127101342,50.370285085338985
3.813170539502366,558.3498920838317,69.08458576668788,50.17631633109514
14.945299540368985,563.6512374568103,71.1591087610444,48.93469519901863
14.890580089281066,562.5347034931,73.15167515854064,47.40150813579865
14.498238446666662,562.0346740136973,73.93635844376945,46.51395005757399
12.413589400050341,562.0589589767742,74.33660547983206,46.46538013142037
11.552907603477614,562.3262472250516,74.16827626413854,45.930803634865555
30.095535655650558,565.6103090707402,74.64720908569815,44.99730828237422
4.935785501171374,565.8369387904468,74.486277441955,44.54404884296103
10.847700317830437,565.2950270296434,75.67969987881841,43.76826492597053
21.243310403903877,565.357536566346,73.53060493900405,43.643245852565414
36.75125009301154,528.9281317172657,75.45813526026599,41.46428901302763
12.620460424275642,567.7848784592488,76.3545062130348,40.2638244581969
19.466240533257576,567.4426196969428,73.54928151549014,40.9483419828092
30.275299659546953,564.2812607682183,75.13286200301674,38.34732955560217
25.032132422549225,570.4954149752489,75.03843454676809,36.49978307178493
34.53728735059795,567.5147510685409,78.51937889684058,33.81062849821255
26.813117298918776,569.7430446648509,74.89818707310401,34.55482274025493
28.543290026578987,567.385262428502,71.43784161778359,34.187953559667754
22.0449067912185,568.7482836581833,68.06125919985826,34.736580878034296
27.653177629319856,569.7351935421432,66.42945446571204,34.36021726712386
22.39772471516646,573.6533493875323,62.83714420706214,35.926049634316826
29.786429929998896,572.0372648588179,58.845499715166255,37.617394986350035
23.19130401985484,571.7060627252724,56.93698442614203,38.27979925344097
2.069601488757794,565.7353526417309,57.397020988101545,38.283114134742924
1.6497619605206069,565.5617119005867,58.23670004457592,37.13115713893089
20.38609403579801,567.1381111848484,58.07986632428663,35.4709917876181
25.067311717664985,567.0707526120907,51.64232379269269,37.06815534920344
26.3841815576924,568.2530784652458,53.185466411912955,33.31120954313465
26.69488562410591,568.1113885235727,51.21092491074486,32.24145605813986
27.9726817721388,568.9870313167173,51.266722785323395,30.490170471850625
21.820613942215537,568.7441568587578,49.52303995703423,30.975919387769594
13.71195133985752,569.7020559291163,51.888504547606146,29.060121247052727
27.193382896008877,569.0908377266538,51.42858537660085,29.020512702392033
31.25374685883296,568.8278465332457,52.089836143746666,28.291926704523412
17.60416375811573,569.931668735172,54.35083533565165,27.33619065114737
24.722400155528575,568.6783988219908,52.80137632941536,28.574029098650932
25.790532068019687,568.0070646425808,53.19956050011474,28.649473459630173
21.826192487867353,566.8695984998424,54.75632277958118,28.375638992771755
24.714163532524275,567.4387611767024,54.15070207732862,28.52989398581683
24.156486872523697,568.1867526542363,55.26605539732977,28.320244186919894
26.19715093289539,567.3014732585415,56.38115781758063,28.79169534306106
31.798356851719003,565.2804251955677,57.09110647262667,30.186600248410173
31.23969342662585,567.0836618297687,58.20843332281298,30.654210443106063
33.06333417261168,566.7380981582735,58.70862385491333,31.345337786096394
33.78652812521443,566.7643354643942,60.065656028868055,31.292863173855004
36.45578986214581,566.4997440847065,60.41019915406537,31.82204593323032
37.28080075078269,565.6944374610487,60.195104478473354,31.99773207886426
39.57920193556389,565.3257656457156,58.467858983998354,32.73507570953059
39.48649812467005,565.1671804353072,58.65326660578602,33.05224613034748
40.63576332084967,566.0390593081115,59.21482292190477,32.738531738977485
45.88136471144915,565.890702366665,58.75461403164303,33.03524562187065
45.36076302617251,565.9221673417793,59.795817402196306,32.972315671642036
41.922763646583626,565.7121537036317,60.88954679427236,31.946775606161864
36.25637466653616,567.7529306473054,65.00173563990214,29.309339541707367
50.75987365110555,567.3269159216695,63.7039763947679,30.16136899297932
35.54190746189736,571.3544040570376,67.96056875522042,27.924023837346063
13.92541505770425,600.0554782950389,66.89198280372368,29.59063637452084
11.741968823450534,604.6853245119468,66.786616383588,29.275461717991227
7.419502160384845,605.3493424045927,66.52950297193293,30.914774845294993
3.208778681320318,601.3136373617068,64.38994888032569,32.95132718836025
19.215022739548996,604.9753173153265,61.120918897486355,34.704848797000366
-1.6588513230926374,603.9824005343222,59.523419413300566,36.69068235900893
-0.2869939985428438,603.9648266867758,58.28418336639807,38.23030865629881
-0.265211714859543,602.406918932896,56.72893018048964,39.83443554551666
0.7064757233244059,603.4775117426148,56.300408510741846,40.72295633931954
0.9878128886664506,602.4653254793274,55.73773418005776,41.224333078282214
0.5117663710342022,603.0957433387109,55.167147876929604,41.486176697907716
0.4339795017531394,604.8447850068825,56.84100442564799,41.024658981877025
2.6684637050391125,604.6858101269473,58.516642293024525,41.342608741747476
-0.6450746159592242,604.9464133927943,57.30991089998206,42.38816381706131
-1.152950971774306,603.8015133415814,56.760017678896695,43.11231798677137
-0.1241370839949596,604.6819154961693,56.271507079777294,42.92063085403501
1.4145442827675332,604.9976052776553,56.31122343350927,42.28925129106276
-11.465952859203426,591.3248316423733,51.09555604487955,46.402302307198156
1.8617407227653153,602.3353143440203,53.60430546431229,44.335746145157586
4.716793301996368,607.049082443665,55.597377382741854,42.61138702275989
21.124555398380576,605.2747338786812,59.818913866134004,39.987240706700725
19.58856260901633,605.7200499472642,61.326925285368645,39.09660856953467
9.762349498736505,610.7225635459101,62.118278780123305,38.52211773514537
-7.1234807093134975,579.2233580587392,58.114899498362206,41.710049187873935
0.8152941848045643,606.6502476687139,57.904655089581624,41.691838796019155
-13.28225528965875,618.4248539961932,50.14512347243786,47.844277478249076
6.1099638100059295,607.9649716649586,53.02259841479095,45.61853483978343
7.102896079163187,609.3716985378308,54.14135244606929,44.35739037883562
6.328258908625777,608.3882075263557,55.69062678714411,43.22587833303116
6.713369590245719,608.8948852123491,56.47505062234049,42.21252296104449
-13.751506410708132,574.7779344974994,54.002783013863635,43.79332284622477
31.060324699800127,579.9427405456239,56.65891995658133,41.153694013620125
63.83629316284012,540.2567110548184,63.27596003293136,36.072694800898155
46.46619467456131,540.7484180797424,63.92025774311137,33.53946714803324
31.29987867876278,542.1867357293156,65.44810164860709,30.662831848886704
23.910467810788052,544.1130821673278,63.85266772621275,29.787276365288676
17.86576767949429,544.6646831407593,62.89166717135055,28.684074418425475
11.108271800777224,545.8451005930947,62.23905147186011,27.740000259447278
2.2542326998581643,547.2305789420759,61.867885179898735,27.750465791299924
-0.7168866440028978,549.4963743118635,60.88257874984569,27.375402122390028
-4.252435238921521,545.0829053962289,57.036729072728534,29.379248161812708
-8.138878562717636,549.1402729568716,52.71952207394104,32.01126294842019
-7.137225432170538,561.0091029482888,46.74318747755608,38.73348686948161
-11.365916611062222,550.4933984840211,41.75445914204654,42.284951896736146
-9.312320918092013,558.2803580867367,37.647267756106125,46.56276319143665
4.610587131546531,548.515186085994,41.5842398250262,43.58029890711576
-9.881334944852744,573.3198575189703,41.0642856398056,43.59098051874101
4.361324878730944,572.8284815727867,43.238088740688774,41.90772173736456
36.24730304278309,549.4858722518863,41.14467978685551,43.00444884166033
39.92501736056877,537.8270676149409,37.764557796502025,45.120422674389246
36.09334175010862,541.235194942428,34.99599240629854,47.432095054148235
30.421406816447153,542.5662690693839,34.690429495168246,47.35870963989288
31.45860544946541,540.5468053235682,32.61603222913173,48.821124437985844
24.868446311986013,541.2339832317147,31.759124925623322,48.72288003791711
22.809598115980158,541.0841801550558,29.574946449081096,50.282861164945686
16.06689250965294,543.6790298227809,30.59047702502604,48.834126020508315
15.224568387880455,543.8563948967272,28.547611156458157,49.72190057665337
10.356881619563877,544.313643072121,28.512884562579988,48.80740422586591
2.9293598766144022,545.8804528957959,30.089706722154126,46.880895608181866
2.647750954662367,547.3699382921219,29.44802131989676,46.31173130785263
-0.8068554579764537,547.2777786315858,28.05765171472089,46.49605062892485
-3.742997056342377,548.2405156355308,25.774495045170458,48.06576513515603
-4.213278319674328,547.3865263924807,24.416026440403797,48.62422805554078
-3.6198437448437746,546.6666537249508,23.22915729074269,48.92963736696643
-4.287861887664897,549.5112049087011,24.565193576384935,46.59511954484101
-4.494007096832258,554.4706580300912,27.191740274782337,43.318982142248856
3.7136486719443607,558.9324966561712,30.63259051307654,39.910905383379685
1.758756624375124,580.8164439546296,33.433858262169494,37.15811559014726
26.311669347927467,604.5533177017867,37.6703264264411,33.02498165507599
42.98704466980978,593.6532599649614,38.813613824054215,31.458168132954544
48.82471831123691,598.7080780810319,41.504899805635326,29.084411350894307
44.2626439207289,600.4386426716641,43.98505481005516,26.730614465729317
39.18258698312381,601.5395996962982,45.3026563623106,25.634014456830574
34.43911825450024,601.4395649442109,44.83266395046712,25.83408396100512
33.735793391467524,602.9768915911972,46.23931367653255,24.964954200492944
28.7565828675666,603.8282853224597,46.21903893729471,24.37091071430553
22.35714937283545,602.7983699261313,44.740516298035544,25.332480766291656
22.537811763874547,602.0532280458933,45.47207051843187,25.729885524292985
16.782859317297856,603.0852023139263,44.76688314937502,25.88686285408332
19.653803139885476,603.4100088070666,46.743765285233025,25.237249867802717
28.387336682254606,599.9529968247912,46.08928104876371,26.547079549597402
23.331426703556566,600.4130658938435,47.13323932427501,26.76042412172822
21.359399403968624,600.7002564071264,47.619584339713384,27.338612956408205
23.10178959334087,600.9047819611528,46.4739887805713,28.099154258156688
5.491633999613143,601.5336901162742,49.06215908280528,28.006771550957364
2.6150170911418655,599.0473807338278,51.20847174177635,28.170162105221515
0.8884846070662533,599.3409118424144,50.95106222948251,28.81992471486358
0.4021777708374472,599.5655942722525,49.435494192361915,29.61465070997648
-2.5692359324792875,602.5783871285626,46.73288554015851,30.9994387620738
-1.5964437818970012,600.0340231788792,44.78730123899394,31.21678191436653
-0.09778220738339272,600.0518620656688,44.17424897003358,31.18110414078719
9.275201431487481,602.0616497369738,49.073884203739624,28.343808923749826
-4.485410739868055,602.1828615852544,46.3901100977018,30.51778510308841
-10.24554307578122,619.4969920599074,39.84013907104246,36.84872507035019
-1.723600458313964,599.5016179929559,39.700818830170306,36.992998575392015
-9.611416334550402,600.1177490612664,37.362623995635985,38.17591331703859
-7.696880590823955,620.332955767785,33.53355250818309,41.7594429323595
-5.428304834432819,622.903968650998,30.180347057006394,44.90503959717269
-4.7244923936801655,622.4183684767131,28.772722175501087,45.87623994574237
-5.091503680076896,622.8791940149056,27.171075423084748,47.29025819456729
-3.9037491044730235,620.6549128200465,25.957435376615955,48.2532132700685
-2.2716671165443767,619.6595707609994,25.004092048238793,49.08848706442268
-2.301853445012261,619.2948904504899,23.913166655518243,49.817847685441734
-1.5156379438873664,617.3164784481909,22.340735653268453,51.48854793817324
-2.4986888091913677,619.1267771949815,22.02726113963517,51.287314810953916
-2.405195682935579,619.2840912411099,21.84027488712359,50.972686718697084
-3.489253722343115,638.1293435569464,22.88490902387876,48.11012229088103
-3.6641765498378795,643.2235909753563,23.23475467886829,46.72360593769156
-3.520800329738888,645.2211895934329,22.948002238670306,45.986621470039
-3.8196319234036125,644.2635336574797,23.545665425999754,44.69097225438162
-4.098278699968338,646.1777322425323,24.102958979129205,42.98580636610964
-5.402757657682272,645.1079085931112,24.619913880336433,41.987449143620985
-4.45354773923583,646.0211056273939,23.761476324220517,42.24101963660951
-3.6277681255559315,648.3914770781872,23.139091148910737,41.61697294322296
-3.780214733284188,646.4727032691846,23.44398436436725,40.40778025212189
-4.843518748348465,649.6004317593412,23.577335673438874,39.13546507445137
-4.522847988610637,647.355506104101,22.935994153963218,38.72543745746697
4.570592363957607,638.4084751229974,26.899362811726892,34.469250056773866
-4.321029601611107,627.9482722589221,24.426111775931712,37.06235081484256
4.591734779466133,620.5129681300249,26.82771640843459,34.595416162930576
2.6878364339303893,610.9696634637636,28.704797521038934,33.4095119215482
-3.754235935026214,623.8982256891926,24.971843859484604,37.85415514030743
-4.443829973454575,626.575766903225,22.414342732564066,40.372451119797184
-3.270327576000696,627.4517587499837,21.045943228982843,41.556283300259615
-2.865491544036402,627.4222422475937,20.236271165054255,41.61531630503973
-3.1778336716902587,628.5701614102027,19.901571566097033,41.23824568835149
-2.9320117807888195,629.2240965499698,19.409927784294155,40.878436181935946
-2.659930827257279,628.8687527759027,18.865765877231073,40.65487083360466
-2.4871180496046,629.8381623376098,18.520140321925716,40.55904644557572
-2.339635949340355,630.8269612418637,18.225176121397226,40.409556202714576
-2.5530692532425423,645.5333830740601,19.558751305667478,37.29126125583223
-3.610583734952721,650.765188361057,20.789459456325545,34.78653799669934
-4.570306746612543,652.1079006804024,20.972414686045934,33.837604151607515
4.571903703227459,643.7167944792369,24.974800723210635,30.047379381466524
-6.026023791394426,653.9238019790463,23.66583656222166,30.407043597447256
-4.340267784403277,654.2688647725627,21.994095431601462,31.416688893776637
-5.361021423050567,654.6334471978713,21.52209452762061,31.525360103584475
-3.7624679521565287,654.1764045527293,19.988330459934126,32.43944539386858
-3.2317297750743865,655.0431494928016,19.746646789739515,31.525748197693403
-4.336557399902139,656.073168170373,19.55001802234105,31.069900187253335
-3.843571575543624,657.0334776802533,19.35603289854533,29.94126769241409
-3.800101781185056,655.2006714370946,19.269093309828193,28.975790453145205
-3.5035946152053192,655.7223899907733,18.67607897786872,28.688261124154792
-4.642530580846195,656.0903434803371,18.728799314511846,27.95235414502715
-3.5814217746005177,656.7924852097914,17.338121684832785,28.74269063455529
-3.5692275192140066,657.2099795970381,17.313733174059763,27.90770186006184
-4.04349119770845,657.5105989911459,17.55501432500624,26.599216865804028
-3.540431733058041,658.3835519925216,17.24058126836174,25.544996735709024
-4.520640218737747,657.7328543361026,17.189173581942825,24.834567390768658
-4.85905748625644,656.782363925307,17.86600811698021,23.440310916165117
2.8981697940660833,650.9575543494525,19.874842683958367,21.460705190833725
-3.3382080405249157,644.2644208395756,18.02925629244335,23.13196507001723
-2.7081386411357817,644.146900147334,16.76911749366508,24.013968236491834
-2.1397318750739744,643.1341448912468,15.632303961541467,24.760049076877372
-2.509090180884712,641.9889124117894,14.47494062573315,25.786460737505386
-1.7646136608216318,642.4230439184943,13.613738337885852,26.173699228653433
-1.489233169171471,640.0788012462713,13.06297735458553,26.5311466571369
-2.265285186952503,642.0558825954039,12.771746161694004,26.263654415778767
-1.7163362630124368,642.3392327215188,12.27932983649093,26.30243568622598
-1.5620185525983477,643.8209829102722,12.56816376344078,25.728812699831366
-1.1102366375901536,640.0874605415601,12.258732430890259,26.06626746766526
-1.6260813971856098,642.0695044750813,12.103081526301752,25.664200871961036
-0.9616591098753728,641.895888584635,11.944429771661648,25.42633624286334
-2.1100384870841506,642.7501899493884,11.92573840739684,24.87545857269764
-1.4076691579156968,642.5586434999069,11.662011429808427,24.688045631286492
-1.4197485388925362,643.8057260837177,11.686170191762105,24.44659308261554
-0.9980706264791213,640.0690984762833,11.40289316438031,24.63882393069861
-1.8592814215263598,642.5570328684473,11.451507821761732,24.12644030027211
-0.8632163397789805,642.9459603012018,11.113344025456504,23.899907557159615
-1.2648329037854618,643.0077586224133,10.832337486272166,23.776310914736587
-1.1647021102872959,644.2039030837742,10.632075899275835,23.525635635894588
-0.9392856182025255,644.1255396910799,10.709492149070316,23.15411318731906
-0.6291025049301862,640.4994205813216,10.613331178977269,23.067477816512714
-1.1290855992645676,642.4720550507551,10.570772709631216,22.771045180697755
-1.8357905234202514,644.5992183583425,10.951771995899646,22.130155532673474
-1.7717663539952682,640.4408467412871,10.82372365704968,22.23112243171736
-1.7816563507000804,642.3015692520825,10.843503650459304,22.098862206751164
-1.868130138363802,644.0430669504925,11.016451225786748,21.682774534949143
-1.5783442400246153,640.274676531178,10.944932684940285,21.598756536099543
-1.2841129199437402,641.1274714211092,10.862056841643621,21.40992714683211
-1.795269448312578,642.7078674674843,10.881594132215865,21.257462352578383
-1.2315384924620365,638.6341643863257,10.253621522949405,21.91252897837621
-0.9352189722935824,640.9017851258768,10.159147932790052,21.860776550872096
-1.0682555999871406,641.1104598196162,10.425221188177169,21.443427163393277
-1.0889970134228717,641.9883244157859,10.46670401504863,21.170636238716554
-1.0271994643890183,638.4777050668389,10.343108916980924,21.31724245648335
-1.1646925148792922,640.1325228331801,10.127051812946856,21.444909358903328
-0.8449958415480374,641.6556278152204,9.97680288499375,21.33356590707902
-1.4330537513130297,638.0427677097626,10.183118572065112,20.800885058325555
-1.6263237605400649,640.5287799782507,10.088937388962492,20.636072536916455
3.1317895090644434,636.4948909312843,11.536305750035936,19.170289847994734
-1.8532813672058426,638.9662464695422,10.950453969658856,19.505575537937787
-2.01965836560682,640.5052443539995,10.808339607478974,19.276789922914272
-1.6237454715897557,642.1206695500192,10.48557954658395,19.329399620848665
-1.9791648749723367,638.1988397528853,10.267749207918033,19.279371478952257
-1.5883837395379916,640.0340341117326,9.946053727179942,19.287917082302478
-1.374353205775766,641.772856991528,9.972455705258232,18.99151264193106
-1.877459503386015,637.8830551078762,10.077541986056477,18.660979579434215
-1.4152866317077883,638.7581008217031,10.048196523939648,18.25338857364003
-1.4796281069261843,640.2364901484501,10.17687947437644,17.942529635334292
-1.614477887430568,637.05918567204,10.446579035385207,17.279805176839407
-1.6298019925795102,639.7188088966467,10.043919039678412,17.593565405686896
-1.074383622058226,636.2794869168363,9.79539668070645,17.57369430874283
-0.9670322177048383,639.6747062853466,9.580693871999674,17.609424445951298
-1.3059957586899968,641.1630120975057,9.835122624265587,17.173802799859665
-1.6515283817528212,637.6578674407814,9.683400072365243,17.02039583008718
-1.3413857091347308,638.8895787545899,9.479659787200486,17.056243562898533
3.2611111359692737,636.1688397378726,10.614863414838519,15.879995312911616
-1.8454353373698877,636.7608818811941,10.448528560727839,15.526265250331837
-1.9052613600554231,637.309650454654,10.161087424393155,15.650007648529337
-1.7335836818895558,638.4542634767937,9.81773206806142,15.785799515229293
-1.1822783174254266,639.7862291230399,9.516036168702463,15.925070126229372
-1.6574060234036638,635.9536736825271,9.273922364687179,16.038509306100636
-0.9726303216415109,637.9397216218282,9.089509847475012,16.01687638187226
-0.9932250220141987,638.6561251799687,9.130699248220388,15.758855711767989
-0.975175689789125,638.9695719626125,9.09460058377024,15.52043350456474
2.129824854249403,640.6620747455711,10.186717726269222,14.441360011461118
2.2554487319912626,636.5524938395826,11.094652441997125,13.773456210815722
1.9456133990596474,638.8073606819353,11.714323107860356,13.174275630562757
0.7918635873263744,639.9796512381587,11.67115582490233,13.18036142454039
7.80870667901821,638.9528035265238,12.89356828994223,12.495782731426619
2.9514045185999844,639.9209789030865,13.812131926397843,12.158712102734016
1.7825817841059575,638.4866691220744,14.10586537304805,12.165854833485099
0.6776927101248917,638.4158846801867,13.834968861131482,12.307423717260782
0.8221030240275935,638.8391557668518,13.95766371456938,12.28391250641703
1.5305963413670884,638.9653457231307,14.192848943743293,12.031532593859396
-2.8236027314000314,634.2369132311576,12.998088872029511,13.23576573009883
-2.8965188481289785,634.9984321078119,11.90453911648816,14.191491954788724
-2.5500863597715075,636.576034664653,11.211674139773217,14.731384469163906
-2.330735255740364,637.5097320599795,10.77297193171093,14.902044767562906
-1.8053847765755315,633.3367029355567,10.125292659498708,15.590690980177119
-1.3818705028544596,635.1709000130332,9.680947211318795,15.949127817846424
-1.1698586688688506,636.8435238637637,9.65751775261227,15.808633790502782
-1.7655258585601934,633.4421976525939,9.256426863846013,16.241585140246777
-1.4518568861679557,634.9696384507241,9.02684769293196,16.36877373494993
-1.697661574489616,636.3104231067222,9.12272635997487,16.061588680556287
-0.9242405495358437,637.2856376331114,9.147172067017602,15.682447384728123
-1.736448280881818,638.1776993547213,9.221120389969885,15.448791081248011
-1.4684117635443794,635.6881475203301,9.070442763020448,15.417754449599625
-1.2264020417112422,637.2190405623265,8.968811892467373,15.415076950512196
-1.1153874279356781,638.1765974936703,9.127411462834552,15.022478279497824
-1.1487666834115338,639.220201457034,9.194169973786263,14.822619895566536
-1.0557570581023263,635.9827334403013,9.008150723167848,14.912158303113495
-0.9994149439726998,637.0965886225238,8.895466494908595,14.927357246994108
-1.0320842116919104,637.8133221695616,8.960805030347016,14.610322190681398
-0.8445604796313573,638.4806260597169,8.954281281097842,14.381285554986894
-2.212841189440491,644.0433249158746,9.500864960815276,13.475783962208554
-2.2268134184616852,646.2922195838703,9.88929021891244,12.58280262676493
-2.0621260740109766,639.3403944655072,9.559915530011022,12.709502713678697
-1.630673171577664,636.3166406789913,9.046831257123165,13.159865775050001
-1.2930194982553065,637.9676503410926,8.719732840145412,13.339935747517124
-1.5365218469922666,639.4948653850892,8.515765016399085,13.394882005014988
-1.3798214250304075,640.2531010060637,8.545268294591793,13.250027251531542
2.2358923653538714,640.5849349409799,9.162084280237362,12.586359381699186
-0.8967904710152248,637.623757843706,8.598805781270316,13.045798238882764
-1.0328730659189689,639.7247275086758,8.531914372630345,12.912538090312966
-0.9786268167891605,640.6084734205074,8.423421874370728,12.824755024232775
-2.2399695493425384,645.1503356984798,8.949202600093571,12.061466882387649
0.040551439973410375,640.8943735816557,9.007711657898481,11.994224905510183
-1.9021605510924804,637.6861580802306,8.934310439021438,11.812613906679104
-1.5774905484839081,639.0419306354464,8.610906643925153,12.034494687335474
1.225970204820639,641.3811614650282,9.160078804923218,11.568097116534585
-1.1604033462107362,642.1979258812303,9.044673490852123,11.56395242284168
-1.2386606959879503,641.9983401258975,8.877249700955348,11.639185444056045
-1.2535043332513327,639.3094546088441,8.584576256016211,11.859184966708199
1.3655748517865227,642.1036277467523,9.122884727472169,11.405475883364577
-0.9927850421554076,642.3401909170401,8.675104282394278,11.577912071909063
-1.0720155987555366,643.2901226878326,8.515440308944225,11.586799050225887
-1.9240488861733227,643.538614909229,8.325633283174648,11.721105807634986
-1.6782135464615666,643.3591667468795,8.14852512370443,11.765439612380533
-1.6513558612586885,644.0107302672097,8.094809753298673,11.711552165095087
-1.5342457117046502,643.9892694526826,7.860589454190596,11.754473794149462
-0.8843479809523038,644.8173523505546,7.790286891844164,11.63517412235317
-0.8381027374759031,642.2609741888881,7.6977964048913625,11.57294318156822
-1.6187132134169842,643.090799790203,7.447387216045098,11.7249221196668
-1.6261255355155435,644.9914217595674,7.462211860242217,11.524177217842183
1.3403669403666472,645.8728046551734,8.069445448970333,10.95054207035625
-1.194990529198579,645.9983067103906,7.7641538314263565,10.99820499084808
-1.1438460005803894,646.4575656886,7.6618647741899775,10.962799520823468
-1.656960787719667,646.4798184817,7.519502841167186,10.918293934623224
-1.2224405196149113,646.5728779082182,7.5178314628114835,10.732175081587005
-1.7960977843457369,647.0450640575101,7.520005729392396,10.646657980163717
-0.37804551641115447,646.98276862835,7.249152479510463,10.77124883848403
-1.404159619062722,644.8085051101028,7.041960785778909,10.883363564288306
-1.4686911587755387,647.852662194584,7.171023865204543,10.688980680584365
-1.467988409686443,648.9028351490177,7.169618367026351,10.547882433565846
-1.1513546917653876,649.7290701651348,7.091840653312458,10.56188156771618
1.788588518183516,647.1710976590912,7.575259488097694,10.144517662687793
-1.3586122253547188,648.4542815242797,7.4683625555203434,10.083005835653424
1.6108214329494204,649.2926164016477,7.8690241573669715,9.784494541451224
-1.2859975939628452,650.1746267755524,7.555489884477164,9.963664988505485
-1.03259060141363,650.4039840231563,7.32391570345928,10.05543010145877
-1.6037371764636617,652.2303414935116,7.101988489009582,10.222532181487695
1.1778192285144478,650.2446614258332,7.5166801423889,9.846398161691166
-1.2275058912598453,651.8699357870865,7.143783281509048,10.142486928951453
-0.9755583149888878,652.6274518652774,6.911086918433846,10.254647509369988
1.8804011120950155,651.3901900989423,7.387121629814033,9.769714988952062
-1.150112334674982,651.9067919552654,7.248859859849346,9.81464843517629
-1.0555569031664236,652.9194240490928,7.059748996832229,9.933033218801318
-0.9774805386029679,655.149634427509,6.903596267705318,10.005573683782838
-1.71708782431163,659.2975563398637,7.322156495295478,9.399473851820497
1.6293623482533786,663.9733486919619,7.725511462604079,8.98391435588025
1.9011521250480667,665.2630888241409,8.23374766806643,8.508065609625367
-2.367697413513859,663.525116428662,8.86219410392691,8.029384079951543
-3.2305274699961473,664.1006417258667,9.258212888403929,7.676118282634876
-2.702262038918514,664.9224373703815,9.267247073645489,7.3644833028512044
-2.7058870058943585,665.7125200080542,9.535985152744537,7.091758753242631
-2.3604803474461384,667.01940218316,9.889755859953652,6.828308457268667
-3.3901554072671547,667.4981273856067,10.113911075914197,6.6573701539529
-3.203474803730685,665.5123234726319,10.003258450633396,6.688349253020238
-3.2931614958795103,667.3917296787151,10.444192658833536,6.329827551586219
-3.159658642695314,665.3094518002549,10.439350650260714,6.2997641437776215
0.19613558449407797,661.3017734268591,10.005805718231148,6.72915163439729
-1.9866348818378978,658.7687470262399,9.388089663284324,7.33650081514179
0.9337589058127103,659.5241529853943,9.330739189074565,7.402989924403437
0.8315897025678316,659.6677758843323,9.2719918299082,7.378829892183713
0.6674119718171792,660.7094081755196,9.076760081873706,7.651707752720087
-2.1496206707439027,660.9430518860732,8.657194069588424,7.97402441388324
-1.751477874247437,661.7403271047779,8.122762181268946,8.474303613861702
-1.5926308524908062,662.1156847598861,7.8050681377556845,8.769014131792542
1.277980653738874,660.109803411852,8.06451720624244,8.60639624981117
-1.1064651746525804,663.7203069031393,7.583420949664517,8.997871741609696
-1.7629925073869182,661.9401482866477,7.331165044925637,9.166682739143265
-1.4725434935046278,662.5803294989475,7.00967333210747,9.442758204222187
-1.2656453323375283,663.2023069290782,6.854261143300321,9.490724011596052
-1.1665189378735126,663.6409752062034,6.65600835437229,9.639638821780174
-1.0380216034876195,664.6033485724163,6.654560425844652,9.5037192710634
-0.999550053139286,662.9719254080105,6.577617325147985,9.471452766210398
-0.9026698889229294,664.3083032810251,6.383856996715272,9.567529186045121
0.9970402434364862,663.8988666033662,6.83356944429128,9.136657625982032
-0.9035214769685815,665.127431236744,6.621173129256043,9.187978206629893
1.312682661159326,665.8748056520532,6.903449172676378,8.933935775926274
2.0397150619805755,666.2933789593612,7.191646974112457,8.594578476475629
-0.7298279692661374,666.5131895314345,7.018535319594311,8.65167017728656
1.078044690268423,666.8151567516646,7.345823840358918,8.294175351815937
-1.634013427769967,667.5669010549888,7.107662628771725,8.513988577065337
-1.3220508967507172,669.1087273645337,6.7294984764759,8.870988694372976
-1.2077697647796546,667.198893860904,6.500936212533775,9.01419153547316
-1.1774391099132253,667.6793335956676,6.440274902800916,9.02743203762232
1.4080610789418309,667.8968653107839,6.852124449773202,8.592368607389588
-1.1465964041302712,668.9093802256402,6.619090092559138,8.752845319050621
-1.0832554677383444,669.3653097370005,6.492408219775284,8.80696222076735
-1.0008360381790147,669.5384424701832,6.327569360656625,8.941186146579167
-0.8414321403933385,671.4468463349846,6.248332112390078,8.957507173853479
-1.1275598856172175,672.0102915129395,6.105057674236483,9.023166698945799
-0.6051532807013618,669.937952861412,6.008761006793394,8.899519561251969
1.2069319689521683,668.3613695380747,6.356981669594779,8.547635182536851
-0.795310067758594,671.6903579394364,6.147959106090684,8.678085739304846
-1.0678650808025685,672.330371183315,5.9951805892201735,8.793836337464512
1.4583233080625106,670.3801683366187,6.275423103434935,8.520887802378386
-0.7862992610207535,670.4363106921456,6.117848274745501,8.640944089667407
-1.0491971055512903,671.5323480916429,5.948930118203088,8.76458210935099
-1.01909540203985,669.9075371353003,5.888726711180207,8.785163507622158
1.1293648082411134,670.3994130421781,6.1909402843631005,8.491281792928135
-0.6164545085555102,671.3663232835577,5.994490247383021,8.632011187366682
-0.4375505601833001,671.4471574781668,5.866082804386909,8.699743251896843
-0.30380954277173,671.8012571418172,5.82689611047249,8.676429947322056
-1.1077109916357908,672.0627676574217,5.843640478968005,8.607997067322538
-1.050437709450335,672.4692276125063,5.729093914597094,8.701243380786872
-1.0343347087067412,670.7969175793096,5.696887913109906,8.65524611921612
-0.8458615267999989,671.5086487180972,5.544755816276342,8.80548371050038
-0.8446975316396124,672.2226636450856,5.542427825955569,8.724602581711183
-0.589745828501218,672.9295212773937,5.479076615559731,8.650543904737795
-1.365204241556802,673.2864693782371,5.482237551245317,8.599971656090576
-1.1246893808669316,673.2067498559697,5.442016076043538,8.539006577536327
-0.9085230570258842,673.2537614178834,5.447321373125245,8.444983453709098
-0.5759766297419886,673.4244067167427,5.434726829332971,8.321192292915551
-0.4421239384088702,671.9096268711401,5.382454511880465,8.33468907112874
-0.5513070581911186,672.0658173057161,5.386057145360208,8.2370718080613
-0.5285722812340041,673.7897939844737,5.3405875914459795,8.202873918654308
-0.5141753274449936,674.4452306828232,5.3117936838679585,8.164532915288701
-0.6646048008246983,675.3594055436055,5.4016191085147165,8.024451370625316
-0.7010514365060496,676.2668511094836,5.474512379877419,7.892945371346153
-0.9878168529022648,677.362551779816,5.628747064299591,7.588376698347226
-0.8866850604406729,680.9680009371286,6.0491963518571925,7.227319981010616
-1.2726279464521753,681.4450073104811,6.403335921022087,6.899926538593055
-1.7210582323897115,681.7862899945945,6.6718053841130285,6.636288576222137
-2.3210997482078906,682.141367439465,7.033584030749881,6.345285878981098
1.3773676047333407,681.7699572610493,7.429631771312155,6.0350004998064115
1.2339130948344876,681.9104599200564,7.50478388375872,5.965752089143231
-2.151337165564292,681.5942563783121,7.921644222873468,5.751007148407318
0.4752935323343932,682.1730808411,8.034330726726171,5.666547802761377
-1.5167135685580035,680.9432747060005,8.149157699806706,5.546701920491109
-2.7609290505825146,680.9919608756729,8.275809774002738,5.449329581146284
-1.534929376491966,680.9327381986307,7.973761093332136,5.567774935230737
1.1077358368563375,683.1629041719982,7.9986648681742,5.568039717788256
-2.2644624140994654,683.6982665885729,8.35936336863293,5.348474618165922
0.4262305884177593,683.5842608393751,8.342119305360935,5.361920438890984
0.6250926957744403,681.7597086596177,8.158927159760358,5.578511692601542
0.6272877983387204,682.4253695932451,8.154536954631798,5.539478053862395
-2.764077355907966,678.7694082548995,8.497212410379616,5.3380034023505
-2.1269074900231493,674.9153751146936,8.088683458492751,5.686678053759001
-1.5074869971922165,678.0440195656346,7.93038633331194,5.69654354266717
-1.7306773986888415,680.3544464222216,8.162891877832523,5.567070257419171
0.8095693126874117,681.5578419367909,8.24843734173729,5.5280470513318525
1.196828559723853,682.8075652188074,8.121596255465242,5.619310118502044
1.1102656052984186,680.7292799027374,8.079228809831912,5.681507015442273
0.20495078268045086,681.8474063851774,7.946933798458676,5.819939741973712
0.5072447676890515,683.2080532900529,7.990805715038488,5.692485478610779
0.35513044339175703,682.1831272913457,8.08031072575666,5.595101097260932
1.1568818654672266,681.3810790799722,7.978097406751236,5.697907994862509
0.9464837095271932,681.8884922125767,7.969652749198499,5.7561841532355515
0.9682901461329472,680.0280905568279,7.926039875986991,5.814318633046321
1.2335031949320472,683.3469309586376,8.042845131165482,5.648951357193738
1.6029782510772965,681.5698738287138,7.948275042035985,5.7663721601828515
3.7163319890737228,681.692839071979,8.027453452423027,5.735735967971098
1.6818305795007795,682.1307253939015,7.992633687308608,5.723925973444154
0.28785955421512455,683.7495209313558,7.982080296431118,5.715368100207121
-1.9567680037448594,683.6857479543713,8.171971721620384,5.6279458696396905
-2.4235529753953307,680.165114825833,8.02355990216028,5.744528845045508
-2.3108668946631967,680.634152826991,8.230340550991542,5.670758463320593
-2.1124777568230413,681.0563773762274,8.269532741421958,5.698250297069238
-3.235601036219278,681.9150502288625,8.54449727550066,5.514123944354307
-3.012116820901344,682.6932702240579,8.537740879258811,5.498426074342481
0.3792759414481708,682.4726413155289,8.56697828953406,5.500198540756873
-2.6704101788388153,682.9063659825118,8.940882891445098,5.293380088175219
-2.52096583048222,682.9351772148242,9.086622425278918,5.235757623550476
0.21858835118424746,682.7734726479247,8.971558272699808,5.33566491523467
0.5324586530643964,682.4810037389199,8.790786315650681,5.4736340865331545
-1.1193894674993041,680.9564318728807,8.52467646322192,5.622310367596931
0.4837294783288506,682.4438952526899,8.421006038055879,5.749951074468731
-1.9273799398654705,680.6450803108124,8.355454029080292,5.792838525231527
-2.5946610363517038,678.7286197196822,8.136770926978178,5.8535925623107286
-1.9487898130598742,681.4923718176691,7.942958390747478,5.8157379181018
-2.4448057248416015,677.6817595117402,7.854870235280271,5.876122676744805
-2.1030471553018355,678.3714497606021,7.818375253462992,5.790786493545488
-2.949280970154269,679.124229114285,8.014788700337704,5.56755994289136
-2.3796667327010597,675.2977849636337,7.727662242462543,5.764555595170239
-1.3361749081405812,671.8461166548049,7.335981480948176,6.09859352335251
0.9013827142417674,668.8604014170896,7.299082723078535,6.1524020162561435
0.9267392015933087,672.3090791264824,7.460011645863753,6.027587317096263
-1.2204818493731926,670.328625703033,7.08817768068268,6.382735384861575
-1.1540027640668025,671.0190250133163,6.7431518807038096,6.698477799223584
-1.0475332178837031,671.7782493754808,6.530212788337611,6.873460397135156
-1.1033377221697291,672.6261538845039,6.430757633373837,6.866164687375634
-1.7923951982974695,675.9315127989249,6.762011166059564,6.5366153759521515
-2.31107355623686,674.779074741275,6.961689204152105,6.328455457893056
-2.159313197969629,675.7692534241484,7.285871133742419,6.0219718151458395
-1.0062209337912575,672.1578416639869,7.073045625978558,6.127374665453198
-1.8333688093319656,675.2706394305327,7.273110761669569,5.9264488246930425
-1.2944364224085767,671.5617641661404,7.025631786019394,6.0783236192574535
-2.387064629602958,674.8901313412972,7.354848349127511,5.814615423354758
-1.8395103421666508,671.5995791459595,7.087892673261885,5.977534846726025
-1.4291846762789513,674.5599258955974,7.2950859714700025,5.812771275357987
-2.6653773535768015,674.513625343508,7.500451557013019,5.699279673259282
-2.151119435093354,670.5286077473003,7.301477325479523,5.78866961405738
-1.7873724655396614,673.3876864540106,7.191382184717703,5.8329009851954865
-1.427216192948118,669.9912857668306,7.085552755113483,5.866388088187832
-2.1586193436265946,673.0472810002659,7.325909804919585,5.662902337146594
-1.5576678348910278,669.4213395187724,7.144650068090816,5.77028233563709
-2.1454724150273896,667.9023407059909,6.898582659883734,5.964926824240425
-1.6748126482226902,664.9206863065201,6.564587656896641,6.259873337373835
-1.2495981472160629,663.2383433115151,6.319995943650971,6.393427120623308
-0.839399509240577,663.0509729012175,6.100230323509908,6.567957389281974
-0.9481267893379193,663.4005890566226,5.918754840009359,6.66658516586217
-1.0562827362939382,663.5570603464755,5.7388530583361606,6.749856261741515
-1.0827015428703788,662.2454120751632,5.595179260295536,6.818504458850652
-1.4442757170404257,665.1820959604017,5.732566730305045,6.607491845569294
-0.4721619742256702,662.5862975687301,5.536224564909802,6.749642148235891
-0.7851092150109822,665.152177356422,5.582392568290953,6.64217871716046
-1.008961191374831,662.1448496118032,5.453100550990337,6.694542516105527
-0.8800376946157995,664.8472754287706,5.5773566718963465,6.448082926895618
-0.6012079927029568,667.7197081055649,5.776708680858119,6.191550316015936
-1.5598273977544168,669.1693293802759,5.997913582373805,5.930582735507464
-1.1790881281180439,669.0225721787895,5.987833393422252,5.848397963319774
-0.6204489106274544,666.0323972067256,5.802525511943446,5.864136365032223
-1.3391168188006501,666.2101631108684,5.9537771007949525,5.6923308749601285
-1.9854652574497886,668.9803917239337,6.1461236510875565,5.470233562690237
-1.222099112903404,665.8846366039062,6.082249994536372,5.444594614443445
-1.6078327801235581,664.6115234545239,5.946439026206068,5.450441665450468
-1.4800846168101516,666.2954811096695,6.049814577333975,5.312373254951467
-1.7827198356272023,664.6251146860243,5.939733614844535,5.255186951655005
-1.6674501785536355,664.7593645290721,5.88540984421471,5.162902809077048
-2.1791030355340597,665.969864310433,6.039234848812102,5.002553090700007
-1.01336599688292,664.9017803788655,5.9657921571487265,4.880689568195864
-1.1677197324255768,665.6136783882896,5.933305808966674,4.821668826417264
-1.3091318832107828,664.2115256007863,5.877843413005852,4.750537472408338
-1.8589974727984473,662.9523019419768,5.807590810026249,4.761876685409851
-1.616906943540077,664.4569466507179,5.6558987928602935,4.7449886400846
-0.8065726574722341,666.9096635965793,5.835230456876742,4.585009916399247
-1.1431609083009178,664.5078536079351,5.689393313711609,4.638350753717313
-1.4721578188424593,664.4535485945761,5.697663356631002,4.5845298358943625
-1.1006702035009592,663.1833362939651,5.601435772526202,4.537963850803435
-1.4899591532275125,664.3329012005661,5.582734362600519,4.471216103862183
-1.4702067903183536,666.6089589156786,5.701317482055142,4.345560341279406
-1.2544087071998558,663.4405124691957,5.585437314964338,4.368133251321628
-1.2411710594784457,662.3270502621292,5.40250621052759,4.40467633953943
-1.2671466075467201,663.3050343884411,5.300213466852692,4.453878004464409
-1.264009091898351,665.8305087854468,5.447401551705653,4.313748927243411
-1.2355788043729354,663.7537166995745,5.390540976654822,4.323926328275084
-0.8509980640777246,662.676451607278,5.232391618097644,4.339914085751807
-1.1749276304681195,665.2724957424329,5.2779264210055645,4.267582619361561
-0.5601604494810366,662.6588308102594,5.099178285294631,4.391093670429857
-0.883596132523605,663.5499194290846,4.9993043176455885,4.4011052337414185
-1.4449648359283351,662.5952466025316,4.938337785601374,4.386931986210287
-1.2310218699464273,662.8691777829284,4.804032744456115,4.426231407053843
-1.066199945323804,663.0437176630552,4.76504498935512,4.36780774094459
-1.7494133984974276,664.183665568338,4.837357966197365,4.24476847955383
1.1000157959712276,664.3404516695448,4.85647879500862,4.217095238027591
-2.3462886107519427,666.3944380852676,4.6925772215038855,4.393188732127791
-2.3440225439721374,668.6198610169964,4.688045087944275,4.37731159426379
-1.1797662063859162,670.7433088428886,4.643381283778293,4.41263257561644
-1.4159551319292676,672.9016044765035,4.687950683357741,4.374125823459278
-0.2227849777256341,674.7051141889623,4.584625912164607,4.4770066465145595
-1.6706727954236544,677.0593463521411,4.769094728042928,4.3349538056603505
-0.7371137607387563,679.2984207054623,4.765267749633114,4.300037700538119
-1.058032578863695,681.6135794424704,4.836250550158046,4.2365589123214376
-1.4743279986747844,683.9522961987268,4.954837190511434,4.1287522751288925
-1.9953667790210674,684.3157166540985,4.996609920497867,4.116414814889918
-0.9287040239978297,684.4713208692334,4.870110918649544,4.235240636376892
-1.476273637730729,686.795384792698,4.962120758846095,4.172847131249799
-1.7601117998999583,687.1596309474766,4.954903248851179,4.162972114609331
-0.5523707956247714,687.1676680673635,4.834671238283121,4.290350999709409
1.0649505467465592,687.4879342315862,4.903684317537935,4.224367499785441
2.3529242705160436,689.1819053298157,5.057073470251109,4.140359082579208
2.9515154427532515,691.8867383902245,5.161844485322742,4.083167884339704
0.7309272359664551,693.1933722954694,5.388080099988721,3.9407274387266478
0.7515502609327651,694.1512248056059,5.346834050056101,3.9291018768596007
4.174913282792206,696.9728462838498,5.3456843029992065,3.9662307410065143
7.450205855626529,699.549368694657,5.375967282288572,3.931638905470511
6.150576673317493,701.4471593626654,5.344802580377817,3.935557554439736
3.03438067073805,703.601523596877,5.456721888616522,3.852869757699685
0.8329541268450091,705.8208164839351,5.331627846998314,3.942231112987558
-2.589181975540037,707.7899353710861,5.178363951080074,4.0817645939221014
-2.6197319859364656,710.6419931403,5.239463971872931,4.0549936966822635
-2.6021434729844644,712.570679776202,5.204286945968929,4.141563621917005
-2.6221048366060393,714.9389505657252,5.244209673212079,4.107123693369378
-2.655326919029231,717.4557920185074,5.310653838058462,4.071191387519905
-2.6823080940129875,717.9935066465011,5.364616188025975,4.012986706997718
-2.6973658048249503,718.0118145194265,5.3947316096499005,3.9763709611469826
-2.7064461632609498,718.0251765472552,5.4128923265218996,3.94964690548954
-2.712222489186984,718.0311337808299,5.424444978373968,3.937732438340268
-2.7092322210565194,718.0302403397949,5.418464442113039,3.9395193204102696
-2.7192059064010805,718.040491678595,5.438411812802161,3.9190166428099493
-2.727737652657651,718.0494812463407,5.455475305315302,3.901037507318461
-2.737402942183,718.0593930491619,5.474805884366,3.8812139016760296
-2.7422092858240767,718.0644409456536,5.4844185716481535,3.871118108692854
-2.7470987170985426,718.0700932527882,5.494197434197085,3.8598134944237277
-2.7383265554424256,718.0683053462661,5.476653110884851,3.863389307467643
-2.744237414547004,718.0750761512996,5.488474829094008,3.849847697400789
-2.749263722357594,718.0809107792179,5.498527444715188,3.8381784415642786
-2.7522228661658334,718.0847403868202,5.504445732331667,3.8305192263596446
-2.7422223596037822,718.0788246225267,5.4844447192075645,3.8423507549467186
-2.75332730199478,718.0905531190353,5.50665460398956,3.8188937619293175
-2.744884516586103,718.0859415453945,5.489769033172206,3.8281169092110128
-2.752622064675212,718.0906325126697,5.505244129350424,3.818734974660591
-2.758832510384173,718.098959175292,5.517665020768346,3.8020816494160927
-2.746225834678035,718.0901264282721,5.49245166935607,3.819747143455845
-2.750820855235724,718.0951582444208,5.501641710471448,3.8096835111584606
-2.7437387790789947,718.0920329951261,5.487477558157989,3.8159340097476804
-2.7446124219904426,718.0922372627065,5.489224843980885,3.8155254745870115
-2.7376479007487746,718.0886661812311,5.475295801497549,3.822667637537731
-2.742354080602145,718.0943286001769,5.48470816120429,3.81134279964608
-2.750060301402516,718.1024180724918,5.500120602805032,3.795163855016478
-2.7461266964730178,718.1048227034073,5.4922533929460355,3.7903545931852833
-2.752870150710628,718.1120903631113,5.505740301421256,3.7758192737775165
-2.76961765617455,718.1283797498002,5.5392353123491,3.7432405003997617
-1.0162813926948935,715.0113339818315,5.378949434583053,3.866539024766439
3.449545645473885,715.4698696864999,5.299030208005038,3.965240467041512
6.548496003550421,715.874402562257,5.212781686430711,4.029267886181392
5.285083378043124,717.720936292167,5.270434471374761,3.9673364058766145
8.664411757658858,714.7743510862722,5.187040571681785,4.055930418067556
4.815686879254088,716.6694625875971,5.184339598415082,4.043139849040303
2.675947641593778,717.2998167514342,5.257758340293423,3.9427238616260802
0.6062116670172673,717.7796733635523,5.350697971723326,3.8501247054732306
3.885065885979549,716.6671882935905,5.2915425475440925,3.908910507481669
6.803097832337619,717.1316163345156,5.379135265371479,3.8469310027842463
4.723720313490482,718.0517385266386,5.338962514016643,3.8965229467227345
8.148300885655678,718.011629724401,5.304639689448648,3.976740551197999
6.201497520151422,717.989513306791,5.261943314628236,4.020973386418026
9.554442414915332,717.9592398370991,5.2656471263511815,4.081520325801951
12.657381915704375,718.0217950221096,5.376635737376925,3.956409955780915
15.886018852695234,717.9885280717707,5.367608083414408,4.022943856458544
19.1353482063247,718.048776400843,5.5065929871462505,3.902447198313887
20.772051420204633,718.1014778316047,5.628780342923872,3.7970443367905404
19.40500168666303,718.1510568359529,5.703635318010815,3.6978863280941754
20.95857063395107,718.2008555399017,5.835132856750505,3.5982889201966275
19.671620718215586,718.2414175179123,5.901362057729065,3.5171649641754366
21.251265245122806,718.2723869968756,5.978941928410828,3.4552260062486333
22.74389633655864,718.3156956935941,6.085606574961846,3.3686086128118546
