1750.5,667.5,152,74
1735.0748031496064,667.0,152.0,74.0
1720.1496062992128,667.8779527559055,152.0,74.0
1706.1023622047246,669.6338582677166,152.0,74.0
1690.2992125984254,670.5118110236222,152.0,74.0
1675.3740157480318,673.1456692913387,152.0,74.0
1659.5708661417325,674.0236220472442,152.0,74.0
1644.645669291339,676.6574803149607,152.0,74.0
1629.7204724409453,678.4133858267718,152.0,74.0
1613.0393700787406,680.1692913385829,152.0,74.0
1598.9921259842524,681.0472440944884,152.0,74.0
1579.1835612856696,678.6929190303939,165.27854672,80.46455564
1561.9998665453547,681.5568681537798,165.27854672,80.46455564
1542.9068723894493,684.4208172771656,165.27854672,80.46455564
1525.7231776491344,686.3301166927562,165.27854672,80.46455564
1507.5848332010241,687.2847664005515,165.27854672,80.46455564
1489.4464887529139,688.2394161083467,165.27854672,80.46455564
1468.4441951814179,690.1487155239373,165.27854672,80.46455564
1445.5326021943313,692.0580149395279,165.27854672,80.46455564
1414.0291618370873,693.0126646473232,165.27854672,80.46455564
1382.5257214798432,693.9673143551184,165.27854672,80.46455564
1351.0222811225992,693.0126646473232,165.27854672,80.46455564
1313.7909425185835,692.0580149395279,165.27854672,80.46455564
1277.514253622363,693.9673143551184,165.27854672,80.46455564
1239.3282653105518,693.0126646473232,165.27854672,80.46455564
1199.2329775831504,693.0126646473232,165.27854672,80.46455564
1161.0469892713393,693.0126646473232,165.27854672,80.46455564
1118.0877524205519,692.0580149395279,165.27854672,80.46455564
1081.8110635243313,693.0126646473232,165.27854672,80.46455564
1042.670425504725,694.9219640629137,165.27854672,80.46455564
1002.5751377773236,696.8312634785043,165.27854672,80.46455564
967.2530985888984,699.6952126018901,165.27854672,80.46455564
932.8857091082684,702.559161725276,165.27854672,80.46455564
900.427619043229,705.4231108486618,165.27854672,80.46455564
866.4781545130033,703.817764338694,179.71709214391595,87.49384749111697
839.4889372458456,706.9319047925968,179.71709214391595,87.49384749111697
805.6878266505519,704.1482702236455,195.4169724361234,95.1372102649548
780.8557797490905,708.663187842093,195.4169724361234,95.1372102649548
761.6673798706885,713.1781054605405,195.4169724361234,95.1372102649548
736.8353329692271,716.5642936743761,195.4169724361234,95.1372102649548
714.2607448769895,719.9504818882118,195.4169724361234,95.1372102649548
696.2010744031994,723.3366701020475,195.4169724361234,95.1372102649548
674.7552157155736,728.9803171251069,195.4169724361234,95.1372102649548
652.180627623336,733.4952347435544,195.4169724361234,95.1372102649548
631.8634983403222,736.8814229573901,195.4169724361234,95.1372102649548
613.8038278665321,740.2676111712258,195.4169724361234,95.1372102649548
592.3579691789063,745.9112581942852,195.4169724361234,95.1372102649548
573.1695693005042,747.0399875988971,195.4169724361234,95.1372102649548
551.7237106128784,754.9410934311803,195.4169724361234,95.1372102649548
533.6640401390883,754.9410934311803,195.4169724361234,95.1372102649548
520.1192872837457,759.4560110496278,195.4169724361234,95.1372102649548
506.5745344284031,763.9709286680753,195.4169724361234,95.1372102649548
488.514863954613,768.4858462865228,195.4169724361234,95.1372102649548
485.12867574077734,771.8720345003585,195.4169724361234,95.1372102649548
481.74248752694166,773.0007639049704,195.4169724361234,95.1372102649548
468.19773467159905,780.9018697372536,195.4169724361234,95.1372102649548
456.2758444894278,776.7463306210902,212.48837637279453,103.44828849728155
456.2758444894278,777.9736645397375,212.48837637279453,103.44828849728155
457.50317840807503,782.8830002143264,212.48837637279453,103.44828849728155
471.6889080668643,783.119619806088,196.39025624168858,95.61104580187471
476.22631245371645,781.9852687093751,196.39025624168858,95.61104580187471
481.89806793728155,779.716566515949,196.39025624168858,95.61104580187471
489.8385256142727,778.582215419236,196.39025624168858,95.61104580187471
497.7789832912639,779.716566515949,196.39025624168858,95.61104580187471
501.18203658140294,779.716566515949,196.39025624168858,95.61104580187471
506.85379206496805,775.1791621290969,196.39025624168858,95.61104580187471
519.3316541288114,771.7761088389578,196.39025624168858,95.61104580187471
526.1377607090895,768.3730555488188,196.39025624168858,95.61104580187471
532.9438672893677,768.3730555488188,196.39025624168858,95.61104580187471
543.153027159785,766.1043533553927,196.39025624168858,95.61104580187471
546.556080449924,761.5669489685406,196.39025624168858,95.61104580187471
559.0339425137673,761.5669489685406,196.39025624168858,95.61104580187471
569.2431023841846,757.0295445816885,196.39025624168858,95.61104580187471
574.9148578677497,751.3577890981234,196.39025624168858,95.61104580187471
585.1240177381669,750.2234380014104,196.39025624168858,95.61104580187471
591.9301243184451,749.0890869046974,196.39025624168858,95.61104580187471
603.2736352855754,743.4173314211323,196.39025624168858,95.61104580187471
623.6919550264099,737.7455759375672,196.39025624168858,95.61104580187471
631.1312182734752,743.6360247118014,181.51172974755815,88.36755264025858
639.5185195030039,738.3939614433459,181.51172974755815,88.36755264025858
654.196296654679,735.2487234822727,181.51172974755815,88.36755264025858
656.2931219620612,732.1034855211994,181.51172974755815,88.36755264025858
672.0193117674274,725.813009599053,181.51172974755815,88.36755264025858
675.1645497285007,723.7161842916709,181.51172974755815,88.36755264025858
689.8423268801758,719.5225336769065,181.51172974755815,88.36755264025858
698.2296281097045,717.4257083695244,181.51172974755815,88.36755264025858
709.7621673003065,713.23205775476,181.51172974755815,88.36755264025858
720.2462938372173,710.0868197936868,181.51172974755815,88.36755264025858
733.8756583352015,703.7963438715403,181.51172974755815,88.36755264025858
739.117721603657,699.602693256776,181.51172974755815,88.36755264025858
746.4566101794945,693.3122173346295,181.51172974755815,88.36755264025858
769.0584646225223,693.5143424208388,167.7604004722353,81.67282654569351
788.9790175871318,693.7011545098156,155.05087195051303,75.48529292327609
800.6214874841619,691.0144306874241,155.05087195051303,75.48529292327609
805.994935128945,683.8498338277133,155.05087195051303,75.48529292327609
819.4285542409028,675.7896623605386,155.05087195051303,75.48529292327609
832.8621733528606,668.6250655008278,155.05087195051303,75.48529292327609
844.5046432498907,663.2516178560446,155.05087195051303,75.48529292327609
859.7294115767762,659.6693194261892,155.05087195051303,75.48529292327609
866.8940084364871,655.19144638887,155.05087195051303,75.48529292327609
883.0143513708364,653.4002971739422,155.05087195051303,75.48529292327609
897.343545090258,649.8179987440868,155.05087195051303,75.48529292327609
921.1283645379492,650.8862325560186,143.30421735368466,69.76652686955701
938.5106078519594,645.0921514513485,143.30421735368466,69.76652686955701
952.5819476775866,643.4366997071571,143.30421735368466,69.76652686955701
970.7919168636924,639.2980703466785,143.30421735368466,69.76652686955701
999.396605284285,635.3190195287384,132.4474893498601,64.48101455190557
1001.6916573557482,635.3190195287384,132.4474893498601,64.48101455190557
1019.2870565703006,627.668845957194,132.4474893498601,64.48101455190557
1037.6474731420074,621.5487070999584,132.4474893498601,64.48101455190557
1056.0078897137141,617.7236203141862,132.4474893498601,64.48101455190557
1073.6032889282665,617.7236203141862,132.4474893498601,64.48101455190557
1090.4336707856642,611.6034814569506,132.4474893498601,64.48101455190557
1107.2640526430619,608.5434120283328,132.4474893498601,64.48101455190557
1132.9366324125288,607.9258835427806,122.41326709726629,59.59593266577438
1144.9566462844139,607.9258835427806,122.41326709726629,59.59593266577437
1161.9260776329575,604.3905853451674,122.41326709726629,59.59593266577437
1179.6025686210237,599.441167868509,122.41326709726629,59.59593266577437
1188.3968196802305,593.3027533017364,133.10715055975896,64.80216540409319
1213.7681292784812,591.7650981745697,133.10715055975896,64.80216540409319
1230.682335677315,585.6144776659029,133.10715055975896,64.80216540409319
1245.2900593853988,584.0768225387362,133.10715055975896,64.80216540409319
1269.123713856483,585.6144776659029,133.10715055975896,64.80216540409319
1281.4249548738167,584.8456501023195,133.10715055975896,64.80216540409319
1297.5703337090672,581.0015122844027,133.10715055975896,64.80216540409319
1304.4897817813173,574.0820642121524,133.10715055975896,64.80216540409319
1308.3339195992342,567.9314437034856,133.10715055975896,64.80216540409319
1315.5899437147766,568.1762323102024,144.73523949050787,70.4632086993262
1350.231572643572,571.7863712228415,157.37914501422563,76.61879428324141
1365.6849589559665,573.6044166713584,157.37914501422563,76.61879428324141
1361.139845334674,569.9683257743244,157.37914501422563,76.61879428324141
1361.5377957806334,572.9848195825547,171.12760771044304,83.31212480639991
1355.6071923016505,571.007951756227,171.12760771044304,83.31212480639991
1351.6534566489952,571.007951756227,171.12760771044304,83.31212480639991
1340.7806836041932,567.0542161035718,171.12760771044304,83.31212480639991
1332.8732122988827,564.0889143640803,171.12760771044304,83.31212480639991
1320.023571427753,558.1583108850974,171.12760771044304,83.31212480639991
1317.0582696882616,557.1698769719336,171.12760771044304,83.31212480639991
1305.1970627302958,552.2277074061145,171.12760771044304,83.31212480639991
1308.1623644697872,546.2971039271316,171.12760771044304,83.31212480639991
1303.2201949039681,544.320236100804,171.12760771044304,83.31212480639991
1295.3127235986576,540.3665004481487,171.12760771044304,83.31212480639991
1282.463082727528,539.3780665349849,171.12760771044304,83.31212480639991
1292.3474218591662,530.4821613165105,171.12760771044304,83.31212480639991
1268.6250079432343,536.4127647954934,171.12760771044304,83.31212480639991
1261.7059705510876,534.4358969691658,171.12760771044304,83.31212480639991
1251.8216314194494,530.4821613165105,171.12760771044304,83.31212480639991
1251.8216314194494,527.5168595770191,171.12760771044304,83.31212480639991
1243.914160114139,520.5978221848724,171.12760771044304,83.31212480639991
1241.9372922878113,519.6093882717086,171.12760771044304,83.31212480639991
1239.9604244614836,515.6556526190533,171.12760771044304,83.31212480639991
1226.1223496771902,519.6093882717086,171.12760771044304,83.31212480639991
1208.3305392402415,507.74818131374263,171.12760771044304,83.31212480639991
1205.36523750075,503.79444566108737,171.12760771044304,83.31212480639991
1184.1714020090476,494.1006682221252,158.16297955667363,77.00039794206478
1185.0849521655214,495.01421837859897,158.16297955667363,77.00039794206478
1179.603651226679,493.18711806565153,158.16297955667363,77.00039794206478
1182.3443016961003,493.18711806565153,158.16297955667363,77.00039794206478
1193.3069035737851,491.3600177527041,158.16297955667363,77.00039794206478
1192.3933534173113,488.6193672832829,158.16297955667363,77.00039794206478
1198.7882045126275,491.3600177527041,158.16297955667363,77.00039794206478
1192.3933534173113,487.7058171268091,158.16297955667363,77.00039794206478
1185.0849521655214,490.4464675962303,158.16297955667363,77.00039794206478
1190.5662531043638,484.9651666573879,158.16297955667363,77.00039794206478
1183.2578518525738,485.8787168138617,158.16297955667363,77.00039794206478
1179.603651226679,483.13806634444046,158.16297955667363,77.00039794206478
1172.295249974889,481.310966031493,158.16297955667363,77.00039794206478
1169.5545995054676,478.5703155620718,158.16297955667363,77.00039794206478
1166.8139490360463,474.9161149361768,158.16297955667363,77.00039794206478
1164.9868487230988,474.00256477970305,158.16297955667363,77.00039794206478
1155.8513471583612,475.8296650926505,158.16297955667363,77.00039794206478
1158.5919976277826,471.2619143102818,158.16297955667363,77.00039794206478
1153.6206096900312,469.6109387355122,146.1805516768069,71.1668475268665
1157.8423076572826,470.4552783289625,146.1805516768069,71.1668475268665
1152.776270096581,466.2335803617112,146.1805516768069,71.1668475268665
1146.0215533489788,462.8562219879101,146.1805516768069,71.1668475268665
1129.9791010734236,462.8562219879101,146.1805516768069,71.1668475268665
1123.2243843258216,458.6345240206588,146.1805516768069,71.1668475268665
1104.6489132699157,456.101505240308,146.1805516768069,71.1668475268665
1085.2291026205596,455.2571656468577,146.1805516768069,71.1668475268665
1068.3423107515544,451.8798072730566,146.1805516768069,71.1668475268665
1051.455518882549,445.1250905254544,146.1805516768069,71.1668475268665
1021.0592935183394,448.5024488992555,146.1805516768069,71.1668475268665
996.0987392881051,438.6392048167829,158.95071802546386,77.38390219660738
963.965234465562,433.1306039900612,158.95071802546386,77.38390219660738
926.3231288162972,432.21250385227427,158.95071802546386,77.38390219660738
907.9611260605583,429.4582034389134,158.95071802546386,77.38390219660738
876.7457213758021,429.4582034389134,158.95071802546386,77.38390219660738
855.6294182067023,426.70390302555256,158.95071802546386,77.38390219660738
822.5778132463722,433.1306039900612,158.95071802546386,77.38390219660738
780.3452069081726,424.86770274997866,158.95071802546386,77.38390219660738
761.9832041524337,422.1134023366178,158.95071802546386,77.38390219660738
730.7677994676775,423.9496026121917,158.95071802546386,77.38390219660738
694.0437939561996,423.9496026121917,158.95071802546386,77.38390219660738
665.5826896848042,420.2772020610439,158.95071802546386,77.38390219660738
671.0912905115259,417.52290164768306,158.95071802546386,77.38390219660738
652.729287755787,416.6048015098961,158.95071802546386,77.38390219660738
629.7767843111134,414.7686012343222,158.95071802546386,77.38390219660738
622.4319832088178,410.17810054538745,158.95071802546386,77.38390219660738
638.9577856889828,391.81609778964855,158.95071802546386,77.38390219660738
654.5654880313608,389.97989751407465,158.95071802546386,77.38390219660738
647.2206869290652,387.2255971007138,158.95071802546386,77.38390219660738
628.3425083763918,385.6817126371641,172.83647154834983,84.1440716748545
609.8117623048603,377.014825952578,187.9352686692361,91.49480185212809
587.4911612886756,376.2749302990562,204.3530794939743,99.48768343785588
582.1061684678876,382.55246462523087,222.20513155605727,108.17881404702784
615.4760750354908,399.23741790903244,222.20513155605727,108.17881404702784
634.7279442091079,404.3712496886637,222.20513155605727,108.17881404702784
636.0114021540157,404.3712496886637,222.20513155605727,108.17881404702784
633.4444862642001,403.0877917437559,222.20513155605727,108.17881404702784
646.9954488125796,407.18560540748854,205.37087001856077,99.98318671956245
646.9954488125796,409.5580517405873,205.37087001856077,99.98318671956245
657.147344058188,418.09030769313824,189.81197219354158,92.40846014685573
662.6291185348715,414.8012430071281,189.81197219354158,92.40846014685573
669.8191963707832,427.072514800463,175.43181652171825,85.40759488557332
671.8457864601089,419.9794494878231,175.43181652171825,85.40759488557332
672.8590815047718,417.9528593984974,175.43181652171825,85.40759488557332
672.8590815047718,417.9528593984974,175.43181652171825,85.40759488557332
672.8590815047718,416.93956435383456,175.43181652171825,85.40759488557332
674.8856715940975,416.93956435383456,175.43181652171825,85.40759488557332
673.8723765494346,417.9528593984974,175.43181652171825,85.40759488557332
674.8856715940975,423.01933462181165,175.43181652171825,85.40759488557332
663.7394261028062,428.0858098451259,175.43181652171825,85.40759488557332
664.7527211474691,419.9794494878231,175.43181652171825,85.40759488557332
647.9703039959702,416.24889442555036,190.75734002078474,92.86870501011884
647.4834849545598,425.27583785545147,176.30556327909005,85.83297159639906
637.3000668517736,426.2941796657301,176.30556327909005,85.83297159639906
637.3000668517736,430.3675469068446,176.30556327909005,85.83297159639906
629.1533323695446,421.202470614337,176.30556327909005,85.83297159639906
621.5750020684497,429.5455327786752,162.94865319347807,79.33026537050903
619.692617606051,429.5455327786752,162.94865319347807,79.33026537050903
608.3983108316585,434.25149393467206,162.94865319347807,79.33026537050903
598.9863885196647,436.1338783970708,162.94865319347807,79.33026537050903
593.3392351324685,441.7810317842671,162.94865319347807,79.33026537050903
584.8685050516741,438.957455090669,162.94865319347807,79.33026537050903
578.2801594332784,442.7222240154665,162.94865319347807,79.33026537050903
571.6918138148827,450.25176186506155,162.94865319347807,79.33026537050903
567.9270448900852,447.42818517146344,162.94865319347807,79.33026537050903
566.9858526588858,447.42818517146344,162.94865319347807,79.33026537050903
564.1622759652877,441.78103178426716,162.94865319347807,79.33026537050903
562.279891502889,436.1338783970709,162.94865319347807,79.33026537050903
563.2210837340883,433.31030170347276,162.94865319347807,79.33026537050903
562.279891502889,433.31030170347276,162.94865319347807,79.33026537050903
562.279891502889,436.1338783970709,162.94865319347807,79.33026537050903
563.2210837340883,437.0750706282702,162.94865319347807,79.33026537050903
566.0446604276865,430.4867250098746,162.94865319347807,79.33026537050903
566.9858526588858,432.36910947227335,162.94865319347807,79.33026537050903
567.9270448900852,434.2514939346721,162.94865319347807,79.33026537050903
569.8094293524839,434.2514939346721,162.94865319347807,79.33026537050903
565.5155017553233,422.31566308074514,177.18366177499567,86.26046691677416
566.5389154668811,422.31566308074514,177.18366177499567,86.26046691677416
561.8698752499099,418.5478550542866,192.66222447828488,93.79608296969127
562.9826932166179,418.5478550542866,192.66222447828488,93.79608296969127
565.2083291500337,418.5478550542866,192.66222447828488,93.79608296969127
568.5467830501573,418.5478550542866,192.66222447828488,93.79608296969127
565.2083291500337,417.4350370875787,192.66222447828488,93.79608296969127
565.2083291500337,417.4350370875787,192.66222447828488,93.79608296969127
565.2083291500337,416.3222191208708,192.66222447828488,93.79608296969127
567.4339650834495,416.3222191208708,192.66222447828488,93.79608296969127
568.5467830501573,418.5478550542865,192.66222447828488,93.79608296969127
567.4339650834495,418.5478550542865,192.66222447828488,93.79608296969127
567.4339650834495,419.6606730209944,192.66222447828488,93.79608296969127
568.5467830501573,421.88630895441014,192.66222447828488,93.79608296969127
570.7724189835731,424.11194488782587,192.66222447828488,93.79608296969127
575.2236908504046,427.4503987879495,192.66222447828488,93.79608296969127
583.6345542145139,438.79312034048155,178.06613368348212,86.69009139853729
585.6915759618935,443.93567470893066,178.06613368348212,86.69009139853729
591.8626412040323,432.6220550983426,178.06613368348212,86.69009139853729
597.0051955724814,439.82163121417136,178.06613368348212,86.69009139853729
600.0907281935508,435.70758771941206,178.06613368348212,86.69009139853729
610.375836930449,437.7646094667917,178.06613368348212,86.69009139853729
614.0354497621577,448.24800639515706,164.57584277792614,80.12244977346398
614.9860406484888,444.445642849832,164.57584277792614,80.12244977346398
623.1213556310287,448.43127227255087,152.10757635817168,74.05237270068878
