604.000,400.000,29.000,28.000
604.543,400.257,28.787,27.831
604.645,400.110,28.862,28.000
604.130,400.155,29.104,27.851
603.975,400.176,29.202,27.869
603.714,399.978,28.890,27.968
604.421,400.239,28.843,27.948
603.834,399.749,28.776,28.421
603.737,400.131,28.648,28.458
603.881,399.852,28.262,28.721
603.427,400.258,27.919,28.807
603.629,400.860,27.561,29.017
603.474,401.679,27.486,28.449
603.004,401.466,27.526,28.695
603.152,402.193,27.460,28.698
602.886,402.392,27.326,28.746
602.961,402.956,26.718,28.355
602.702,403.590,26.874,28.418
602.835,404.116,26.363,28.065
602.634,404.389,26.361,27.960
602.185,405.238,26.553,27.590
602.015,406.349,26.656,27.328
601.932,406.870,26.860,27.021
603.478,407.643,26.222,26.981
601.832,408.244,26.433,26.749
601.542,408.782,26.448,26.742
601.890,409.570,26.369,26.586
600.773,410.091,26.530,26.574
600.522,410.428,26.516,26.795
601.431,411.141,26.472,26.873
600.470,411.445,26.883,27.144
601.669,412.709,26.209,26.948
600.262,413.048,26.318,26.869
601.866,413.603,25.172,26.974
601.520,413.847,24.918,27.013
600.492,415.146,25.109,26.607
601.196,415.529,25.061,26.532
600.461,416.232,24.995,26.277
599.656,416.443,25.213,26.147
599.125,416.635,25.346,26.228
599.261,417.393,25.354,26.005
599.025,417.115,25.355,26.244
598.442,417.956,25.755,26.305
598.963,417.877,25.487,26.242
598.962,418.211,25.190,27.230
598.384,418.159,25.256,27.468
598.404,418.230,25.284,27.345
598.148,418.429,25.188,27.762
598.054,418.647,25.370,28.450
598.073,418.231,25.369,28.595
597.517,418.796,25.703,28.168
597.823,419.412,25.587,27.759
597.151,419.176,25.511,27.970
596.900,419.041,25.891,27.815
597.187,419.133,25.847,28.236
597.392,418.802,25.415,28.686
597.639,418.562,25.047,29.012
598.426,418.433,24.384,29.066
599.010,418.312,23.964,29.727
599.242,418.866,23.608,28.906
601.560,419.537,23.479,27.946
604.400,419.764,22.871,27.508
606.569,419.916,22.997,27.124
612.172,419.880,22.812,26.783
616.170,419.830,22.928,26.494
618.490,419.800,22.346,26.064
622.724,419.838,22.139,26.178
623.608,419.852,22.262,26.408
625.692,419.760,22.321,26.635
626.067,419.383,22.635,27.688
626.591,419.314,22.689,28.068
626.761,418.528,23.356,28.278
626.982,418.472,23.137,28.221
626.218,418.281,23.264,28.121
625.675,418.225,23.529,28.074
626.095,417.884,23.252,28.368
627.304,417.536,22.907,28.618
629.193,416.919,23.142,28.701
632.556,416.684,23.809,28.321
639.448,415.776,24.565,28.822
645.745,414.132,26.036,29.354
654.789,412.527,25.779,30.501
661.610,414.090,25.518,30.381
665.246,416.232,24.676,29.454
668.492,416.202,23.503,29.118
670.552,416.908,22.414,28.370
670.738,416.876,21.464,28.051
671.124,416.907,20.575,27.850
671.496,416.727,20.010,27.523
671.725,416.973,19.633,27.530
672.086,416.615,19.664,27.351
671.889,416.825,19.509,26.969
671.959,416.522,19.302,26.871
671.745,416.584,19.342,27.304
671.797,416.047,19.309,27.412
671.674,415.815,19.460,27.068
671.640,416.190,19.690,26.692
671.693,415.867,19.840,26.971
671.489,415.670,19.758,27.106
671.497,415.597,19.867,27.216
671.284,415.255,19.973,27.111
671.394,415.431,20.205,26.938
671.086,415.286,20.095,27.087
671.277,414.458,20.417,27.363
671.358,414.010,20.512,27.723
671.838,413.490,20.586,28.257
671.688,413.138,20.766,28.690
671.477,414.760,20.478,27.929
671.633,414.463,20.582,27.612
671.680,414.805,20.836,27.281
671.334,415.292,20.596,26.786
671.644,415.100,20.707,26.354
671.822,415.425,20.607,26.052
671.500,414.964,20.340,26.102
672.022,415.157,20.385,25.832
672.175,414.755,20.604,25.896
671.781,414.854,20.298,26.015
671.632,414.654,20.284,26.160
671.667,414.395,20.040,26.144
671.794,414.352,19.962,26.110
671.667,414.316,19.751,26.208
671.710,414.424,19.624,26.126
672.155,414.105,20.055,26.294
671.982,413.880,20.266,26.503
672.070,414.004,20.447,26.752
671.890,413.809,20.730,26.622
672.064,411.772,21.237,27.483
671.985,412.019,21.620,28.084
671.979,410.379,21.990,28.803
671.502,410.686,22.083,28.882
671.617,409.877,22.252,29.420
671.470,410.407,22.406,29.151
671.464,410.857,22.485,28.913
671.408,412.296,22.245,28.175
671.123,413.294,21.811,27.321
671.426,413.457,21.321,26.674
672.007,412.794,21.556,26.627
671.965,413.816,21.142,26.300
672.171,413.159,20.995,26.138
672.136,413.420,20.983,26.187
672.135,413.793,20.677,25.696
672.307,414.044,21.008,25.266
672.801,412.727,21.174,25.844
672.985,413.794,21.044,25.610
672.844,412.509,21.283,26.100
672.989,411.687,21.517,26.451
672.804,412.620,21.669,26.184
672.878,412.140,21.784,26.170
673.337,412.087,21.792,26.115
673.083,411.811,21.961,26.313
673.260,409.986,22.236,27.250
673.230,409.381,22.695,28.067
673.601,410.073,22.891,28.392
673.402,409.762,23.320,28.442
673.823,408.289,23.812,29.029
672.843,411.432,23.626,28.156
672.914,411.063,23.461,27.892
672.783,410.938,23.404,27.660
672.418,411.905,23.054,27.033
672.824,411.025,23.107,26.872
672.469,411.041,22.964,26.778
673.287,410.775,22.325,26.908
673.130,410.356,22.129,27.069
673.233,409.981,21.790,27.436
673.561,409.728,21.472,27.666
673.422,410.188,21.632,27.274
673.588,409.829,22.017,27.385
673.463,409.658,22.183,27.451
672.743,409.383,22.114,27.839
673.152,409.612,22.205,27.555
673.513,408.906,22.473,27.980
672.655,409.140,22.313,28.218
672.581,409.050,22.248,28.074
674.095,408.367,22.662,28.348
673.177,407.325,22.805,28.961
673.988,407.746,23.847,28.994
673.658,406.880,24.120,29.500
673.327,407.079,23.932,29.695
672.695,405.769,24.478,30.226
672.669,408.061,23.933,29.262
673.172,408.909,23.750,28.495
673.004,408.924,23.499,28.001
672.776,409.108,23.376,27.623
673.399,408.830,23.020,27.536
673.050,408.972,23.123,27.614
672.963,408.921,23.113,27.676
673.890,409.397,22.951,27.229
673.261,409.499,22.820,27.083
673.260,409.463,22.751,27.137
673.772,409.830,22.384,27.289
673.713,409.829,22.572,27.398
672.939,409.771,23.049,27.465
673.323,410.089,23.217,27.518
673.206,410.530,23.077,27.736
672.403,410.593,23.890,28.009
672.447,410.380,24.046,28.681
672.013,411.270,24.599,28.041
672.971,412.169,24.794,27.603
673.176,410.386,25.506,28.654
673.358,412.266,25.428,28.348
674.409,410.994,25.834,28.947
674.412,411.787,26.944,28.954
673.262,411.912,27.679,29.061
672.277,413.595,27.050,28.689
671.488,414.407,27.440,28.087
672.296,415.110,27.378,27.385
671.347,415.122,26.810,27.012
671.157,416.178,26.169,26.304
672.726,417.422,25.386,25.797
672.217,417.453,24.996,25.889
673.495,418.251,24.105,25.565
673.389,418.679,24.100,25.186
674.408,419.063,23.402,25.006
673.440,420.133,23.611,24.575
672.817,420.298,23.973,24.420
673.084,420.804,23.751,24.331
672.228,421.136,24.187,24.514
672.605,422.213,24.825,24.189
672.100,422.464,24.904,24.106
672.672,422.393,24.978,24.334
671.450,422.438,25.366,24.264
671.696,422.958,25.908,24.498
672.584,423.542,25.910,24.824
672.579,422.716,25.758,25.330
673.636,422.813,25.353,25.624
673.457,422.582,25.451,25.859
674.631,422.854,25.065,25.975
672.689,425.543,25.608,24.896
673.718,425.491,25.511,24.657
674.180,426.253,25.297,24.192
673.820,426.530,24.788,23.610
673.770,427.214,24.581,23.087
673.288,427.116,24.566,22.539
674.503,428.042,24.213,22.102
671.809,427.591,25.043,22.183
672.024,429.049,25.660,21.506
672.236,429.167,25.699,21.373
671.596,428.798,25.813,21.421
671.671,429.556,25.908,21.162
671.502,430.327,26.140,21.090
671.327,429.370,26.099,21.457
672.060,429.816,26.211,21.447
670.970,429.920,26.126,21.612
671.925,431.150,26.173,21.390
671.252,430.988,26.247,21.611
671.811,430.935,25.714,21.784
672.706,431.423,25.968,22.222
671.762,431.864,26.320,22.206
672.368,431.456,26.376,22.840
672.946,431.879,26.122,22.868
673.309,431.479,26.078,22.836
672.921,432.312,25.853,23.209
673.580,432.862,25.273,23.288
673.955,432.095,24.815,23.461
673.017,431.056,24.912,23.822
673.324,431.178,24.968,24.125
674.112,430.018,24.270,24.669
674.307,429.389,24.050,24.974
674.181,430.341,24.146,24.765
673.396,429.691,24.492,25.171
672.084,429.373,25.156,25.266
672.949,430.589,25.376,24.932
672.674,429.912,25.379,24.951
672.129,429.497,25.548,24.818
672.831,429.674,25.163,24.749
672.243,429.675,25.124,24.796
671.713,430.169,25.620,24.493
672.364,429.874,25.788,24.412
672.183,429.062,25.710,24.661
673.026,430.382,25.363,24.156
672.587,430.505,25.940,23.794
672.526,428.990,25.827,24.052
672.610,429.908,26.128,24.013
672.715,428.187,26.783,24.538
672.795,427.753,26.739,25.093
671.926,428.144,26.501,25.230
672.165,427.796,26.194,25.629
671.943,427.761,26.206,25.857
671.882,426.747,26.011,26.431
671.798,426.900,25.763,26.481
671.652,427.042,25.669,26.586
672.007,426.904,25.477,26.738
671.686,426.236,25.281,26.876
672.113,426.516,25.124,26.915
673.259,427.210,24.920,26.717
672.636,427.155,24.765,26.978
672.177,426.804,24.324,27.082
672.807,427.752,24.352,27.413
672.721,427.517,24.508,27.581
672.285,428.766,25.035,27.004
672.061,427.806,24.979,27.332
671.893,428.194,25.339,27.450
672.343,427.439,25.316,27.761
672.841,427.490,25.307,28.062
672.458,427.582,25.398,28.319
673.390,427.104,25.456,28.558
672.580,427.206,25.955,28.783
673.526,426.252,25.155,29.051
674.043,426.650,24.711,29.209
672.283,428.061,25.209,28.883
672.701,427.546,25.371,28.939
672.509,428.913,25.438,28.510
672.226,428.542,25.196,28.280
672.726,429.364,24.878,27.783
673.149,429.172,24.354,27.681
672.674,429.649,24.457,27.477
673.183,431.015,24.200,26.842
673.155,430.955,23.550,26.680
673.911,431.535,23.027,26.578
673.627,431.474,22.702,26.808
674.510,431.865,22.634,26.810
674.629,432.285,22.471,26.662
674.641,432.281,22.341,26.722
674.616,432.482,22.535,26.757
675.370,433.083,22.291,27.262
674.298,433.936,22.705,27.137
674.265,433.724,23.121,27.900
674.621,432.831,23.372,28.769
673.318,434.164,24.119,29.119
673.241,433.484,24.845,29.943
674.589,434.819,24.527,29.970
673.836,434.657,24.947,30.049
674.827,435.858,24.639,29.609
674.951,437.910,24.657,28.785
674.202,438.781,25.275,27.974
672.912,439.806,25.860,27.170
672.474,440.111,25.441,27.016
671.847,442.469,25.907,27.209
674.214,442.677,25.415,27.340
674.546,442.479,24.699,27.866
674.472,443.310,24.996,28.267
673.769,444.820,25.905,27.912
674.791,444.629,25.715,28.119
674.182,445.802,25.570,27.781
674.979,446.431,25.331,27.508
675.425,447.757,24.428,27.099
675.207,447.527,24.251,27.664
675.698,450.073,24.576,27.402
675.801,451.622,24.608,26.587
675.759,452.600,24.405,26.383
675.452,453.347,24.733,26.416
675.356,453.817,24.394,26.756
676.688,455.038,24.845,26.442
677.237,455.597,25.021,26.162
676.832,456.728,24.895,25.788
676.954,458.345,25.492,24.830
676.106,459.693,25.833,23.797
675.346,461.849,26.579,23.501
678.156,462.394,26.303,24.173
678.021,462.070,26.006,24.702
677.823,463.628,24.996,24.614
678.755,464.136,24.490,24.006
679.230,464.882,24.322,24.044
678.959,465.991,23.961,23.813
679.220,467.083,23.877,22.985
679.267,467.544,24.150,22.644
679.579,468.543,24.072,22.234
679.557,469.122,24.269,22.366
678.675,468.687,24.405,22.816
678.867,469.587,24.579,23.138
678.462,469.694,24.743,23.474
679.059,469.932,24.381,23.884
678.906,470.750,24.502,24.003
678.968,471.776,24.706,23.316
679.804,473.019,24.273,23.143
680.103,473.583,24.232,23.086
679.905,473.198,24.441,23.418
679.868,473.331,24.439,23.715
680.173,473.854,24.305,23.801
680.310,473.932,24.372,23.603
680.607,475.778,24.252,22.798
680.157,477.614,24.532,22.172
680.232,476.631,24.459,22.247
680.470,478.089,24.384,21.964
680.970,476.904,23.888,22.272
681.276,477.443,23.645,22.243
681.292,478.516,23.790,22.237
682.939,478.468,23.261,22.468
682.681,479.029,22.991,22.822
683.220,478.447,22.637,23.143
682.978,477.468,22.562,24.136
683.052,479.101,23.002,24.258
682.714,478.787,23.767,24.691
682.697,476.364,24.032,26.201
682.265,477.560,24.503,26.630
682.265,475.808,24.529,28.036
683.192,476.079,24.205,28.257
682.386,475.300,23.918,29.520
683.580,474.555,23.942,30.424
683.629,474.377,23.993,30.957
684.160,474.617,23.973,31.095
684.888,473.670,23.815,31.849
685.806,473.627,23.645,31.993
686.709,473.347,22.985,32.051
686.943,472.611,22.420,32.316
686.869,473.456,22.380,32.253
687.042,473.241,22.137,32.433
687.236,473.020,22.212,32.486
686.597,473.446,21.552,32.126
687.525,473.269,21.648,31.979
687.007,473.709,21.336,31.881
687.255,473.254,21.114,31.883
687.616,472.584,21.047,32.211
686.857,472.059,20.373,31.751
687.124,472.710,19.846,32.247
687.544,473.499,19.896,32.578
687.444,473.531,20.213,32.566
687.776,473.207,20.677,32.633
687.636,473.466,21.016,32.827
687.712,473.380,21.384,32.952
687.791,473.495,21.445,32.990
687.766,473.445,21.823,33.382
687.650,473.399,21.913,33.388
688.053,473.807,22.335,33.526
687.510,473.932,22.384,33.615
688.112,474.432,22.773,33.391
688.019,474.431,23.263,33.167
687.972,474.061,22.894,32.143
688.289,475.436,23.018,31.388
688.177,476.516,22.795,31.753
688.233,476.747,22.941,32.189
688.163,477.417,22.770,32.385
688.610,477.516,22.566,32.411
688.213,477.861,22.038,32.464
688.625,477.916,22.293,31.931
688.508,477.944,22.227,31.117
688.619,479.112,22.681,31.052
688.073,479.765,23.055,31.409
688.297,480.362,23.586,31.593
688.057,480.289,23.986,32.030
688.449,481.642,24.418,31.559
687.840,481.343,24.474,32.027
687.857,482.471,24.673,31.931
688.199,481.938,25.195,31.929
688.001,482.225,25.462,32.059
687.549,482.105,25.371,32.392
687.428,482.581,25.464,32.242
687.566,482.516,25.307,32.233
688.004,483.145,25.413,31.902
688.643,482.278,25.387,32.143
687.591,482.220,25.951,32.278
687.328,482.285,26.501,32.090
687.929,482.454,26.614,31.826
687.779,483.641,26.691,31.674
687.692,484.800,27.025,30.844
687.458,483.952,27.192,30.961
687.889,484.609,26.988,30.537
687.351,484.448,26.563,30.374
687.948,484.867,26.256,30.108
687.219,484.684,26.480,30.109
687.596,485.101,26.311,29.891
687.099,484.635,26.763,30.165
687.874,484.560,26.736,30.092
688.150,485.983,26.653,29.778
688.037,485.362,26.602,29.671
688.085,486.143,26.726,29.586
688.212,484.773,26.673,30.397
688.121,485.011,26.810,30.426
687.719,485.385,26.695,30.453
688.240,485.505,27.016,30.261
688.149,485.806,27.358,30.291
688.144,485.375,27.901,31.065
688.154,485.344,27.794,31.330
688.022,485.292,27.796,31.471
687.667,485.398,27.882,31.804
688.344,484.956,27.837,32.061
687.952,484.813,27.699,32.471
688.063,485.794,27.915,32.547
688.605,485.617,28.093,32.468
688.535,486.094,28.357,32.371
688.293,486.284,27.834,32.088
688.653,486.049,27.848,32.026
688.795,487.056,27.722,32.152
688.683,487.676,27.765,31.590
688.615,488.374,27.955,31.098
689.881,488.209,27.797,31.045
688.977,487.885,27.435,31.735
689.440,487.821,27.026,31.855
689.236,488.475,26.936,31.753
688.614,489.054,27.308,31.274
689.331,489.786,27.151,30.711
689.245,489.138,27.196,31.006
689.782,489.937,27.185,30.583
689.368,491.389,27.837,29.602
688.685,490.236,28.137,30.275
689.455,490.547,27.924,30.445
689.524,491.316,28.031,30.303
688.123,490.613,28.474,30.727
688.713,490.251,28.424,31.045
690.067,489.926,27.901,31.542
689.141,490.734,28.241,31.873
689.431,491.571,28.236,31.854
690.939,491.726,27.406,31.800
690.292,491.934,27.038,31.844
690.822,493.448,27.147,31.427
691.701,492.664,26.854,31.721
690.554,493.190,26.591,31.978
690.762,495.261,26.391,31.246
691.749,494.772,26.323,31.212
691.438,496.760,26.199,30.712
690.355,496.837,27.423,30.579
691.861,497.297,27.497,30.370
692.247,497.563,27.405,30.348
691.616,498.891,27.719,29.980
690.819,499.870,28.495,29.484
690.590,498.965,28.887,29.937
691.263,500.177,28.744,29.827
691.588,500.575,28.688,29.725
692.114,502.542,28.627,29.107
692.696,501.713,28.695,29.425
692.595,501.444,28.464,30.142
693.076,502.754,28.515,29.923
692.608,502.616,28.635,30.326
690.750,503.891,29.623,30.131
689.177,503.104,31.096,30.410
690.518,504.916,31.101,30.341
690.585,504.766,31.203,30.533
691.856,503.302,30.607,31.278
691.599,503.683,30.152,31.650
692.258,502.237,29.761,32.635
692.733,502.664,29.425,33.415
693.167,504.327,28.959,33.166
693.272,504.153,29.215,33.367
693.322,503.934,28.915,33.653
693.661,504.185,28.512,34.077
694.208,506.118,28.191,33.700
692.968,505.034,27.851,34.241
694.500,508.730,27.559,33.142
694.284,506.612,26.444,33.521
694.672,507.437,25.655,33.148
694.972,506.941,25.791,33.852
695.036,509.751,26.375,32.810
693.881,510.231,26.534,32.279
694.117,512.601,26.426,31.106
695.351,510.582,26.400,31.747
695.354,511.120,26.432,32.147
695.405,510.932,26.797,32.781
694.929,511.697,27.098,32.917
694.793,511.124,27.756,33.668
695.681,512.573,28.744,33.779
694.987,511.909,28.992,34.727
695.018,513.641,28.296,34.880
695.095,513.648,27.850,35.284
695.141,514.668,26.910,35.121
695.548,518.098,26.597,33.765
696.074,519.933,26.485,32.497
696.297,522.207,26.414,31.312
696.774,522.921,25.772,30.487
696.805,523.484,25.514,30.071
696.868,523.441,25.351,30.187
696.927,522.817,25.366,30.708
697.257,522.392,25.466,31.007
697.014,523.523,25.668,31.145
697.040,524.020,25.853,30.842
696.877,524.482,25.629,31.358
697.344,525.852,25.733,31.136
697.480,525.197,25.787,31.363
697.406,526.774,25.552,30.627
697.690,527.571,25.268,30.523
697.508,526.916,25.371,31.273
697.591,529.290,25.258,31.158
697.850,528.949,25.648,31.155
698.916,530.383,25.938,30.779
697.711,528.273,26.214,31.536
698.023,528.346,26.404,32.597
698.363,529.683,26.600,32.331
698.064,528.531,27.174,33.125
697.649,528.879,27.524,33.877
697.781,529.987,27.537,33.951
697.205,527.512,27.362,35.536
698.651,531.797,27.200,34.667
699.029,533.717,27.148,33.159
698.408,532.746,27.356,33.287
698.370,534.815,26.985,32.866
698.980,536.207,27.331,31.946
699.137,535.508,27.465,32.254
698.965,533.900,27.622,33.525
698.420,531.720,27.982,35.730
697.453,532.861,28.741,36.387
696.395,532.374,29.300,37.651
696.409,532.226,29.696,38.605
697.218,533.163,29.755,38.631
697.956,535.724,29.906,37.670
698.540,536.824,29.190,36.558
699.656,538.407,28.445,35.561
700.513,539.661,27.737,34.641
701.073,541.802,27.583,33.240
700.924,542.631,27.332,32.435
701.400,543.935,27.019,31.722
701.596,543.535,26.736,31.792
701.950,545.024,26.294,31.480
702.071,544.588,26.114,31.599
702.436,545.859,26.102,31.334
702.646,547.336,25.953,30.538
701.814,547.220,26.322,30.496
702.190,548.267,26.028,30.816
702.238,548.540,26.011,30.604
702.493,549.036,26.025,30.815
702.365,549.320,26.121,30.949
702.446,550.766,26.158,30.650
702.481,550.795,26.405,30.704
702.386,551.788,26.452,30.067
702.786,552.691,26.502,29.637
702.455,553.939,26.638,29.056
702.669,553.811,26.554,29.222
702.160,554.253,26.564,29.199
702.537,555.037,26.583,28.816
702.614,555.904,26.783,28.501
702.110,555.173,27.066,28.936
702.381,555.627,27.162,29.646
701.518,555.398,27.277,30.443
702.290,555.929,27.047,30.753
702.153,556.894,27.091,30.570
702.089,556.510,27.241,30.644
701.738,557.092,27.397,30.689
701.855,557.649,27.518,30.629
699.363,558.326,28.512,30.464
700.179,559.314,28.621,30.317
700.900,561.046,28.322,29.734
700.937,561.640,28.246,29.392
701.137,562.701,28.234,28.914
701.504,562.154,28.080,29.233
701.559,562.755,27.854,29.418
701.863,562.907,27.696,29.570
701.417,563.074,27.932,29.855
701.643,563.357,27.911,30.155
701.613,564.186,27.954,30.432
701.404,563.602,28.230,30.746
700.808,564.247,28.587,30.809
699.484,564.407,29.202,31.311
699.888,565.123,29.489,31.495
699.725,566.097,29.744,31.876
701.215,567.928,29.711,31.501
701.985,568.552,29.572,31.026
699.984,567.178,29.950,31.283
699.222,568.726,30.393,31.325
700.502,569.361,30.290,31.358
698.203,568.419,31.164,31.916
696.266,567.226,32.457,33.277
697.488,568.800,32.747,33.602
697.519,568.804,33.207,34.062
696.639,566.384,33.926,35.605
698.233,569.461,33.600,35.223
698.380,569.350,33.606,35.176
696.585,568.750,34.101,35.547
698.766,570.376,33.510,35.529
698.095,570.892,33.332,35.775
698.857,571.225,32.728,36.259
700.275,572.721,31.998,35.951
700.545,571.533,31.117,36.283
700.218,572.943,30.830,36.270
701.329,572.549,30.620,36.493
699.607,574.326,30.570,36.509
700.079,572.278,30.703,37.597
699.984,574.044,30.900,38.037
699.865,573.924,30.817,38.346
700.795,574.716,30.709,38.358
700.106,571.227,30.652,40.205
700.479,571.870,30.518,40.876
700.275,572.423,30.822,41.074
699.938,571.367,30.942,41.963
698.822,570.876,31.767,43.177
699.142,570.165,32.127,44.666
699.844,571.238,31.521,45.192
699.115,570.403,31.787,45.811
698.417,570.742,32.031,46.394
696.602,570.637,32.938,46.957
696.984,571.434,33.151,47.320
697.178,571.554,33.237,47.757
697.138,571.392,33.226,47.846
697.939,571.861,32.867,47.536
697.324,572.076,32.921,47.453
697.427,572.815,32.867,47.390
697.025,572.877,32.912,47.502
698.663,573.560,32.324,47.999
698.691,573.467,31.940,48.229
698.655,572.748,31.886,48.841
698.923,573.544,31.575,48.875
699.417,574.266,31.289,48.804
699.448,573.903,31.194,48.982
699.854,574.791,31.016,49.508
699.820,574.816,30.852,49.788
699.393,574.222,30.918,49.810
699.741,575.272,30.771,49.674
700.013,575.777,30.634,49.674
700.170,575.587,30.659,49.449
700.814,576.880,30.845,49.801
700.540,576.771,31.046,50.132
700.614,576.829,30.847,50.162
701.363,577.474,30.728,50.394
701.648,578.301,30.686,50.765
701.932,577.675,30.710,50.871
702.021,579.099,30.848,50.932
702.549,579.350,30.870,51.077
702.419,579.477,30.933,51.560
702.471,579.675,31.042,51.691
702.579,580.623,31.032,52.495
702.740,580.936,31.492,52.810
702.750,581.202,31.626,52.718
702.157,581.088,31.913,52.981
702.445,582.559,31.916,53.200
702.801,582.748,31.844,53.627
702.824,582.894,31.856,54.032
702.948,583.585,31.840,53.657
703.210,584.670,31.621,53.718
703.813,585.275,31.445,53.395
703.771,585.822,31.307,53.547
704.509,586.378,31.502,53.684
704.060,585.892,31.601,53.716
704.045,587.428,31.652,53.618
703.762,587.134,32.000,53.843
704.105,587.901,32.211,53.864
704.204,588.190,32.317,53.890
703.784,588.408,32.791,53.962
703.970,588.622,33.235,54.066
704.209,590.339,33.347,53.937
704.379,590.262,33.391,54.069
704.217,590.454,33.550,54.347
704.454,590.158,33.451,54.137
704.421,590.351,33.570,53.773
704.934,591.523,33.447,53.763
704.787,591.287,33.252,54.242
705.421,592.869,33.534,54.177
705.469,593.496,33.779,54.557
705.643,592.676,33.885,54.122
705.129,594.605,34.024,54.420
706.145,593.860,34.197,54.452
705.555,595.408,34.268,54.476
706.379,596.513,33.913,54.513
706.264,596.653,33.861,54.548
706.764,596.543,34.101,54.958
706.489,597.733,34.202,54.893
707.241,598.359,34.091,55.340
707.390,598.734,34.133,55.656
707.563,600.141,34.055,55.238
707.557,600.753,34.187,54.577
707.664,601.966,34.270,54.313
708.165,601.964,34.272,54.699
708.772,602.972,34.178,54.350
708.670,603.623,34.102,54.387
708.990,603.700,34.180,54.444
708.829,603.928,34.480,54.524
708.960,604.639,34.566,54.880
709.216,604.336,34.698,55.190
709.370,604.957,34.909,55.180
709.642,605.709,34.957,55.106
710.079,606.209,35.064,55.208
709.985,606.637,34.827,55.120
710.583,606.564,34.936,55.336
710.717,606.628,35.158,55.799
710.525,606.098,35.317,56.272
710.874,606.130,35.349,56.795
710.822,606.328,35.680,56.668
710.940,604.815,35.754,56.455
711.677,603.401,35.666,56.862
711.574,601.104,36.048,56.984
711.257,598.164,36.109,57.119
711.987,594.610,36.024,57.658
711.759,591.011,36.053,58.300
711.841,587.369,35.824,58.224
712.287,583.504,35.808,58.310
712.290,579.087,35.817,58.472
712.482,574.359,36.079,59.167
712.000,569.393,36.028,59.435
712.006,563.775,36.080,59.373
712.141,559.212,36.101,59.651
712.711,555.185,36.151,59.803
712.551,550.339,36.413,60.288
712.492,545.725,36.449,60.384
712.850,540.387,36.431,60.747
712.397,535.687,36.764,61.047
712.857,531.011,36.470,61.234
712.708,526.500,36.582,61.367
712.493,521.109,36.845,61.656
712.561,516.027,36.858,61.648
712.878,512.931,37.065,61.502
712.628,509.546,37.211,61.414
712.541,507.093,37.254,61.420
712.510,505.693,37.471,61.469
713.047,503.951,37.529,61.418
713.391,503.445,37.458,61.973
713.285,501.470,37.661,62.286
713.225,501.911,37.590,62.069
713.843,501.777,37.490,62.040
713.578,502.691,37.706,62.293
713.978,503.125,37.738,62.476
714.083,502.959,37.702,62.700
713.945,503.315,37.671,62.628
714.030,503.693,37.861,62.466
713.426,504.068,38.187,62.091
713.925,504.871,38.322,61.882
713.666,504.854,38.510,61.850
714.099,505.861,38.388,61.760
713.875,506.611,38.520,61.401
714.579,507.809,38.343,61.503
714.318,508.026,38.289,61.313
714.400,508.200,38.230,61.299
714.461,508.809,38.441,61.627
714.453,509.790,38.642,61.739
714.705,510.760,38.545,61.931
714.431,511.775,38.542,62.229
715.011,512.878,38.501,62.184
714.792,514.195,38.555,62.002
715.055,515.133,38.644,61.946
715.481,517.154,38.588,61.970
715.675,518.923,38.628,62.186
715.348,519.525,38.649,62.356
715.403,520.248,38.700,62.417
716.270,523.777,38.732,61.995
716.401,523.729,38.697,62.281
716.787,526.036,38.680,62.374
717.032,527.747,38.504,62.164
717.099,529.540,38.442,61.872
717.137,531.221,38.469,61.826
716.780,531.737,38.469,61.955
718.175,537.570,38.344,60.846
717.904,538.939,38.509,60.065
717.908,540.587,38.477,59.506
718.241,544.679,38.397,58.248
717.736,542.815,38.451,58.416
717.780,545.046,38.658,58.365
718.459,548.571,38.642,57.759
718.974,552.859,38.477,56.525
719.100,554.165,38.603,55.566
719.381,556.398,38.440,54.868
719.508,558.176,38.218,54.398
718.946,559.766,38.351,54.330
719.172,562.934,38.360,53.884
719.266,565.939,38.267,53.155
718.802,566.454,38.457,52.985
719.642,569.102,38.458,52.714
718.990,572.628,38.681,52.012
719.141,575.536,38.671,50.993
718.834,577.241,38.634,50.524
718.259,577.336,38.842,51.264
717.554,576.837,39.240,52.708
717.644,578.001,39.695,53.861
716.737,578.156,40.417,55.412
716.110,579.182,40.695,56.768
715.996,580.798,41.018,57.812
715.998,583.849,40.951,57.940
715.799,584.310,41.038,58.583
716.086,588.139,40.913,58.423
715.973,589.607,40.851,58.406
716.627,595.039,40.888,57.146
716.450,597.380,41.015,56.530
717.086,603.686,41.061,54.617
717.932,609.076,40.679,51.881
719.134,614.730,39.851,48.604
718.985,620.046,39.178,45.253
719.095,623.916,38.931,42.976
719.151,627.927,38.566,41.005
719.387,630.283,38.262,39.797
718.997,632.238,38.368,39.396
719.539,636.756,38.642,37.567
718.758,638.708,39.132,37.619
719.008,640.798,38.793,38.971
719.355,644.672,38.671,39.684
719.016,647.530,38.526,41.319
719.379,650.157,38.400,44.238
719.597,653.368,38.322,46.682
719.942,653.232,38.427,48.613
719.289,652.691,38.323,50.923
719.621,652.322,38.387,51.338
719.353,648.251,38.321,50.307
718.560,645.906,38.264,48.907
718.208,645.519,38.317,47.538
717.648,645.263,38.368,46.449
718.208,644.803,38.411,45.530
718.203,642.042,38.266,44.894
718.562,640.995,38.030,44.209
718.474,637.586,37.965,43.801
718.500,635.333,37.871,43.723
718.737,633.242,37.691,43.617
718.173,632.436,37.768,42.506
718.635,627.768,37.566,42.271
718.214,626.396,37.243,41.919
718.794,623.112,36.865,41.654
717.570,619.976,36.687,41.657
718.041,616.790,36.635,42.269
718.172,613.906,36.452,42.212
717.090,609.549,36.803,42.706
717.576,608.315,36.635,42.246
717.055,606.031,36.827,41.719
716.190,602.839,36.995,42.044
715.468,599.948,37.467,41.978
715.123,598.538,37.752,41.238
714.782,594.046,37.982,41.030
714.842,592.165,38.177,40.320
715.442,589.358,37.903,40.468
714.276,586.184,38.329,40.805
714.838,585.362,38.169,39.878
714.375,580.578,38.290,40.114
713.520,577.669,38.554,40.668
714.145,575.766,38.273,40.212
714.453,572.739,38.167,39.962
713.639,571.523,38.879,39.371
713.837,569.288,38.979,38.875
713.279,565.149,39.330,39.035
713.003,562.964,39.770,39.232
712.809,560.019,40.000,39.215
712.282,557.079,40.516,39.444
712.187,554.557,40.576,39.440
712.537,552.784,40.675,38.975
711.481,549.868,40.813,38.866
711.324,547.903,41.121,38.364
710.959,545.067,41.585,38.187
711.551,544.092,41.263,37.074
711.438,541.600,41.182,36.380
711.210,538.710,41.145,36.197
710.949,535.007,41.198,37.028
711.060,531.194,41.194,37.486
711.787,527.375,40.820,38.606
711.057,525.138,40.983,38.818
711.112,524.632,40.968,38.099
711.333,523.793,40.879,36.849
710.204,521.430,41.389,36.334
710.319,518.558,41.496,36.362
710.240,517.823,41.490,35.127
710.032,515.044,41.569,35.216
710.456,514.235,41.362,35.190
710.702,514.488,41.205,34.874
710.755,514.058,41.110,34.772
710.870,515.246,40.847,33.972
711.630,516.170,40.245,33.676
710.465,517.181,40.717,33.620
710.517,519.081,40.890,33.645
709.668,520.791,41.164,33.730
710.448,524.137,41.152,33.141
710.133,526.850,40.990,32.876
709.806,529.428,41.277,32.964
709.871,530.684,41.219,33.308
709.727,533.883,41.215,33.548
708.871,536.245,41.616,33.808
709.393,539.947,41.818,33.512
708.637,542.576,41.779,33.402
708.343,544.587,41.776,33.675
708.773,548.260,41.839,33.351
708.627,550.044,41.886,33.643
707.904,552.890,42.284,34.322
708.820,556.714,42.151,33.665
708.305,559.797,42.003,33.323
708.535,561.928,42.326,33.531
708.596,564.133,42.123,33.956
707.963,567.561,42.343,34.163
707.451,571.008,42.710,33.828
707.180,574.341,42.769,33.508
708.364,577.470,43.210,33.323
707.177,579.939,43.450,33.606
707.953,582.637,43.267,33.649
707.100,584.943,43.495,34.508
706.646,588.872,43.576,34.564
707.572,592.657,43.068,34.218
707.591,595.140,42.924,34.100
706.887,597.535,42.933,34.536
707.243,600.839,42.817,34.784
706.707,604.245,42.882,34.591
706.951,608.013,42.921,34.306
706.189,611.362,42.897,34.103
707.590,613.564,42.465,34.238
706.459,617.351,42.688,34.504
706.630,621.030,42.725,34.418
705.986,624.508,43.206,34.539
705.645,627.580,43.714,34.273
705.624,631.354,44.049,34.584
705.373,633.683,44.263,35.605
705.346,637.081,44.391,35.572
705.205,641.001,44.457,36.018
704.962,643.233,44.432,36.902
704.877,647.870,44.198,36.874
705.520,650.204,43.743,37.046
705.529,654.340,43.722,36.298
704.809,658.033,43.854,36.314
705.092,659.686,43.726,37.207
704.557,662.584,43.880,37.911
705.488,667.575,43.448,37.600
705.515,670.599,43.443,37.435
705.261,674.276,43.407,37.314
706.033,678.083,43.612,37.577
705.363,682.341,44.033,37.351
705.439,684.199,44.130,36.872
706.471,686.966,44.398,35.976
705.036,688.280,44.409,35.032
705.004,690.254,44.287,33.907
707.858,689.744,42.906,32.860
706.696,689.305,41.704,32.658
709.212,693.084,40.641,32.032
707.343,693.758,40.158,31.755
709.777,692.377,39.856,31.593
710.823,689.077,39.702,31.555
710.931,687.286,39.479,31.596
712.086,689.044,39.443,31.584
712.091,687.798,39.316,31.553
711.959,688.263,39.166,31.721
712.287,687.904,39.061,31.785
712.721,688.166,38.846,31.880
712.498,686.908,38.623,32.086
712.365,686.936,38.406,32.356
712.151,687.742,38.257,32.586
712.490,686.759,38.081,32.706
713.097,687.656,37.889,32.886
712.609,687.586,37.769,32.957
712.864,687.360,37.705,33.010
713.120,687.353,37.586,32.992
712.348,687.620,37.427,32.971
