1011.000,236.000,64.000,30.000
1008.989,236.380,64.739,30.373
1006.728,236.821,65.245,30.559
1003.641,237.434,65.963,30.751
999.945,237.891,66.650,30.927
997.098,237.818,67.092,31.520
993.875,238.497,67.230,31.714
989.867,238.707,68.155,32.307
987.061,238.907,68.441,32.942
982.610,239.068,69.410,33.827
979.560,238.906,70.256,34.772
977.622,237.706,70.429,36.021
974.925,239.803,71.291,35.873
972.899,237.586,71.711,37.165
969.944,241.308,72.193,36.447
968.144,240.769,72.947,36.556
962.508,242.883,73.738,35.941
959.969,245.408,73.487,34.754
958.174,246.973,72.746,33.268
954.986,248.261,72.754,32.178
953.905,249.559,72.222,31.622
951.637,250.965,72.878,31.321
950.879,252.399,73.043,31.026
950.713,253.292,73.426,30.921
951.095,254.198,73.862,30.919
951.773,255.251,74.628,31.006
952.795,256.079,75.577,30.878
953.851,257.273,76.539,31.221
956.133,258.227,77.487,31.377
958.671,259.370,78.172,31.516
958.710,260.473,79.009,31.731
960.116,261.735,80.073,31.947
961.297,263.018,81.536,32.501
962.156,263.833,82.845,33.065
964.526,264.866,83.766,33.575
967.410,265.718,83.730,33.751
969.473,266.721,84.160,34.282
972.350,267.594,84.095,35.140
975.009,269.047,84.518,35.913
976.647,270.158,85.581,36.610
978.137,271.285,86.598,36.837
980.819,272.463,86.762,37.426
982.467,273.832,87.963,37.387
986.072,274.957,87.732,37.919
988.929,275.904,88.087,38.494
991.874,277.118,88.282,39.463
992.925,278.010,89.211,40.034
993.954,278.297,90.403,41.022
995.042,278.947,91.902,42.470
996.165,279.603,93.469,43.704
998.311,280.552,93.636,44.647
999.883,282.165,93.536,45.024
1000.334,283.495,94.253,45.387
999.402,284.953,95.401,45.268
998.604,285.754,96.725,45.812
997.302,287.341,98.465,45.499
994.991,290.994,99.979,44.064
992.624,293.930,101.125,42.508
990.328,296.984,100.096,40.636
991.532,299.302,99.512,39.855
989.272,299.969,99.975,40.089
991.453,301.062,100.484,39.710
990.878,302.294,101.448,40.160
990.881,304.166,102.586,40.251
990.289,306.263,103.303,39.759
990.841,307.789,104.123,39.890
990.308,309.246,104.910,40.387
990.422,309.536,106.656,41.072
989.076,310.377,107.075,41.978
988.010,311.688,107.731,42.696
986.754,312.273,108.004,43.192
986.078,313.309,109.631,43.453
984.824,314.815,110.455,43.561
983.096,316.315,110.842,43.608
983.958,318.546,111.714,43.250
984.254,320.391,112.894,42.995
986.267,321.410,114.326,43.371
990.936,323.331,115.744,43.482
995.181,325.585,117.741,43.879
1000.209,327.570,119.524,44.270
1005.585,329.505,121.332,44.747
1011.925,331.765,122.991,45.388
1015.909,333.795,124.908,46.085
1020.713,336.318,126.950,46.974
1025.301,338.302,128.618,47.963
1028.648,340.368,129.786,48.779
1031.788,341.952,130.926,49.670
1034.627,343.054,131.989,50.392
1037.060,344.907,133.637,51.020
1040.019,347.714,135.236,50.740
1042.658,349.673,136.779,51.583
1045.370,352.189,139.057,52.084
1048.511,353.710,141.056,52.943
1051.639,356.338,142.307,53.211
1053.384,357.630,142.877,53.636
1054.778,360.042,144.453,53.452
1054.636,362.286,146.267,53.654
1056.285,364.248,147.945,53.339
1054.526,367.051,150.104,53.094
1055.587,369.950,151.107,52.728
1055.335,372.092,152.768,52.601
1055.921,373.359,154.052,52.551
1055.463,374.476,155.140,52.847
1057.130,375.390,156.009,53.117
1057.329,377.846,156.941,53.675
1058.948,379.205,158.398,54.182
1060.723,380.931,159.704,54.437
1062.633,382.668,161.219,54.833
1066.132,384.707,162.488,55.435
1070.160,386.977,163.640,55.556
1070.569,389.120,166.398,56.168
1074.853,391.858,167.706,56.241
1076.240,392.517,169.450,56.424
1077.197,394.912,171.210,56.347
1078.194,396.990,172.282,56.196
1078.982,399.053,172.673,56.225
1076.851,400.247,174.250,56.322
1074.863,401.508,175.466,56.206
1071.887,402.844,176.309,56.295
1067.017,402.961,177.772,56.599
1063.021,402.893,178.599,56.979
1058.745,403.824,179.303,57.348
1054.396,405.177,179.821,57.339
1049.880,405.179,180.292,57.603
1044.490,405.388,180.814,58.178
1039.500,405.494,181.338,58.400
1034.721,406.092,181.169,58.482
1030.185,406.228,180.916,58.649
1025.873,406.757,181.151,58.752
1020.662,407.336,180.778,58.554
1016.818,408.085,180.248,58.372
1009.683,408.691,180.519,58.405
1003.615,408.389,180.840,58.314
999.471,408.575,181.147,58.294
993.807,408.820,181.037,58.548
987.662,408.233,180.590,59.015
980.169,408.929,180.820,58.889
969.231,407.394,180.584,59.273
960.846,408.431,180.806,59.150
952.409,407.697,179.498,59.380
942.622,406.122,179.785,59.950
926.350,405.803,180.739,59.506
915.216,405.985,178.838,59.101
904.257,405.131,177.673,58.435
893.029,403.824,177.089,58.006
882.824,403.688,177.538,57.267
869.479,402.578,177.564,56.775
858.055,401.297,176.879,56.450
846.093,400.225,176.145,56.218
836.660,399.110,174.575,56.036
822.747,399.187,173.836,55.706
810.987,397.423,173.347,56.012
800.496,397.308,172.623,55.496
789.186,396.570,172.425,55.604
780.188,396.291,170.784,55.510
766.193,395.309,170.846,55.734
753.442,394.619,170.890,55.646
743.785,395.091,170.547,55.007
733.637,394.234,169.936,54.606
722.541,392.753,169.463,54.565
716.394,392.547,167.415,54.011
705.896,390.846,167.204,54.467
697.895,390.590,166.256,54.615
690.032,390.204,164.934,54.576
677.034,388.822,165.647,54.608
670.842,387.874,164.087,54.670
659.846,386.555,164.169,54.855
648.669,385.538,164.445,55.325
641.233,384.692,163.865,55.741
630.082,383.809,164.335,56.200
622.590,382.875,163.324,56.731
611.405,381.872,163.965,56.918
602.743,380.750,163.961,57.170
593.218,379.465,163.702,57.459
585.208,378.785,163.217,57.334
576.390,378.036,162.929,57.061
568.304,377.550,162.701,56.784
560.765,377.434,162.174,56.294
553.142,377.185,162.077,55.790
546.076,377.235,162.132,55.589
540.730,375.915,162.409,55.871
533.782,375.321,162.141,55.720
529.213,373.654,162.224,56.256
523.296,372.697,162.156,56.788
520.870,369.717,162.072,57.908
513.808,365.375,161.922,59.891
512.849,364.852,161.156,60.776
510.140,363.948,160.124,60.806
505.736,360.562,159.423,61.626
503.447,359.388,159.718,62.541
499.713,357.580,159.418,62.997
498.940,356.280,160.308,63.341
496.900,356.814,161.343,63.104
494.245,357.137,161.842,62.062
492.463,357.024,162.274,61.130
491.024,356.160,162.184,60.768
487.777,354.815,160.655,60.417
486.767,353.641,158.947,60.429
485.962,353.296,157.038,59.973
484.706,351.471,155.787,59.428
484.735,350.095,153.999,59.200
485.020,348.405,152.507,59.128
485.269,347.101,150.972,59.278
486.153,345.411,149.832,59.287
486.378,343.945,148.644,59.277
486.950,342.340,147.786,59.394
487.824,340.977,146.756,59.322
488.551,339.329,146.195,59.302
489.342,337.617,145.611,59.117
490.662,335.738,145.176,58.790
492.452,334.137,144.246,58.183
493.990,332.497,143.954,57.525
496.617,331.160,143.128,57.276
499.595,329.420,142.328,57.187
502.455,327.660,141.709,57.015
505.127,325.419,140.983,57.023
508.054,323.219,139.867,56.756
511.131,322.078,139.253,56.428
515.000,321.294,138.321,55.632
518.590,319.911,136.869,55.279
522.154,319.303,135.401,54.513
525.575,318.679,133.772,53.720
530.389,317.337,132.515,53.158
534.041,315.803,131.755,52.751
537.586,314.154,130.809,52.762
542.176,312.992,129.594,52.746
545.827,312.134,128.779,52.092
548.676,310.840,128.353,51.865
553.051,309.585,127.712,51.737
556.684,308.415,127.431,51.362
560.197,307.660,126.620,50.841
563.227,307.457,126.044,50.374
567.146,306.358,125.102,50.136
571.233,305.730,123.953,49.513
574.813,305.210,122.210,48.722
578.877,304.118,120.281,47.905
581.449,302.710,118.926,47.579
583.693,301.694,117.411,47.030
584.683,300.431,116.184,46.707
585.092,298.937,114.918,46.395
583.220,297.434,114.452,45.961
579.709,295.836,113.896,45.735
576.505,294.584,113.120,45.565
572.433,293.485,112.619,45.368
568.015,291.916,111.802,45.120
562.955,290.705,111.070,44.842
558.015,289.640,110.729,44.408
552.670,288.279,110.403,43.970
546.437,287.544,110.071,43.460
540.849,286.181,109.855,43.224
534.959,284.842,109.394,42.994
529.596,283.907,108.820,42.396
524.294,283.156,108.113,42.060
517.945,281.910,107.162,41.768
512.621,280.876,106.258,41.601
507.358,279.749,105.242,41.565
502.109,279.300,104.330,41.374
497.008,277.704,103.495,41.210
491.803,277.574,102.252,40.416
486.328,276.957,101.722,40.063
480.662,276.358,100.995,39.671
475.360,275.858,100.397,39.367
469.109,275.335,100.519,39.279
464.261,274.621,100.055,39.378
458.853,274.133,99.644,39.154
453.413,273.845,99.329,38.677
448.147,273.896,98.693,38.360
443.185,274.067,98.698,37.992
438.457,273.892,98.204,37.770
432.942,273.279,97.537,37.683
428.237,273.249,97.049,37.761
423.456,273.190,96.404,37.755
418.206,273.137,95.699,38.084
413.759,273.659,95.519,38.118
408.895,274.450,94.994,37.823
404.098,274.668,94.306,37.731
399.830,275.868,93.795,37.142
394.716,277.005,92.966,36.497
390.305,277.686,92.191,36.037
386.011,278.652,91.470,35.610
381.252,280.030,91.129,35.113
376.193,280.544,90.563,35.141
372.500,281.643,90.128,34.751
367.527,282.777,89.338,34.238
364.322,283.776,88.182,33.882
360.197,284.188,87.530,33.759
356.224,285.493,86.969,33.906
353.046,286.550,86.322,33.698
349.320,287.499,85.629,33.576
347.723,288.286,84.575,33.425
344.702,288.968,83.716,33.522
342.827,290.205,82.644,33.421
338.946,290.917,82.466,33.220
338.225,291.724,81.825,33.122
337.356,292.339,81.353,32.988
337.901,292.689,80.626,32.688
339.260,294.106,80.689,32.136
340.953,293.922,81.275,32.064
344.438,294.078,80.985,32.128
348.093,293.722,81.099,32.580
351.684,293.616,80.876,32.654
355.697,292.944,80.389,32.696
360.112,292.945,80.057,32.586
365.447,292.591,79.574,32.569
370.661,291.727,78.824,32.698
377.391,291.251,78.252,32.427
383.468,290.448,77.527,32.438
390.220,289.736,76.867,32.382
397.942,288.881,76.675,32.235
404.455,288.056,76.053,31.923
411.334,286.939,75.366,31.652
418.596,286.081,74.980,31.245
426.620,285.326,74.874,30.739
434.191,284.806,74.615,30.451
441.083,283.040,74.061,29.978
449.633,282.524,74.041,29.802
456.798,281.368,73.473,29.771
465.025,280.215,73.347,29.551
471.798,278.716,72.842,29.499
479.061,277.582,71.878,29.673
484.216,276.408,71.042,29.857
489.916,274.781,70.464,29.657
494.960,273.318,69.626,29.599
499.990,272.431,68.601,29.714
503.215,270.657,67.843,29.578
506.186,269.406,66.790,29.548
506.595,268.238,66.112,29.380
505.802,267.229,65.603,29.149
504.335,266.216,64.986,28.979
503.683,265.503,64.247,28.605
499.841,263.801,63.827,28.201
497.623,263.134,63.529,27.918
494.654,261.255,63.197,27.894
490.514,260.563,63.180,27.704
488.322,259.016,63.077,27.609
484.638,257.458,62.891,27.620
482.211,256.532,62.695,27.543
479.802,255.504,62.365,27.398
476.973,254.956,62.113,26.963
474.939,254.724,61.637,26.541
472.487,253.274,60.941,26.389
469.109,252.643,60.385,26.069
466.946,251.362,60.168,25.778
465.286,250.625,60.056,25.419
462.596,249.899,59.323,25.065
461.874,248.435,58.610,25.014
457.748,248.155,58.168,24.674
455.570,247.111,57.711,24.516
453.524,246.376,57.843,24.310
450.639,244.676,57.882,24.303
448.559,243.953,57.646,24.069
448.253,242.511,57.234,24.097
446.672,241.259,56.861,24.154
446.117,240.266,56.332,24.107
445.469,239.122,55.927,23.982
445.646,238.198,55.587,23.779
446.738,237.212,55.353,23.585
447.990,236.147,55.109,23.471
448.821,235.403,54.560,23.210
450.784,233.695,54.452,23.410
451.338,233.050,54.740,23.319
451.608,232.240,54.747,23.433
452.194,230.802,54.499,23.341
452.675,230.077,54.584,23.361
453.179,229.017,54.504,23.418
453.969,227.922,54.126,23.551
454.789,226.946,53.850,23.522
455.803,226.085,53.502,23.326
456.384,224.999,53.164,23.266
456.949,223.870,52.558,23.166
458.122,223.225,52.564,23.021
458.588,222.252,52.099,22.771
459.898,221.304,52.036,22.650
461.172,220.609,51.887,22.499
462.874,219.818,51.627,22.478
463.694,218.613,51.312,22.527
464.980,218.208,51.008,22.393
466.809,216.603,50.861,22.514
468.858,215.761,50.820,22.400
469.075,215.239,50.919,22.362
471.097,214.079,50.633,22.346
471.549,213.124,49.937,22.235
472.417,212.736,49.663,22.029
472.532,211.787,49.275,21.964
472.850,211.190,48.887,21.708
472.338,209.782,48.347,21.675
471.135,209.745,48.042,21.514
470.739,208.771,47.703,21.344
469.159,207.795,47.482,21.330
465.695,207.548,47.352,21.154
464.631,206.300,47.210,21.091
461.804,206.188,47.433,21.033
459.839,204.605,47.643,21.258
457.228,204.134,47.782,21.319
455.579,202.487,47.577,21.552
452.622,203.098,47.158,21.381
450.721,201.949,46.896,21.306
449.134,201.593,46.761,21.249
447.415,200.964,46.671,21.007
445.712,200.114,46.648,20.940
442.795,199.513,46.673,20.882
440.649,199.164,46.782,20.910
438.432,197.941,46.350,20.983
435.916,197.562,45.808,20.902
434.011,196.386,45.854,20.893
432.321,195.127,45.823,21.188
430.311,194.658,46.036,20.948
427.119,194.085,45.690,20.956
425.351,193.218,45.543,20.939
423.595,192.695,45.260,20.638
420.678,191.425,45.026,20.594
418.773,190.032,45.027,20.743
416.583,188.332,44.748,21.125
414.576,187.071,44.850,21.329
412.489,185.972,44.656,21.491
411.397,184.408,44.266,21.446
409.657,183.860,43.902,21.078
408.319,182.373,43.376,21.035
405.105,181.260,43.272,20.830
403.021,180.156,43.457,20.548
401.784,179.936,43.356,19.993
398.598,179.245,43.416,19.464
396.487,179.135,43.370,19.167
394.132,179.630,43.368,18.742
392.838,180.400,42.753,18.949
390.946,181.409,42.512,19.050
388.418,182.995,42.920,19.113
386.710,185.099,43.137,18.847
384.955,186.208,43.153,18.577
383.561,188.023,42.624,18.027
381.107,188.484,42.400,17.896
379.642,189.259,42.917,17.835
376.919,188.896,42.528,17.829
374.830,189.056,41.985,17.816
372.725,188.595,41.812,17.797
371.415,187.780,41.658,17.997
369.727,187.429,41.604,17.708
367.793,185.853,41.735,17.717
365.726,184.803,41.813,17.593
363.858,183.555,41.535,17.496
361.775,182.682,41.570,17.465
359.151,181.890,41.659,17.356
357.632,181.849,41.838,17.270
355.540,182.300,42.196,17.342
353.384,183.808,42.397,17.376
351.608,185.686,42.444,17.320
349.769,188.444,42.326,17.117
348.261,190.965,42.306,17.178
346.445,192.421,42.268,17.097
344.217,194.049,42.110,16.892
342.689,195.185,41.905,16.812
340.950,196.107,42.125,16.819
338.598,196.583,42.152,16.660
337.381,196.714,41.876,16.495
335.540,196.454,41.386,16.304
333.982,195.640,41.134,16.278
332.187,193.605,40.941,16.664
327.187,192.597,41.784,16.736
326.455,192.283,41.804,16.671
325.307,191.203,41.713,16.794
320.626,190.943,42.860,16.753
317.954,190.202,43.286,16.813
311.049,189.973,43.931,17.164
303.661,190.428,45.851,17.856
296.059,189.783,48.179,18.552
294.878,188.623,47.001,19.356
286.270,188.060,46.270,19.981
281.485,187.229,45.355,20.701
278.898,186.531,43.360,21.311
275.494,186.730,42.146,21.479
271.363,186.094,41.500,21.800
269.164,186.356,41.866,21.845
267.533,185.991,42.252,21.945
265.400,184.815,42.605,22.129
265.720,184.658,42.708,22.225
270.082,184.978,42.225,22.326
269.925,185.104,41.963,22.362
272.413,186.153,41.537,22.254
271.692,186.887,41.242,22.224
273.258,187.009,40.774,21.964
273.649,186.891,40.522,21.757
274.407,187.188,40.517,21.621
274.833,186.794,40.792,21.518
277.227,187.652,41.354,21.401
277.518,187.925,41.782,21.432
278.480,187.642,42.029,21.490
282.214,187.381,42.261,21.443
285.030,186.905,42.258,21.720
284.288,186.882,42.833,21.879
289.542,186.564,43.111,22.245
287.515,185.968,43.258,22.876
287.427,185.192,41.534,24.043
282.545,184.989,41.259,25.078
281.019,185.226,41.858,25.592
282.075,184.592,42.512,26.177
282.728,187.706,42.906,26.097
282.749,187.393,43.463,26.488
282.964,188.948,44.073,26.291
284.319,188.991,44.518,26.208
286.891,190.014,44.426,26.171
290.280,191.453,44.037,25.923
297.549,193.929,42.785,25.871
297.643,194.068,41.585,25.452
298.481,193.859,40.335,25.158
297.367,194.212,39.869,24.880
295.904,194.520,39.769,24.668
