638.000,620.000,48.000,91.000
638.656,619.381,47.186,90.048
638.251,617.498,46.733,89.817
637.900,613.785,46.619,91.371
638.268,612.436,46.091,91.462
637.920,611.852,46.137,91.010
638.056,609.675,45.945,91.343
638.054,608.876,45.690,91.064
637.856,608.075,45.926,90.083
638.315,606.777,46.008,90.116
637.939,605.464,45.995,89.733
637.990,602.457,46.187,89.770
637.969,599.457,46.570,90.457
637.877,598.605,46.926,90.731
637.957,596.980,46.953,90.737
637.480,596.383,46.139,90.458
637.390,594.794,46.389,90.225
637.028,595.943,45.767,88.343
636.553,594.096,45.842,86.716
635.638,593.954,45.408,85.963
635.793,592.748,44.656,84.835
635.663,591.743,43.870,83.800
636.164,590.838,43.364,83.539
636.092,589.599,42.922,83.474
635.690,589.342,42.754,81.863
636.298,587.173,42.567,81.234
636.336,588.599,42.427,78.901
636.774,587.093,42.367,77.565
636.730,585.978,42.151,76.936
635.837,582.983,41.814,76.945
636.967,584.164,41.439,75.668
636.705,581.147,41.529,76.294
636.844,580.803,41.535,75.137
636.996,579.105,41.657,74.274
636.879,577.410,41.903,73.607
636.483,574.787,41.973,73.206
636.618,571.344,41.751,74.864
636.239,568.868,41.907,76.035
636.478,569.390,41.573,75.758
636.181,568.960,42.050,74.959
635.996,565.438,41.714,75.482
635.686,562.832,41.440,76.004
636.085,561.902,41.061,75.736
636.079,558.453,41.000,76.452
635.918,557.540,40.799,77.141
635.795,557.451,40.632,76.139
635.810,553.826,40.831,75.581
635.456,553.193,41.390,75.668
634.843,554.484,42.065,73.966
635.852,550.644,41.780,74.302
635.178,547.089,41.807,75.559
636.262,543.895,41.475,76.952
635.546,542.955,41.147,77.315
636.548,542.287,41.416,77.136
635.572,541.230,41.067,75.307
636.589,539.948,40.914,74.760
637.514,539.384,40.917,73.846
636.458,539.240,40.950,73.459
635.698,537.643,40.874,73.706
636.591,535.090,40.272,74.146
635.562,534.130,40.698,73.912
636.284,531.882,40.723,73.800
636.637,530.402,40.402,74.269
636.884,529.090,40.246,74.658
636.573,527.469,40.055,74.195
636.798,527.129,39.828,73.607
637.314,525.391,40.055,73.637
637.197,525.080,39.677,72.904
636.991,523.125,39.836,72.539
637.061,522.160,39.574,72.503
638.147,521.988,40.028,71.787
637.452,523.337,39.464,70.428
638.261,522.635,39.574,69.214
639.234,518.622,40.205,70.073
637.690,518.352,40.348,69.257
637.737,516.655,40.510,69.050
638.101,515.563,40.254,68.070
637.548,515.521,39.887,67.500
637.629,512.975,40.174,67.657
638.178,512.075,39.795,67.992
638.631,510.685,39.585,68.141
638.871,509.806,39.502,67.873
639.273,509.729,39.083,67.071
638.808,508.827,39.224,66.274
639.493,506.078,38.738,67.479
640.374,505.353,38.209,66.946
640.694,505.280,37.981,65.752
640.282,504.728,37.937,64.882
640.812,503.756,38.040,63.309
639.920,503.734,37.853,62.289
640.882,503.932,37.834,60.925
640.441,503.101,38.076,60.613
640.678,502.148,37.646,61.073
641.072,499.124,38.058,62.004
641.389,498.012,38.217,62.800
640.967,496.418,38.269,63.355
640.594,494.547,38.053,63.576
641.207,491.547,38.282,63.735
640.789,489.812,38.870,64.433
640.860,487.719,38.847,65.160
640.210,486.792,38.830,64.528
640.886,486.693,38.819,64.193
639.791,485.092,38.908,63.904
641.091,484.531,38.677,63.138
641.276,482.226,38.765,63.005
641.461,482.897,38.991,62.333
641.057,479.217,39.031,63.368
641.697,479.439,38.765,63.380
641.666,476.571,38.702,63.041
641.905,473.769,38.196,63.956
642.086,474.579,37.578,63.257
642.451,472.757,37.641,62.119
642.876,468.758,37.601,62.865
642.721,469.471,37.713,61.611
643.080,467.904,37.572,61.376
642.412,467.430,37.743,60.991
643.218,465.798,37.650,60.611
642.470,465.457,37.700,59.849
642.306,464.012,37.842,59.906
642.905,462.089,37.885,59.805
643.476,460.575,37.341,59.628
643.535,459.904,37.624,59.185
642.981,458.852,37.793,58.771
643.030,456.191,37.791,59.058
642.051,454.791,37.677,59.026
643.327,453.919,37.868,59.235
642.846,453.952,37.871,58.383
643.223,453.721,37.256,57.651
643.792,450.946,37.319,57.573
643.361,450.796,37.470,57.002
643.821,450.387,37.339,56.669
643.831,447.919,37.368,56.535
643.702,448.711,36.985,55.542
644.084,448.475,36.522,54.551
644.137,447.224,36.268,54.434
644.468,447.230,35.972,53.522
644.099,445.092,35.976,53.693
644.905,444.489,36.129,53.421
644.069,442.874,36.006,53.697
645.068,441.352,35.404,53.833
645.713,442.173,35.290,53.058
645.779,440.208,35.032,53.459
645.180,437.469,35.007,54.596
646.038,439.610,35.028,53.563
645.404,437.863,34.714,54.070
646.611,438.295,34.625,52.876
646.603,436.926,34.966,52.907
646.106,435.310,35.046,53.398
646.254,435.279,35.252,52.959
646.087,434.324,35.094,52.808
646.247,431.188,35.212,53.264
646.508,430.282,35.044,53.042
646.691,428.895,34.769,53.299
646.718,428.241,34.808,53.340
646.618,428.261,34.931,52.941
646.674,427.485,35.002,53.084
646.813,425.238,34.825,53.102
646.975,423.872,34.940,53.209
647.299,421.658,35.003,53.745
646.910,419.762,34.187,54.626
647.154,417.431,34.347,54.485
648.348,418.324,34.416,53.886
647.606,414.952,34.548,54.097
648.090,415.109,34.648,54.580
647.193,413.014,35.073,54.793
647.641,408.347,34.979,56.749
648.258,404.460,34.554,59.031
648.036,402.792,33.823,60.973
647.832,403.234,33.795,60.940
648.790,404.723,33.845,59.075
648.461,406.338,34.183,57.134
648.485,405.979,34.390,55.260
648.988,406.435,34.895,54.071
648.301,404.121,35.354,52.390
648.880,404.288,35.565,51.394
647.923,404.718,35.863,50.159
648.171,404.600,35.904,48.970
647.339,402.389,36.279,48.572
648.097,401.205,36.370,48.595
648.289,401.255,36.701,48.453
647.749,399.780,36.367,48.627
648.908,397.925,35.957,49.304
649.349,396.964,35.579,49.211
649.389,396.549,35.239,49.062
650.389,395.718,34.704,49.609
650.372,394.314,34.878,49.642
651.245,396.068,34.549,49.437
651.114,393.800,34.717,49.517
651.672,393.772,34.183,49.377
650.758,391.524,34.310,49.172
651.536,390.625,33.954,49.448
651.486,392.745,33.950,48.932
652.915,391.977,34.121,48.105
653.416,391.719,34.179,47.511
653.573,388.862,34.007,47.845
653.212,388.040,33.996,47.714
653.428,385.184,33.815,48.324
653.797,384.638,33.659,48.774
653.986,384.010,33.716,49.195
653.845,382.525,33.484,49.689
654.271,383.352,33.569,49.479
654.492,382.436,33.411,49.119
654.814,381.989,33.399,48.885
654.790,381.880,33.215,48.403
654.960,380.860,33.192,47.932
654.878,379.517,33.049,47.559
654.877,378.475,33.018,46.564
654.806,376.578,33.230,46.738
655.308,376.090,33.350,46.536
655.357,376.874,33.466,45.815
655.522,374.379,33.503,44.805
655.477,373.891,33.576,44.831
655.332,371.535,33.650,45.481
655.890,370.788,33.563,45.673
656.332,370.763,33.307,45.776
656.872,369.591,32.880,45.613
656.926,367.875,32.622,46.129
657.224,367.939,32.291,46.018
657.104,367.128,32.558,45.710
657.008,366.422,32.582,45.778
656.776,365.403,32.927,45.226
657.248,363.610,32.839,44.833
656.870,363.532,33.071,44.382
657.256,360.326,33.153,45.104
657.822,359.916,33.364,45.031
657.883,360.762,33.521,44.313
657.427,361.939,33.445,43.227
659.245,360.561,33.250,42.777
659.584,357.432,32.959,43.182
659.432,356.994,32.990,43.418
659.815,357.309,32.835,42.921
659.471,354.758,33.059,43.038
660.118,353.807,33.088,43.767
660.606,351.945,33.068,44.138
660.202,350.786,33.128,44.352
660.967,350.552,33.612,44.730
661.028,349.160,33.558,43.750
660.647,348.185,33.259,43.030
661.769,347.460,33.130,42.381
661.587,347.704,32.855,41.212
661.898,345.236,32.657,41.969
661.959,345.040,32.608,42.119
662.643,343.898,32.289,42.329
662.573,343.875,32.309,41.908
663.032,343.706,32.440,41.207
662.546,341.416,31.817,41.238
663.208,341.191,31.643,41.053
663.437,340.659,31.252,40.469
663.451,340.858,31.359,40.049
664.438,339.182,30.758,40.302
665.182,338.689,30.990,40.116
665.867,337.516,31.379,40.917
665.866,335.010,31.940,41.393
665.618,335.647,32.537,41.489
665.605,333.409,32.674,40.625
666.115,333.533,32.340,39.901
665.895,332.364,32.490,39.567
666.829,332.519,32.214,39.138
667.392,332.157,32.121,39.158
668.127,330.114,31.687,39.235
669.159,330.219,31.276,38.820
668.753,329.214,30.713,38.675
669.591,327.695,30.321,39.156
670.126,325.589,30.147,39.089
671.600,325.994,30.337,38.434
670.533,326.149,30.201,37.899
671.487,324.486,30.152,38.354
672.047,325.797,30.395,37.811
672.159,322.745,30.760,38.629
672.646,322.809,30.990,38.633
672.185,319.496,31.115,38.870
673.216,318.741,30.924,38.822
673.645,317.716,30.428,38.440
673.693,317.702,30.341,37.700
672.898,317.558,30.608,37.959
673.760,316.954,30.624,38.565
673.433,315.902,30.884,38.472
673.946,314.931,30.924,38.278
675.085,314.451,30.464,38.371
675.422,313.483,30.013,37.905
675.109,313.347,30.007,37.840
675.624,312.564,30.081,37.403
676.404,308.503,29.660,37.957
676.919,309.153,29.203,38.140
678.208,307.899,29.319,38.534
679.143,308.974,29.798,37.754
679.354,309.138,30.328,37.063
679.251,307.920,30.522,36.702
679.910,305.221,30.233,36.506
681.229,305.260,30.443,35.494
679.288,305.171,30.757,35.293
681.065,306.115,30.695,34.949
681.351,303.899,30.254,34.932
680.466,306.629,30.789,33.574
681.762,302.992,30.737,33.571
682.551,302.958,30.817,33.158
683.722,302.058,30.284,32.950
685.029,300.209,29.672,32.694
685.030,298.520,29.071,32.316
686.226,298.621,28.717,31.976
686.331,296.630,28.572,31.782
686.698,299.675,28.517,32.235
686.994,300.500,28.561,32.419
688.263,297.529,29.174,32.413
688.721,295.722,29.515,32.226
688.300,294.668,29.667,31.866
689.135,294.674,30.008,31.315
688.853,293.269,30.108,30.982
688.518,289.983,30.100,32.335
689.420,290.799,29.887,32.235
689.417,290.779,30.208,32.932
689.460,290.006,30.338,32.741
690.101,291.125,30.425,32.338
689.801,288.255,30.752,32.447
689.480,287.261,31.008,32.158
691.664,287.445,30.367,32.370
692.420,286.387,29.716,31.842
692.005,287.678,29.509,31.986
693.196,284.770,28.776,32.200
693.635,283.297,28.181,31.525
694.126,283.339,27.969,31.349
694.640,282.831,27.903,31.040
695.011,284.865,27.588,30.628
694.801,283.943,27.399,30.733
694.959,282.535,27.466,30.477
695.611,283.626,27.580,30.575
696.766,279.603,27.571,30.065
696.957,278.626,27.696,30.082
697.015,278.175,28.120,29.918
696.456,275.928,28.414,30.874
696.607,277.137,28.736,30.547
696.840,276.823,29.138,30.302
696.947,273.403,29.506,30.359
697.066,272.653,29.250,30.464
697.227,271.032,28.764,30.521
697.664,270.786,28.878,30.364
697.835,269.479,28.773,30.529
697.554,267.530,28.495,31.179
698.415,266.993,28.148,31.494
698.791,264.235,28.073,31.281
698.634,263.062,27.829,30.618
699.029,262.311,27.827,30.248
698.977,261.314,27.835,29.955
699.440,261.147,27.955,29.669
699.904,259.413,27.802,29.650
699.930,257.081,27.674,30.179
699.440,254.871,27.687,30.112
700.996,256.788,27.559,29.449
700.870,252.780,27.332,29.896
700.961,251.100,26.798,29.261
701.303,248.311,26.394,28.759
701.424,248.288,25.756,28.455
701.815,246.112,25.716,28.690
702.157,246.976,25.499,28.410
702.143,243.454,25.189,28.879
702.473,241.205,25.132,28.943
702.709,240.265,25.170,29.478
702.717,239.185,25.284,29.357
702.095,237.801,24.912,28.967
702.566,236.058,25.001,28.719
702.248,233.248,24.929,28.457
702.203,232.007,24.868,28.624
702.715,232.971,24.958,27.957
702.398,229.607,25.000,27.751
702.432,229.133,24.934,27.388
702.255,228.641,25.083,27.167
701.089,224.699,24.909,27.828
701.692,220.977,24.877,27.412
701.781,220.570,24.752,27.632
702.076,216.544,24.504,27.473
702.263,215.007,24.404,27.851
702.114,213.484,24.230,27.751
702.110,211.262,24.356,27.780
701.193,208.341,23.899,28.016
701.600,208.108,23.826,28.233
700.892,206.061,23.509,28.111
701.425,204.657,23.365,27.689
701.063,202.593,23.156,27.096
701.121,201.543,23.014,26.542
701.197,201.346,23.048,25.621
700.924,200.463,23.583,25.266
701.177,198.942,23.440,24.865
701.030,198.065,23.321,24.574
701.297,192.727,22.853,24.772
701.453,190.386,22.555,24.469
700.354,189.259,22.968,24.657
699.523,186.106,23.450,24.487
698.646,184.134,23.371,24.375
699.128,182.629,23.099,24.684
698.069,181.937,23.347,24.744
697.892,180.021,23.313,24.791
698.588,176.980,22.937,25.120
698.889,174.717,22.651,24.903
698.056,174.032,23.025,24.461
698.283,171.165,22.881,24.555
698.044,169.473,22.900,24.425
698.547,168.198,22.648,24.331
698.497,166.038,22.482,24.338
698.251,166.062,22.425,24.247
697.661,163.406,22.577,23.923
698.193,160.030,22.286,24.047
697.726,159.228,22.293,23.570
697.023,158.068,22.464,22.967
696.472,156.533,22.670,22.258
697.241,153.660,22.650,22.517
697.001,151.668,22.658,22.411
696.838,150.562,22.856,22.491
696.988,150.534,22.841,21.687
697.058,147.861,22.796,21.457
697.117,146.484,22.821,20.989
696.936,144.408,22.614,20.779
697.123,143.155,22.619,20.473
697.086,141.986,22.675,19.813
696.782,141.135,22.772,19.404
696.643,138.619,22.555,19.359
697.421,136.672,22.477,19.644
696.829,135.060,22.812,19.540
696.469,133.431,22.895,19.283
696.859,132.200,22.932,18.801
696.461,130.497,22.954,18.456
696.360,127.349,22.618,18.538
696.507,126.826,22.848,18.513
696.110,125.706,22.611,18.348
695.531,123.869,22.036,18.154
695.542,122.126,21.664,17.951
695.736,120.761,21.485,17.799
696.293,119.309,21.522,17.638
697.010,117.471,22.238,17.592
695.688,114.978,22.299,17.717
695.860,113.400,22.640,17.511
696.429,112.406,22.656,17.474
694.443,111.025,22.060,17.608
694.763,110.063,21.211,17.789
695.065,107.656,20.642,17.871
694.718,106.583,20.045,17.733
695.192,104.364,19.466,17.879
694.857,103.879,18.860,17.826
694.993,103.015,18.469,17.520
695.083,101.286,18.149,17.610
694.961,99.779,18.204,17.037
695.063,97.495,18.121,16.909
695.187,96.818,17.986,16.939
694.960,96.707,17.895,16.754
694.794,96.298,17.761,16.470
694.831,94.736,17.657,16.087
694.706,94.260,17.534,15.637
694.839,93.392,17.311,15.190
694.698,93.241,17.241,14.473
694.383,92.154,17.257,14.075
694.612,89.437,17.056,14.486
694.680,88.627,16.886,14.677
694.961,87.547,16.905,14.676
694.504,85.764,16.977,13.968
694.394,84.686,16.798,13.727
694.574,83.862,16.544,13.681
695.031,84.127,16.471,13.535
694.958,81.406,16.361,14.053
694.083,79.751,16.662,14.166
694.331,79.396,17.114,14.162
693.676,78.813,17.160,14.051
