639.000,320.000,19.000,16.000
639.852,319.890,18.581,15.833
639.487,320.084,18.142,15.805
637.832,319.275,18.107,15.606
637.513,317.892,17.812,15.440
637.952,316.158,17.736,15.417
639.243,316.458,17.952,14.820
635.657,317.989,18.041,14.761
632.577,318.074,17.891,14.387
630.380,317.045,17.998,13.940
630.154,315.173,17.856,14.069
631.836,314.058,17.617,14.547
627.392,316.303,17.916,14.254
626.524,318.412,17.133,14.258
627.125,317.350,16.789,14.433
626.687,315.887,16.380,14.154
628.134,316.249,16.377,14.199
623.277,310.673,16.601,14.120
621.273,310.811,16.941,13.779
618.668,311.206,16.101,13.521
617.241,309.882,15.584,13.198
618.099,308.644,15.102,13.125
619.161,308.997,14.699,13.043
618.330,309.999,14.469,12.659
620.170,310.369,14.213,12.636
619.479,310.339,13.781,12.556
619.349,309.973,13.739,12.009
619.840,309.521,13.731,11.991
621.336,309.589,13.392,11.774
621.141,308.817,13.097,11.872
620.382,309.075,12.827,12.083
621.536,309.409,12.054,12.195
620.843,306.553,12.011,12.002
620.209,304.692,11.975,11.922
617.162,303.818,12.280,11.589
616.618,303.664,12.891,11.091
614.752,304.057,12.956,10.688
613.754,303.329,12.294,10.559
614.190,303.163,12.202,10.546
614.343,302.868,11.490,10.348
614.224,302.697,11.147,10.137
614.786,302.968,10.722,10.000
614.072,302.849,10.624,10.000
615.011,302.791,10.300,10.000
614.964,302.578,10.157,10.000
614.775,302.737,10.000,10.000
615.210,303.170,10.000,10.013
614.886,299.540,10.000,10.395
614.990,297.156,10.000,10.498
614.970,296.498,10.000,10.502
612.508,296.513,10.389,10.062
607.874,295.911,10.508,10.000
606.826,295.109,10.000,10.000
607.051,295.472,10.000,10.000
606.893,295.748,10.000,10.000
606.561,294.643,10.000,10.000
606.326,295.014,10.000,10.000
601.495,294.833,10.983,10.000
598.364,295.502,10.811,10.000
598.710,295.004,10.351,10.000
598.795,294.735,10.344,10.000
598.981,294.983,10.168,10.000
598.964,292.782,10.011,10.108
597.333,292.737,10.194,10.015
594.558,291.745,10.487,10.290
591.185,291.156,10.411,10.150
590.447,287.704,10.000,10.043
590.932,288.499,10.000,10.000
590.729,288.041,10.000,10.000
590.895,288.312,10.000,10.229
590.167,287.557,10.000,10.223
589.173,288.004,10.068,10.177
583.339,287.531,10.467,10.000
582.898,286.549,10.239,10.000
581.741,287.402,10.467,10.000
582.552,287.250,10.369,10.000
582.292,287.027,10.417,10.000
583.026,286.835,10.005,10.000
582.180,286.727,10.000,10.000
582.935,286.860,10.000,10.061
578.315,285.781,10.687,10.000
575.596,286.023,10.668,10.029
575.378,285.886,10.670,10.009
574.831,282.640,10.413,10.525
574.302,281.554,10.113,10.661
572.541,280.659,10.000,10.594
573.500,280.896,10.009,10.434
575.031,279.898,10.000,10.000
573.314,279.384,10.000,10.000
568.211,279.273,10.000,10.000
566.770,279.559,10.509,10.000
565.726,279.672,10.797,10.000
565.164,278.813,11.044,10.000
564.327,279.264,11.374,10.000
563.308,279.067,11.776,10.000
561.927,278.830,12.083,10.000
563.298,279.445,12.486,10.000
562.550,279.214,13.110,10.000
560.485,278.229,13.528,10.203
560.017,278.158,14.026,10.365
559.988,278.485,14.636,10.370
556.622,276.957,14.582,10.623
556.850,276.151,13.680,10.923
556.326,275.311,13.161,11.262
555.824,274.992,13.046,11.616
555.726,275.667,13.015,11.839
554.465,273.206,12.758,12.020
556.400,274.175,12.770,12.099
553.076,272.898,12.769,12.161
552.691,271.926,13.160,12.125
552.905,272.541,13.847,11.731
551.256,272.154,14.189,11.753
550.155,272.432,14.135,11.662
550.032,272.112,14.492,11.258
549.634,271.445,14.493,11.063
546.793,272.259,14.379,10.924
549.036,271.118,13.379,11.273
547.380,270.950,13.317,11.302
548.450,270.294,12.944,11.208
547.984,270.315,12.808,11.171
548.605,270.160,12.383,11.171
545.714,270.026,13.185,10.866
545.789,270.753,13.924,10.543
544.077,269.518,14.134,10.441
544.959,268.723,14.231,10.510
544.124,268.053,14.435,10.918
544.372,266.400,14.258,11.345
542.167,265.904,13.968,11.330
542.885,265.538,13.976,11.092
540.777,264.235,13.319,11.372
542.513,264.310,13.144,11.139
540.598,263.560,12.642,11.108
541.149,263.903,12.083,11.022
541.214,263.521,11.839,10.645
540.995,263.107,11.407,10.525
541.454,263.558,11.197,10.390
542.430,262.975,10.837,10.213
539.889,263.190,11.027,10.066
536.027,263.263,11.111,10.000
534.918,263.338,10.988,10.000
533.903,263.037,10.889,10.000
534.121,263.317,10.764,10.000
533.540,263.455,10.764,10.000
533.968,263.215,10.678,10.000
533.362,263.581,10.893,10.000
533.745,263.910,10.921,10.000
533.236,262.426,10.707,10.133
527.867,261.734,10.825,10.241
527.026,260.806,10.644,10.419
526.329,259.341,10.371,10.670
522.564,258.045,10.564,10.656
523.503,258.663,11.125,10.604
519.392,258.478,11.226,10.729
518.790,257.668,11.504,10.720
518.604,258.967,11.232,10.706
515.930,257.457,11.760,10.153
515.838,258.685,11.834,10.073
516.051,257.216,11.891,10.423
514.242,256.512,12.698,10.000
516.728,256.235,12.193,10.226
514.984,255.826,12.367,10.136
513.985,255.753,13.262,10.000
513.373,256.318,13.556,10.000
512.999,255.406,13.776,10.147
513.000,255.746,14.253,10.000
512.953,255.267,14.862,10.108
511.797,255.028,15.313,10.087
511.368,255.049,15.948,10.032
510.350,254.325,15.542,10.576
510.469,254.754,15.453,10.647
510.775,254.420,15.208,10.858
508.519,254.664,14.850,10.815
508.018,252.488,13.985,11.176
505.869,252.918,14.117,11.065
507.076,253.350,14.180,10.964
503.963,251.966,14.840,10.802
503.159,251.740,15.293,10.745
501.529,251.179,14.986,10.825
500.481,250.628,14.801,10.813
498.804,250.630,14.487,10.960
498.100,250.186,14.371,11.095
498.129,249.377,14.442,11.011
498.090,249.621,14.589,11.219
496.766,249.675,15.239,10.962
495.238,248.988,14.918,10.906
491.849,249.360,14.662,10.862
490.235,248.114,14.455,10.641
490.234,248.205,14.514,10.440
487.278,248.494,14.789,10.144
482.714,248.537,14.467,10.027
480.774,249.573,14.764,10.000
478.821,250.466,14.529,10.526
476.714,248.840,13.984,10.865
477.004,247.446,13.301,11.355
469.609,245.942,12.725,11.481
468.711,247.246,12.522,11.396
464.647,247.099,12.603,11.175
461.827,247.192,12.157,10.672
461.045,247.243,11.889,10.274
461.563,247.364,11.538,10.020
461.425,247.245,10.950,10.054
460.979,247.383,10.786,10.000
461.855,246.914,10.609,10.000
462.356,247.319,10.411,10.000
461.905,246.754,10.515,10.000
459.640,246.307,10.971,10.000
460.323,246.956,11.086,10.000
460.547,246.668,11.627,10.000
458.840,246.626,11.986,10.000
460.780,246.910,11.745,10.001
456.709,245.765,12.191,10.113
455.559,245.066,12.113,10.244
455.026,244.362,12.070,10.245
455.378,243.597,11.853,10.481
457.844,244.366,12.059,10.483
455.499,245.181,12.269,10.369
453.719,245.095,12.365,10.418
452.917,244.471,12.290,10.569
453.360,244.182,11.925,10.860
453.098,242.867,11.821,10.576
452.917,243.824,11.972,11.182
452.593,241.232,12.048,11.236
453.613,243.563,11.675,11.488
452.669,241.041,11.532,11.504
450.174,242.839,12.283,10.963
449.214,242.780,12.477,10.770
447.262,243.064,12.887,10.400
445.063,240.279,12.279,10.837
444.232,242.529,12.421,10.327
440.560,241.351,12.467,10.477
436.995,241.527,12.813,10.120
434.781,243.156,13.008,10.000
432.727,243.242,13.161,10.000
428.589,243.292,12.938,10.101
423.071,242.936,13.495,10.000
420.617,243.062,13.132,10.175
414.960,243.094,13.189,10.105
413.634,242.872,13.049,10.053
412.772,243.121,12.913,10.089
411.729,242.722,12.376,10.426
412.268,240.733,12.059,10.513
409.925,243.892,12.312,10.465
409.233,243.500,12.739,10.316
409.790,242.184,12.631,10.766
410.735,242.133,12.862,10.718
410.514,241.432,12.924,10.779
410.265,241.113,12.678,11.186
413.445,238.633,12.183,11.223
412.529,240.329,12.028,11.341
413.332,239.372,11.903,11.527
413.575,239.120,11.724,11.661
414.784,239.017,11.730,11.659
415.087,238.661,11.728,11.648
415.809,238.228,11.725,11.652
415.830,237.638,11.718,11.648
415.192,238.364,11.723,11.655
414.568,238.276,11.724,11.671
413.529,241.113,11.690,11.749
409.353,245.202,11.729,11.757
409.515,245.763,11.809,11.727
409.402,247.249,11.863,11.729
408.597,247.402,11.994,11.744
408.711,247.453,12.171,11.735
411.306,246.121,12.254,11.741
410.981,246.325,12.325,11.758
407.683,246.715,12.427,11.757
406.058,246.824,12.504,11.752
403.319,246.548,12.598,11.740
401.500,245.739,12.672,11.702
398.989,245.460,12.685,11.694
399.525,244.966,12.670,11.675
399.387,244.380,12.665,11.651
399.379,243.981,12.659,11.625
399.584,243.641,12.651,11.602
400.056,243.422,12.656,11.580
400.846,243.224,12.653,11.577
401.440,243.261,12.643,11.593
402.234,243.475,12.632,11.615
402.967,243.778,12.634,11.629
404.130,244.482,12.627,11.642
404.499,244.501,12.643,11.641
405.066,244.929,12.650,11.643
405.288,244.769,12.656,11.636
406.393,245.421,12.669,11.612
406.779,244.997,12.657,11.604
406.856,244.717,12.654,11.589
407.197,244.394,12.648,11.576
407.051,244.088,12.648,11.563
407.124,243.689,12.658,11.540
407.201,243.134,12.657,11.516
406.420,242.050,12.673,11.495
405.243,239.392,12.734,11.443
407.470,238.902,12.819,11.360
408.730,239.032,12.825,11.348
413.815,239.029,12.856,11.339
416.310,238.970,12.909,11.332
418.047,239.081,12.926,11.321
420.531,239.713,12.947,11.290
422.750,240.329,12.949,11.272
423.611,240.303,12.940,11.265
424.894,240.257,12.924,11.260
425.427,239.866,12.912,11.254
424.408,240.264,12.833,11.335
424.623,240.262,12.629,11.602
426.135,240.140,12.521,11.712
426.258,240.010,12.493,11.736
427.265,239.530,12.457,11.740
427.661,239.760,12.422,11.733
427.838,239.729,12.394,11.716
428.149,239.518,12.369,11.704
428.748,239.201,12.338,11.713
428.772,239.134,12.184,11.914
429.308,238.892,12.028,12.096
430.349,238.792,11.911,12.205
431.193,238.925,11.855,12.231
431.620,239.411,11.810,12.225
431.885,239.745,11.767,12.217
431.983,239.829,11.743,12.195
432.288,240.053,11.709,12.178
432.582,239.995,11.673,12.164
433.018,240.162,11.634,12.144
433.122,240.037,11.615,12.115
433.424,239.709,11.593,12.087
433.857,239.349,11.566,12.071
434.217,239.255,11.547,12.041
434.575,239.111,11.527,12.011
434.822,238.844,11.512,11.979
435.128,238.713,11.495,11.951
435.630,238.702,11.473,11.919
436.142,238.709,11.443,11.894
436.527,238.832,11.420,11.859
436.860,238.797,11.405,11.826
437.145,238.679,11.383,11.796
437.299,238.581,11.362,11.769
437.706,238.453,11.331,11.755
437.995,238.527,11.293,11.739
438.195,238.585,11.258,11.726
438.444,238.871,11.220,11.715
438.623,239.177,11.185,11.702
438.794,239.513,11.152,11.687
439.078,240.073,11.103,11.682
439.333,240.406,11.060,11.669
439.537,240.876,11.017,11.659
439.814,241.430,10.970,11.649
440.029,241.929,10.922,11.640
440.331,242.474,10.872,11.636
440.632,243.048,10.819,11.633
440.938,243.667,10.766,11.625
441.236,244.247,10.718,11.615
441.485,244.854,10.667,11.609
441.734,245.452,10.624,11.600
441.881,246.021,10.585,11.588
442.081,246.608,10.544,11.577
442.220,247.053,10.509,11.563
442.377,247.304,10.478,11.546
442.605,247.466,10.450,11.527
442.672,247.489,10.431,11.498
442.908,247.322,10.401,11.477
443.073,247.193,10.382,11.449
443.239,247.346,10.371,11.422
443.633,247.540,10.380,11.400
442.345,247.730,10.347,11.465
443.825,247.171,10.316,11.502
446.827,246.949,10.348,11.473
447.389,246.656,10.372,11.451
448.476,246.601,10.376,11.432
449.716,246.573,10.370,11.415
450.772,246.494,10.373,11.392
451.304,246.238,10.375,11.368
452.160,245.811,10.377,11.344
452.262,245.282,10.365,11.323
452.508,244.813,10.355,11.301
452.978,244.273,10.344,11.283
453.007,243.839,10.335,11.260
453.736,243.464,10.322,11.245
453.785,242.951,10.312,11.222
453.683,242.326,10.308,11.196
454.294,241.686,10.303,11.183
454.764,241.288,10.293,11.175
455.780,241.249,10.281,11.166
456.444,240.954,10.275,11.157
456.178,240.217,10.268,11.138
456.637,239.714,10.265,11.120
456.573,239.027,10.257,11.100
456.590,238.645,10.254,11.080
456.536,238.212,10.249,11.056
456.205,237.692,10.232,11.037
456.121,237.196,10.217,11.019
456.236,236.717,10.201,11.003
456.049,236.093,10.189,10.989
455.830,235.690,10.183,10.969
455.865,235.170,10.178,10.948
455.976,233.857,10.167,10.948
456.093,230.859,10.115,10.970
456.216,230.730,10.117,10.982
456.859,230.791,10.114,10.984
457.254,231.061,10.120,10.968
457.992,231.283,10.119,10.951
458.441,230.683,10.119,10.925
459.092,230.790,10.122,10.900
460.187,230.914,10.125,10.875
461.097,231.028,10.117,10.850
461.930,231.228,10.087,10.849
462.234,231.173,10.079,10.831
462.751,231.320,10.062,10.827
463.288,231.297,10.060,10.798
463.758,231.148,10.063,10.772
464.347,231.224,10.071,10.739
464.209,230.912,10.069,10.714
464.122,230.563,10.065,10.691
464.604,230.270,10.051,10.693
464.819,230.890,10.038,10.694
465.280,231.537,10.041,10.678
465.821,231.965,10.039,10.648
466.716,232.314,10.035,10.621
466.490,232.074,10.037,10.602
466.489,231.920,10.035,10.582
466.224,231.683,10.029,10.563
466.393,231.572,10.011,10.547
466.499,231.415,10.000,10.530
466.003,231.514,10.000,10.514
465.537,231.269,10.000,10.493
465.210,230.997,10.002,10.467
464.635,230.850,10.000,10.443
464.835,230.750,10.000,10.416
464.228,230.837,10.004,10.388
464.409,231.085,10.000,10.369
465.218,231.163,10.000,10.378
464.914,231.047,10.000,10.378
464.886,230.898,10.000,10.361
464.696,230.941,10.000,10.348
464.116,230.885,10.000,10.331
463.968,230.600,10.000,10.309
463.866,230.499,10.000,10.284
463.222,230.340,10.000,10.264
463.247,230.104,10.000,10.243
462.962,229.888,10.001,10.221
462.787,229.525,10.000,10.204
462.746,229.171,10.000,10.194
463.371,229.311,10.000,10.244
463.924,229.034,10.000,10.298
464.393,229.242,10.000,10.317
464.412,228.942,10.000,10.299
464.401,228.631,10.010,10.269
464.022,228.123,10.013,10.246
463.813,227.750,10.016,10.221
463.589,227.240,10.016,10.198
463.968,227.218,10.014,10.175
463.990,226.985,10.014,10.146
464.008,226.612,10.014,10.119
463.808,226.253,10.010,10.095
464.023,226.042,10.007,10.075
464.280,225.930,10.002,10.056
464.362,225.514,10.000,10.035
464.675,225.301,10.002,10.012
464.178,224.972,10.007,10.000
463.977,224.773,10.006,10.000
463.912,224.742,10.013,10.000
463.881,224.453,10.014,10.000
463.936,224.244,10.020,10.000
463.910,224.291,10.018,10.000
463.969,224.185,10.013,10.000
464.174,223.969,10.006,10.000
464.204,223.654,10.000,10.000
464.308,223.304,10.000,10.000
464.101,223.044,10.000,10.000
464.039,222.803,10.000,10.000
464.202,222.660,10.000,10.000
464.130,222.633,10.000,10.000
464.099,222.548,10.000,10.000
464.334,222.356,10.000,10.000
464.466,222.052,10.000,10.000
464.198,221.806,10.000,10.000
464.026,221.532,10.000,10.000
464.029,221.025,10.000,10.000
464.243,220.733,10.000,10.000
464.318,220.565,10.000,10.000
464.389,220.192,10.000,10.000
464.427,219.919,10.000,10.000
464.589,219.715,10.000,10.000
464.977,219.463,10.003,10.000
465.332,219.149,10.009,10.000
465.431,218.764,10.015,10.000
465.306,218.310,10.017,10.000
465.348,218.181,10.024,10.000
465.776,218.053,10.033,10.000
466.017,218.151,10.042,10.000
466.290,218.108,10.047,10.000
466.853,217.931,10.049,10.000
467.195,217.726,10.053,10.000
467.469,217.505,10.057,10.000
467.635,217.323,10.054,10.000
468.280,217.146,10.058,10.000
469.111,217.363,10.055,10.000
469.673,217.486,10.053,10.000
469.744,217.031,10.054,10.000
469.971,216.609,10.054,10.000
470.275,216.129,10.050,10.000
470.896,215.893,10.042,10.000
471.245,215.589,10.043,10.000
471.524,215.435,10.039,10.000
471.950,215.453,10.037,10.000
471.793,215.245,10.037,10.000
472.165,215.103,10.036,10.000
472.175,214.841,10.030,10.000
472.190,214.826,10.021,10.000
472.264,214.533,10.020,10.000
472.249,214.230,10.011,10.000
472.295,214.009,10.008,10.000
472.305,213.558,10.005,10.000
471.841,213.280,10.011,10.000
471.420,213.291,10.006,10.011
471.575,213.714,10.008,10.006
472.064,215.318,10.002,10.015
472.446,217.029,10.036,10.005
473.580,218.174,10.080,10.009
477.728,220.775,10.267,10.000
482.159,221.298,10.441,10.000
483.337,221.290,10.655,10.000
487.079,220.506,10.669,10.000
489.032,222.375,10.851,10.000
493.568,223.117,11.063,10.000
495.602,222.517,11.141,10.000
499.167,222.814,11.447,10.000
503.285,222.232,11.547,10.000
505.604,221.865,11.906,10.000
509.864,221.349,11.988,10.000
511.472,221.907,12.105,10.000
514.662,222.657,12.435,10.000
518.766,222.579,12.466,10.000
523.129,222.602,12.901,10.000
527.035,222.271,12.880,10.000
527.293,221.979,12.864,10.000
527.609,221.880,12.849,10.000
531.007,222.530,12.886,10.000
537.918,223.340,13.231,10.000
542.225,222.689,13.302,10.000
546.039,222.637,13.494,10.000
549.088,223.169,13.731,10.000
553.818,222.364,13.878,10.000
556.552,222.622,13.887,10.057
559.758,222.570,13.985,10.057
562.778,222.299,14.172,10.011
567.328,221.980,14.238,10.042
570.749,222.090,14.380,10.034
572.806,223.222,14.419,10.078
575.640,223.853,14.507,10.133
574.109,223.034,14.543,10.156
575.324,222.974,14.571,10.177
575.342,222.865,14.555,10.211
577.366,222.571,14.590,10.211
580.694,222.190,14.664,10.215
583.893,222.840,14.670,10.229
585.963,222.803,14.688,10.239
589.243,222.575,14.712,10.243
591.527,223.070,14.715,10.259
593.144,223.383,14.720,10.259
595.832,223.855,14.734,10.267
597.354,223.969,14.727,10.269
598.507,223.689,14.719,10.259
599.437,223.605,14.707,10.253
601.472,223.257,14.701,10.243
603.417,222.795,14.700,10.231
605.026,222.277,14.697,10.211
605.973,221.978,14.688,10.196
605.882,221.517,14.670,10.188
606.102,220.614,14.656,10.183
606.499,220.290,14.633,10.183
606.953,220.794,14.616,10.179
606.706,220.472,14.608,10.181
606.437,219.955,14.602,10.178
605.342,219.199,14.610,10.189
603.822,218.506,14.665,10.227
607.218,218.339,14.694,10.212
609.828,218.926,14.769,10.190
615.512,218.582,14.849,10.196
617.255,218.849,14.849,10.228
618.416,220.232,14.855,10.271
623.966,219.668,14.930,10.279
626.413,219.365,15.041,10.264
630.701,219.313,15.065,10.271
633.149,218.530,15.112,10.248
639.194,218.967,15.288,10.223
639.511,218.969,15.345,10.197
641.367,218.307,15.464,10.188
646.804,218.566,15.459,10.219
648.668,218.685,15.598,10.204
648.477,220.041,15.837,10.271
652.573,218.500,15.903,10.350
656.458,219.492,16.095,10.328
661.454,217.983,16.115,10.343
663.568,217.825,16.157,10.345
666.979,220.101,16.216,10.358
670.569,219.762,16.248,10.415
671.532,220.882,16.378,10.503
675.383,218.243,15.903,10.706
676.314,217.457,15.879,10.695
676.927,218.202,15.857,10.702
680.036,219.683,15.861,10.680
688.261,221.491,16.080,10.628
695.323,220.712,16.250,10.619
698.262,220.702,16.534,10.571
702.558,220.472,16.566,10.677
705.772,220.463,16.642,10.742
709.588,221.508,16.830,10.695
713.338,220.579,17.050,10.752
713.493,222.617,17.348,10.584
719.889,222.588,17.468,10.635
720.067,223.913,17.529,10.456
725.005,223.331,17.502,10.586
727.107,225.125,17.493,10.685
730.123,226.426,17.492,10.822
733.718,225.327,17.406,11.007
736.733,225.558,17.481,11.099
739.952,224.705,17.731,11.188
743.338,223.870,17.751,11.249
746.054,223.116,17.862,11.302
751.251,222.877,18.035,11.314
752.295,222.521,18.076,11.328
754.991,222.352,18.180,11.298
758.867,223.138,18.281,11.294
760.482,222.781,18.350,11.308
