572.000,312.000,22.000,48.000
574.712,319.145,21.603,47.627
577.227,326.521,21.361,47.108
582.124,334.037,21.399,47.038
585.140,341.130,21.531,46.515
588.963,347.646,21.350,45.451
593.680,356.351,21.471,44.688
599.057,363.409,20.912,44.040
604.660,370.379,20.687,43.885
611.413,376.112,20.312,43.767
618.240,385.170,20.507,43.961
624.419,391.570,20.747,43.951
632.262,402.523,21.070,43.192
640.035,409.443,21.457,42.971
646.903,420.926,22.203,42.222
654.630,426.352,22.421,42.387
660.854,431.459,22.345,42.466
668.588,438.220,22.041,42.592
675.507,443.538,21.909,42.516
681.140,449.453,21.852,42.233
687.820,453.302,21.841,42.464
692.406,455.271,21.859,42.336
694.640,458.374,22.039,42.298
699.389,457.833,21.918,42.164
703.070,459.388,21.668,42.070
703.884,460.574,21.949,41.884
706.276,461.773,22.535,41.607
707.642,461.572,23.167,41.251
710.859,459.997,23.936,41.479
712.826,459.662,24.215,41.326
715.578,459.366,24.221,41.281
719.847,459.899,24.569,41.505
722.580,459.504,24.553,41.363
725.089,460.129,24.512,41.679
728.199,460.187,24.572,41.481
732.688,457.555,24.078,41.328
736.527,456.590,23.754,41.283
739.195,456.286,22.872,41.082
742.481,456.858,22.586,41.033
747.445,456.639,22.008,41.307
751.166,457.046,21.437,40.943
754.560,457.221,21.106,40.777
757.694,457.815,21.549,39.983
761.891,459.613,21.721,39.813
767.789,457.677,21.568,39.927
769.807,455.571,22.194,39.657
776.951,457.683,22.469,39.616
779.654,456.423,23.361,39.018
784.280,457.858,23.951,38.861
791.810,455.663,24.341,38.595
800.644,460.057,24.691,38.547
808.075,463.432,25.039,38.555
816.182,465.992,25.399,38.537
825.339,464.268,25.739,38.185
834.220,467.560,26.067,37.692
846.678,464.444,26.295,37.685
855.414,461.235,26.439,37.386
866.086,464.540,26.642,36.919
877.177,463.644,26.651,36.629
887.614,467.844,26.648,36.006
896.471,468.444,26.335,35.349
907.404,474.145,25.884,35.279
919.183,475.010,25.561,35.395
930.725,476.595,25.404,35.329
942.109,480.381,25.392,35.036
952.903,484.201,25.468,34.809
965.649,487.996,25.589,34.560
973.515,487.777,25.557,34.612
983.448,490.472,25.471,34.562
993.934,496.061,25.520,34.332
1003.517,498.133,25.553,34.171
1010.749,501.637,26.099,33.996
1017.040,499.797,26.118,34.474
1019.434,500.859,26.555,34.829
1022.468,503.341,27.220,35.075
1026.513,501.899,27.332,35.974
1026.002,501.220,27.603,36.809
1024.795,501.405,28.052,37.735
1024.430,499.056,28.119,38.401
1023.730,497.719,28.221,38.740
1022.893,496.443,28.015,39.483
1022.002,494.062,27.524,40.444
1020.838,494.508,26.627,40.917
1019.915,490.904,25.722,41.023
1017.506,491.126,25.472,40.629
1015.350,491.325,25.727,40.859
1011.717,491.104,26.691,40.787
1009.143,491.465,27.737,41.154
1008.299,490.765,28.502,41.722
1007.038,489.035,29.380,42.263
1006.592,486.700,30.070,43.359
1004.649,485.796,30.183,43.930
1004.239,483.986,30.144,43.946
1003.969,484.812,29.466,43.360
1003.614,482.988,29.130,43.619
1003.370,480.267,28.230,44.245
1003.502,479.320,26.928,44.741
1003.512,478.642,25.992,45.634
1004.372,477.408,24.928,46.507
1003.858,476.505,23.808,47.260
1001.401,475.502,23.913,47.274
999.101,475.905,24.754,46.879
996.687,474.501,25.845,47.159
994.364,474.720,26.796,47.191
993.883,474.311,27.274,47.162
992.671,473.160,27.473,47.419
992.544,471.959,27.265,47.544
992.156,470.458,27.281,47.405
991.487,470.623,26.979,47.715
992.331,468.789,26.405,47.620
991.009,466.757,26.109,47.265
990.610,466.476,25.397,46.435
989.316,464.939,24.349,45.462
988.418,466.871,23.807,44.234
986.760,466.032,24.059,44.288
982.819,464.800,25.269,44.785
980.129,466.234,26.853,44.648
978.240,466.490,27.871,44.529
977.480,464.442,28.156,45.217
977.293,463.850,28.573,45.666
976.928,465.165,28.984,45.038
976.131,463.482,28.703,44.768
975.845,460.955,27.931,45.296
975.927,460.758,27.437,45.043
975.812,459.035,26.549,44.566
974.885,458.889,25.900,44.243
975.444,458.686,25.342,44.186
976.015,458.363,24.428,44.346
974.896,458.037,24.116,45.274
974.356,456.912,23.598,45.739
973.481,456.917,23.296,46.373
972.695,455.935,23.031,46.796
971.096,455.334,22.833,47.065
971.081,454.624,22.975,47.083
969.476,454.782,23.006,46.965
968.399,453.952,23.183,46.818
966.318,453.494,23.493,46.828
964.913,450.839,23.618,46.823
961.702,449.420,23.642,47.293
959.731,447.462,23.568,46.398
957.621,445.731,23.028,45.251
956.012,444.165,22.303,44.572
953.453,444.346,22.343,43.635
948.999,445.052,23.105,43.417
944.696,443.603,23.902,44.002
942.990,442.154,24.197,44.160
941.287,442.303,24.265,44.498
940.012,440.046,23.604,44.802
938.247,439.223,22.345,45.096
936.772,437.755,21.592,45.492
933.438,436.186,22.118,45.765
931.745,434.757,22.005,45.244
927.999,433.737,22.185,45.150
926.192,432.358,21.694,45.036
923.894,429.207,21.307,44.657
921.340,428.863,21.315,44.239
918.622,427.088,21.307,44.348
915.155,427.149,21.539,44.012
911.889,425.952,21.230,44.394
909.977,424.303,20.748,44.477
908.807,423.624,20.239,44.995
906.521,423.955,20.226,44.975
904.606,422.952,20.154,45.148
904.278,422.537,19.708,45.481
903.439,421.466,19.736,45.796
902.422,419.645,19.510,45.574
902.926,418.891,19.577,45.581
902.220,417.799,19.518,46.017
901.710,415.289,19.340,45.344
901.139,414.353,18.820,44.928
900.779,413.461,18.551,44.409
898.943,413.965,18.415,43.725
897.595,413.678,18.710,42.685
896.532,413.130,19.158,42.896
894.743,413.293,19.468,42.544
893.385,413.322,19.099,42.358
891.295,412.792,20.019,42.410
889.955,412.290,20.031,42.870
888.016,410.596,20.256,43.595
885.972,409.602,20.019,43.460
883.952,408.644,20.316,43.425
882.935,407.864,19.769,42.329
880.855,405.451,19.879,42.311
879.731,404.746,19.597,42.125
878.318,403.819,19.069,41.567
878.580,402.728,18.357,41.876
877.101,402.155,17.723,41.673
877.240,402.312,17.406,42.482
874.961,401.649,17.432,42.018
874.144,401.590,16.825,42.350
872.612,400.805,17.186,43.189
871.413,400.652,17.180,43.285
870.522,400.429,17.218,43.342
869.375,399.750,16.824,43.193
868.868,398.791,16.985,43.486
866.809,398.761,17.060,42.888
865.668,397.932,17.956,41.790
864.966,395.307,18.051,41.546
864.104,394.543,17.859,40.609
862.838,394.599,17.764,39.932
862.736,392.784,17.399,39.446
862.483,392.873,17.028,39.045
860.787,393.715,16.649,39.774
859.085,394.425,16.955,39.901
857.022,393.324,17.707,40.909
856.043,392.879,18.083,41.924
855.495,392.718,18.475,42.607
855.094,392.298,18.693,42.759
854.546,391.769,18.654,43.141
854.865,390.740,18.986,42.911
854.459,390.777,18.933,42.513
854.254,389.826,18.567,42.517
854.124,388.622,18.344,42.056
854.542,388.300,18.313,41.374
854.095,389.261,18.031,40.726
853.655,388.917,17.593,41.080
853.302,388.653,17.162,41.230
853.120,390.057,17.232,40.902
853.469,390.183,17.076,41.153
852.576,390.615,16.863,41.266
851.495,391.359,17.421,41.414
851.197,391.795,18.134,41.308
850.472,391.317,18.459,42.012
849.089,391.309,18.481,42.399
848.655,391.348,19.065,41.947
849.786,391.386,20.060,41.411
847.749,391.090,19.679,41.293
848.302,390.880,19.648,41.112
847.873,389.762,19.432,41.048
847.508,389.554,19.192,40.673
847.807,389.038,18.847,40.165
847.112,389.826,18.613,39.745
846.751,390.879,19.008,40.224
844.810,392.344,19.695,40.490
843.659,392.145,20.617,41.054
842.654,392.766,21.557,41.046
842.355,393.376,22.061,41.067
842.014,394.209,22.505,41.530
841.522,393.618,22.474,41.705
841.572,393.243,22.217,41.916
841.956,393.138,21.882,41.781
841.449,394.406,21.798,41.360
842.593,394.088,21.629,41.022
842.820,394.551,21.093,40.816
843.116,394.876,20.460,40.316
842.652,395.859,20.095,40.300
841.501,396.670,19.777,40.441
841.954,396.819,19.200,40.835
841.668,398.027,18.717,40.960
839.845,398.902,18.573,41.059
839.118,399.012,18.566,41.326
838.241,400.134,18.381,41.557
838.185,400.526,18.567,42.165
837.816,400.249,18.505,43.091
837.118,400.916,18.702,43.256
836.725,400.228,18.923,43.547
835.540,400.472,18.621,43.802
834.798,401.353,19.324,42.913
834.260,401.288,19.570,42.081
832.716,402.456,19.958,41.523
832.627,403.293,20.346,40.772
831.814,404.046,19.980,40.149
831.392,405.362,20.049,40.276
830.086,406.603,20.156,40.817
829.127,407.289,20.558,41.049
827.828,407.685,21.009,42.101
827.407,408.648,21.523,42.077
827.574,410.679,21.438,41.923
827.477,411.205,21.629,42.549
828.224,410.925,21.338,42.925
828.552,411.650,21.088,43.095
828.469,412.794,20.761,42.787
828.555,412.923,20.634,42.518
828.743,414.126,20.244,42.012
829.344,414.417,19.764,41.871
829.045,415.134,19.201,41.371
829.439,416.628,19.004,40.681
829.075,416.596,18.265,40.985
828.908,418.035,17.938,41.056
828.441,419.414,17.943,41.054
827.787,420.911,18.293,40.592
826.607,423.025,18.728,40.396
824.758,424.770,19.971,40.518
823.172,425.524,20.827,40.558
821.567,427.244,22.018,41.159
821.955,427.192,22.517,41.244
821.245,428.375,22.760,41.029
821.683,429.374,23.180,41.144
821.358,429.406,22.918,41.230
820.906,430.293,22.175,41.537
821.095,431.508,21.344,42.011
821.146,431.947,20.720,42.439
820.870,433.155,20.035,42.790
819.876,435.032,19.314,41.888
817.626,436.739,19.215,41.162
815.611,438.353,19.857,40.703
814.532,440.696,20.561,40.199
813.799,441.559,21.667,39.665
812.136,442.471,22.887,39.199
809.820,442.892,23.824,39.067
807.650,444.386,25.295,39.038
807.260,445.377,26.055,39.148
806.651,447.112,27.076,39.123
805.531,447.772,27.681,39.329
805.604,447.726,27.815,39.417
804.587,450.027,27.744,39.350
805.005,450.810,27.878,39.427
802.901,449.829,27.804,39.583
803.128,449.656,27.976,39.938
803.814,448.850,29.040,40.664
802.752,447.416,29.222,41.429
800.354,447.076,28.097,41.963
800.658,446.901,27.595,42.609
799.777,446.345,27.171,42.738
798.081,443.768,26.157,43.328
798.168,442.858,25.147,43.634
798.851,442.064,24.661,44.054
800.050,441.010,24.154,44.106
801.027,440.824,24.265,44.011
803.767,439.565,25.276,44.048
806.617,442.564,26.919,43.089
805.480,437.475,28.404,42.438
802.350,434.447,29.330,42.184
802.928,433.406,29.904,42.014
801.951,429.232,30.489,42.177
797.529,426.128,29.891,42.772
796.457,423.841,29.418,43.087
794.246,422.512,29.123,43.424
793.596,422.554,28.980,43.272
792.826,422.729,29.054,42.785
792.436,417.999,28.503,43.270
792.106,416.930,28.110,43.689
791.763,414.949,27.660,44.171
791.792,412.991,27.641,44.205
792.194,408.289,27.373,44.416
791.602,406.472,26.960,44.069
791.547,405.732,26.207,43.924
792.204,405.475,26.007,43.331
791.643,402.324,25.387,43.186
792.380,400.281,25.594,42.829
790.599,396.727,25.171,42.817
790.920,398.296,25.614,42.384
788.998,396.689,26.203,41.774
788.081,395.471,27.181,40.651
787.015,394.691,28.221,39.719
785.607,392.597,28.921,39.233
785.146,391.922,29.578,38.757
784.799,389.746,30.164,38.342
783.288,385.569,30.385,38.441
783.680,382.508,30.889,38.717
783.189,380.011,31.240,39.092
782.807,379.610,32.130,38.843
781.839,377.379,32.941,38.717
781.521,376.646,33.471,38.492
781.208,374.012,33.842,38.311
779.369,368.161,33.641,38.747
779.078,366.510,33.527,39.080
777.549,362.382,32.892,39.672
775.774,358.252,32.051,40.291
773.738,357.790,31.819,40.541
771.097,353.369,31.521,41.119
771.669,352.898,31.892,41.054
770.414,352.230,32.212,40.894
769.946,350.146,32.710,40.733
767.331,344.186,32.465,41.390
767.584,343.879,32.368,41.374
767.967,340.638,32.251,41.503
767.085,340.170,32.309,41.381
767.472,335.676,32.149,41.300
768.151,335.455,32.169,41.137
768.400,333.300,32.277,41.018
767.500,328.951,32.271,41.063
766.310,326.585,32.016,41.100
767.790,326.323,32.015,40.824
768.870,322.783,32.268,40.631
768.639,320.449,32.413,40.479
767.745,319.479,32.494,40.235
769.400,317.402,32.685,40.024
767.690,314.443,32.713,39.720
769.376,311.984,32.929,39.612
770.092,311.007,33.191,39.203
768.532,308.382,33.350,38.767
769.598,305.556,33.790,38.179
769.264,301.699,34.132,37.834
770.137,299.887,34.522,37.533
771.237,298.545,35.349,36.998
770.539,294.342,35.941,36.508
769.871,288.243,36.323,36.562
772.980,287.787,37.778,35.872
771.913,279.716,38.612,36.288
771.426,277.414,39.710,36.615
771.609,274.244,41.453,36.764
771.669,269.740,42.729,37.061
768.555,266.005,42.936,37.258
766.616,261.455,42.413,37.919
767.130,259.181,41.571,38.805
770.263,255.464,40.703,39.299
771.320,252.223,38.892,40.113
774.474,247.754,37.694,40.769
776.994,245.337,35.299,41.598
778.646,242.168,33.182,42.596
779.707,240.056,31.343,43.262
780.497,236.759,29.994,44.460
781.499,233.817,28.696,45.275
782.088,230.294,27.588,46.054
783.149,226.727,26.877,46.752
782.939,223.547,26.566,46.983
783.810,221.373,26.261,47.558
784.649,217.839,25.921,47.222
784.802,214.698,25.893,47.192
784.197,211.975,25.681,47.304
784.806,209.029,25.851,47.352
785.608,206.601,25.299,47.219
785.630,204.531,24.796,46.957
786.570,201.464,24.733,46.996
786.451,199.286,24.452,47.365
786.656,198.014,23.953,47.868
787.262,195.563,23.687,48.567
788.078,193.099,23.507,49.095
788.016,191.836,23.429,49.785
787.692,189.630,23.513,49.865
787.009,188.179,23.802,50.220
787.657,186.482,24.039,50.620
787.665,184.183,24.229,50.873
787.770,182.299,24.299,51.137
787.635,181.408,24.502,50.985
788.932,180.140,25.034,50.879
789.367,179.031,25.497,50.751
790.488,178.552,26.004,50.579
791.188,178.361,26.408,50.545
789.430,178.121,26.488,50.717
790.503,179.946,26.826,50.606
790.720,180.385,27.259,50.488
788.879,182.622,27.381,50.803
789.544,184.435,27.580,50.674
788.891,186.913,27.431,50.646
789.301,189.030,27.055,50.475
789.570,191.099,26.732,50.395
793.591,194.217,27.159,50.377
793.391,196.806,27.585,50.337
790.289,199.618,27.000,50.534
792.520,202.954,27.020,50.521
791.688,206.666,26.672,50.347
793.099,208.838,26.617,50.781
794.149,211.347,26.565,51.354
796.060,216.583,26.989,51.311
795.971,219.956,26.918,51.330
795.928,223.692,26.962,51.581
799.024,228.500,27.678,51.396
798.169,231.193,28.019,51.694
800.477,235.835,28.884,51.551
800.513,240.255,29.537,51.368
802.465,245.048,30.461,51.054
802.557,250.063,31.165,50.695
802.615,257.410,31.774,49.689
804.306,260.523,32.425,49.064
803.952,261.065,33.098,49.057
804.800,266.580,33.701,48.618
807.146,270.522,34.618,48.197
808.225,275.623,35.421,47.796
807.597,278.134,36.148,47.786
809.404,278.482,36.857,48.541
810.712,282.768,37.261,49.168
811.859,287.951,37.800,50.041
815.653,291.235,38.280,50.808
813.934,299.043,38.745,51.491
816.114,304.185,39.494,52.065
817.158,308.507,39.900,53.160
817.861,316.034,41.077,54.639
819.830,321.913,42.086,55.519
817.441,330.922,42.645,56.422
818.122,337.018,42.878,57.409
818.500,345.554,43.613,57.844
818.710,351.958,44.467,58.897
817.489,358.933,44.946,59.804
818.996,366.613,45.118,59.734
818.146,374.214,45.305,59.813
818.790,381.516,45.734,59.273
819.054,389.255,45.370,58.780
816.687,396.187,44.082,58.561
819.017,402.272,43.303,58.470
818.856,408.166,42.366,58.396
818.354,414.364,40.614,57.915
819.233,419.996,39.016,57.817
821.978,426.147,38.525,56.986
821.494,430.933,37.691,56.391
822.288,435.803,36.621,55.795
823.287,439.138,36.009,55.310
823.776,443.272,35.892,54.591
823.039,446.880,35.527,54.099
822.317,449.491,35.259,53.794
820.800,451.954,35.454,53.531
819.633,454.898,35.782,53.389
818.684,456.922,35.881,53.101
817.166,459.237,35.954,52.834
815.650,461.587,36.656,52.595
815.152,463.560,36.999,52.477
814.217,464.321,37.172,52.606
813.527,466.518,36.817,52.457
813.223,467.766,36.390,52.052
812.986,469.172,36.108,51.685
813.330,469.834,35.907,51.480
814.256,470.655,35.928,51.101
814.457,471.970,35.635,50.794
814.144,471.004,35.253,50.842
812.751,473.341,34.540,50.345
814.500,471.606,34.064,50.534
813.922,473.895,33.571,50.359
814.781,471.510,33.526,50.829
815.754,471.482,33.605,51.199
816.079,470.634,33.559,51.753
815.110,469.928,33.357,52.371
814.238,469.071,33.234,53.153
814.067,469.420,33.138,53.487
814.106,469.066,32.785,53.887
814.360,469.626,32.863,53.906
814.400,469.779,32.529,54.067
814.793,469.135,32.423,53.976
815.049,469.403,32.408,53.974
815.234,469.469,32.491,53.814
815.425,469.392,32.662,53.662
815.814,469.746,32.872,53.575
816.261,469.324,33.160,53.413
816.986,470.901,33.522,53.101
817.050,467.745,33.816,53.185
816.481,468.474,34.364,52.835
816.182,468.626,34.558,52.761
817.589,467.949,35.050,52.500
816.064,466.716,35.884,52.490
817.421,467.604,37.232,52.009
817.180,466.789,38.361,51.726
817.041,465.771,38.864,51.712
817.513,464.749,39.529,51.659
818.331,464.686,40.296,51.530
817.372,465.644,40.543,51.296
817.175,464.692,40.107,51.261
819.326,464.289,39.959,51.087
818.983,463.891,39.345,51.196
819.940,463.044,38.581,51.507
820.478,463.854,37.925,51.338
820.519,463.323,37.632,51.408
820.713,462.960,37.194,51.445
819.889,463.046,36.517,51.579
820.234,463.055,36.232,51.665
819.961,463.325,36.004,51.639
819.585,463.576,35.340,51.501
819.582,464.108,35.006,51.303
819.097,463.609,34.631,51.306
819.016,463.902,34.183,51.352
819.626,463.361,33.692,51.434
819.303,463.732,33.116,51.390
819.342,463.610,32.621,51.366
819.344,463.749,32.375,51.229
819.079,464.187,31.903,50.965
819.387,464.250,31.716,50.749
819.501,464.331,31.480,50.501
819.648,464.047,31.266,50.415
819.407,464.308,31.021,50.451
819.726,464.259,31.121,50.516
819.769,464.729,30.941,50.491
819.345,465.230,30.761,50.334
819.427,465.447,30.697,50.112
819.598,465.954,30.548,49.849
819.860,465.509,30.253,49.684
819.374,467.105,29.857,49.249
819.303,466.767,29.509,49.101
819.031,467.227,29.179,48.965
818.998,467.293,28.926,48.794
818.582,467.737,28.483,48.663
818.441,468.400,28.302,48.600
817.891,468.587,28.225,48.394
817.681,468.894,28.046,48.457
817.729,468.947,28.029,48.611
817.292,469.941,27.883,48.582
816.522,470.647,27.785,48.525
816.005,470.403,27.711,48.468
815.858,470.709,27.681,48.559
815.205,471.478,27.815,48.474
813.833,472.235,28.106,48.203
812.216,472.636,28.651,48.059
810.357,472.727,29.316,48.054
809.014,472.792,29.912,47.966
807.038,473.935,30.585,47.389
805.728,474.197,31.606,46.936
803.400,475.759,31.938,46.262
803.273,474.796,32.170,45.992
802.388,475.539,32.325,45.568
802.010,475.562,32.301,45.503
803.275,475.474,32.684,45.693
802.006,474.827,32.984,45.569
801.206,474.640,32.988,45.464
801.987,474.605,33.171,45.328
800.094,474.788,32.927,45.119
801.262,474.161,33.158,45.026
799.710,473.612,33.156,44.947
802.727,473.085,33.724,44.685
799.351,474.421,34.237,44.409
795.431,474.336,34.523,44.313
794.457,474.831,35.058,43.960
792.307,475.453,35.419,43.852
790.985,476.054,35.836,43.972
789.726,475.806,36.088,44.206
789.714,478.336,36.046,43.848
789.326,477.277,35.611,44.137
789.111,478.121,35.304,44.499
788.430,478.272,34.869,44.777
788.389,478.182,34.093,45.137
788.757,477.301,33.606,45.911
788.518,475.826,32.640,47.154
788.494,474.523,31.981,47.751
788.858,474.228,31.394,48.447
789.260,474.194,30.819,48.237
789.578,474.621,30.027,48.012
790.132,474.870,29.620,47.729
790.064,474.807,29.013,47.693
790.518,474.221,28.628,47.812
790.386,475.584,28.013,47.617
790.679,476.397,27.802,47.573
791.009,476.962,27.467,47.403
790.606,477.278,27.515,47.896
790.455,477.111,27.118,48.323
790.710,478.269,26.780,48.554
790.769,478.697,26.545,49.131
791.114,479.660,26.354,49.291
791.239,480.046,26.283,50.093
791.947,479.050,26.136,51.039
792.491,479.474,26.009,51.602
793.073,478.923,25.663,52.298
793.893,478.335,25.287,52.495
794.724,477.845,25.397,52.022
795.314,477.526,25.202,51.179
795.613,477.354,25.442,50.366
796.266,477.585,25.959,49.658
796.397,477.478,26.184,48.641
796.171,478.107,26.430,47.979
795.069,479.031,26.501,47.573
794.576,479.345,26.684,47.339
793.742,479.898,26.639,47.214
794.472,480.316,26.973,47.402
794.779,480.731,27.172,47.416
794.733,480.992,27.066,48.156
796.532,481.030,27.298,48.990
796.663,480.491,26.997,49.992
796.635,480.894,27.003,50.879
796.569,480.326,26.755,51.836
796.680,480.599,26.449,52.851
796.986,480.174,26.141,53.812
797.325,479.843,25.752,54.519
797.404,479.826,25.710,55.252
797.605,480.064,25.533,56.180
798.017,479.836,25.537,56.500
798.432,479.248,25.712,56.600
798.996,479.549,26.007,56.238
798.954,479.023,26.085,55.631
799.234,479.635,26.183,55.290
799.067,481.081,26.285,54.744
799.077,481.998,26.475,54.399
800.093,483.552,26.817,54.259
800.293,485.124,27.049,54.358
800.383,486.724,27.180,54.285
800.622,488.238,27.550,54.445
800.951,490.051,28.055,54.574
800.440,491.825,28.292,54.300
801.321,493.385,28.981,54.196
803.292,495.621,30.323,54.157
805.180,497.564,31.912,53.878
806.807,500.562,34.457,53.601
805.946,504.027,36.807,53.123
804.358,505.211,38.045,52.221
804.764,506.765,39.741,51.094
803.937,508.407,40.718,50.082
806.837,510.111,40.785,49.719
808.838,512.558,39.803,49.773
810.768,512.424,39.630,49.198
810.807,514.619,39.556,49.082
811.449,517.276,39.023,49.768
811.471,518.460,38.121,50.165
812.204,519.328,36.921,50.392
812.998,520.896,36.086,50.672
812.194,521.831,34.790,50.923
812.947,522.519,33.413,50.859
813.047,523.521,32.236,50.755
813.623,525.235,31.124,50.727
814.665,526.408,30.530,50.462
814.623,527.137,30.403,50.352
814.010,528.266,30.206,50.328
814.355,529.291,29.799,50.524
814.879,530.767,29.662,50.666
814.612,531.215,29.229,50.602
815.061,532.421,29.048,50.546
815.470,532.969,28.996,50.126
816.440,532.906,29.216,49.598
816.315,536.307,29.506,49.736
815.256,537.954,29.233,49.940
815.608,539.027,29.076,50.119
816.033,540.361,28.922,50.063
815.940,542.069,28.635,50.170
816.412,543.516,28.345,50.339
816.311,544.977,28.340,50.526
816.435,546.343,28.451,50.521
817.263,547.820,28.566,50.361
817.466,549.638,28.553,50.045
818.275,550.996,28.538,49.676
818.708,552.547,28.736,49.602
817.528,554.326,28.520,49.219
818.345,555.996,28.473,49.206
818.483,556.586,28.188,48.878
818.883,557.464,28.157,48.836
819.130,558.563,28.148,48.472
819.562,559.474,27.975,48.318
819.510,560.202,28.009,48.138
820.012,559.907,27.999,47.679
819.907,561.373,27.974,47.941
819.715,562.051,27.753,48.090
819.777,562.732,27.860,48.106
820.111,563.337,27.670,48.444
820.263,564.184,27.675,48.422
820.596,565.196,27.725,48.336
820.750,565.961,27.681,48.070
820.700,567.191,27.716,48.011
820.330,567.911,27.887,47.706
820.215,568.961,27.929,47.752
819.261,570.005,28.035,47.716
818.841,569.439,28.136,47.140
817.772,570.989,28.195,47.183
816.809,572.295,28.442,47.261
816.358,572.378,28.476,47.192
814.730,572.620,28.553,47.073
813.787,573.153,28.567,47.148
812.408,574.102,28.732,47.093
809.878,574.148,28.691,46.847
808.753,574.785,28.866,46.621
806.933,574.922,28.969,46.419
804.995,575.913,29.074,46.212
803.587,576.160,29.728,46.028
801.086,576.667,30.542,45.744
799.977,577.203,31.440,45.862
797.673,577.533,31.805,45.912
794.588,577.659,31.736,46.011
792.381,578.103,31.708,46.125
790.003,578.058,31.266,46.122
788.397,578.573,30.990,46.049
786.462,578.355,31.244,45.936
783.898,577.816,31.310,46.171
782.484,577.702,30.951,46.376
780.509,577.230,30.396,46.421
779.007,575.546,30.559,46.410
777.004,574.172,30.545,46.431
774.708,572.587,30.516,46.492
770.558,569.794,30.227,46.751
768.673,568.070,30.394,46.872
765.542,564.703,30.124,47.175
762.525,561.767,29.570,47.711
760.045,559.210,28.797,47.950
757.798,556.367,28.534,48.107
755.729,552.718,28.375,48.373
752.864,548.209,28.449,48.508
751.106,544.485,28.342,49.009
748.839,540.937,28.094,49.129
746.752,536.391,28.194,49.408
743.354,532.412,27.777,48.812
741.005,528.639,27.341,48.143
739.042,524.693,27.026,46.766
737.744,520.851,27.367,45.980
735.779,517.013,27.764,45.694
733.392,513.562,28.061,45.569
730.862,510.281,28.135,45.480
729.159,506.769,28.550,45.437
727.749,502.878,29.466,45.665
724.103,499.677,29.919,45.925
723.469,496.226,30.548,45.996
721.885,492.733,31.234,46.110
720.746,487.711,32.058,46.042
718.099,484.292,33.130,45.548
715.927,481.097,34.089,45.157
713.963,477.575,35.072,44.657
711.383,474.205,35.605,44.148
707.849,470.638,35.632,43.588
703.987,467.305,35.276,42.858
702.616,464.177,35.113,42.542
698.388,462.546,35.174,42.145
696.966,460.413,34.517,41.762
695.188,456.094,34.148,41.230
693.378,453.787,33.637,40.833
691.022,451.497,32.915,40.545
689.905,449.411,32.211,40.110
688.322,447.036,31.936,39.731
687.438,445.393,31.308,39.559
686.075,444.028,30.482,39.814
685.076,442.350,29.854,40.448
683.757,440.864,29.612,40.879
682.639,439.191,29.189,41.616
679.560,436.232,28.589,42.396
679.034,436.203,28.055,43.039
678.635,434.769,27.567,43.897
677.554,433.677,27.203,44.621
675.813,432.471,26.910,44.934
675.195,431.144,26.620,45.085
673.850,430.111,26.180,44.988
672.910,428.025,26.061,44.548
673.110,426.609,25.860,43.714
672.116,425.993,26.013,43.055
671.447,424.849,25.977,42.049
671.504,423.353,26.222,41.323
671.243,422.316,26.697,40.614
671.373,421.544,27.524,39.960
669.182,420.142,28.440,39.423
668.955,419.085,29.004,39.065
666.992,418.630,29.909,39.110
665.427,416.404,30.941,39.188
665.805,415.917,31.749,39.301
664.906,414.932,32.492,40.070
664.809,414.598,33.101,42.312
665.605,412.858,33.002,44.612
666.098,409.039,32.866,45.976
666.660,405.572,32.360,47.417
667.015,402.895,32.645,47.302
666.861,400.754,32.055,46.788
666.498,398.532,31.835,46.343
666.461,395.211,31.715,45.584
665.346,392.444,31.528,45.108
666.880,388.872,31.656,43.981
667.650,386.902,31.692,43.312
665.545,383.748,32.073,42.155
666.395,380.669,32.165,41.301
667.446,378.265,31.936,40.245
665.366,375.110,32.087,39.694
664.961,371.664,32.329,38.754
664.782,369.435,31.951,38.217
663.985,366.517,31.623,37.473
663.820,364.064,31.584,36.622
662.978,362.576,32.024,35.980
661.109,362.821,32.887,35.567
658.742,363.567,33.957,35.282
657.134,364.858,34.875,34.890
656.036,367.038,35.478,34.774
654.608,369.253,36.138,34.807
654.799,372.147,36.382,34.742
654.365,374.730,36.323,34.732
654.066,378.454,36.024,34.976
654.168,382.035,35.417,34.761
653.940,384.827,34.588,34.661
653.167,389.799,34.140,34.408
652.608,392.186,33.429,34.794
652.597,396.086,33.205,34.704
651.774,398.964,32.613,34.609
651.143,404.070,31.891,34.374
651.134,405.885,30.670,34.824
650.510,410.033,30.061,35.008
650.349,411.609,29.018,35.687
650.585,416.155,28.194,35.912
650.510,421.692,27.427,37.424
649.864,425.763,26.789,38.838
648.886,429.365,26.582,40.107
646.720,430.665,26.794,40.411
646.611,434.351,26.677,40.135
645.863,437.312,26.533,40.206
644.966,441.438,26.670,39.908
644.049,444.379,26.913,40.033
641.557,449.552,27.270,40.263
640.458,453.457,27.644,40.302
639.069,458.296,28.173,40.142
638.277,463.664,28.578,39.605
635.901,469.178,28.772,38.821
635.360,472.952,29.072,38.420
634.208,477.945,29.052,37.881
631.759,484.272,28.817,37.135
631.265,489.189,28.161,36.166
629.763,493.562,27.802,35.173
629.894,496.534,27.293,34.131
628.241,501.886,26.744,32.956
626.834,505.949,25.943,31.990
624.814,509.984,25.674,31.220
623.506,513.749,25.465,30.812
622.090,517.826,25.176,30.366
620.699,521.055,25.054,30.042
619.402,523.380,24.794,29.798
615.989,526.123,25.161,29.318
614.221,528.129,25.755,28.523
613.664,529.014,26.085,28.019
612.218,530.442,26.412,27.479
610.957,530.640,26.712,26.853
608.150,531.857,27.058,26.737
607.656,530.871,27.362,26.693
607.316,530.210,27.126,26.764
605.906,527.713,26.665,26.798
605.329,525.966,26.161,26.955
605.090,524.718,25.392,26.633
605.093,523.292,24.670,26.793
603.788,519.013,23.862,27.150
602.841,516.275,23.319,27.443
601.468,513.736,23.301,27.532
600.099,510.136,23.503,27.427
598.517,507.427,23.926,27.484
596.029,503.515,24.409,27.690
593.731,499.112,25.218,27.876
592.007,494.753,25.960,27.793
590.317,492.039,26.660,27.464
589.787,487.433,26.789,27.336
589.295,482.728,26.963,27.793
589.243,477.285,27.279,27.668
588.970,472.184,27.764,27.567
588.956,466.259,28.232,27.450
587.045,462.588,28.807,27.401
584.229,458.306,29.114,27.158
583.600,453.195,29.215,26.988
582.436,448.013,29.122,26.798
580.076,443.639,28.168,26.994
579.125,438.165,27.788,27.339
577.637,434.199,27.010,27.546
577.090,428.689,26.540,27.528
576.646,423.245,26.203,27.640
575.682,419.131,25.944,27.491
574.697,414.940,25.711,27.442
573.981,410.368,25.214,27.878
573.528,405.137,24.830,27.778
572.710,401.299,24.445,28.535
571.376,397.657,23.800,28.573
570.197,392.843,23.544,28.623
568.118,388.674,23.881,28.326
566.841,387.019,24.180,28.221
566.580,383.156,24.232,27.718
563.826,381.666,24.667,27.421
563.214,379.133,24.590,26.717
561.841,376.562,24.556,26.333
561.036,373.997,24.371,26.309
559.526,371.706,24.407,26.400
558.430,369.648,24.227,26.630
556.923,368.559,23.726,26.898
556.264,366.433,23.665,26.750
555.027,365.243,23.467,26.482
553.881,363.947,23.389,26.087
553.217,362.524,23.358,25.579
552.196,359.772,23.271,25.341
550.815,359.168,23.026,25.239
550.879,358.349,23.147,25.480
548.888,357.572,22.832,25.545
548.270,355.795,22.829,25.806
547.006,355.698,22.705,26.015
546.283,354.940,22.948,26.211
545.391,354.507,23.091,26.285
544.364,354.321,23.224,26.608
543.054,355.200,23.520,27.641
540.960,355.394,24.064,28.810
539.983,355.207,24.523,29.384
539.545,353.875,24.629,29.570
537.822,354.115,24.648,29.462
537.069,353.912,24.793,29.305
538.656,353.978,25.876,28.881
535.731,355.296,26.589,28.396
533.556,356.082,26.495,27.939
531.305,357.195,26.440,27.507
530.874,357.435,27.211,27.052
531.834,357.336,28.335,26.709
530.322,357.818,29.179,26.624
530.151,357.932,29.887,26.431
529.566,357.575,30.788,26.221
528.910,357.844,31.294,26.021
528.228,357.827,31.565,25.925
529.517,357.724,32.315,25.900
528.531,358.633,33.141,25.928
528.436,359.195,33.895,26.263
527.110,359.268,34.348,26.676
526.987,359.319,34.679,26.877
526.322,359.499,34.746,27.195
526.856,359.145,34.662,27.289
527.041,358.482,34.676,27.279
529.138,357.934,35.518,27.310
529.976,358.095,36.115,27.271
531.645,358.166,37.252,27.144
533.010,358.100,38.295,27.122
531.498,358.525,38.533,27.053
529.310,358.250,37.798,27.274
530.398,357.786,37.501,27.795
530.252,357.097,36.779,28.730
529.893,357.738,35.524,29.378
530.695,359.071,34.222,29.739
531.319,359.727,32.690,29.894
531.926,359.726,31.078,30.325
532.737,359.033,29.717,30.879
533.555,358.942,28.364,31.200
534.709,358.480,27.147,31.297
536.009,357.233,26.243,31.033
537.480,356.086,25.514,30.704
539.381,355.825,25.059,30.262
541.132,354.820,24.621,29.599
542.527,354.301,24.339,28.751
543.756,354.619,24.112,27.958
545.141,354.673,23.955,27.195
546.938,355.126,23.494,27.007
549.071,354.241,23.568,26.592
549.870,353.675,24.386,25.986
549.351,354.007,25.409,25.982
549.102,354.976,26.370,26.691
553.490,354.287,25.714,27.064
556.187,354.567,24.725,27.435
557.812,354.923,24.219,27.703
559.797,355.709,24.054,27.955
560.598,356.460,24.045,28.182
563.016,356.457,23.808,28.624
565.624,357.063,23.762,28.612
567.623,357.628,23.487,28.791
570.349,359.017,23.347,28.772
573.258,358.568,22.896,28.917
575.660,359.747,22.668,29.072
579.538,360.130,22.738,28.965
583.632,361.019,23.178,28.788
584.763,361.957,23.379,28.534
588.330,364.007,23.906,28.132
591.710,364.240,24.501,27.604
595.848,364.268,24.975,27.052
601.992,365.149,25.267,26.578
609.117,367.553,25.822,26.356
611.033,367.833,26.276,25.910
615.665,368.264,25.992,25.641
621.379,370.291,25.673,25.788
627.611,370.088,25.469,25.757
632.238,370.888,25.519,25.987
638.067,371.241,25.207,26.578
645.221,371.656,25.104,26.771
651.813,371.747,24.999,26.727
658.612,372.289,25.460,26.546
666.704,372.656,25.568,26.482
671.849,373.118,26.194,26.359
677.328,373.645,26.806,26.197
684.385,374.169,27.970,25.940
689.470,374.708,29.034,25.694
694.366,375.605,29.883,25.562
704.248,375.762,30.237,25.577
711.400,376.630,30.155,25.710
721.964,376.292,30.154,25.783
729.738,377.447,30.158,25.988
741.879,376.223,29.944,26.226
750.281,375.255,30.067,26.197
757.747,375.677,30.063,26.380
768.669,374.320,30.250,26.449
773.106,371.596,30.959,26.245
777.483,370.509,31.640,26.132
785.450,370.016,32.306,26.039
791.676,367.997,33.198,25.714
800.109,368.922,33.766,25.855
809.400,366.645,34.969,25.870
817.730,367.445,34.954,26.403
829.968,365.419,35.434,26.890
837.481,363.569,35.714,27.557
842.614,360.446,36.653,27.978
848.934,358.260,37.120,28.537
856.809,353.977,38.236,29.057
864.912,352.926,39.311,29.580
874.597,350.104,40.967,30.122
883.154,347.405,43.029,30.585
889.623,345.128,45.300,31.209
891.302,342.959,46.480,31.376
896.844,341.862,48.335,31.922
906.599,341.061,50.006,32.340
911.424,340.723,51.828,32.613
913.328,340.156,53.852,32.592
920.970,340.791,54.935,32.889
927.520,340.860,56.105,33.095
934.052,342.088,57.038,32.954
940.369,343.033,57.236,32.849
949.471,344.452,57.176,33.013
957.522,345.634,56.657,33.303
962.595,345.763,56.407,33.381
966.841,347.309,56.484,33.599
975.799,348.691,56.932,34.044
977.487,349.939,57.279,34.318
983.362,352.571,57.813,34.414
986.669,354.509,58.270,34.496
989.705,356.519,59.580,34.722
994.323,358.700,61.105,34.986
998.149,360.933,61.793,35.255
1003.907,363.307,61.847,35.529
1007.358,365.842,62.394,35.315
1013.279,369.519,62.450,35.523
1017.170,370.549,61.232,35.595
1021.739,372.358,59.539,36.021
1025.508,377.261,58.241,36.546
1028.873,379.702,57.230,36.549
1032.665,386.439,56.527,35.795
1034.367,387.652,56.037,35.618
1038.263,390.385,55.857,36.507
1042.372,394.357,54.400,38.159
1042.644,397.307,53.567,39.066
1048.907,404.357,52.559,39.975
1044.033,409.680,53.607,40.649
1052.706,416.011,52.903,41.547
1051.794,424.192,54.375,41.567
1054.122,427.312,54.866,41.958
1055.507,435.366,55.425,42.064
1059.844,442.759,55.351,42.466
1057.856,450.419,55.538,42.656
1061.251,456.206,55.744,43.034
1063.938,466.198,55.300,43.036
1065.281,470.981,53.955,43.731
1068.086,482.786,53.821,43.739
1072.677,490.241,54.426,43.790
1069.979,499.344,53.674,43.934
1075.635,508.189,53.225,44.364
1079.340,516.261,52.558,44.789
1078.817,524.292,53.123,45.404
1081.321,532.452,53.185,45.808
1084.177,540.542,53.773,46.082
1086.337,549.858,54.951,46.115
1086.462,558.406,55.581,46.253
1086.929,567.474,56.309,46.001
1087.404,575.318,56.282,46.116
1087.066,586.254,56.547,45.266
1089.615,595.772,56.357,44.802
1091.750,604.055,56.182,44.198
1093.631,613.244,56.136,43.999
1094.742,622.157,55.928,43.646
1096.891,631.241,55.779,43.552
1097.642,639.170,55.386,43.261
