568.000,451.000,103.000,157.000
569.829,448.711,103.855,159.101
571.069,449.668,104.155,159.767
572.355,450.596,104.039,160.366
573.320,451.224,104.556,160.981
574.396,453.184,104.916,161.455
573.960,454.196,105.823,162.372
575.052,454.890,106.231,162.489
574.854,456.421,107.674,163.585
576.192,457.258,107.916,164.551
576.330,459.743,108.567,164.844
576.569,459.347,108.925,167.304
577.260,460.708,108.970,169.732
577.904,461.886,108.792,171.602
580.015,461.753,107.343,173.201
579.957,465.318,105.686,173.334
582.258,467.806,104.785,173.741
583.572,470.719,103.402,172.988
585.798,472.113,103.113,172.690
588.157,474.547,103.186,172.358
589.195,476.736,104.411,172.182
590.059,479.497,104.680,172.104
590.582,480.897,104.799,172.462
591.518,481.871,106.194,172.984
594.796,485.456,106.313,172.634
597.909,487.996,106.890,171.426
601.403,492.880,108.188,169.610
601.980,483.954,109.450,170.823
604.082,489.417,110.362,170.696
607.990,490.859,111.267,170.732
606.859,491.467,112.393,170.920
608.971,493.318,112.563,171.684
610.425,495.370,112.758,172.675
612.985,497.921,112.773,173.647
616.756,497.736,113.138,174.920
616.510,497.206,113.461,176.524
619.668,497.597,113.864,178.386
621.897,498.307,115.127,180.159
623.281,499.593,115.904,181.720
625.583,501.078,115.721,182.026
628.810,502.557,114.900,181.113
631.510,505.551,114.814,180.652
634.312,508.468,113.551,180.578
637.949,508.421,111.835,180.618
639.533,510.844,110.623,180.820
640.179,511.203,111.600,180.880
643.240,511.621,111.397,182.021
643.918,513.964,111.678,182.562
646.874,514.491,110.676,183.588
648.012,513.394,110.764,185.396
650.616,509.395,109.658,185.925
652.804,501.667,108.824,185.250
654.609,497.181,108.139,186.829
656.233,491.785,107.585,191.200
656.979,480.345,107.303,193.508
659.930,468.955,107.134,194.682
661.281,460.895,106.503,196.718
663.083,450.969,106.242,198.167
664.665,439.183,106.005,199.151
665.513,429.008,107.226,199.369
666.929,418.286,106.988,199.349
668.458,407.694,107.370,197.389
669.972,398.385,108.121,194.572
673.672,388.200,107.651,191.726
676.325,380.129,106.399,188.981
677.792,371.209,106.076,188.665
681.063,359.813,105.036,187.133
683.291,349.884,104.299,186.600
685.109,341.504,104.100,186.229
687.966,331.118,103.165,185.275
691.748,321.439,102.240,184.006
694.341,311.238,102.145,183.973
696.482,300.505,101.568,183.353
698.320,289.918,100.725,183.432
699.910,279.198,100.994,184.710
702.766,267.336,102.280,186.324
705.240,256.269,102.090,185.502
706.816,244.282,102.078,186.884
710.446,233.195,101.826,187.453
713.669,220.168,101.374,188.178
714.672,214.975,105.010,188.974
716.827,216.357,106.133,187.795
719.379,218.013,107.230,187.572
722.401,221.829,107.717,187.856
725.298,222.715,106.818,187.708
728.377,224.433,106.515,187.925
730.280,227.884,107.557,188.818
734.150,230.362,106.693,188.569
737.008,232.714,106.089,189.314
739.240,231.652,104.933,192.046
743.000,231.524,104.614,194.640
745.738,229.718,103.025,197.289
747.523,228.640,102.622,200.432
750.646,229.296,105.087,202.240
753.354,234.331,106.337,202.165
754.916,235.972,106.968,203.808
759.466,242.467,105.924,202.639
760.384,247.314,105.555,201.322
763.208,251.141,105.649,200.010
764.227,256.070,104.376,197.407
768.479,262.759,102.752,194.762
771.240,266.693,101.762,193.121
773.131,271.061,101.794,191.899
774.715,272.261,102.388,192.470
775.331,273.339,102.673,193.738
776.027,273.427,103.045,195.561
780.707,273.410,103.014,197.097
782.865,274.321,103.189,199.667
784.622,276.866,103.842,200.557
786.301,281.774,104.181,201.710
788.287,285.703,105.191,202.121
789.185,286.273,105.948,203.101
788.387,288.993,106.969,203.907
792.142,293.447,107.651,204.288
790.566,294.882,108.560,204.803
788.149,296.100,109.574,205.003
782.935,295.539,111.346,203.986
788.680,297.633,109.799,203.220
776.318,298.781,110.520,202.987
774.849,298.326,109.563,202.238
762.169,302.391,111.023,203.227
762.217,300.085,110.677,202.283
750.461,298.776,111.465,201.553
754.444,296.255,108.569,200.695
743.479,303.861,107.829,201.880
739.273,304.006,106.811,203.391
737.761,305.714,105.130,205.434
736.125,309.068,103.201,208.634
731.974,309.851,101.170,211.678
730.625,304.632,99.052,214.058
729.678,306.700,96.798,215.749
726.255,303.951,94.567,217.156
725.127,302.594,92.302,217.511
722.823,302.153,90.546,217.589
720.190,300.592,88.605,217.545
719.448,305.764,86.490,218.097
719.098,306.239,84.342,218.921
718.608,307.056,82.813,219.950
714.296,304.257,82.276,219.463
714.472,306.684,81.899,219.149
713.320,309.137,82.367,218.892
717.084,311.509,81.822,218.829
717.139,313.394,81.390,219.881
712.741,316.171,82.568,220.801
713.870,316.640,82.986,221.058
715.194,319.349,83.056,222.075
709.687,315.754,85.114,220.782
711.125,322.309,85.900,221.847
709.480,319.401,86.903,220.793
704.846,313.130,89.194,216.922
708.968,318.953,88.769,215.140
706.910,318.612,88.449,213.228
705.140,318.386,88.334,210.169
700.704,323.755,88.892,209.460
695.413,323.449,89.654,207.692
683.805,323.569,93.094,204.351
686.343,331.188,92.119,205.069
678.120,328.481,92.773,204.434
673.485,329.684,93.681,205.031
675.178,333.106,92.302,205.971
669.006,332.463,91.586,206.230
663.515,333.100,91.938,206.628
660.579,335.554,91.928,207.170
660.580,338.535,91.393,208.500
652.970,340.123,91.546,209.095
653.153,340.711,91.023,210.240
654.880,343.167,89.716,211.217
650.818,345.453,89.177,212.082
645.888,346.660,88.707,213.314
651.861,346.768,86.930,214.492
647.770,348.786,86.522,215.787
649.271,347.630,85.578,216.402
650.802,349.405,84.570,216.600
651.379,352.496,83.646,217.467
650.664,350.456,82.417,217.781
651.538,355.439,81.075,218.345
651.090,353.015,79.811,218.541
649.841,356.385,79.364,218.861
649.615,358.672,78.842,218.408
646.161,365.790,78.611,216.858
648.538,366.964,78.139,215.158
648.572,374.518,77.656,211.134
648.154,367.053,76.666,210.615
650.444,370.065,75.342,209.640
649.680,373.760,74.357,209.274
651.657,378.106,74.216,208.304
652.378,372.610,73.791,208.978
655.704,374.256,72.989,210.498
656.125,381.875,72.557,211.041
657.206,391.952,72.005,210.376
657.309,390.880,71.344,210.837
658.270,398.842,70.873,211.741
657.421,399.223,70.588,211.056
656.004,404.078,70.455,209.205
655.439,405.674,70.371,207.329
655.749,408.256,70.152,205.115
653.869,408.792,70.218,203.169
651.938,418.371,70.595,198.382
650.247,423.305,71.230,194.154
649.122,426.343,71.257,191.587
648.370,429.770,71.632,188.359
646.220,433.329,72.002,185.456
643.967,436.310,72.338,183.111
641.372,435.613,72.437,181.666
640.881,443.274,72.853,178.261
638.805,446.290,72.850,176.365
637.146,449.886,72.799,175.422
639.680,455.417,72.454,175.359
642.117,459.259,72.417,175.717
639.646,458.087,72.496,175.419
641.891,466.174,71.802,176.270
643.502,467.407,71.312,176.451
645.228,469.213,71.001,176.795
642.068,471.249,71.468,176.897
643.337,475.818,71.786,177.818
643.267,476.676,72.663,177.181
639.917,468.130,73.475,178.492
644.879,486.845,73.531,180.816
646.323,497.142,73.806,182.655
648.176,503.845,74.101,184.419
648.581,503.016,74.297,185.324
649.467,505.293,73.791,185.327
652.006,509.528,72.707,185.405
652.181,502.825,72.255,185.073
651.770,510.776,72.132,184.075
653.483,520.726,71.547,182.310
651.389,518.923,70.847,182.433
653.441,530.441,69.709,180.783
652.600,529.114,69.761,180.985
654.326,537.606,69.635,180.768
654.244,535.798,69.771,181.371
655.981,540.253,70.217,181.322
652.544,533.197,69.767,182.328
650.656,528.506,69.049,183.429
648.928,529.993,68.656,183.558
649.826,533.051,68.399,183.679
650.545,533.528,68.463,183.662
649.438,531.840,69.078,183.455
652.131,535.347,69.477,183.162
649.029,534.426,70.143,182.836
648.545,536.128,70.595,182.498
646.076,535.181,70.827,182.164
646.565,542.717,70.524,181.166
646.138,540.479,69.686,181.015
645.111,544.880,68.237,180.117
647.591,545.661,67.533,179.496
650.315,547.465,67.764,179.169
647.272,545.741,68.018,178.510
649.504,546.307,67.955,178.308
648.598,546.294,67.994,177.499
648.750,546.616,68.267,177.270
646.691,538.770,68.282,178.291
646.855,536.227,68.139,179.134
645.014,527.133,68.085,180.812
643.676,517.512,67.648,182.982
631.439,506.597,65.538,185.358
643.852,508.400,65.223,186.367
638.364,497.422,64.679,188.397
646.434,506.949,65.016,189.418
646.166,497.739,65.177,190.393
648.957,500.601,65.497,191.172
647.617,494.298,65.825,192.423
646.478,485.007,65.794,194.547
647.306,462.390,65.447,196.121
646.483,445.636,65.135,197.709
644.719,424.055,64.940,199.123
641.992,387.021,64.862,201.258
641.543,378.281,64.690,203.169
642.223,368.651,64.418,206.155
640.572,349.318,64.199,209.845
641.480,340.811,64.159,212.244
640.116,326.001,63.758,214.936
642.789,322.186,63.669,217.000
640.839,307.591,63.286,219.259
642.027,304.422,63.157,222.612
641.941,300.486,63.411,225.622
641.674,299.467,63.648,228.338
641.321,295.302,64.082,229.562
640.905,297.996,64.503,231.890
639.918,293.877,64.795,233.169
640.022,298.686,64.767,234.622
640.055,304.935,64.462,236.293
641.038,311.599,64.259,238.014
639.427,318.017,63.633,238.373
640.564,329.834,63.310,238.937
639.502,337.773,63.013,239.490
638.984,348.959,62.985,239.917
639.192,360.048,62.915,240.252
639.460,371.899,62.925,240.168
638.912,384.276,62.597,240.820
638.100,392.179,62.559,241.387
638.655,411.236,62.604,242.384
637.220,415.836,62.498,243.679
637.250,443.886,62.479,246.631
636.501,449.670,62.507,249.291
634.385,452.833,62.715,251.046
634.938,460.959,63.206,251.013
633.270,465.156,63.554,251.303
635.048,475.659,63.362,249.000
634.615,482.907,63.641,245.802
634.186,485.733,63.353,241.835
633.737,491.775,63.080,237.514
633.993,490.981,62.791,234.986
634.687,493.961,62.959,232.034
633.693,495.017,62.448,230.878
635.448,494.900,62.435,229.195
633.407,496.894,62.963,227.527
632.451,491.465,63.028,227.280
630.986,493.375,62.935,226.653
630.296,491.492,62.988,226.120
630.841,486.701,62.931,225.903
631.943,482.360,62.836,226.496
632.588,481.499,63.359,226.759
633.137,485.318,63.795,226.124
633.802,484.603,64.118,225.785
634.002,488.044,64.494,225.012
635.502,489.379,64.974,223.002
636.358,492.081,65.481,222.424
634.360,483.641,65.478,221.635
634.139,478.822,65.510,222.139
634.393,476.052,65.653,222.191
633.757,470.298,65.393,222.937
633.303,468.502,65.399,224.170
632.719,469.179,65.769,225.613
631.437,466.718,66.311,226.029
632.010,455.515,66.311,225.773
632.050,458.597,66.564,224.821
632.082,454.878,66.467,222.133
630.370,457.381,66.371,218.863
630.614,471.536,66.477,219.452
630.758,463.930,66.799,215.009
629.571,475.188,66.622,213.223
630.539,481.315,66.591,212.740
629.198,476.284,65.758,210.840
629.046,480.033,65.271,211.723
629.685,491.368,64.897,213.580
628.340,500.966,65.153,212.105
627.938,500.245,65.370,211.917
628.245,499.292,65.225,213.328
626.443,506.125,65.067,210.580
624.103,505.022,64.993,210.143
625.751,504.636,64.874,209.401
624.918,518.061,64.587,206.676
625.068,517.915,64.405,205.160
627.701,529.096,64.868,201.871
625.935,538.138,65.424,198.115
626.082,539.449,65.366,194.263
624.317,538.086,65.435,191.431
627.089,541.869,65.361,188.704
625.004,546.079,65.505,185.208
623.399,549.711,65.685,181.543
621.895,555.741,65.974,178.489
623.307,560.041,66.510,174.931
619.059,566.202,67.659,171.137
619.832,571.381,68.336,166.886
614.311,576.406,69.585,162.146
610.586,580.711,71.047,157.256
604.995,585.420,72.740,152.286
610.715,588.355,73.077,148.366
609.953,591.609,73.555,144.392
605.760,594.907,74.381,141.169
599.843,597.201,75.429,137.837
603.525,600.428,75.949,134.313
610.565,591.799,74.821,132.905
607.805,593.037,74.391,131.916
608.360,593.933,74.273,131.535
607.134,589.429,74.184,131.547
612.027,584.786,72.906,132.711
608.662,585.774,72.483,132.977
610.252,583.095,71.248,133.533
611.799,577.519,69.964,135.183
610.450,573.237,69.316,136.894
610.809,565.231,68.278,139.428
613.408,572.114,67.499,141.567
613.624,571.046,66.245,143.293
613.955,567.618,64.963,145.473
615.788,567.935,62.992,146.649
615.055,560.676,61.423,147.933
615.179,554.740,60.112,149.652
615.319,543.801,58.952,150.995
615.263,544.269,58.318,153.469
614.664,533.816,57.648,154.110
614.961,524.153,56.950,155.691
615.912,524.994,56.085,157.216
616.865,515.114,55.557,157.085
616.686,512.794,54.456,157.427
616.084,507.078,53.806,158.315
615.424,500.107,53.422,158.569
616.075,496.906,53.343,158.326
616.411,493.257,52.804,158.013
616.052,488.299,52.305,157.692
614.753,482.938,51.676,158.155
614.661,478.934,51.117,158.877
615.131,474.485,50.621,158.422
614.669,469.825,50.160,158.366
614.451,469.125,50.424,157.854
614.189,461.764,50.699,156.676
613.627,461.931,50.952,155.735
613.036,458.678,50.727,155.786
611.814,454.886,51.325,154.351
610.472,453.237,51.798,153.201
609.864,449.700,52.203,152.866
610.327,448.347,52.401,152.235
608.217,446.229,52.998,151.104
610.214,446.737,52.408,149.968
611.207,446.565,51.995,149.262
611.393,445.733,51.183,148.728
611.671,446.287,50.646,148.117
610.068,444.057,50.080,147.463
610.550,443.717,49.376,145.998
608.222,444.245,49.874,144.808
605.949,443.406,50.586,142.896
605.284,441.780,50.889,141.799
607.072,441.749,50.991,140.702
606.321,441.291,50.967,140.042
605.124,443.442,51.686,138.736
604.533,442.808,52.036,137.520
604.516,442.318,52.136,135.774
604.449,441.980,52.052,135.149
606.443,443.311,50.850,133.993
606.598,444.035,49.980,133.335
606.545,442.679,49.225,131.689
607.001,444.030,48.618,130.906
605.899,443.138,48.130,129.982
605.578,444.229,47.604,129.450
603.761,444.580,47.849,128.488
603.656,444.106,47.573,127.349
604.822,444.979,46.801,126.723
604.725,444.627,46.307,125.628
604.123,444.346,46.209,124.580
603.675,445.444,45.785,123.739
602.308,444.710,45.678,122.881
603.162,445.905,45.248,122.209
603.020,445.271,44.858,120.983
603.778,445.999,44.410,120.410
602.866,444.375,44.216,119.309
602.225,445.237,44.073,118.538
601.349,445.123,44.016,117.496
601.249,447.730,43.594,116.892
600.975,448.702,43.384,116.048
600.864,449.556,43.157,115.346
601.065,451.934,42.784,114.443
600.817,453.902,42.346,113.831
600.714,455.947,42.058,113.107
599.596,458.581,42.162,112.532
600.654,460.473,41.645,111.853
599.263,461.664,41.514,111.116
600.008,464.264,40.933,110.672
597.915,466.042,40.809,109.682
598.684,467.229,40.249,108.949
598.488,469.525,39.964,108.546
597.401,471.649,40.050,107.600
596.443,473.840,40.072,107.045
596.716,475.944,39.780,106.429
596.662,476.768,39.645,105.518
597.237,479.891,39.389,105.158
597.029,480.911,39.050,104.611
595.585,484.844,39.017,103.981
594.727,487.358,38.985,103.307
594.563,489.058,38.913,102.519
594.568,491.096,38.584,101.974
594.036,493.058,38.316,101.381
594.756,494.274,37.812,100.729
594.107,497.070,37.513,100.273
591.717,498.476,37.720,99.827
591.801,500.380,37.926,99.386
590.817,501.460,38.136,98.857
590.081,502.616,38.466,98.109
589.715,502.913,38.698,97.554
588.861,503.024,38.664,97.002
589.330,503.705,38.859,96.461
586.701,503.530,39.464,95.914
587.235,501.898,39.623,95.270
587.083,501.979,39.333,94.978
586.701,502.561,39.134,94.689
585.018,501.334,39.278,94.082
585.522,500.999,39.185,93.391
584.828,500.431,39.156,92.700
586.428,498.804,38.643,91.874
586.790,496.913,38.487,91.071
588.750,495.200,38.555,90.607
592.143,492.893,38.964,89.924
599.134,491.380,39.157,89.338
607.523,490.284,39.497,88.720
616.631,486.645,39.695,88.310
627.544,486.853,40.093,87.495
638.915,484.349,40.633,86.347
650.509,482.816,41.020,85.324
660.853,481.439,41.250,84.417
667.009,480.274,41.065,83.656
671.832,478.725,40.899,83.546
677.132,476.733,40.310,83.098
680.575,474.730,39.553,82.788
683.672,473.628,38.548,82.969
686.018,472.245,37.503,82.985
687.369,470.368,36.580,83.107
688.911,468.855,35.771,83.048
690.184,466.953,35.371,83.214
690.549,465.412,35.303,83.387
690.807,463.536,35.015,83.087
690.699,462.714,34.595,83.196
690.424,460.099,34.338,82.729
691.029,459.281,33.956,82.184
690.050,457.915,33.870,81.976
690.854,454.417,33.533,81.118
689.166,453.809,33.658,80.331
690.375,452.789,33.374,79.580
690.071,452.102,33.114,78.845
689.776,453.381,32.986,78.172
688.974,455.417,33.070,77.809
689.688,456.456,32.810,77.068
688.748,459.012,32.838,76.847
688.098,460.005,33.062,76.511
688.416,461.906,32.996,76.366
688.444,463.050,32.815,76.413
688.930,464.944,32.600,76.440
688.532,466.107,32.446,76.314
687.456,467.001,32.565,76.039
687.968,469.652,32.623,76.322
688.774,470.330,32.467,76.084
688.068,472.122,32.366,75.787
688.158,475.683,32.223,75.168
688.411,478.555,32.183,75.015
687.872,482.281,32.260,75.021
688.077,485.066,32.248,74.974
687.666,489.486,32.229,74.490
688.248,491.584,32.224,73.981
687.391,496.639,32.358,73.697
688.763,502.087,32.127,73.240
687.433,504.530,32.167,72.606
688.045,509.957,31.962,72.065
686.223,513.224,32.271,71.597
686.135,515.967,32.478,71.238
685.252,515.465,32.858,70.901
686.330,513.516,32.880,70.737
686.348,512.807,32.878,70.449
686.019,511.047,32.916,70.197
686.106,510.104,33.002,70.146
686.186,508.993,32.898,69.977
685.288,507.918,32.967,69.977
686.414,506.296,32.877,69.970
685.543,505.793,32.815,70.111
684.646,503.771,32.822,70.460
685.547,503.699,32.662,70.703
685.409,499.820,32.673,70.590
685.064,500.520,32.694,70.445
686.064,497.242,32.646,69.851
685.534,495.399,32.628,69.168
684.922,495.985,32.588,68.660
685.221,494.805,32.402,68.359
684.809,493.050,32.424,67.925
685.064,491.553,32.240,67.270
684.753,491.159,32.055,66.719
684.773,490.782,32.004,66.118
684.223,490.401,32.075,65.668
684.234,488.537,32.082,65.166
684.420,486.353,31.899,64.533
685.386,486.267,31.664,64.036
684.598,486.624,31.637,63.709
684.317,484.634,31.489,63.522
684.469,484.020,31.527,63.496
685.395,482.780,31.540,63.419
685.192,481.498,31.445,63.224
684.285,480.046,31.328,63.050
684.168,479.778,31.329,63.160
684.297,478.519,31.299,63.309
683.531,477.764,31.262,63.337
686.045,475.380,31.322,63.107
684.787,473.314,31.259,62.980
685.825,471.356,31.217,62.777
685.411,469.830,31.164,62.469
684.281,468.500,30.893,62.067
683.814,468.954,30.754,61.667
685.185,467.260,30.749,61.294
684.755,466.170,30.504,60.745
684.540,464.781,30.351,60.285
685.586,463.695,30.527,60.051
684.910,462.343,30.421,59.718
685.179,461.419,30.264,59.132
684.887,460.352,30.052,58.776
685.577,459.095,30.093,58.229
684.865,459.166,29.765,57.717
684.853,457.939,29.571,57.397
685.801,456.693,29.478,57.358
684.698,456.108,29.073,57.081
684.981,455.241,29.003,57.016
685.845,454.843,28.811,57.006
684.104,452.573,28.470,56.721
683.888,452.385,28.206,56.703
685.110,450.737,28.125,56.376
683.718,449.850,28.067,56.182
686.291,449.225,28.131,55.997
684.528,448.442,28.066,55.638
684.065,446.477,27.904,55.039
685.181,446.105,27.834,54.568
684.692,445.896,27.403,54.090
685.275,445.262,27.245,53.363
685.371,445.075,27.093,52.927
684.907,444.037,26.753,52.589
685.465,443.114,26.785,52.279
686.896,441.851,26.913,52.139
684.391,441.607,26.809,51.766
684.338,440.012,26.694,51.474
684.163,439.891,26.604,51.323
684.706,440.487,26.415,51.210
684.914,438.591,26.347,50.925
684.421,438.064,26.087,50.957
684.376,436.946,25.958,50.896
684.129,436.404,25.805,50.769
683.050,434.890,25.735,50.574
684.579,433.445,25.781,50.500
685.251,433.187,25.788,50.488
684.430,431.970,25.581,50.341
685.775,430.341,25.548,50.211
683.227,431.225,25.302,50.187
685.033,429.737,25.407,49.994
685.113,428.468,25.438,49.904
685.922,427.094,25.492,49.850
683.968,426.838,25.318,49.448
683.545,425.789,25.236,49.035
685.130,425.668,25.177,48.635
684.336,425.126,24.970,48.517
683.812,423.879,24.845,48.483
683.087,424.321,24.761,48.315
683.500,422.725,24.910,47.976
683.715,422.192,24.942,47.740
684.694,420.441,25.286,47.480
682.769,420.795,25.288,47.403
683.694,419.733,25.367,47.231
683.858,416.509,25.436,46.976
683.189,418.691,25.349,46.941
683.412,417.457,25.204,46.852
682.202,417.550,24.741,46.734
682.628,417.136,24.375,46.600
682.295,417.393,24.422,46.479
683.438,414.253,24.461,46.095
683.253,414.515,24.547,45.764
682.610,415.080,24.440,45.653
683.118,413.765,24.476,45.423
682.076,413.377,24.384,45.252
683.263,412.946,24.575,45.035
683.112,413.138,24.614,44.941
681.940,411.589,24.540,44.876
682.751,411.838,24.701,44.921
681.913,409.852,24.762,44.654
681.948,408.601,24.875,44.455
682.469,407.717,24.858,44.062
681.467,407.801,24.936,43.921
682.210,406.987,24.990,43.695
680.990,407.047,25.036,43.576
681.795,406.411,24.924,43.411
682.538,405.228,24.926,43.139
681.461,405.695,24.904,43.112
681.762,405.011,24.820,42.946
682.239,404.661,24.943,42.901
681.481,403.923,25.023,42.893
680.629,402.403,25.001,42.503
681.007,402.334,24.964,42.317
679.852,402.117,24.915,42.109
680.092,401.102,24.850,41.932
680.323,399.497,24.748,41.804
679.738,399.604,24.552,41.540
680.599,399.891,24.485,41.572
679.697,400.878,24.481,41.847
680.865,399.143,24.531,41.906
680.765,396.549,24.387,41.554
679.310,396.222,24.349,41.323
680.395,395.263,24.369,41.034
681.322,394.727,24.423,40.678
680.676,394.771,24.419,40.624
679.948,394.952,24.395,40.602
680.624,390.472,24.358,40.508
679.987,390.731,24.170,40.481
679.657,390.677,24.141,40.218
680.322,390.256,24.037,40.079
680.055,389.355,23.843,40.075
679.304,390.200,23.626,39.985
680.403,386.659,23.770,39.729
680.010,385.375,23.847,39.106
680.268,388.333,23.753,38.808
680.346,386.893,23.832,38.705
680.299,387.799,23.776,38.678
681.069,386.835,23.843,38.628
680.297,386.617,23.717,38.661
680.726,386.438,23.821,38.747
681.167,384.107,23.840,38.880
682.000,383.426,23.996,38.954
682.136,381.563,24.239,38.772
680.757,384.264,24.405,38.778
682.108,382.453,24.714,38.609
679.343,382.559,24.690,38.461
680.522,382.582,24.759,38.242
681.471,381.938,25.072,37.987
681.243,381.461,25.398,37.778
680.711,380.670,25.716,37.637
681.041,381.008,26.001,37.457
680.848,381.135,26.251,37.369
681.124,381.151,26.577,37.253
680.924,380.009,26.783,37.164
680.407,380.089,26.950,37.089
679.913,380.639,27.032,37.097
679.131,378.974,27.092,36.912
679.654,379.113,27.222,36.814
679.127,380.460,27.230,36.789
678.513,378.180,27.323,36.857
679.004,377.678,27.441,36.920
677.638,377.453,27.411,37.026
681.271,377.489,27.638,36.939
678.665,377.433,27.698,36.958
677.944,375.922,27.737,37.078
678.642,379.349,27.922,37.141
677.271,375.380,27.756,37.244
680.482,377.130,27.919,37.221
680.420,376.561,28.185,37.073
679.084,379.172,28.387,36.882
678.830,378.370,28.535,36.765
677.135,373.076,28.462,36.906
676.411,374.064,28.514,36.951
676.772,370.679,28.473,37.210
677.011,368.881,28.412,37.340
678.578,370.939,28.610,37.064
679.165,370.420,28.811,36.778
678.415,367.773,28.902,36.665
679.561,366.761,29.170,36.343
678.021,367.315,29.198,36.229
676.016,364.142,28.932,36.437
677.208,361.326,28.995,36.437
679.100,361.763,29.178,36.395
676.675,358.910,29.099,36.601
676.178,355.914,29.083,36.745
675.903,356.464,29.230,36.701
674.328,350.005,28.906,36.824
676.212,347.419,28.829,37.015
675.740,345.660,28.515,37.079
674.581,345.512,28.290,37.222
674.787,346.006,28.125,37.415
674.886,347.309,28.134,37.579
675.270,341.838,28.163,37.704
674.481,342.525,28.378,37.662
674.817,341.747,28.441,37.541
675.490,339.351,28.496,37.475
674.691,332.657,28.509,37.404
675.975,331.285,28.402,37.557
675.418,330.255,28.373,37.479
674.707,329.334,28.319,37.579
674.482,329.664,28.035,37.618
673.003,327.992,27.686,37.300
674.386,328.313,27.522,37.199
673.960,326.819,27.333,37.153
673.749,327.092,27.166,36.975
673.181,326.619,27.016,36.904
672.534,325.914,26.741,36.681
673.650,325.422,26.419,36.417
673.051,327.094,26.146,36.551
673.563,325.107,25.892,36.348
672.596,322.977,25.793,36.207
673.848,322.954,25.654,36.032
674.286,321.538,25.716,36.018
674.609,322.376,25.482,36.034
673.697,320.419,25.139,35.818
671.792,320.617,24.885,35.472
672.473,320.300,24.721,35.107
672.752,319.784,24.637,34.915
671.728,319.520,24.420,34.646
673.441,319.408,24.351,34.477
672.402,319.090,24.195,34.205
672.221,319.021,23.855,33.886
672.474,319.228,23.749,33.657
671.815,318.735,23.565,33.481
671.797,317.661,23.492,33.248
671.398,317.666,23.498,33.090
671.137,316.419,23.297,32.764
671.714,316.532,22.948,32.602
671.868,316.036,22.698,32.411
672.046,314.970,22.433,32.188
672.038,314.385,22.270,32.048
673.059,314.327,22.184,32.027
672.621,314.318,22.065,32.006
673.194,313.451,22.111,32.046
672.254,313.259,22.079,32.095
671.844,314.572,22.051,32.239
671.439,315.273,22.100,32.424
669.162,316.301,22.224,32.662
666.701,322.203,22.296,32.990
664.515,324.168,22.405,33.440
663.710,322.960,22.514,33.825
665.466,324.346,22.903,34.103
664.628,323.518,23.332,34.533
662.373,323.553,23.578,34.798
663.826,322.350,23.725,34.966
663.543,320.012,23.893,35.398
664.260,317.074,24.212,35.706
664.458,314.704,24.453,36.125
662.321,313.705,24.776,36.443
663.154,313.602,25.156,36.775
664.785,312.531,25.221,37.116
661.801,311.351,25.496,37.582
659.069,311.527,25.985,38.045
660.659,309.917,26.265,38.682
657.952,308.554,26.609,39.119
656.658,309.316,26.763,39.451
659.546,307.422,27.110,39.899
657.569,308.209,27.419,39.954
657.329,305.698,27.709,40.278
658.886,304.897,27.698,40.422
657.418,305.316,27.826,40.627
656.712,305.093,28.077,40.728
657.560,304.542,28.260,40.851
654.958,304.216,28.486,40.922
655.990,303.994,28.723,41.037
655.966,303.427,28.730,41.232
655.645,302.558,28.726,41.359
656.152,301.438,28.807,41.425
655.824,301.135,28.960,41.507
654.736,302.515,28.899,41.653
656.832,302.130,29.112,41.611
657.095,301.421,29.170,41.601
652.638,304.257,29.253,41.723
654.014,301.821,29.338,41.841
656.003,302.412,29.355,42.006
655.881,302.544,29.443,42.160
656.079,301.615,29.397,42.321
658.129,301.281,29.427,42.432
655.755,297.753,29.411,42.747
655.938,296.904,29.435,42.875
654.299,297.971,29.271,43.012
653.339,299.167,29.242,43.128
654.202,297.413,29.258,43.165
654.395,295.008,29.260,43.314
655.291,293.846,29.338,43.249
656.872,292.739,29.404,43.163
657.753,291.551,29.451,43.192
660.646,289.211,29.636,43.144
659.656,288.655,29.887,43.164
654.579,289.218,30.071,43.026
658.127,288.841,30.382,42.843
661.612,287.831,30.629,42.806
654.952,286.912,30.898,42.739
653.286,286.986,30.956,42.784
657.205,286.875,31.326,42.614
657.883,284.780,31.609,42.601
658.061,285.906,31.834,42.681
657.301,284.551,32.065,42.683
657.686,284.591,32.271,42.711
658.702,284.033,32.458,42.729
662.350,282.870,32.714,42.693
660.650,280.477,32.785,42.888
661.127,280.165,32.901,43.062
659.385,281.037,33.145,43.029
661.008,281.624,33.552,42.858
661.500,281.326,33.893,42.740
657.530,280.725,34.257,42.641
657.823,280.478,34.506,42.558
658.204,280.545,34.756,42.457
658.009,280.251,34.991,42.358
658.919,280.435,35.204,42.312
657.452,279.989,35.374,42.301
655.490,280.224,35.623,42.237
653.907,279.903,35.837,42.117
657.409,278.393,36.067,42.069
657.837,277.989,36.236,42.043
651.322,279.537,36.417,41.876
659.346,278.382,36.663,41.797
656.385,278.299,36.761,41.843
659.444,279.486,37.053,41.730
656.889,278.877,37.281,41.723
659.259,279.111,37.550,41.567
658.254,276.562,37.685,41.599
657.322,276.234,37.836,41.671
660.200,276.068,37.976,41.662
659.497,277.804,38.194,41.582
659.238,275.249,38.292,41.681
656.905,272.900,38.386,41.737
654.788,271.290,38.478,41.798
656.502,271.787,38.633,41.840
655.938,271.655,38.705,41.946
655.096,272.679,38.897,41.885
656.703,271.510,39.022,41.951
655.824,270.933,39.132,42.041
653.829,272.987,39.227,42.133
652.512,273.110,39.334,42.204
648.055,274.140,39.604,42.139
647.511,273.708,40.067,41.974
644.322,272.590,40.371,41.908
644.218,271.462,40.596,41.869
641.489,271.417,40.878,41.792
639.529,271.681,41.116,41.729
638.464,271.187,41.499,41.610
635.994,272.095,41.938,41.438
634.208,273.117,42.176,41.399
633.125,274.244,42.334,41.395
626.414,278.009,42.258,41.441
623.988,281.302,42.051,41.609
623.521,282.065,42.010,41.756
622.864,283.535,41.877,42.009
617.450,286.313,41.754,42.368
617.456,285.463,41.633,42.543
616.368,287.014,41.445,42.862
614.402,285.810,41.371,43.008
614.036,288.323,41.289,43.178
616.393,289.000,41.185,43.354
616.710,288.088,41.087,43.480
617.748,290.728,40.808,43.819
619.646,289.369,40.710,43.945
617.858,292.637,40.473,44.273
615.900,292.422,40.459,44.323
616.113,295.939,40.305,44.535
612.853,294.255,40.315,44.536
614.637,293.659,40.239,44.673
615.294,294.007,40.128,44.861
616.424,298.182,39.950,45.175
617.109,297.812,39.791,45.405
618.258,298.115,39.588,45.696
620.560,296.981,39.460,45.815
621.930,300.534,39.191,46.210
621.499,300.766,39.008,46.572
621.067,301.226,38.843,46.880
620.522,300.360,38.724,47.087
619.515,303.917,38.583,47.385
619.884,302.618,38.482,47.500
620.095,303.399,38.397,47.688
618.740,305.404,38.250,47.932
624.716,305.514,38.130,48.124
624.393,304.984,38.102,48.269
623.594,306.329,37.999,48.524
624.374,308.082,37.849,48.849
624.284,308.158,37.764,49.021
623.804,311.348,37.648,49.288
622.720,310.883,37.551,49.582
622.768,312.218,37.516,49.847
621.609,314.536,37.383,50.185
620.889,315.431,37.212,50.532
622.228,316.340,36.874,51.098
623.547,314.633,36.718,51.463
624.243,316.397,36.651,51.762
624.571,316.964,36.714,51.898
624.093,316.236,36.729,52.101
625.473,315.744,36.743,52.355
624.358,316.177,36.799,52.572
624.354,316.736,36.836,52.769
625.475,315.571,36.680,53.136
624.239,320.137,36.595,53.310
626.053,321.847,36.514,53.679
624.639,323.050,36.332,54.088
623.259,324.410,36.288,54.407
624.289,326.725,36.106,54.760
623.512,327.728,36.123,54.989
624.082,328.804,35.768,55.371
624.866,330.334,35.436,55.728
622.991,329.117,35.602,55.736
624.569,329.705,35.475,55.840
623.372,330.236,35.347,55.963
623.453,332.984,35.207,56.075
624.230,333.177,35.198,56.153
623.402,334.090,35.123,56.162
620.140,335.422,35.254,56.138
623.073,336.349,35.468,56.053
622.658,335.987,35.386,55.952
622.015,338.730,35.397,55.832
621.626,338.810,35.363,55.745
623.815,339.989,35.273,55.562
623.565,339.847,35.272,55.348
622.230,339.596,35.303,55.060
624.100,342.113,35.172,54.876
624.650,342.632,35.051,54.603
625.267,344.624,34.962,54.441
623.299,345.293,34.882,54.243
624.867,346.722,34.736,54.034
624.845,348.088,34.626,53.985
624.220,350.027,34.590,53.823
626.534,351.625,34.337,53.730
625.901,352.869,34.135,53.616
624.241,354.430,33.868,53.523
625.915,353.524,33.720,53.381
625.972,355.092,33.562,53.340
624.387,357.029,33.470,53.118
624.734,358.277,33.319,52.863
625.689,362.737,33.069,52.864
624.693,365.406,32.935,52.733
625.404,367.924,32.901,52.691
625.699,370.773,32.728,52.632
624.099,374.564,32.655,52.432
624.571,378.179,32.525,52.370
624.532,381.488,32.347,52.279
625.236,383.400,32.111,52.146
625.258,386.406,31.874,52.029
625.561,388.990,31.548,52.001
625.252,390.473,31.279,51.823
624.436,392.338,31.166,51.643
625.434,394.726,30.941,51.658
625.701,396.195,30.601,51.697
624.693,397.483,30.477,51.614
625.138,399.758,30.215,51.582
625.024,399.251,30.033,51.513
625.001,400.983,29.869,51.403
625.770,402.366,29.630,51.388
624.102,403.943,29.579,51.351
625.385,404.855,29.395,51.192
625.351,408.120,29.231,51.316
625.242,407.877,29.049,51.257
625.235,409.214,28.950,51.331
625.476,412.225,28.824,51.616
624.697,413.600,28.725,51.840
624.119,414.105,28.658,52.133
625.353,417.202,28.492,52.451
624.776,417.309,28.411,52.704
625.462,419.402,28.206,53.050
625.058,419.562,28.174,53.206
625.365,421.403,28.103,53.409
625.717,421.963,27.961,53.537
625.645,423.389,27.859,53.692
625.865,424.842,27.768,53.831
626.152,426.194,27.712,53.947
626.127,427.525,27.644,54.002
626.586,428.586,27.606,54.064
627.630,429.932,27.557,54.102
627.702,429.593,27.533,54.061
627.755,431.608,27.567,54.071
627.875,432.772,27.550,54.065
628.388,433.543,27.496,54.084
629.365,435.560,27.510,54.111
628.754,435.799,27.564,53.975
628.266,437.621,27.649,53.992
627.848,437.839,27.644,54.092
628.673,437.736,27.773,54.190
628.391,439.320,27.918,54.357
628.061,437.723,27.992,54.625
626.653,435.555,27.992,54.924
626.012,433.230,28.023,55.257
625.532,428.830,27.925,55.616
625.268,425.443,27.847,56.036
625.772,419.393,27.788,56.303
625.781,415.260,27.767,56.729
626.702,411.754,27.604,57.234
626.238,405.700,27.445,57.531
626.089,401.898,27.302,58.014
626.097,397.791,27.186,58.538
626.411,389.650,27.132,59.032
626.552,384.776,26.926,59.551
626.975,379.685,26.720,60.113
627.116,372.291,26.611,60.494
627.366,367.944,26.552,60.750
627.502,358.687,26.362,61.155
627.286,352.059,26.216,61.366
626.768,348.544,26.137,61.667
627.185,340.467,26.032,61.928
627.451,334.911,25.970,62.151
626.785,328.489,25.887,62.239
627.306,323.370,25.872,62.340
627.458,317.898,25.868,62.152
626.450,315.371,25.913,62.121
626.944,313.844,25.925,62.167
627.213,311.188,25.936,62.062
626.778,310.447,25.903,62.113
626.433,309.228,25.939,62.142
626.656,309.112,25.949,62.207
626.427,306.316,25.998,62.036
626.925,305.889,26.102,61.758
626.299,305.858,26.167,61.646
626.528,307.395,26.164,61.540
626.315,305.762,26.125,61.341
626.789,306.861,26.087,61.166
626.806,306.585,25.982,60.965
626.696,306.988,25.943,60.750
627.513,306.452,25.934,60.493
627.002,307.907,25.944,60.321
626.580,308.305,25.952,60.130
626.644,308.829,25.916,59.967
627.098,309.838,25.910,59.873
627.307,311.012,25.891,59.849
626.688,311.199,25.934,59.823
626.837,312.602,25.906,59.829
627.120,312.695,26.007,59.838
627.380,312.792,26.082,59.835
628.062,313.606,26.132,59.906
628.014,314.738,26.217,59.982
628.434,313.984,26.319,60.027
628.180,315.798,26.424,60.109
628.154,317.391,26.542,60.187
628.043,318.333,26.701,60.165
628.226,318.855,26.877,60.139
627.378,320.998,27.029,60.193
626.998,322.645,27.164,60.299
627.265,323.740,27.269,60.475
626.080,323.608,27.429,60.515
626.078,325.387,27.571,60.596
626.152,327.597,27.730,60.673
626.425,330.389,27.887,60.814
626.107,328.940,27.981,60.929
625.832,332.268,28.063,61.115
625.478,329.903,28.157,61.205
625.000,330.897,28.247,61.201
624.817,329.805,28.250,61.376
624.047,329.757,28.293,61.530
624.229,329.889,28.379,61.616
624.252,330.718,28.481,61.766
624.329,329.491,28.592,61.767
623.991,331.660,28.610,61.949
624.087,331.241,28.646,62.065
624.389,331.346,28.693,62.211
624.483,330.777,28.737,62.345
623.651,332.436,28.883,62.423
624.161,332.429,29.019,62.495
623.780,337.471,29.066,62.770
623.633,337.171,29.096,63.031
623.978,337.977,29.165,63.244
623.800,340.210,29.148,63.518
623.936,341.309,29.213,63.747
623.978,341.123,29.185,64.042
624.149,344.886,29.237,64.354
623.477,349.195,29.335,64.768
622.986,349.477,29.462,65.001
623.367,350.037,29.521,65.303
622.878,353.077,29.544,65.689
623.018,355.146,29.528,66.083
623.280,357.976,29.493,66.479
622.196,360.927,29.459,66.797
623.010,363.108,29.483,67.088
622.182,364.698,29.577,67.289
622.769,365.239,29.619,67.461
622.030,367.355,29.664,67.714
622.229,369.880,29.674,67.956
622.665,374.649,29.642,68.303
621.945,376.630,29.661,68.450
621.876,376.702,29.680,68.686
622.563,379.043,29.628,69.059
622.273,382.488,29.606,69.393
621.989,385.165,29.700,69.735
621.812,387.453,29.792,69.926
