647.5,378.5,45,130
646.3307086614174,378.0,45.0,130.0
646.3307086614174,378.0,45.0,130.0
646.3307086614174,378.0,45.0,130.0
647.0,378.0,45.0,130.0
647.6692913385826,378.0,45.0,130.0
648.3385826771653,378.0,45.0,130.0
648.3385826771653,378.0,45.0,130.0
649.0078740157479,378.0,45.0,130.0
649.6771653543306,378.0,45.0,130.0
650.3464566929132,378.0,45.0,130.0
651.0157480314958,378.0,45.0,130.0
651.0157480314958,378.0,45.0,130.0
651.6850393700785,378.0,45.0,130.0
652.3543307086611,378.0,45.0,130.0
653.0236220472437,378.0,45.0,130.0
653.0236220472437,378.0,45.0,130.0
653.0236220472437,378.0,45.0,130.0
653.6929133858264,378.0,45.0,130.0
655.0314960629918,377.3307086614173,45.0,130.0
655.0314960629918,377.3307086614173,45.0,130.0
654.3516752129917,374.6974904228346,46.359641700000005,133.9278538
655.0411886940941,374.00797694173224,46.35964170000001,133.9278538
658.4100581896838,375.7725552584753,45.13801055763943,130.3986971665139
657.7387142006376,375.7725552584753,45.13801055763943,130.3986971665139
657.056808407202,373.13126119950385,46.5018221445107,134.33859730636422
657.056808407202,373.13126119950385,46.501822144510705,134.33859730636422
657.7484365580827,373.13126119950385,46.501822144510705,134.33859730636422
657.7375556365895,371.101790545979,47.90684028925871,138.397538613414
657.7375556365895,371.101790545979,47.90684028925871,138.397538613414
657.7375556365895,371.101790545979,47.90684028925871,138.397538613414
657.7375556365895,371.101790545979,47.90684028925871,138.397538613414
658.4500808202442,371.101790545979,47.90684028925871,138.397538613414
659.162606003899,371.101790545979,47.90684028925871,138.397538613414
659.8751311875537,371.101790545979,47.90684028925871,138.397538613414
659.8751311875537,371.101790545979,47.90684028925871,138.397538613414
659.8751311875537,370.38926536232424,47.90684028925871,138.397538613414
659.8751311875537,369.6767401786695,47.90684028925871,138.397538613414
660.5876563712085,369.6767401786695,47.90684028925871,138.397538613414
660.5876563712085,368.96421499501474,47.90684028925871,138.397538613414
662.643907561943,370.7876840404646,46.64443864240877,134.7506005225142
662.6439075619429,368.70643612203696,46.64443864240878,134.7506005225142
662.6439075619429,367.31893750975183,46.64443864240878,134.7506005225142
663.3376568680854,367.31893750975183,46.64443864240878,134.7506005225142
663.3376568680854,366.6251882036093,46.64443864240878,134.7506005225142
663.3376568680854,364.54394028518163,46.64443864240878,134.7506005225142
664.031406174228,363.8501909790391,46.64443864240878,134.7506005225142
664.031406174228,362.46269236675397,46.64443864240878,134.7506005225142
664.031406174228,361.76894306061143,46.64443864240878,134.7506005225142
664.031406174228,359.68769514218377,46.64443864240878,134.7506005225142
664.7251554803705,358.99394583604123,46.64443864240878,134.7506005225142
664.7251554803705,358.99394583604123,46.64443864240878,134.7506005225142
664.7251554803705,358.3001965298987,46.64443864240878,134.7506005225142
664.7251554803705,356.91269791761357,46.64443864240878,134.7506005225142
665.418904786513,356.21894861147103,46.64443864240878,134.7506005225142
668.1147206434964,357.9943671006318,45.415302765297504,131.19976354419273
667.439252448387,357.31889890552236,45.41530276529751,131.19976354419273
668.1147206434964,357.9943671006318,45.41530276529752,131.19976354419273
667.439252448387,356.643430710413,45.41530276529752,131.19976354419273
666.7531575655224,355.336847021691,46.787492531026935,135.1638673118555
666.7531575655224,353.9450930881347,46.787492531026935,135.1638673118555
666.7531575655224,352.55333915457834,46.787492531026935,135.1638673118555
667.4490345323006,353.24921612135654,46.787492531026935,135.1638673118555
667.4490345323006,353.24921612135654,46.787492531026935,135.1638673118555
667.4490345323006,353.24921612135654,46.787492531026935,135.1638673118555
667.4490345323006,353.24921612135654,46.787492531026935,135.1638673118555
667.4490345323006,353.24921612135654,46.787492531026935,135.1638673118555
668.1449114990788,353.24921612135654,46.787492531026935,135.1638673118555
669.4572412236106,356.4218335773121,45.55458701551978,131.60214026705708
670.7349895147718,358.155769249118,44.354170011961834,128.13426892344526
671.3946753329724,357.49608343091734,44.35417001196184,128.13426892344526
671.3946753329724,356.83639761271667,44.35417001196185,128.13426892344526
671.3946753329724,356.176711794516,44.35417001196185,128.13426892344526
671.3946753329724,355.5170259763153,44.35417001196185,128.13426892344526
670.7246111205595,352.9215991000332,45.69429843678747,132.00575103960816
670.7246111205595,352.2419813630031,45.69429843678748,132.00575103960816
670.7246111205595,350.88274588894296,45.694298436787484,132.00575103960816
670.0449933835295,350.2031281519129,45.694298436787484,132.00575103960816
670.7246111205595,349.5235104148828,45.694298436787484,132.00575103960816
670.7246111205595,348.84389267785275,45.694298436787484,132.00575103960816
670.7246111205595,348.84389267785275,45.694298436787484,132.00575103960816
670.7246111205595,348.1642749408227,45.694298436787484,132.00575103960816
671.4042288575896,347.4846572037926,45.694298436787484,132.00575103960816
672.0838465946197,347.4846572037926,45.694298436787484,132.00575103960816
672.7634643316497,346.80503946676254,45.694298436787484,132.00575103960816
672.7634643316497,345.4458039927024,45.694298436787484,132.00575103960816
672.7634643316497,344.7661862556723,45.694298436787484,132.00575103960816
672.7634643316497,344.08656851864225,45.694298436787484,132.00575103960816
673.4430820686798,342.7273330445821,45.694298436787484,132.00575103960816
674.1226998057099,341.36809757052197,45.694298436787484,132.00575103960816
674.1226998057099,340.6884798334919,45.694298436787484,132.00575103960816
674.1226998057099,339.32924435943175,45.694298436787484,132.00575103960816
674.1226998057099,338.6496266224017,45.694298436787484,132.00575103960816
674.80231754274,337.9700088853716,45.694298436787484,132.00575103960816
674.80231754274,337.29039114834154,45.694298436787484,132.00575103960816
675.48193527977,336.61077341131147,45.694298436787484,132.00575103960816
676.1615530168001,335.9311556742814,45.694298436787484,132.00575103960816
676.1615530168001,335.2515379372513,45.694298436787484,132.00575103960816
676.8411707538302,334.57192020022126,45.694298436787484,132.00575103960816
676.8411707538302,333.2126847261611,45.694298436787484,132.00575103960816
676.8411707538302,332.53306698913104,45.694298436787484,132.00575103960816
676.8411707538302,330.4942137780408,45.694298436787484,132.00575103960816
676.8411707538302,329.8145960410107,45.694298436787484,132.00575103960816
676.8411707538302,328.45536056695056,45.694298436787484,132.00575103960816
676.8411707538302,327.7757428299205,45.694298436787484,132.00575103960816
676.8411707538302,325.7368896188302,45.694298436787484,132.00575103960816
676.8411707538302,323.0184186707099,45.694298436787484,132.00575103960816
675.4712433100567,319.66495515494677,47.074917850274176,135.99420712301415
676.171395194094,318.26465138687206,47.07491785027418,135.99420712301418
676.171395194094,316.16419573476014,47.07491785027418,135.99420712301418
676.171395194094,314.7638919666855,47.07491785027418,135.99420712301418
678.1919387177097,313.75508816876595,45.834438339192005,132.41059964655457
677.5102366601715,311.7099819961511,45.834438339192005,132.41059964655457
677.5102366601715,308.98317376599795,45.834438339192005,132.41059964655457
676.8178098417043,305.619425508683,47.21929197612633,136.4112879310315
679.5468493535881,306.7144253513453,45.975008036842716,132.81668988421217
678.1792638126847,301.24408318773146,45.975008036842716,132.81668988421217
676.8009206190692,298.5538114170293,47.364108883169976,136.82964788471313
678.8338767627232,300.356622579116,46.1160088478792,133.2240255605398
677.4513063266019,294.91454042897317,47.509369929371324,137.2492909070726
676.7446927755964,292.0880862249511,47.509369929371324,137.2492909070726
677.4513063266019,289.261632020929,47.509369929371324,137.2492909070726
677.4513063266019,287.848404918918,47.509369929371324,137.2492909070726
678.7838837950512,288.2435180228558,46.25744209448365,133.6326104951749
677.3970731518884,283.47273899597,47.655076476861325,137.67022093315484
678.7337375038826,283.86906387279237,46.39930910289327,134.04244851946936
677.342673649382,280.46386025754435,47.80122989194846,138.09244191007323
678.6834374189895,280.1504461982995,46.5416112034127,134.45354347652548
677.9912174798311,276.68934650250765,46.5416112034127,134.45354347652548
677.9912174798311,274.61268668503254,46.5416112034127,134.45354347652548
678.6834374189895,273.9204667458742,46.5416112034127,134.45354347652548
678.6834374189895,271.15158698924074,46.5416112034127,134.45354347652548
678.6834374189895,269.767147110924,46.5416112034127,134.45354347652548
677.98032724813,264.96706019403,47.94783154513153,138.51595779704655
677.98032724813,264.25392534165275,47.94783154513153,138.51595779704655
677.2559731237596,258.5956724982518,49.396539793872336,142.70111496007556
676.5097331755434,256.439868203405,50.88901969030475,147.0127235497692
676.5097331755434,251.14171129776523,50.88901969030475,147.0127235497692
676.5097331755434,248.87107262391962,50.88901969030475,147.0127235497692
677.1802259681773,250.05117224469114,49.54803410503701,143.13876519232906
677.0961155958399,248.25243528920862,48.24238506880951,139.36689019878295
677.0961155958399,248.25243528920862,48.24238506880951,139.36689019878295
677.0961155958399,243.22982477023373,48.24238506880951,139.36689019878295
677.0961155958399,244.66485634708368,48.24238506880951,139.36689019878295
677.0961155958399,238.2072142512588,48.24238506880951,139.36689019878295
677.7317374192696,240.76097086292526,46.97114142194999,135.6944085522999
677.0221382795598,234.5193673770455,48.390339701369555,139.79431469284532
677.0221382795598,233.0799347000144,48.390339701369555,139.79431469284532
677.6597094923741,234.20209075407314,47.115197275741174,136.11056990769666
676.9479340821538,230.04359778328563,48.53874809618171,140.22305005563598
675.4216897505092,229.00342446675586,47.25969493461487,136.52800758888733
676.0443640529143,231.50516144001023,46.01434632980488,132.93033384165847
676.0443640529143,226.0301386046179,46.01434632980488,132.93033384165847
675.9662522998938,228.46595186309682,44.801814126997655,129.4274630335487
675.2999086077162,222.46885863349868,44.801814126997655,129.4274630335487
676.6221128539966,220.51358112388067,46.15546778750244,133.33801805278472
675.2491593065118,217.08119725516877,46.15546778750244,133.33801805278472
675.9356360802542,215.02176693394165,46.15546778750244,133.33801805278472
675.2491593065118,210.90290629148734,46.15546778750244,133.33801805278472
675.9356360802542,208.84347597026022,46.15546778750244,133.33801805278472
675.2491593065118,205.41109210154832,46.15546778750244,133.33801805278472
674.5626825327695,204.03813855406355,46.15546778750244,133.33801805278472
674.5626825327695,201.292231459094,46.15546778750244,133.33801805278472
673.1113776712289,201.6760847951482,44.939216868129314,129.8244042857068
675.1060242899063,197.04126143242905,46.29702205077936,133.74695259114029
674.4174421596672,194.97551504171184,46.29702205077936,133.74695259114029
675.1060242899063,192.22118652075557,46.29702205077936,133.74695259114029
674.4174421596672,190.15544013003836,46.29702205077936,133.74695259114029
674.4174421596672,188.77827586956022,46.29702205077936,133.74695259114029
674.4174421596672,184.6467830881258,46.29702205077936,133.74695259114029
675.1060242899063,181.89245456716958,46.29702205077936,133.74695259114029
675.1060242899063,180.51529030669144,46.29702205077936,133.74695259114029
674.4174421596672,179.82670817645237,46.29702205077936,133.74695259114029
673.7288600294281,175.69521539501795,46.29702205077936,133.74695259114029
674.4174421596672,171.5637226135836,46.29702205077936,133.74695259114029
673.7288600294281,171.5637226135836,46.29702205077936,133.74695259114029
675.1060242899063,168.80939409262731,46.29702205077936,133.74695259114029
675.7837734196504,161.28020445081663,47.69585231224734,137.7880177909367
675.0632259783084,160.61739721311358,49.13694719493118,141.95118078535668
675.0632259783084,154.7708313176537,49.13694719493118,141.95118078535668
672.787351236646,158.10276316460244,47.84213078279625,138.2106000391891
676.3451649868978,150.27557291404872,47.84213078279625,138.2106000391891
674.8408249743297,154.94282993393438,46.58143430763018,134.5685879998205
676.2264494419233,151.47876876495053,46.58143430763019,134.5685879998205
674.0689383260906,153.9446013657713,45.35395866892126,131.0225472657725
680.1293283336969,146.56878018551024,46.7242949681733,134.98129657472282
679.4234583354544,146.61441125215936,48.13603496465838,139.05965656456863
679.4234583354544,141.6028730537391,48.136034964658386,139.05965656456863
678.6258108769624,144.1509999213281,46.86759376825922,135.39527088608216
678.5462506919094,143.84370735075717,45.63257749084027,131.82744608464964
679.8261865168207,144.9019118066396,44.430105346432114,128.3536376674705
683.7806816453224,138.3371502105402,45.772528101196606,132.23174784790126
682.3414178756623,140.76016259071991,44.566368093428544,128.74728560323797
686.9708829204949,138.81516060996466,45.912907926259095,132.63728956474847
686.9601397985347,135.44565354014284,47.30013246369915,136.6448271173531
686.9601397985347,131.92814587661317,47.30013246369916,136.6448271173531
687.5833468891908,133.0250203835805,46.05371828238689,133.04407503800655
690.2450220563097,134.77795439485638,44.840148582272825,129.53820701545482
696.9036684076942,130.8202623237153,46.19496048997625,133.4521080821536
695.529540099156,129.44613401517708,46.19496048997625,133.4521080821536
696.1381858984469,129.8303157934792,44.97766889139447,129.9354879084729
696.7307931643105,132.21125154416637,43.79245435966719,126.51153481681632
703.2338596272849,127.6946999724601,45.115610961728315,130.33398722277067
703.9048704639861,127.6946999724601,45.115610961728315,130.33398722277067
704.5758813006872,127.02368913575897,45.115610961728315,130.33398722277067
707.2599246474917,125.68166746235674,45.115610961728315,130.33398722277067
708.5253602180393,126.72788363454515,43.92676149403556,126.89953320499161
710.4853469513689,125.42122581232535,43.92676149403556,126.89953320499163
713.7519915069183,125.42122581232533,43.92676149403556,126.89953320499164
717.6719649735777,124.76789690121544,43.92676149403556,126.89953320499166
718.9786227957975,123.46123907899565,43.92676149403556,126.89953320499166
722.8985962624569,122.80791016788575,43.92676149403556,126.89953320499166
724.1949756994171,120.23749351170872,45.25397608677434,130.73370869512593
726.2141819815041,120.23749351170872,45.253976086774344,130.73370869512593
728.9064570242869,120.23749351170872,45.253976086774344,130.73370869512593
730.9256633063738,120.23749351170872,45.253976086774344,130.73370869512593
733.6179383491566,120.23749351170872,45.253976086774344,130.73370869512593
734.964075870548,120.23749351170872,45.253976086774344,130.73370869512593
739.0024884347221,120.23749351170872,45.253976086774344,130.73370869512593
739.6755571954177,120.23749351170872,45.253976086774344,130.73370869512593
741.6947634775047,120.23749351170872,45.253976086774344,130.73370869512593
746.3294238175029,123.30612460770274,44.06148053512635,127.28872154592064
746.3191139094505,121.3831573437747,45.3927655639996,131.1346560737767
750.9679882951816,123.1109336361276,44.19661274621683,127.67910348907091
750.3003043208649,121.83941126822887,45.53198069485035,131.53683311845663
751.6547114456462,121.16220770583828,45.531980694850354,131.53683311845663
755.640639907795,122.89528291751527,44.3321593944586,128.07068269510265
755.6302666638285,120.9605024648516,45.671622784764224,131.94024360043
760.307700053947,122.01961236825161,44.46812175088948,128.46346283590293
759.6359143578004,120.74027877340411,45.81169314318252,132.34489130252726
762.3613694179372,120.05891500836991,45.811693143182524,132.34489130252726
763.7240969480057,120.05891500836991,45.81169314318253,132.34489130252726
767.7345117995453,121.80263686232347,44.60450109044545,128.85744759462014
767.0711027719534,121.80263686232347,44.60450109044545,128.85744759462014
767.0606658029868,119.85597065004335,45.95219308356246,132.75078001918038
766.3772123625489,119.85597065004335,45.95219308356246,132.75078001918038
765.693758922111,119.85597065004335,45.95219308356246,132.75078001918038
765.615752677468,122.28849376722222,44.74129869197258,129.25264066569852
761.6126218738175,117.00863913390027,46.093123923389506,133.1579135564585
758.1848742504683,118.37973818323995,46.09312392338951,133.1579135564585
755.442676151789,119.06528770790977,46.09312392338952,133.1579135564585
752.004143237893,113.62590617393441,47.48579355382304,137.18118137771089
748.3922191452031,115.43334899673805,46.23448698418974,133.5662957321036
744.2663069208921,114.74569695935291,46.23448698418975,133.5662957321036
741.5156987713516,114.74569695935291,46.23448698418976,133.5662957321036
738.7542722538427,110.66493745395414,47.63142779489668,137.6019025185903
735.2121275796816,111.37336638878637,47.63142779489668,137.6019025185903
730.9504087337373,107.87773868952624,49.07057613846292,141.75944217778164
730.1372752803418,109.01566920271851,47.77750868181081,138.02391396967553
726.5730877798501,105.50932075839006,49.2210707512753,142.19420439257294
722.9012109915296,103.36117442738488,50.70824898043273,146.4904970545833
719.8725820929567,100.39393251489895,52.24036119927226,150.91659902011975
715.122031851597,101.60536930058288,50.86376617418179,146.9397689476362
712.0096721200588,102.78488330062557,49.52344604879723,143.0677330298586
709.0518074160699,100.6235404589382,51.01976032381157,147.39041871323334
706.688726466291,100.28902374836551,49.67532956891768,143.50650764353992
705.126743655632,99.96332194697439,48.366326147340004,139.72494220342662
704.4073844740881,99.96332194697439,48.36632614734001,139.72494220342662
705.0446392941913,103.24299867924924,47.09181650713372,136.0430254650529
704.9646984793435,103.63463918759243,45.85089169654692,132.45813156780213
705.6466452499833,103.63463918759243,45.85089169654692,132.45813156780213
706.3285920206231,104.31658595823222,45.85089169654692,132.45813156780213
708.9785448229277,106.06179981934498,44.64266671577654,128.9677038455766
710.2307149082261,106.43307189978626,43.46627988580636,125.56925300344051
710.2307149082261,105.78659179649779,43.46627988580636,125.56925300344051
710.8670243739518,105.18256097394882,44.77958136750888,129.36323506169225
709.5245203956732,103.89426678586531,46.13256328163795,133.27184948028736
710.2106565074736,101.14972233866376,46.13256328163796,133.27184948028736
711.5829287310744,101.14972233866376,46.132563281637964,133.27184948028736
712.2690648428747,102.52199456226455,46.132563281637964,133.27184948028736
713.563024634013,103.59179352410723,44.916915922962,129.75997933300124
713.5525145633677,102.96760388233005,46.27404729905652,133.68058108616316
712.8642741398472,102.27936345880954,46.27404729905652,133.68058108616316
714.850442801447,102.66420296493804,45.05467166993914,130.15794037982405
715.4440646242492,104.37911045303349,43.86742802433459,126.72812540363314
718.0538503684791,105.03155688909095,43.86742802433459,126.72812540363314
716.0862465584349,103.76950506001943,45.192849900193124,130.55712193389112
717.3538485830785,104.14535275546154,44.00196509553116,127.11678805375657
719.2424952267736,105.16574384647583,42.84246150761271,123.76711102199214
718.6052932620935,105.16574384647583,42.84246150761271,123.76711102199215
719.2424952267736,106.44014777583615,42.84246150761271,123.76711102199216
721.7185757724061,108.07085232487998,41.71351220442851,120.50570192390448
720.47775388706,108.07085232487998,41.71351220442852,120.50570192390448
720.47775388706,108.07085232487998,41.71351220442852,120.50570192390448
720.47775388706,108.07085232487998,41.71351220442852,120.50570192390448
721.098164829733,106.83003043953389,41.71351220442852,120.50570192390448
722.2681758523197,105.31570929036343,40.6143120446014,117.33023479551503
721.6546101604013,105.35537333197345,41.84144342843812,120.87528101548777
722.276923842189,105.97768701376124,41.841443428438126,120.87528101548779
722.8282094912917,105.70334895469432,40.7388721302329,117.69007504289489
721.0009320868384,104.53130467487581,41.96976700488251,121.24599356966044
722.2493765996695,104.5313046748758,41.96976700488251,121.24599356966046
721.615333873457,103.32384794445537,43.237852457307454,124.9093515433325
721.615333873457,103.96693061442406,43.23785245730746,124.9093515433325
721.615333873457,103.96693061442406,43.23785245730746,124.9093515433325
722.2584165434257,103.96693061442406,43.23785245730746,124.9093515433325
721.615333873457,103.96693061442406,43.23785245730746,124.9093515433325
717.7568378536447,103.32384794445537,43.23785245730746,124.9093515433325
718.3999205236134,103.96693061442406,43.23785245730746,124.9093515433325
714.5414245038012,102.68076527448665,43.23785245730746,124.9093515433325
711.9690938239264,102.03768260451795,43.23785245730746,124.9093515433325
707.4573979461209,100.15066079253712,44.54425217329419,128.68339516729415
706.7948850091602,100.15066079253712,44.54425217329419,128.68339516729415
702.8093845160223,97.5441110759428,45.89012378996367,132.57146872656153
700.7617936907484,96.17905052576015,45.89012378996367,132.57146872656153
701.4443239658397,96.17905052576015,45.89012378996367,132.57146872656153
698.7142028654744,96.17905052576015,45.89012378996367,132.57146872656153
697.3491423152917,96.17905052576015,45.89012378996367,132.57146872656153
698.031672590383,96.86158080085147,45.89012378996367,132.57146872656153
698.031672590383,96.86158080085147,45.89012378996367,132.57146872656153
696.6666120402003,96.86158080085147,45.89012378996367,132.57146872656153
696.6666120402003,96.86158080085147,45.89012378996367,132.57146872656153
696.6666120402003,96.17905052576015,45.89012378996367,132.57146872656153
696.6666120402003,96.86158080085147,45.89012378996367,132.57146872656153
695.3015514900177,96.17905052576015,45.89012378996367,132.57146872656153
695.2908136992978,94.17627611341705,47.27665992158582,136.57701755124774
697.320016369955,95.9757587221376,46.03086426939467,132.97805233380663
696.6353928418888,95.97575872213758,46.03086426939467,132.97805233380666
695.9507693138225,95.97575872213758,46.03086426939467,132.97805233380666
696.6353928418888,96.66038225020381,46.03086426939467,132.97805233380666
695.2661457857563,96.66038225020381,46.03086426939467,132.97805233380666
694.58152225769,96.66038225020381,46.03086426939467,132.97805233380666
694.5033824646056,97.72782284541826,44.817896799431125,129.4739240872453
693.1597297792999,95.77184344262211,46.17203638598231,133.3858828928376
691.0887564215694,93.75676556959525,47.567090298077844,137.41603863889134
690.3701542047146,92.38827564397212,49.004294731787446,141.56796255849684
688.9009921754802,90.24959002976578,50.4849232339303,145.84533378690952
686.6365711282792,90.29889373565227,52.01028783060032,150.251942621734
687.4101274652173,94.94023175728064,52.010287830600326,150.251942621734
686.6365711282792,96.48734443115676,52.010287830600326,150.251942621734
684.3037322748089,96.53813781203186,53.58174018978892,154.79169388161216
685.8066320144469,108.93768350428101,52.16979824896672,150.71275049701472
684.2547744987296,108.93768350428101,52.16979824896672,150.71275049701472
683.478845740871,111.26546977785696,52.16979824896672,150.71275049701472
686.4939998185816,123.33827284196423,50.79506264069721,146.741292073125
683.460185839365,121.12143306624755,52.32979787003953,151.17497162455837
683.3713532779386,130.8963368612559,50.95084608337215,147.1913331297415
682.6135541673373,132.41193508245857,50.950846083372156,147.1913331297415
683.2848615590968,142.6870577641564,49.60823129985307,143.31266819957526
682.547031347288,144.1627181877741,49.60823129985307,143.31266819957526
681.0597631361622,145.68682613768038,51.107107298486966,147.64275441785097
678.7674350109514,147.25698388145327,52.651270726251354,152.10367098694806
680.2442362642481,160.22429601133535,51.26384775132257,148.09556017048715
680.2442362642481,161.74920486833008,51.26384775132257,148.09556017048715
677.944877794974,163.3241781308985,52.81274697588145,152.5701579303239
677.944877794974,168.0371266799273,52.81274697588145,152.5701579303239
677.8552254022497,180.25871685115192,51.42106891165374,148.54975463366605
676.3256398003283,180.25871685115192,51.42106891165374,148.54975463366605
677.0904326012891,181.78830245307338,51.42106891165374,148.54975463366605
676.2383498537085,193.68783933365887,50.066063202971876,144.63529369747403
678.3872789305356,195.5934944744891,48.74676349008942,140.82398341581361
676.9372439710753,196.31851195421922,48.74676349008942,140.82398341581361
675.4758027982211,194.9160832093688,50.2196108763375,145.0788758649747
674.7288794518539,197.15685324847047,50.2196108763375,145.0788758649747
673.9819561054867,198.65069994120492,50.2196108763375,145.0788758649747
673.2350327591195,200.14454663393937,50.2196108763375,145.0788758649747
672.4881094127522,200.8914699803066,50.2196108763375,145.0788758649747
671.741186066385,201.63839332667382,50.2196108763375,145.0788758649747
670.9942627200178,202.38531667304105,50.2196108763375,145.0788758649747
670.9942627200178,203.13224001940827,50.2196108763375,145.0788758649747
670.2473393736506,203.8791633657755,50.2196108763375,145.0788758649747
670.2473393736506,205.37301005850995,50.2196108763375,145.0788758649747
669.5004160272833,206.11993340487717,50.2196108763375,145.0788758649747
668.7534926809161,206.8668567512444,50.2196108763375,145.0788758649747
668.0065693345489,207.61378009761162,50.2196108763375,145.0788758649747
668.0065693345489,208.36070344397885,50.2196108763375,145.0788758649747
666.5127226418144,209.10762679034607,50.2196108763375,145.0788758649747
665.01887594908,209.8545501367133,50.2196108763375,145.0788758649747
665.7657992954472,210.60147348308053,50.2196108763375,145.0788758649747
665.01887594908,211.34839682944775,50.2196108763375,145.0788758649747
665.01887594908,212.09532017581498,50.2196108763375,145.0788758649747
664.2719526027128,212.8422435221822,50.2196108763375,145.0788758649747
663.5250292563455,214.33609021491665,50.2196108763375,145.0788758649747
662.7781059099783,215.08301356128388,50.2196108763375,145.0788758649747
662.0311825636111,215.8299369076511,50.2196108763375,145.0788758649747
661.2842592172439,217.32378360038555,50.2196108763375,145.0788758649747
662.0311825636111,218.07070694675278,50.2196108763375,145.0788758649747
661.2842592172439,218.81763029312,50.2196108763375,145.0788758649747
660.5373358708766,220.31147698585445,50.2196108763375,145.0788758649747
659.0434891781422,221.8053236785889,50.2196108763375,145.0788758649747
659.7904125245094,222.55224702495613,50.2196108763375,145.0788758649747
658.296565831775,224.04609371769058,50.2196108763375,145.0788758649747
658.296565831775,225.53994041042503,50.2196108763375,145.0788758649747
658.296565831775,227.03378710315948,50.2196108763375,145.0788758649747
657.5496424854077,228.52763379589393,50.2196108763375,145.0788758649747
656.0557957926733,230.02148048862838,50.2196108763375,145.0788758649747
655.2971216026151,228.57667839704956,51.736959256453986,149.46232674086679
654.5276305200607,230.1156605621584,51.736959256453986,149.46232674086679
654.5276305200607,231.65464272726726,51.736959256453986,149.46232674086679
654.5276305200607,233.1936248923761,51.736959256453986,149.46232674086679
653.7581394375063,235.5020981400394,51.736959256453986,149.46232674086679
652.9886483549519,237.04108030514826,51.736959256453986,149.46232674086679
652.2191572723975,238.5800624702571,51.736959256453986,149.46232674086679
652.2191572723975,240.11904463536595,51.736959256453986,149.46232674086679
651.4496661898431,241.6580268004748,51.736959256453986,149.46232674086679
649.1290870554423,240.16957108285249,53.30015319503789,153.9782203412203
649.1290870554423,241.75505245523334,53.30015319503789,153.9782203412203
647.5436056830614,243.3405338276142,53.30015319503789,153.9782203412203
647.5436056830614,244.92601519999505,53.30015319503789,153.9782203412203
646.750864996871,246.5114965723759,53.30015319503789,153.9782203412203
645.9581243106805,248.09697794475676,53.30015319503789,153.9782203412203
644.3601712811527,247.35629032527416,54.9105778817126,158.63055832494723
644.3601712811527,248.98967584406526,54.9105778817126,158.63055832494723
643.5434785217572,250.62306136285636,54.9105778817126,158.63055832494723
643.5306300427186,249.8599944150599,56.56966035858091,163.42346325812235
641.8478929891825,251.54273146859597,56.56966035858091,163.42346325812235
641.0065244624144,253.22546852213205,56.56966035858091,163.42346325812235
639.3105507225534,252.43934607117745,58.27887078476677,168.36118226710371
639.3105507225534,254.17292577956073,58.27887078476677,168.36118226710371
638.4437608683618,255.906505487944,58.27887078476677,168.36118226710371
636.7101811599786,257.6400851963273,58.27887078476677,168.36118226710371
636.7101811599786,259.37366490471055,58.27887078476677,168.36118226710371
635.8433913057869,260.24045475890216,58.27887078476677,168.36118226710371
635.8433913057869,261.97403446728543,58.27887078476677,168.36118226710371
635.8433913057869,262.84082432147704,58.27887078476677,168.36118226710371
634.9766014515952,263.70761417566865,58.27887078476677,168.36118226710371
634.9766014515952,264.57440402986026,58.27887078476677,168.36118226710371
633.2293851202048,262.89773961658904,60.03972373916412,173.44809080202938
632.3364058519933,263.7907188848005,60.03972373916412,173.4480908020294
632.3364058519933,264.6836981530121,60.03972373916412,173.44809080202944
631.4434265837817,265.5766774212236,60.03972373916412,173.44809080202944
630.5363986720902,264.7423331016487,61.853779562547395,178.68869651402557
629.6164386960943,265.66229307764456,61.8537795625474,178.6886965140256
628.6820056072515,264.8027396618684,63.72264574023289,184.0876432495615
627.7342497213513,266.6982514336688,63.7226457402329,184.0876432495615
627.7342497213513,267.646007319569,63.722645740232906,184.0876432495615
626.7715834282095,266.7604831334047,65.6479783265162,189.649715165491
625.7951917995562,268.7132663907114,65.64797832651621,189.649715165491
625.7951917995562,269.68965801936474,65.64797832651621,189.649715165491
624.8188001709028,271.64244127667143,65.64797832651621,189.649715165491
622.8506559994337,270.7301616325101,67.63148341214794,195.3798409684271
623.856548578617,271.7360542116934,67.63148341214794,195.3798409684271
622.8506559994337,272.7419467908767,67.63148341214794,195.3798409684271
620.8230458082502,270.7962107131706,69.67491863614828,201.2830982822058
620.8230458082502,271.8324955922734,69.67491863614828,201.28309828220583
620.8230458082502,272.8687804713762,69.67491863614828,201.28309828220583
619.7867609291474,273.90506535047905,69.67491863614828,201.28309828220583
617.6978879964688,271.9005402970298,71.78009474329971,207.36471814730996
616.6302925365948,272.9681357569039,71.78009474329971,207.36471814731
615.5626970767207,274.035731216778,71.78009474329971,207.36471814731
615.5626970767207,275.1033266766521,71.78009474329971,207.36471814731
615.5626970767207,275.1033266766521,71.78009474329971,207.36471814731
614.4951016168467,275.1033266766521,71.78009474329971,207.36471814731
614.4951016168467,275.1033266766521,71.78009474329971,207.36471814731
614.4951016168467,275.1033266766521,71.78009474329971,207.36471814731
613.4107103941474,273.0382363820614,73.9488771886984,213.63008965623953
613.4107103941474,274.138088448735,73.94887718869842,213.63008965623953
613.4107103941474,274.138088448735,73.94887718869842,213.63008965623953
613.4107103941474,275.2379405154086,73.94887718869842,213.63008965623953
611.1937030264302,272.0106029790601,76.18318779078582,220.08476472893648
610.0606197434527,272.0106029790601,76.18318779078584,220.08476472893648
610.0606197434527,272.0106029790601,76.18318779078584,220.08476472893648
608.9097104216828,268.6857538272807,78.48500643432547,226.7344630324954
608.9097104216828,268.6857538272807,78.48500643432547,226.7344630324954
607.7423918657917,269.8530723831717,78.48500643432547,226.7344630324954
607.7423918657917,269.8530723831717,78.48500643432547,226.7344630324954
606.5750733099005,271.02039093906285,78.48500643432547,226.7344630324954
604.2220715587551,268.76240248644183,80.85637282483387,233.5850770495196
603.0005638231619,265.2336023613947,83.29938829602034,240.64267729961387
601.7616402877005,266.47252589685604,83.29938829602034,240.64267729961387
600.5227167522391,267.7114494323174,83.29938829602034,240.64267729961387
599.2837932167778,268.9503729677788,83.29938829602034,240.64267729961387
599.2643020643308,267.7927998291882,85.81621767183725,247.91351771864052
596.6915086145721,266.6002514748192,88.40909118479075,255.40404120050613
595.3559009808615,266.68659202067425,91.08030645221173,263.1208853063889
594.0012507536633,268.0412422478725,91.08030645221173,263.1208853063889
592.6252887236499,268.1301915094285,93.83223051223854,271.07088814646636
589.8121730377396,268.22182830710005,96.66730192131526,279.2610944393546
588.3744266399598,273.97281389821944,96.66730192131526,279.2610944393546
585.4763147453054,276.942712229481,99.58803291506437,287.69876175462986
583.995127904049,285.8298332770195,99.58803291506439,287.69876175462986
582.5139410627926,291.7545806420452,99.58803291506439,287.69876175462986
579.5282648618439,293.3330254124046,102.5970116344487,296.39136694396234
577.9783184694709,296.48510152903805,105.69690441919496,305.34661276656266
574.8094966461954,298.1603703453822,108.89045817051168,314.5724347148109
571.5449312164578,299.88625616931324,112.18050278519465,324.07700804611727
569.8764547970804,311.5655911049546,112.18050278519465,324.0770080461173
566.5132529386618,311.67514687252293,115.56995366327725,333.8687550272448
564.7943647389455,318.550699671388,115.56995366327725,333.86875502724484
563.0754765392293,328.86402886968574,115.56995366327725,333.86875502724484
559.6106580254278,328.9768947836998,119.06181429144746,343.9563523975143
556.0411525841977,332.63481712717197,122.65917890452097,354.3487390575044
552.3637971774948,332.75460639679136,126.3652352273287,365.05512399006005
548.5753331984214,338.5163588395892,130.18326729944837,376.084994420628
548.5753331984214,348.19752919869075,130.18326729944837,376.084994420628
544.6724035836835,348.3246665123899,134.11665838528342,387.44812422415146
542.6776676321963,362.2878181728,134.11665838528342,387.44812422415146
542.6776676321963,372.26149793023575,134.11665838528342,387.44812422415146
540.6829316807091,384.2299136391586,134.11665838528342,387.44812422415146
536.6620779358299,388.35036421568395,138.16889397206756,399.1545825859723
532.5197370704809,394.65031657940233,142.34356485845205,411.2147429244164
530.4026411801977,403.1187001405351,142.34356485845205,411.21474292441644
530.4026411801977,413.70417959195106,142.34356485845205,411.21474292441644
528.2855452899146,424.289659043367,142.34356485845205,411.21474292441644
528.2855452899146,434.87513849478296,142.34356485845205,411.21474292441644
530.1610055541568,446.6444224845544,138.59264432996773,400.3787502865728
528.0996976332386,440.4604987217999,138.59264432996773,400.3787502865728
526.005960538302,450.9023882593283,142.78011851984093,412.47589794620643
525.76358383965,452.0898234093388,139.01769428838332,401.6066723886623
523.6959540908289,439.6840449164121,139.01769428838332,401.60667238866233
521.595795710914,450.1579586983379,143.21801104821304,413.7409208059482
521.595795710914,439.50745044015935,143.21801104821304,413.74092080594824
521.595795710914,437.3773487885236,143.21801104821304,413.7409208059483
519.4656940592783,424.59673887870923,143.21801104821304,413.74092080594835
517.3355924076425,420.33653557543784,143.21801104821304,413.74092080594835
519.2225740152187,404.4867992587451,139.44404783306078,402.8383604066196
519.2225740152187,419.004596014768,139.44404783306078,402.83836040661964
517.1486030500726,406.56077022389127,139.44404783306078,402.83836040661964
516.911889505422,413.9423737371358,135.76953299206957,392.22309531042276
514.8608015204715,416.0942860006128,139.87170896197054,404.0738258901367
514.8608015204715,416.0942860006128,139.87170896197057,404.0738258901367
514.8608015204715,416.0942860006128,139.87170896197057,404.0738258901367
512.7804698911158,414.0139543712571,139.87170896197057,404.0738258901367
510.7001382617601,414.0139543712571,139.87170896197057,404.0738258901367
512.543030369392,419.33786490441577,136.18592474670692,393.4260048238194
512.543030369392,411.23581513820744,136.18592474670692,393.4260048238194
510.48565190007326,415.41983954571367,140.30068168534436,405.3130804243276
510.48565190007326,423.76668675009114,140.30068168534436,405.3130804243276
514.4209077769648,416.586654384717,136.6035935337499,394.6326035419436
512.3572195309833,414.68833731727733,140.73097002571294,406.55613562983683
512.3572195309833,406.31589115651747,140.73097002571294,406.55613562983683
514.2114329089743,422.1380652827747,137.02254326973082,395.84290277922184
512.1414155348679,418.1959706776005,141.16257801794373,407.803003162948
510.0418846282143,409.7978470509862,141.16257801794373,407.803003162948
511.9017846955893,415.17089169006965,137.44277788319366,397.0569138847811
515.7568800016419,406.0929097097059,133.82099886166475,386.59399671147537
517.5200504416672,421.138206031845,130.29465798161414,376.4067897246625
515.5516721052334,423.2033429310974,134.2314146544817,387.7796423351688
513.5238206739642,427.32731915120246,138.28711751702002,399.4961172713906
511.43469921230934,411.0082604851209,142.46536044032985,411.5665968276189
513.3117642050435,422.7876148057376,138.71123045486166,400.72133242515525
513.3117642050435,439.292188158197,138.71123045486166,400.7213324251553
515.1393663251738,426.00428259483465,135.05602621460082,390.16185350884615
515.1393663251738,442.07394100707063,135.05602621460082,390.1618535088462
526.9623454852784,455.249382320287,131.4971409096865,379.88062929464934
521.0642500847391,439.73159877357995,135.4702297143884,391.3584413971215
518.8194144950953,444.8879766305341,131.90042965957397,381.04568568321315
524.4808276442046,453.83202519882394,128.42469803926517,371.0046832245433
520.4426627735902,452.9899944391393,125.04055603945717,361.2282730028758
525.8096373161355,468.9078644071284,121.74559016581273,351.7094827012363
532.8459250717435,473.54184389204056,118.53745052241199,342.4415237314119
548.5119193529883,483.3427851569937,115.41384913585932,333.417786392482
524.2840682327694,470.5700964238558,112.37255832355196,324.6318351569274
527.4359757305238,483.2039764041002,109.41140910494656,316.0774040809562
528.8775354556517,488.99577357571553,106.52828965469082,307.748392335773
530.461945712983,482.65813254639005,106.52828965469084,307.748392335773
531.8655186420699,488.29730904330586,103.721143796517,299.63885985660414
538.0118857468647,480.6853074712493,106.85500140268235,308.69222627441513
541.1654218110612,476.0218538789323,110.08354619736336,318.01913345904916
541.1396634564713,471.21749748727905,113.40963908389251,327.6278462423556
539.4263692955778,462.89446594911414,116.83622740567942,337.52687917196215
537.6886476281268,448.99269260950575,116.83622740567944,337.5268791719622
539.4263692955778,450.7304142769568,116.83622740567944,337.5268791719622
539.2280337053352,443.01347793895707,113.75745525126263,328.632648503647
540.7268551469451,435.49989195933847,110.75981236804267,319.97279128545597
545.66889401901,438.79458454071505,110.75981236804267,319.97279128545597
545.66889401901,422.32112163383215,110.75981236804267,319.97279128545597
545.6429774254788,409.25051962597837,114.10633813648194,329.6405323942805
545.6429774254788,397.3706821472021,114.10633813648194,329.6405323942805
547.3400970653039,390.58220358790135,114.10633813648194,329.6405323942805
549.037216705129,383.7937250286006,114.10633813648194,329.6405323942805
552.2377545239633,369.46861706321636,111.09950177846382,320.9541162488949
552.2377545239633,367.8162185240791,111.09950177846383,320.9541162488949
553.8901530631006,352.9446316718438,111.09950177846383,320.9541162488949
555.5425516022378,341.37784189788306,111.09950177846383,320.9541162488949
555.5165555250726,334.8767478005386,114.4562910110688,330.6515073653092
555.5165555250726,321.2581514947596,114.4562910110688,330.65150736530927
555.5165555250726,309.34187972720304,114.4562910110688,330.65150736530927
557.2188800632949,297.42560795964647,114.4562910110688,330.65150736530927
557.1920985338952,294.1327371914051,117.9145031463129,340.64189797823667
557.1645078204031,387.19712056297874,121.47720260214642,350.9341408506446
557.1645078204031,401.6511009250888,121.47720260214642,350.9341408506446
558.9712553656668,394.4241107440338,121.47720260214642,350.9341408506446
557.1360834739198,380.08876533044594,125.14754638564035,361.53735622518263
555.245463221491,359.73627680729,128.92878689049815,372.4609399058829
558.8617518967608,364.64366895719434,125.53136155594896,362.64615560607416
558.8323789210999,333.0264876262661,129.32419875215442,373.6032408395566
558.8323789210999,321.4857454804045,129.32419875215442,373.60324083955663
556.9089218967897,309.9450033345429,129.32419875215442,373.6032408395567
562.45975839674,307.1736178744766,125.91635384949501,363.7583555652073
560.5869867296872,288.44590120394804,125.91635384949501,363.75835556520735
560.5869867296872,282.82758620278946,125.91635384949501,363.75835556520735
562.45975839674,267.84541286636664,125.91635384949501,363.75835556520735
564.3325300637928,260.3543261981552,125.91635384949501,363.75835556520735
564.3325300637928,254.73601119699663,125.91635384949501,363.75835556520735
569.7370954864475,257.6559700079743,122.59830967239695,354.1728946091463
569.7370954864475,246.7154384361594,122.59830967239697,354.1728946091463
573.1758223182765,251.38187482316152,119.36769986601085,344.840021835142
576.52393464935,252.3745998892715,116.22222043172374,335.7530812472014
574.79534519411,247.18883152355158,116.22222043172376,335.7530812472014
574.79534519411,247.18883152355158,116.22222043172377,335.7530812472014
574.79534519411,250.64601043403155,116.22222043172377,335.7530812472014
574.79534519411,248.9174209787916,116.22222043172377,335.7530812472014
576.52393464935,250.64601043403155,116.22222043172377,335.7530812472014
576.52393464935,252.3745998892715,116.22222043172377,335.7530812472014
576.52393464935,255.83177879975148,116.22222043172377,335.7530812472014
576.52393464935,259.28895771023144,116.22222043172377,335.7530812472014
576.52393464935,264.47472607595137,116.22222043172377,335.7530812472014
578.2525241045901,264.47472607595137,116.22222043172377,335.7530812472014
583.2409991889325,282.72718622014054,113.15962808399883,326.90559224266275
581.557960101069,279.3611080444135,113.15962808399883,326.9055922426628
579.8749210132056,281.04414713227703,113.15962808399883,326.9055922426628
579.8749210132056,284.41022530800404,113.15962808399883,326.9055922426628
581.557960101069,287.77630348373106,113.15962808399883,326.9055922426628
586.4149829935383,307.2308289006467,110.17773865051441,318.2912449903745
584.7762939672401,303.95345084805047,110.17773865051441,318.2912449903745
584.7762939672401,305.59213987434856,110.17773865051441,318.2912449903745
584.7762939672401,307.23082890064666,110.17773865051441,318.2912449903745
584.7762939672401,307.23082890064666,110.17773865051441,318.2912449903745
584.7762939672401,310.5082069532429,110.17773865051441,318.2912449903745
584.7762939672401,310.5082069532429,110.17773865051441,318.2912449903745
586.4149829935383,312.146895979541,110.17773865051441,318.2912449903745
586.4149829935383,310.5082069532429,110.17773865051441,318.2912449903745
586.4149829935383,310.5082069532429,110.17773865051441,318.2912449903745
586.4149829935383,308.8695179269448,110.17773865051441,318.2912449903745
588.0536720198364,307.2308289006467,110.17773865051441,318.2912449903745
588.0536720198364,305.5921398743486,110.17773865051441,318.2912449903745
588.0536720198364,302.31476182175237,110.17773865051441,318.2912449903745
589.6923610461346,299.0373837691561,110.17773865051441,318.2912449903745
589.6923610461346,295.7600057165599,110.17773865051441,318.2912449903745
589.6923610461346,292.4826276639636,110.17773865051441,318.2912449903745
591.3310500724327,289.2052496113674,110.17773865051441,318.2912449903745
591.3310500724327,285.92787155877113,110.17773865051441,318.2912449903745
591.3310500724327,282.6504935061749,110.17773865051441,318.2912449903745
592.9697390987309,279.37311545357863,110.17773865051441,318.2912449903745
594.608428125029,277.73442642728054,110.17773865051441,318.2912449903745
596.2471171513272,276.09573740098244,110.17773865051441,318.2912449903745
594.5826477304278,269.6485811587529,113.5066774923131,327.90817942223737
596.2708485330256,269.6485811587529,113.5066774923131,327.90817942223737
596.2708485330256,269.6485811587529,113.5066774923131,327.90817942223737
602.8309682378228,275.65716526380584,110.51564289830569,319.2674128173271
605.9307916170092,283.15113082699145,107.60342558747666,310.8543405860433
607.3485300949399,288.84722066873616,104.76794863161527,302.66296271355486
607.3485300949399,290.40544912607425,104.76794863161527,302.66296271355486
607.3485300949399,291.96367758341233,104.76794863161527,302.66296271355486
607.3485300949399,296.63836295542666,104.76794863161527,302.66296271355486
607.3485300949399,298.19659141276475,104.76794863161527,302.66296271355486
610.2871379520784,305.30081103797545,102.00718983201448,294.6874372924859
611.6311427294436,310.7006588087577,99.31918027728412,286.9220763565982
610.1539545713388,306.26909433444314,99.31918027728412,286.9220763565982
612.939731398502,314.4810260749264,96.70200293916731,279.36134182426076
612.939731398502,308.7279760313014,96.70200293916733,279.36134182426076
612.939731398502,310.1662385422077,96.70200293916733,279.36134182426076
612.939731398502,307.2897135203952,96.70200293916733,279.36134182426076
612.939731398502,305.8514510094889,96.70200293916733,279.36134182426076
612.939731398502,304.41318849858266,96.70200293916733,279.36134182426076
612.939731398502,302.9749259876764,96.70200293916733,279.36134182426076
612.939731398502,301.5366634767701,96.70200293916733,279.36134182426076
612.939731398502,300.09840096586385,96.70200293916733,279.36134182426076
612.939731398502,297.22187594405136,96.70200293916733,279.36134182426076
611.4788416688397,293.0015278361378,99.6237823984921,287.80203804008784
612.9605602171987,291.5198092877788,99.62378239849211,287.80203804008784
614.4422787655577,290.0380907394198,99.62378239849211,287.80203804008784
614.4422787655577,288.55637219106075,99.62378239849211,287.80203804008784
614.4422787655577,287.0746536427017,99.62378239849211,287.80203804008784
614.4422787655577,287.0746536427017,99.62378239849211,287.80203804008784
615.9239973139167,287.0746536427017,99.62378239849211,287.80203804008784
615.9239973139167,284.11121654598367,99.62378239849211,287.80203804008784
615.9239973139167,282.62949799762464,99.62378239849211,287.80203804008784
615.9239973139167,282.62949799762464,99.62378239849211,287.80203804008784
615.9239973139167,282.62949799762464,99.62378239849211,287.80203804008784
615.9239973139167,281.1477794492656,99.62378239849211,287.80203804008784
615.9239973139167,281.1477794492656,99.62378239849211,287.80203804008784
615.9239973139167,281.1477794492656,99.62378239849211,287.80203804008784
614.4422787655577,281.1477794492656,99.62378239849211,287.80203804008784
614.4422787655577,279.6660609009066,99.62378239849211,287.80203804008784
612.9605602171987,279.6660609009066,99.62378239849211,287.80203804008784
612.9605602171987,281.1477794492656,99.62378239849211,287.80203804008784
612.9605602171987,281.1477794492656,99.62378239849211,287.80203804008784
612.9605602171987,282.62949799762464,99.62378239849211,287.80203804008784
612.9605602171987,284.11121654598367,99.62378239849211,287.80203804008784
612.9605602171987,285.5929350943427,99.62378239849211,287.80203804008784
611.4788416688397,288.55637219106075,99.62378239849211,287.80203804008784
611.4788416688397,291.5198092877788,99.62378239849211,287.80203804008784
609.9971231204806,294.48324638449685,99.62378239849211,287.80203804008784
607.0103751403358,291.6171021299193,102.63384126206358,296.49776364596096
607.0103751403358,296.1965648633972,102.63384126206358,296.49776364596096
607.0103751403358,297.72305244122316,102.63384126206358,296.49776364596096
607.0103751403358,302.30251517470106,102.63384126206358,296.49776364596096
607.0103751403358,305.355490330353,102.63384126206358,296.49776364596096
607.0103751403358,306.88197790817895,102.63384126206358,296.49776364596096
607.0103751403358,309.9349530638309,102.63384126206358,296.49776364596096
607.0103751403358,314.5144157973088,102.63384126206358,296.49776364596096
607.0103751403358,316.04090337513475,102.63384126206358,296.49776364596096
607.0103751403358,317.5673909529607,102.63384126206358,296.49776364596096
607.0103751403358,319.09387853078664,102.63384126206358,296.49776364596096
605.4838875625098,322.1468536864386,102.63384126206358,296.49776364596096
600.8804096245126,319.19411100415573,105.7348468267543,305.4562241661786
602.4530188949018,317.62150173376654,105.7348468267543,305.4562241661786
600.8804096245126,317.62150173376654,105.7348468267543,305.4562241661786
599.3078003541234,316.04889246337734,105.7348468267543,305.4562241661786
599.3078003541234,316.04889246337734,105.7348468267543,305.4562241661786
599.3078003541234,314.47628319298815,105.7348468267543,305.4562241661786
597.7351910837342,312.90367392259895,105.7348468267543,305.4562241661786
599.3078003541234,312.90367392259895,105.7348468267543,305.4562241661786
597.7351910837342,314.47628319298815,105.7348468267543,305.4562241661786
599.3078003541234,314.47628319298815,105.7348468267543,305.4562241661786
597.7351910837342,314.47628319298815,105.7348468267543,305.4562241661786
611.709184099579,318.5008487675456,102.94860912129144,297.40709301706363
608.4720851366902,323.95053146524765,100.23579205986717,289.57006595072687
608.3019296513321,329.2566086074413,97.59446092206605,281.939553774857
606.8503934871369,327.8050724432461,97.59446092206605,281.939553774857
602.4729489503169,323.54577495222736,100.54320533892519,290.45814875689456
608.2838446359211,328.86812530920486,97.89377349927433,282.8042345534588
605.3718688712883,325.956149544572,97.89377349927433,282.8042345534588
603.9158809889718,325.956149544572,97.89377349927433,282.8042345534588
601.003905224339,324.50016166225555,97.89377349927433,282.8042345534588
599.5479173420225,323.0441737799391,97.89377349927433,282.8042345534588
615.397604260812,326.77028605619034,95.31415730802351,275.35201000095645
612.4005617324676,331.81583177420583,92.80251704063687,268.0961603396173
608.2597670088696,323.5342423270099,92.80251704063687,268.0961603396173
605.4775224117434,320.86434368812445,95.6064764191571,276.1964874331202
613.847036975119,325.9253635967653,93.08713319901732,268.9183847971608
613.6890167110537,322.54603140751954,90.6341776389879,261.8320687348536
610.9929869300164,323.8940462980382,90.6341776389879,261.8320687348536
608.2757497354626,311.85042585438,93.37262224705846,269.74313093594634
608.2757497354626,313.23917001728466,93.37262224705847,269.74313093594634
612.2834773275611,315.4044504014377,90.91214371448007,262.6350818418309
614.8334474598201,318.86482221719314,88.51650168818784,255.71433821032005
612.200410664196,304.3831198412604,88.51650168818786,255.71433821032005
612.200410664196,305.69963823907244,88.51650168818786,255.71433821032005
610.883892266384,304.3831198412604,88.51650168818786,255.71433821032005
610.883892266384,303.06660144344835,88.51650168818786,255.71433821032005
614.6831860811506,305.11926998982545,86.18398764990306,248.97596432194177
618.3823640306321,307.1178483032058,83.91293810281519,242.4151545192435
615.8666314178699,288.4790636719832,86.44830543201756,249.73954902582813
614.5808735942966,287.1933058484099,86.44830543201756,249.73954902582815
614.5808735942966,284.6217902012633,86.44830543201756,249.73954902582815
613.2951157707232,283.33603237769,86.44830543201756,249.73954902582815
612.0093579471499,279.4787589069701,86.44830543201756,249.73954902582815
612.0093579471499,276.9072432598235,86.44830543201756,249.73954902582815
612.0093579471499,274.33572761267686,86.44830543201756,249.73954902582815
610.7236001235765,273.04996978910356,86.44830543201756,249.73954902582815
610.7236001235765,271.76421196553025,86.44830543201756,249.73954902582815
612.0093579471499,271.76421196553025,86.44830543201756,249.73954902582815
610.7236001235765,270.47845414195695,86.44830543201756,249.73954902582815
610.7236001235765,269.19269631838364,86.44830543201756,249.73954902582815
610.7236001235765,267.90693849481033,86.44830543201756,249.73954902582815
613.1483652630762,273.7689197212999,84.17029080016479,243.15861786714237
611.8964886719976,271.2651665391427,84.17029080016479,243.15861786714237
615.509234986246,274.46892447629534,81.95230453598218,236.75110199283705
616.5890048435848,276.36937145076695,79.79276482130457,230.51243170599065
615.4022358129968,273.9958333895908,79.79276482130459,230.51243170599068
614.196796141782,263.3928379336638,82.20364416373434,237.47719425078773
616.5025039253175,272.634871663225,80.03748135393968,231.21939057804764
615.3120951912693,259.54037558869595,80.03748135393968,231.21939057804764
614.1029585555829,257.2377229307607,82.45575462531278,238.20551336201433
616.415737717273,262.8289729062703,80.2829484080222,231.92851762317483
615.2216781171537,262.8289729062703,80.2829484080222,231.92851762317483
615.2216781171537,264.0230325063896,80.2829484080222,231.92851762317483
618.6675724250002,268.2728868618208,78.16739819280627,225.8169281125511
619.6974739131047,271.24815782745566,76.1075952165975,219.8663861812813
618.5655149291308,271.24815782745566,76.1075952165975,219.8663861812813
624.0961132363194,275.27698588405366,74.10207047401157,214.0726480360331
622.8681905745135,278.0975190458578,72.14939366968564,208.43158171242487
624.8918894050692,281.9168159327941,70.24817219822373,202.93916412820158
622.7858301753296,280.94060951837514,72.37066873754563,209.07082079735375
621.7094510252523,292.78078016922467,72.37066873754563,209.07082079735378
621.7094510252523,297.0862967695336,72.37066873754563,209.07082079735378
628.0448729406525,303.07006536313907,70.46361640751765,203.5615585106063
625.9323546351636,307.33094148076884,72.59262243419465,209.71202036545097
623.756008152338,307.40183562255925,74.78595480250324,216.04831387389802
621.5314040724736,307.40183562255925,74.78595480250324,216.04831387389802
621.5314040724736,312.96334582222045,74.78595480250324,216.04831387389802
621.5314040724736,311.85104378228823,74.78595480250324,216.04831387389802
622.6437061124059,310.738741742356,74.78595480250324,216.04831387389802
620.4016029310981,307.4748717783822,77.04555708525433,222.5760538018456
618.0917562613234,302.9664769757454,79.37343157887305,229.30102456118857
615.7121192837081,295.9607999039447,81.77164107768934,236.22918533554673
614.4767844716341,288.74345148362056,84.24231070183733,243.36667536086313
614.4767844716341,292.50229474328256,84.24231070183733,243.36667536086316
615.7297322248548,295.0081902497239,84.24231070183733,243.36667536086318
618.2356277312962,292.50229474328256,84.24231070183733,243.36667536086318
619.4885754845169,298.76703350938595,84.24231070183733,243.36667536086318
638.2827917828271,266.1903919256484,84.24231070183733,243.36667536086318
639.5357395360478,266.1903919256484,84.24231070183733,243.36667536086318
641.8986293259622,284.43226418141177,82.02242662844984,236.95367692663265
649.0789786067005,288.77419947355304,79.86103911407437,230.70966855177022
655.0179010255074,287.5864149897917,79.86103911407437,230.70966855177022
657.2579017135522,307.2551334637144,77.75660670550748,224.63019714924363
624.8763227180827,229.77064086741262,77.75660670550748,224.63019714924363
624.8763227180827,210.1103964773062,77.75660670550748,224.63019714924363
624.8763227180827,211.26688144143014,77.75660670550748,224.63019714924363
624.7443268223863,226.94785113336144,75.70762856865248,218.71092697610695
625.870337046067,225.8218409096807,75.70762856865248,218.71092697610698
625.870337046067,230.3258818044037,75.70762856865248,218.710926976107
629.1198500686756,245.5936394822724,73.71264341815825,212.94763654134587
628.0235115401466,243.40096242521435,73.71264341815825,212.9476365413459
626.9271730116176,251.07533212491762,73.71264341815825,212.94763654134593
625.8135865248559,248.95464302502376,75.93981639168177,219.3816917981917
626.9430501107339,255.73142454029193,75.93981639168177,219.38169179819172
624.6663538464505,250.15826963092064,78.23428174849232,226.01014727342215
626.8607260570975,262.4448023113258,76.17271631184292,220.05451378976835
625.7099749293214,254.58870000763193,78.47421856739518,226.70329808358602
624.5244547077754,251.16386381205442,80.8452590104873,233.55297047474102
624.5244547077754,252.36628673696976,80.8452590104873,233.55297047474104
624.5244547077754,252.36628673696976,80.8452590104873,233.55297047474107
627.9944844384321,266.26529093914996,78.71489124883529,227.39857471885745
625.6345906782818,260.48847577882094,81.09320343889932,234.26925437904242
625.6345906782818,259.282365141497,81.09320343889934,234.26925437904242
625.6345906782818,261.69458641614494,81.09320343889934,234.26925437904242
624.4095051118139,259.3615609725616,83.54337457183513,241.34752654085696
623.166952734105,258.1190085948528,83.54337457183513,241.34752654085696
623.166952734105,258.1190085948528,83.54337457183513,241.34752654085696
623.166952734105,260.60411335027044,83.54337457183513,241.34752654085696
623.166952734105,260.60411335027044,83.54337457183513,241.34752654085696
624.4095051118139,263.0892181056881,83.54337457183513,241.34752654085696
624.4095051118139,263.0892181056881,83.54337457183513,241.34752654085696
624.4095051118139,265.5743228611057,83.54337457183513,241.34752654085696
624.4095051118139,266.81687523881453,83.54337457183513,241.34752654085696
624.4095051118139,268.05942761652335,83.54337457183513,241.34752654085696
624.4095051118139,269.30197999423217,83.54337457183513,241.34752654085696
624.4095051118139,270.544532371941,83.54337457183513,241.34752654085696
623.166952734105,271.7870847496498,83.54337457183513,241.34752654085696
623.166952734105,275.5147418827763,83.54337457183513,241.34752654085696
623.166952734105,279.24239901590283,83.54337457183513,241.34752654085696
623.166952734105,280.48495139361165,83.54337457183513,241.34752654085696
623.166952734105,281.72750377132047,83.54337457183513,241.34752654085696
626.7527906312421,298.5754756688624,81.34190828839643,234.9877350553674
626.7527906312421,294.94604669011505,81.34190828839643,234.9877350553674
626.7527906312421,296.1558563496975,81.34190828839643,234.9877350553674
625.5429809716596,298.5754756688624,81.34190828839643,234.9877350553674
629.0343278182629,316.18929332978496,79.1984532335196,228.79553156350104
627.8563980676331,311.47757432726587,79.19845323351961,228.79553156350107
626.6784683170033,315.0113635791552,79.19845323351961,228.7955315635011
626.6784683170033,319.7230825816743,79.19845323351961,228.7955315635011
626.6784683170033,322.07894208293385,79.19845323351961,228.7955315635011
631.2557438141374,340.40654466071703,77.11148074302999,222.76649992430885
631.2557438141374,336.96587491627736,77.11148074302999,222.76649992430887
628.9439207352467,333.60051244227583,79.4413470711849,229.49722487231193
632.3536919395752,353.16586631277096,77.34797404209104,223.449702788263
632.3536919395752,350.865051686847,77.34797404209104,223.44970278826304
631.1851860404847,348.6397752913253,79.68498584027203,230.20107020523037
632.3703520591065,353.38043936581215,79.68498584027205,230.2010702052304
636.9757467137307,370.6354662079101,77.58519264275391,224.1350009679558
635.8218112151071,368.3275952106628,77.58519264275392,224.13500096795582
635.8036571224017,367.249429610737,79.92937182541218,230.9070741623019
634.5961537114167,364.9498872292497,82.34437864738186,237.88376053688097
637.0455927962907,373.5229240263087,82.34437864738186,237.88376053688097
644.2541261730452,387.67965849477537,80.17450731824314,231.6152433638136
643.0616794325289,386.4872117542591,80.17450731824314,231.6152433638136
644.2541261730452,388.87210523529166,80.17450731824314,231.6152433638136
641.8504727277862,386.5655103843292,82.59692072772845,238.61332654677113
641.8504727277862,389.02246165707004,82.59692072772845,238.61332654677113
641.8504727277862,392.7078885661813,82.59692072772845,238.61332654677113
645.3956870556757,406.9080403417223,80.42039461743107,232.32558445035647
641.7885579856346,398.6138521072961,82.85023732970474,239.3451300635915
641.7885579856346,399.84609535716925,82.85023732970474,239.3451300635915
640.5563147357615,401.0783386070424,82.85023732970474,239.3451300635915
640.5563147357615,402.3105818569155,82.85023732970474,239.3451300635915
640.5563147357615,403.54282510678865,82.85023732970474,239.3451300635915
640.5563147357615,404.7750683566618,82.85023732970474,239.3451300635915
640.5563147357615,408.4717981062812,82.85023732970474,239.3451300635915
640.5563147357615,407.23955485640806,82.85023732970474,239.3451300635915
640.5563147357615,408.4717981062812,82.85023732970474,239.3451300635915
640.5563147357615,410.93628460602747,82.85023732970474,239.3451300635915
640.5563147357615,409.70404135615433,82.85023732970474,239.3451300635915
640.5563147357615,410.93628460602747,82.85023732970474,239.3451300635915
639.3240714858883,409.70404135615433,82.85023732970474,239.3451300635915
638.0918282360152,412.1685278559006,82.85023732970474,239.3451300635915
638.0918282360152,412.1685278559006,82.85023732970474,239.3451300635915
638.0918282360152,412.1685278559006,82.85023732970474,239.3451300635915
638.0918282360152,413.40077110577374,82.85023732970474,239.3451300635915
638.0918282360152,412.1685278559006,82.85023732970474,239.3451300635915
636.8595849861421,412.1685278559006,82.85023732970474,239.3451300635915
638.0918282360152,414.6330143556469,82.85023732970474,239.3451300635915
636.8595849861421,413.40077110577374,82.85023732970474,239.3451300635915
636.8595849861421,415.86525760552,82.85023732970474,239.3451300635915
636.8595849861421,415.86525760552,82.85023732970474,239.3451300635915
636.8595849861421,415.86525760552,82.85023732970474,239.3451300635915
635.6273417362689,418.3297441052663,82.85023732970474,239.3451300635915
635.6273417362689,420.79423060501256,82.85023732970474,239.3451300635915
635.6273417362689,422.0264738548857,82.85023732970474,239.3451300635915
634.3950984863958,420.79423060501256,82.85023732970474,239.3451300635915
634.3950984863958,423.25871710475883,82.85023732970474,239.3451300635915
634.3950984863958,425.7232036045051,82.85023732970474,239.3451300635915
634.3950984863958,425.7232036045051,82.85023732970474,239.3451300635915
634.3950984863958,424.49096035463197,82.85023732970474,239.3451300635915
633.1628552365227,424.49096035463197,82.85023732970474,239.3451300635915
631.9306119866495,428.1876901042514,82.85023732970474,239.3451300635915
629.4467394309056,423.3396288596407,85.35349594144614,246.5767660530667
628.1772648630975,423.33962885964064,85.35349594144614,246.57676605306673
629.4467394309056,422.0701542918326,85.35349594144614,246.57676605306676
628.1772648630975,422.0701542918326,85.35349594144614,246.57676605306676
628.1772648630975,420.8006797240245,85.35349594144614,246.57676605306676
628.1772648630975,418.2617305884084,85.35349594144614,246.57676605306676
628.1772648630975,419.53120515621646,85.35349594144614,246.57676605306676
628.1772648630975,416.99225602060034,85.35349594144614,246.57676605306676
628.1772648630975,415.7227814527923,85.35349594144614,246.57676605306676
626.9077902952895,410.64488318156015,85.35349594144614,246.57676605306676
628.1772648630975,410.64488318156015,85.35349594144614,246.57676605306676
628.1772648630975,408.105934045944,85.35349594144614,246.57676605306676
628.1772648630975,405.5669849103279,85.35349594144614,246.57676605306676
628.1772648630975,401.75856120690383,85.35349594144614,246.57676605306676
628.1772648630975,399.2196120712877,85.35349594144614,246.57676605306676
628.1772648630975,394.1417138000556,85.35349594144614,246.57676605306676
628.1772648630975,392.8722392322475,85.35349594144614,246.57676605306676
626.9077902952895,386.52486639320733,85.35349594144614,246.57676605306676
626.9077902952895,385.2553918253993,85.35349594144614,246.57676605306676
626.9077902952895,381.44696812197515,85.35349594144614,246.57676605306676
626.9077902952895,378.9080189863591,85.35349594144614,246.57676605306676
626.9077902952895,376.369069850743,85.35349594144614,246.57676605306676
626.9077902952895,375.09959528293496,85.35349594144614,246.57676605306676
626.9077902952895,372.5606461473189,85.35349594144614,246.57676605306676
626.9077902952895,371.29117157951083,85.35349594144614,246.57676605306676
625.6383157274814,370.02169701170277,85.35349594144614,246.57676605306676
625.6383157274814,367.4827478760867,85.35349594144614,246.57676605306676
625.6383157274814,364.94379874047064,85.35349594144614,246.57676605306676
625.6383157274814,362.4048496048546,85.35349594144614,246.57676605306676
625.6383157274814,361.1353750370465,85.35349594144614,246.57676605306676
625.6383157274814,358.59642590143045,85.35349594144614,246.57676605306676
625.6383157274814,357.3269513336224,85.35349594144614,246.57676605306676
625.6383157274814,356.05747676581433,85.35349594144614,246.57676605306676
628.0323728516665,359.3062708175702,83.10433082869208,240.07917794955506
629.1273213336062,361.233432902677,80.91443386481268,233.75280894279234
627.9238695613387,358.8265293581419,80.9144338648127,233.75280894279237
626.7204177890712,357.62307758587434,80.9144338648127,233.75280894279237
626.7204177890712,355.21617404133923,80.9144338648127,233.75280894279237
625.5169660168037,354.0127222690717,80.9144338648127,233.75280894279237
625.5169660168037,352.8092704968041,80.9144338648127,233.75280894279237
625.5169660168037,351.60581872453656,80.9144338648127,233.75280894279237
625.5169660168037,349.19891518000145,80.9144338648127,233.75280894279237
625.5169660168037,347.9954634077339,80.9144338648127,233.75280894279237
628.9899648615936,352.2787460474042,78.78224326430313,227.593147207987
630.0279672954724,354.1056803441449,76.7062383965455,221.59579981224272
628.8871046071598,351.82395496751974,76.7062383965455,221.59579981224272
627.7462419188472,351.82395496751974,76.7062383965455,221.59579981224272
627.7462419188472,350.6830922792072,76.7062383965455,221.59579981224272
628.7568917664555,353.60274739451984,74.68493870132903,215.75648958161736
627.6460921532249,351.38114816805864,74.68493870132903,215.75648958161736
630.8517094138767,354.2238669334983,72.71690263294772,210.071052050738
629.7701806783036,354.2238669334983,72.71690263294772,210.071052050738
628.6886519427305,353.14233819792514,72.71690263294772,210.071052050738
627.6071232071574,353.14233819792514,72.71690263294772,210.071052050738
628.6886519427305,352.060809462352,72.71690263294772,210.071052050738
628.6886519427305,352.060809462352,72.71690263294772,210.071052050738
629.6467399431433,353.74709050574904,70.80072663212218,204.53543249279753
628.593710763138,353.74709050574904,70.80072663212218,204.53543249279755
628.593710763138,352.69406132574375,70.80072663212218,204.53543249279755
628.593710763138,352.69406132574375,70.80072663212218,204.53543249279755
628.593710763138,352.69406132574375,70.80072663212218,204.53543249279755
628.593710763138,352.69406132574375,70.80072663212218,204.53543249279755
628.593710763138,352.69406132574375,70.80072663212218,204.53543249279755
631.6326103767034,357.49499441824605,68.93504412501258,199.14568302781427
632.5408701649053,360.11885602860707,67.11852454860878,193.89795980709218
631.5426068951534,360.11885602860707,67.11852454860878,193.89795980709218
630.5443436254016,360.11885602860707,67.11852454860878,193.89795980709218
630.5443436254016,361.1171192983589,67.11852454860878,193.89795980709218
630.5443436254016,361.1171192983589,67.11852454860878,193.89795980709218
629.5460803556497,362.1153825681107,67.11852454860878,193.89795980709218
631.4286696988047,365.66836560547154,65.34987240180253,188.78852027187412
631.4286696988047,366.6403234627162,65.34987240180253,188.78852027187415
630.45671184156,366.6403234627162,65.34987240180253,188.78852027187415
630.45671184156,367.61228131996086,65.34987240180253,188.78852027187415
630.45671184156,368.5842391772055,65.34987240180253,188.78852027187415
630.45671184156,369.5561970344502,65.34987240180253,188.78852027187415
632.2896927389734,373.0155547855156,63.62782632146511,183.8137204842327
633.1280268082703,375.4374087634843,61.95115818287136,178.97001252829523
632.2066185063378,372.6731838576869,61.95115818287136,178.97001252829523
631.2852102044053,372.6731838576869,61.95115818287136,178.97001252829523
631.2852102044053,372.6731838576869,61.95115818287136,178.97001252829523
631.2852102044053,370.830367253822,61.95115818287136,178.97001252829523
631.2852102044053,370.830367253822,61.95115818287136,178.97001252829523
631.2852102044053,368.98755064995703,61.95115818287136,178.97001252829523
631.2852102044053,368.98755064995703,61.95115818287136,178.97001252829523
631.2852102044053,366.22332574415964,61.95115818287136,178.97001252829523
631.2852102044053,366.22332574415964,61.95115818287136,178.97001252829523
633.0228614858592,368.5813610183325,60.31867222382862,174.25394197994956
634.7147236101464,371.7743873950101,58.729204191885884,169.6621454432261
633.8412358837579,364.78648558390205,58.72920419188589,169.6621454432261
633.8412358837579,367.40694876306753,58.7292041918859,169.6621454432261
633.8412358837579,368.280436489456,58.7292041918859,169.6621454432261
634.6150277226933,371.38932286165794,57.18162051401504,165.1913481515992
635.4654980190522,370.538852565299,57.18162051401504,165.1913481515992
635.4654980190522,370.538852565299,57.18162051401504,165.1913481515992
635.4654980190522,368.83791197258114,57.18162051401504,165.1913481515992
635.4654980190522,369.6883822689401,57.18162051401504,165.1913481515992
634.6016478443364,367.1928150975386,58.90932086344682,170.18248249440214
633.725481217321,368.06898172455396,58.90932086344682,170.18248249440214
633.725481217321,369.8213149785847,58.90932086344682,170.18248249440214
634.6016478443364,370.6974816056001,58.90932086344682,170.18248249440214
635.4778144713518,368.0689817245539,58.90932086344682,170.18248249440214
636.3539810983673,368.0689817245539,58.90932086344682,170.18248249440214
637.2301477253827,369.82131497858467,58.90932086344682,170.18248249440214
637.2301477253827,371.5736482326154,58.90932086344682,170.18248249440214
638.1063143523982,366.3166484705231,58.90932086344682,170.18248249440214
641.5109792155617,370.31123611733744,57.356990899212036,165.69797370883498
641.5109792155617,370.31123611733744,57.356990899212036,165.69797370883498
640.6579006107615,370.31123611733744,57.356990899212036,165.69797370883498
641.5109792155617,372.0173933269378,57.356990899212036,165.69797370883498
642.364057820362,372.0173933269378,57.356990899212036,165.69797370883498
647.3851629653494,376.75979749085514,55.84556665723888,161.3316370098014
648.120961182177,380.5466347422209,54.3739702235836,157.08035842368614
648.120961182177,382.16405817844293,54.3739702235836,157.08035842368614
648.120961182177,382.972769896554,54.3739702235836,157.08035842368614
648.120961182177,383.78148161466504,54.3739702235836,157.08035842368614
648.929672900288,385.3989050508871,54.3739702235836,157.08035842368614
648.929672900288,387.01632848710915,54.3739702235836,157.08035842368614
648.929672900288,388.6337519233312,54.3739702235836,157.08035842368614
649.738384618399,391.0598870776643,54.3739702235836,157.08035842368614
649.738384618399,392.67731051388637,54.3739702235836,157.08035842368614
649.738384618399,395.1034456682195,54.3739702235836,157.08035842368614
649.738384618399,397.5295808225526,54.3739702235836,157.08035842368614
650.54709633651,399.9557159768857,54.3739702235836,157.08035842368614
650.54709633651,402.3818511312188,54.3739702235836,157.08035842368614
651.355808054621,406.42540972177403,54.3739702235836,157.08035842368614
651.355808054621,408.85154487610714,54.3739702235836,157.08035842368614
652.8809288402218,422.2431351246322,52.941152088604,152.94110603374506
653.6683300523883,423.03053633679866,52.941152088604,152.94110603374506
653.6683300523883,425.39273997329803,52.941152088604,152.94110603374506
652.8809288402218,427.7549436097974,52.941152088604,152.94110603374506
653.6559423976024,428.5940472872677,54.540729822508624,157.56210837613622
653.6559423976024,431.8388151157284,54.54072982250863,157.56210837613622
652.8447504404872,434.2723909870739,54.54072982250864,157.56210837613622
652.8447504404872,438.32835077264974,54.54072982250864,157.56210837613622
654.3745486209789,449.3274358351155,53.1035173757556,153.41016130773858
654.3745486209789,450.9070680230207,53.1035173757556,153.41016130773858
654.3745486209789,453.2765163048786,53.1035173757556,153.41016130773858
654.3745486209789,458.0154128685943,53.1035173757556,153.41016130773858
655.8640348182394,471.88392346521744,51.70417716913987,149.3676229330709
655.0950313082872,471.88392346521744,51.704177169139875,149.3676229330709
655.0950313082872,473.42193048512183,51.704177169139875,149.3676229330709
655.0950313082872,475.72894101497843,51.704177169139875,149.3676229330709
655.0950313082872,479.57395856473954,51.704177169139875,149.3676229330709
655.0829330922022,480.39345650710743,53.26638062121433,153.88065512795265
654.2906947102593,483.56241003487867,53.26638062121434,153.88065512795265
654.2906947102593,485.1468867987643,53.26638062121434,153.88065512795265
654.2906947102593,486.7313635626499,53.26638062121434,153.88065512795265
655.0829330922022,488.3158403265355,53.26638062121434,153.88065512795265
654.2906947102593,489.90031709042114,53.26638062121434,153.88065512795265
654.9925106327032,492.7200236927575,51.862748776326555,149.82571868716573
654.2211486649013,493.4913856605594,51.86274877632656,149.82571868716573
654.2211486649013,493.4913856605594,51.86274877632656,149.82571868716573
654.2211486649013,493.4913856605594,51.86274877632656,149.82571868716573
654.2211486649013,492.7200236927575,51.86274877632656,149.82571868716573
654.2211486649013,491.17729975715366,51.86274877632656,149.82571868716573
654.2211486649013,491.17729975715366,51.86274877632656,149.82571868716573
654.2211486649013,491.17729975715366,51.86274877632656,149.82571868716573
654.2211486649013,489.63457582154984,51.86274877632656,149.82571868716573
654.2211486649013,489.63457582154984,51.86274877632656,149.82571868716573
654.2211486649013,488.86321385374794,51.86274877632656,149.82571868716573
655.6758328792768,490.0658939316031,50.496104283179335,145.87763459585153
654.9247972075234,490.0658939316031,50.49610428317934,145.87763459585153
654.9247972075234,490.0658939316031,50.49610428317935,145.87763459585153
654.17376153577,490.0658939316031,50.49610428317935,145.87763459585153
654.9247972075234,490.0658939316031,50.49610428317935,145.87763459585153
654.9247972075234,490.0658939316031,50.49610428317935,145.87763459585153
654.9247972075234,489.31485825984976,50.49610428317935,145.87763459585153
654.9247972075234,489.31485825984976,50.49610428317935,145.87763459585153
656.3411487801136,490.4858463016251,49.165472481505624,142.0335871687941
656.3411487801136,490.4858463016251,49.165472481505624,142.0335871687941
656.3411487801136,490.4858463016251,49.165472481505624,142.0335871687941
657.0723937776513,489.7546013040874,49.165472481505624,142.0335871687941
657.0723937776513,489.7546013040874,49.165472481505624,142.0335871687941
656.3411487801136,489.7546013040874,49.165472481505624,142.0335871687941
656.3411487801136,489.7546013040874,49.165472481505624,142.0335871687941
656.3411487801136,489.7546013040874,49.165472481505624,142.0335871687941
656.3411487801136,489.7546013040874,49.165472481505624,142.0335871687941
656.3411487801136,489.7546013040874,49.165472481505624,142.0335871687941
656.3411487801136,489.02335630654966,49.165472481505624,142.0335871687941
656.3411487801136,488.29211130901194,49.165472481505624,142.0335871687941
656.3411487801136,488.29211130901194,49.165472481505624,142.0335871687941
657.0723937776513,488.29211130901194,49.165472481505624,142.0335871687941
657.0723937776513,488.29211130901194,49.165472481505624,142.0335871687941
657.0723937776513,488.29211130901194,49.165472481505624,142.0335871687941
657.0723937776513,488.29211130901194,49.165472481505624,142.0335871687941
656.3411487801136,488.29211130901194,49.165472481505624,142.0335871687941
656.3411487801136,488.29211130901194,49.165472481505624,142.0335871687941
657.0723937776513,488.29211130901194,49.165472481505624,142.0335871687941
657.0723937776513,487.56086631147423,49.165472481505624,142.0335871687941
656.3411487801136,487.56086631147423,49.165472481505624,142.0335871687941
656.3411487801136,487.56086631147423,49.165472481505624,142.0335871687941
656.3411487801136,488.29211130901194,49.165472481505624,142.0335871687941
657.0723937776513,488.29211130901194,49.165472481505624,142.0335871687941
657.0723937776513,488.29211130901194,49.165472481505624,142.0335871687941
657.0723937776513,488.29211130901194,49.165472481505624,142.0335871687941
656.3411487801136,487.56086631147423,49.165472481505624,142.0335871687941
657.0723937776513,487.56086631147423,49.165472481505624,142.0335871687941
656.3411487801136,487.56086631147423,49.165472481505624,142.0335871687941
657.0723937776513,487.56086631147423,49.165472481505624,142.0335871687941
655.6099037825759,487.56086631147423,49.165472481505624,142.0335871687941
656.3411487801136,487.56086631147423,49.165472481505624,142.0335871687941
657.0723937776513,487.56086631147423,49.165472481505624,142.0335871687941
657.0723937776513,487.56086631147423,49.165472481505624,142.0335871687941
656.3411487801136,488.29211130901194,49.165472481505624,142.0335871687941
656.3411487801136,488.29211130901194,49.165472481505624,142.0335871687941
656.3411487801136,487.56086631147423,49.165472481505624,142.0335871687941
656.3411487801136,487.56086631147423,49.165472481505624,142.0335871687941
656.3411487801136,487.56086631147423,49.165472481505624,142.0335871687941
656.3411487801136,487.56086631147423,49.165472481505624,142.0335871687941
656.3411487801136,487.56086631147423,49.165472481505624,142.0335871687941
656.3411487801136,487.56086631147423,49.165472481505624,142.0335871687941
656.3411487801136,487.56086631147423,49.165472481505624,142.0335871687941
656.3411487801136,487.56086631147423,49.165472481505624,142.0335871687941
656.3411487801136,487.56086631147423,49.165472481505624,142.0335871687941
657.0723937776513,487.56086631147423,49.165472481505624,142.0335871687941
657.0723937776513,487.56086631147423,49.165472481505624,142.0335871687941
657.0723937776513,486.8296213139365,49.165472481505624,142.0335871687941
657.0723937776513,486.0983763163988,49.165472481505624,142.0335871687941
656.3411487801136,485.3671313188611,49.165472481505624,142.0335871687941
655.5983995958242,481.0276764605227,50.65097085008468,146.32502690024472
657.0190949788664,480.6955777589892,49.31625813203403,142.46919015920952
657.6688657120901,479.63874259549493,48.016716665586806,138.71495925613976
656.9434709312499,475.40067950163734,49.46750622726718,142.90612910099418
656.9434709312499,469.5147819977806,49.46750622726718,142.90612910099418
656.2077337432678,468.0433076218163,49.46750622726718,142.90612910099418
656.2077337432678,461.4216729299774,49.46750622726718,142.90612910099418
656.2077337432678,460.6859357419953,49.46750622726718,142.90612910099418
656.9318960718809,455.58408551994137,50.962130321969454,147.22393204124518
656.8453851974555,449.18621112548846,49.61921818547733,143.34440809137905
656.1073915761492,449.18621112548846,49.61921818547734,143.34440809137905
656.7611539864287,445.1709091180673,48.311693364918526,139.56711416532025
657.4797006069043,440.8596293952137,48.311693364918526,139.56711416532025
657.468396195196,436.5955309963665,49.77139542928645,143.7840312401609
656.7281392203072,429.1929612474788,49.77139542928645,143.7840312401609
655.2476252705296,427.71244729770126,49.77139542928645,143.7840312401609
655.2359793043868,423.3195123211657,51.275201311349726,148.12835934389926
655.2359793043868,419.5063958631913,51.27520131134973,148.12835934389926
655.9115602672218,419.93282761708076,49.92403938567953,144.2250026697409
656.5693388762613,419.6054951222238,48.60848216760072,140.42450403973544
656.5693388762613,418.1595735179382,48.60848216760073,140.42450403973544
655.8463780741185,417.43661271579543,48.608482167600734,140.42450403973544
655.8463780741185,415.9906911115099,48.608482167600734,140.42450403973544
656.5693388762613,415.2677303093671,48.608482167600734,140.42450403973544
656.5693388762613,415.9906911115099,48.608482167600734,140.42450403973544
655.8463780741185,415.9906911115099,48.608482167600734,140.42450403973544
656.5693388762613,415.2677303093671,48.608482167600734,140.42450403973544
655.8463780741185,415.9906911115099,48.608482167600734,140.42450403973544
655.8463780741185,415.9906911115099,48.608482167600734,140.42450403973544
655.8463780741185,415.9906911115099,48.608482167600734,140.42450403973544
655.8463780741185,415.2677303093671,48.608482167600734,140.42450403973544
655.8463780741185,415.2677303093671,48.608482167600734,140.42450403973544
655.8463780741185,415.2677303093671,48.608482167600734,140.42450403973544
655.8463780741185,415.2677303093671,48.608482167600734,140.42450403973544
656.5693388762613,415.2677303093671,48.608482167600734,140.42450403973544
655.8463780741185,415.9906911115099,48.608482167600734,140.42450403973544
655.8463780741185,415.9906911115099,48.608482167600734,140.42450403973544
655.8463780741185,415.9906911115099,48.608482167600734,140.42450403973544
655.8463780741185,415.9906911115099,48.608482167600734,140.42450403973544
655.8463780741185,415.9906911115099,48.608482167600734,140.42450403973544
655.1234172719758,415.9906911115099,48.608482167600734,140.42450403973544
655.8463780741185,415.9906911115099,48.608482167600734,140.42450403973544
655.1234172719758,415.9906911115099,48.608482167600734,140.42450403973544
655.1234172719758,415.9906911115099,48.608482167600734,140.42450403973544
655.1234172719758,415.9906911115099,48.608482167600734,140.42450403973544
655.1234172719758,415.9906911115099,48.608482167600734,140.42450403973544
655.1234172719758,415.9906911115099,48.608482167600734,140.42450403973544
655.1234172719758,415.9906911115099,48.608482167600734,140.42450403973544
655.8463780741185,415.9906911115099,48.608482167600734,140.42450403973544
655.1234172719758,415.9906911115099,48.608482167600734,140.42450403973544
655.1234172719758,415.9906911115099,48.608482167600734,140.42450403973544
655.8463780741185,415.9906911115099,48.608482167600734,140.42450403973544
655.1234172719758,415.9906911115099,48.608482167600734,140.42450403973544
655.1234172719758,415.9906911115099,48.608482167600734,140.42450403973544
655.1234172719758,416.71365191365265,48.608482167600734,140.42450403973544
655.1234172719758,416.71365191365265,48.608482167600734,140.42450403973544
655.1234172719758,415.9906911115099,48.608482167600734,140.42450403973544
655.8463780741185,416.71365191365265,48.608482167600734,140.42450403973544
655.1234172719758,416.71365191365265,48.608482167600734,140.42450403973544
655.1234172719758,416.71365191365265,48.608482167600734,140.42450403973544
655.1234172719758,416.71365191365265,48.608482167600734,140.42450403973544
655.1234172719758,416.71365191365265,48.608482167600734,140.42450403973544
655.1234172719758,416.71365191365265,48.608482167600734,140.42450403973544
654.400456469833,416.71365191365265,48.608482167600734,140.42450403973544
653.6774956676902,417.43661271579543,48.608482167600734,140.42450403973544
652.9545348655474,417.43661271579543,48.608482167600734,140.42450403973544
651.5086132612619,417.43661271579543,48.608482167600734,140.42450403973544
650.0626916569763,417.43661271579543,48.608482167600734,140.42450403973544
649.3397308548335,417.43661271579543,48.608482167600734,140.42450403973544
647.8824353934821,414.59224067593885,50.07715148601798,144.66732651516307
646.392826337905,415.33704520372737,50.07715148601798,144.66732651516307
644.1584127545394,415.33704520372737,50.07715148601798,144.66732651516307
642.6688036989624,415.33704520372737,50.07715148601798,144.66732651516307
641.9239991711738,415.33704520372737,50.07715148601798,144.66732651516307
641.1791946433852,415.33704520372737,50.07715148601798,144.66732651516307
639.6045770111176,417.24312239578825,48.75755958382199,140.8551721310413
638.8793989595647,417.24312239578825,48.75755958382199,140.8551721310413
635.978686753353,417.96830044734116,48.75755958382199,140.8551721310413
634.5169219106846,415.1152049992322,50.23073316605308,145.11100692415334
631.5285668316893,415.1152049992322,50.23073316605308,145.11100692415334
629.2873005224428,415.86229376898103,50.23073316605308,145.11100692415334
627.0460342131963,416.60938253872985,50.23073316605308,145.11100692415334
624.7194986143467,418.5213054813725,48.907094205762,141.28716103886802
618.8172594625353,420.3828470033899,47.61833469051921,137.5640779948333
618.0978830899821,417.59641439454515,49.057087435625576,141.7204748140295
613.7200852610812,418.32604736602866,49.057087435625576,141.7204748140295
610.7900745493193,416.1850577293514,50.5393110302483,146.00245408738405
604.6908550983883,418.1087260131619,49.20754067991795,142.15511751976302
603.2271137308317,418.1087260131619,49.20754067991795,142.15511751976302
600.2996309957184,418.1087260131619,49.20754067991795,142.15511751976302
598.1040189443835,418.1087260131619,49.20754067991795,142.15511751976302
595.9084068930486,418.1087260131619,49.20754067991795,142.15511751976302
593.70128081146,415.9611701726256,50.694310107981565,146.4502292008357
590.6853463518426,415.20718655772123,50.694310107981565,146.4502292008357
589.1773791220338,415.9611701726256,50.694310107981565,146.4502292008357
586.9154282773208,415.9611701726256,50.694310107981565,146.4502292008357
586.1614446624164,415.9611701726256,50.694310107981565,146.4502292008357
584.6534774326077,416.71515378752997,50.694310107981565,146.4502292008357
583.145510202799,415.9611701726256,50.694310107981565,146.4502292008357
582.3915265878946,415.9611701726256,50.694310107981565,146.4502292008357
580.8835593580859,415.9611701726256,50.694310107981565,146.4502292008357
580.1295757431816,415.9611701726256,50.694310107981565,146.4502292008357
579.3755921282773,415.9611701726256,50.694310107981565,146.4502292008357
579.2895358926348,418.6447217720641,49.35845534945795,142.59109323176747
578.555420633719,418.6447217720641,49.35845534945795,142.59109323176747
578.555420633719,418.6447217720641,49.35845534945795,142.59109323176747
577.8213053748032,418.6447217720641,49.35845534945795,142.59109323176747
577.0871901158873,418.6447217720641,49.35845534945795,142.59109323176747
577.8213053748032,418.6447217720641,49.35845534945795,142.59109323176747
578.555420633719,418.6447217720641,49.35845534945795,142.59109323176747
579.9398625990393,420.52344336834386,48.05780193664885,138.83365003920787
581.2878228885398,423.06742889606653,46.791422272648845,135.1752198987634
581.9837583029187,423.7633643104454,46.791422272648845,135.1752198987634
583.3756291316764,424.4592997248243,46.791422272648845,135.1752198987634
585.384004494847,425.5443774098604,45.55841320382309,131.61319369993348
586.7391978884865,425.5443774098604,45.55841320382309,131.6131936999335
588.094391282126,425.5443774098604,45.55841320382309,131.6131936999335
588.7719879789458,425.5443774098604,45.55841320382309,131.6131936999335
588.7613278049018,422.20088638928075,46.93492694555084,135.58978895381367
589.4593975844945,422.8989561688734,46.93492694555084,135.5897889538137
590.8555371436797,424.29509572805864,46.93492694555084,135.5897889538137
591.5536069232724,424.29509572805864,46.93492694555084,135.5897889538137
592.2406944395507,420.152513820883,48.35303103136472,139.68653409060937
592.9598558809621,420.87167526229433,48.35303103136472,139.68653409060937
594.3160969714969,423.43128902339544,47.07887173311798,136.00562945122988
595.7165183528845,424.1314997140892,47.078871733117985,136.00562945122988
598.5173611156596,424.1314997140892,47.07887173311799,136.00562945122988
599.2175718063534,424.831710404783,47.07887173311799,136.00562945122988
600.6179931877409,424.831710404783,47.07887173311799,136.00562945122988
602.0073986242967,421.3766342985439,48.501325004169075,140.114938900933
602.0073986242967,422.0980013371011,48.501325004169075,140.114938900933
604.8105332494836,423.22273110381025,47.223257985138495,136.4227452904002
605.5128914172415,423.92508927156825,47.2232579851385,136.4227452904002
606.2041998553524,419.75705862023534,48.650073779948556,140.54465758651816
606.2041998553524,420.4806380202871,48.650073779948556,140.54465758651816
606.9277792554041,421.2042174203388,48.650073779948556,140.54465758651816
609.0985174555592,421.92779682039054,48.650073779948556,140.54465758651816
610.5456762556627,421.92779682039054,48.650073779948556,140.54465758651816
611.9102490179185,425.22671422241706,47.36808705554026,136.841140382672
613.3192734797632,425.9312264533394,47.36808705554026,136.841140382672
614.7282979416078,426.6357386842617,47.36808705554026,136.841140382672
614.7172143235307,422.45492509438554,48.799278753538985,140.97569417689056
614.7172143235307,423.90652218766667,48.79927875353899,140.97569417689056
616.1688114168118,423.90652218766667,48.79927875353899,140.97569417689056
616.8946099634524,424.6323207343072,48.79927875353899,140.97569417689056
618.334788555338,421.77678404889616,50.273712849610895,145.23517045443162
620.4926303433894,425.1857989444177,48.94894132405405,141.40805271393407
620.4926303433894,425.91382344355054,48.94894132405405,141.40805271393407
621.2206548425222,426.6418479426835,48.94894132405405,141.40805271393407
621.2206548425222,426.6418479426835,48.94894132405405,141.40805271393407
622.676703840788,426.6418479426835,48.94894132405405,141.40805271393407
623.4047283399209,427.36987244181637,48.94894132405405,141.40805271393407
624.1327528390538,427.36987244181637,48.94894132405405,141.40805271393407
625.5888018373196,428.09789694094934,48.94894132405405,141.40805271393407
626.3168263364524,428.8259214400822,48.94894132405405,141.40805271393407
627.7728753347183,429.55394593921517,48.94894132405405,141.40805271393407
628.5008998338511,430.281970438348,48.94894132405405,141.40805271393407
629.956948832117,431.009994937481,48.94894132405405,141.40805271393407
629.956948832117,432.4660439357468,48.94894132405405,141.40805271393407
631.4129978303828,433.1940684348797,48.94894132405405,141.40805271393407
631.4129978303828,433.92209293401265,48.94894132405405,141.40805271393407
632.1410223295156,435.3781419322785,48.94894132405405,141.40805271393407
633.5970713277815,436.10616643141134,48.94894132405405,141.40805271393407
634.3250958269143,437.56221542967717,48.94894132405405,141.40805271393407
635.7811448251801,439.018264427943,48.94894132405405,141.40805271393407
635.7811448251801,440.4743134262088,48.94894132405405,141.40805271393407
636.509169324313,441.2023379253418,48.94894132405405,141.40805271393407
637.9537648017669,440.5221170882113,50.427897363943764,145.6805923847266
637.2037435811308,442.0221595294835,50.42789736394377,145.6805923847266
638.7037860224028,443.52220197075565,50.42789736394378,145.6805923847266
637.9537648017667,445.0222444120278,50.42789736394378,145.6805923847266
639.4538072430389,446.5222868533,50.42789736394378,145.6805923847266
640.203828463675,447.2723080739361,50.42789736394378,145.6805923847266
643.1921137657517,446.5715348675752,51.95153896615129,150.08222367999275
641.646748652148,448.116899981179,51.9515389661513,150.08222367999275
643.1921137657517,449.6622650947828,51.9515389661513,150.08222367999275
643.1799576696919,448.94031854456387,53.52121627187472,154.61684700763823
643.1674342861851,448.19655891357047,55.13832021582938,159.28848062350724
643.9875142893951,450.65679892320065,55.13832021582938,159.28848062350724
643.1674342861851,451.4768789264107,55.13832021582938,159.28848062350724
644.8075942926052,453.93711893604086,55.13832021582938,159.28848062350724
645.6276742958153,455.577278942461,55.13832021582938,159.28848062350724
645.6276742958153,457.2174389488812,55.13832021582938,159.28848062350724
647.2549325339634,456.4512071710195,56.80428375879371,164.10126419207086
648.086499061958,455.6618242670012,58.520583157395684,169.0594624546988
647.2024210045234,454.8485907426813,60.28873927226486,174.16746900876532
647.2024210045234,457.5386394766144,60.28873927226487,174.16746900876535
647.2024210045234,459.3320052992364,60.28873927226487,174.16746900876538
648.0991039158345,461.12537112185845,60.28873927226487,174.16746900876538
648.9957868271455,462.9187369444805,60.28873927226487,174.16746900876538
649.8924697384565,464.7121027671025,60.28873927226487,174.16746900876538
650.7891526497675,466.50546858972456,60.28873927226487,174.16746900876538
651.6717286506673,465.6676638162602,62.11031891570929,179.42981020093816
650.7479531287364,467.515214860122,62.1103189157093,179.42981020093816
653.4138441884721,480.96461450248466,60.47363888396139,174.7016234425553
653.4138441884721,480.96461450248466,60.47363888396139,174.7016234425553
653.3996940135594,478.3253743659269,62.30080513234751,179.98010371567077
655.2529113140841,480.17859166645167,62.30080513234752,179.98010371567077
654.3117249518451,479.31282614273033,64.18317785682561,185.41806936416302
654.3117249518451,481.22203703260965,64.18317785682561,185.41806936416302
654.3117249518451,483.13124792248897,64.18317785682561,185.41806936416302
656.1119815494939,497.0295054807021,62.49187555140753,180.53208492628858
657.0414320170127,496.1000550131833,62.49187555140754,180.53208492628858
657.9562600641511,495.2316342720683,64.38002132720541,185.98672827859355
656.9836627125583,494.3369748408918,66.32521603039115,191.60617964335233
658.9565912733923,497.2963676821429,66.32521603039115,191.60617964335233
657.9701269929752,500.255760523394,66.32521603039115,191.60617964335233
657.9701269929752,504.201617645062,66.32521603039115,191.60617964335233
659.9430555538092,507.1610104863131,66.32521603039115,191.60617964335233
658.94107189296,506.23931958247164,68.32918335208956,197.3954185727033
660.8576186774766,521.0353552522561,66.52862892038914,192.1938168811243
661.8471083464588,521.0353552522561,66.52862892038914,192.1938168811243
661.8315413696189,518.1318582754368,68.5387422120333,198.000810834763
661.8315413696189,522.2094037438692,68.5387422120333,198.000810834763
661.8155040480933,520.237566121591,70.60958958930065,203.98325881353537
662.8656904199377,529.6892434681904,70.60958958930065,203.98325881353537
662.8656904199377,530.7394298400347,70.60958958930065,203.98325881353537
663.915876791782,531.7896162118791,70.60958958930065,203.98325881353537
662.8656904199377,531.7896162118791,70.60958958930065,203.98325881353537
663.915876791782,533.8899889555678,70.60958958930065,203.98325881353537
664.9495412862984,530.808387346848,72.74300608764509,210.14646203097482
666.9898901910256,536.8229416244966,70.82614223005422,204.60885533126788
666.9898901910256,533.6627200551766,70.82614223005422,204.6088553312679
668.0432973807989,531.5559056756299,70.82614223005422,204.6088553312679
666.9898901910256,530.5024984858566,70.82614223005422,204.6088553312679
668.0267248325043,523.1978171501225,72.96610170619006,210.7909604845492
666.9244164484357,514.5871951648026,75.17071847432734,217.1598533702791
668.0424411326559,512.3511457963624,75.17071847432734,217.15985337027914
668.0424411326559,508.99707174370207,75.17071847432734,217.15985337027914
668.0424411326559,504.52497300682165,75.17071847432734,217.15985337027914
668.0424411326559,496.6988002172811,75.17071847432734,217.15985337027914
670.278490501096,494.4627508488409,75.17071847432734,217.15985337027914
669.1428766849109,483.3559159236546,77.44194610669749,223.72117764157065
669.1428766849109,479.900501005508,77.44194610669749,223.72117764157065
670.2946816576265,475.2932811146459,77.44194610669749,223.72117764157065
667.972951137624,462.6990564185373,79.78179720127123,230.48074747033925
670.3461629528849,460.3258446032764,79.78179720127123,230.48074747033925
667.972951137624,452.0196032498632,79.78179720127123,230.48074747033925
670.2107291906873,452.6831109658526,77.67945291040564,224.40730840783868
670.2107291906873,445.7510862966826,77.67945291040564,224.40730840783868
670.2107291906873,442.2850739620976,77.67945291040564,224.40730840783868
670.2107291906873,438.8190616275126,77.67945291040564,224.40730840783868
670.2107291906873,435.3530492929276,77.67945291040564,224.40730840783868
670.2107291906873,433.04237440320424,77.67945291040564,224.40730840783868
671.3660666355489,430.73169951348086,77.67945291040564,224.40730840783868
671.3478904869642,428.4968865772752,80.0264800972984,231.1876091699733
670.1576453761558,426.11639635565825,80.0264800972984,231.1876091699733
671.3478904869642,427.30664146646666,80.0264800972984,231.1876091699733
672.5381355977726,428.49688657727506,80.0264800972984,231.1876091699733
672.5381355977726,429.68713168808347,80.0264800972984,231.1876091699733
672.5381355977726,430.8773767988919,80.0264800972984,231.1876091699733
672.5381355977726,432.0676219097003,80.0264800972984,231.1876091699733
671.3478904869642,432.0676219097003,80.0264800972984,231.1876091699733
672.5194102703088,429.7652857543887,82.44442097384301,238.17277170221328
671.2739116848823,428.61959370192335,84.93541814469616,245.3689857513446
670.0106552470346,428.61959370192335,84.93541814469616,245.3689857513446
670.0106552470346,429.882850139771,84.93541814469616,245.3689857513446
670.0106552470346,431.14610657761864,84.93541814469616,245.3689857513446
670.0106552470346,431.14610657761864,84.93541814469616,245.3689857513446
670.0106552470346,431.14610657761864,84.93541814469616,245.3689857513446
668.747398809187,428.61959370192335,84.93541814469616,245.3689857513446
668.747398809187,427.3563372640757,84.93541814469616,245.3689857513446
670.0106552470346,426.09308082622806,84.93541814469616,245.3689857513446
670.0106552470346,423.5665679505328,84.93541814469616,245.3689857513446
668.747398809187,421.0400550748375,84.93541814469616,245.3689857513446
672.3929858201659,420.48316659655865,82.69726987412876,238.9032240808166
669.9136992701726,410.7241838161518,85.19590668739586,246.1215082080327
668.6465685495377,405.6556609336121,85.19590668739588,246.12150820803274
