604.5,400.5,29,28
604.2244094488188,399.7755905511811,29.000000000000004,28.000000000000004
603.775590551181,399.5511811023622,29.000000000000004,28.000000000000007
603.775590551181,399.3267716535433,29.000000000000004,28.000000000000007
603.775590551181,399.7755905511811,29.000000000000004,28.000000000000007
603.5511811023622,399.5511811023622,29.000000000000004,28.000000000000007
603.3267716535433,399.3267716535433,29.000000000000004,28.000000000000007
602.8779527559055,400.0,29.000000000000004,28.000000000000007
603.1023622047244,400.2244094488189,29.000000000000004,28.000000000000007
602.4291338582677,400.4488188976378,29.000000000000004,28.000000000000007
602.4291338582677,401.3464566929134,29.000000000000004,28.000000000000007
601.7559055118111,401.5708661417323,29.000000000000004,28.000000000000007
601.3070866141733,401.3464566929134,29.000000000000004,28.000000000000007
600.6338582677166,401.7952755905512,29.000000000000004,28.000000000000007
600.4094488188978,401.7952755905512,29.000000000000004,28.000000000000007
600.4094488188978,402.01968503937013,29.000000000000004,28.000000000000007
600.4094488188978,402.46850393700794,29.000000000000004,28.000000000000007
599.96062992126,403.36614173228355,29.000000000000004,28.000000000000007
599.96062992126,403.81496062992136,29.000000000000004,28.000000000000007
600.1850393700788,403.81496062992136,29.000000000000004,28.000000000000007
599.5118110236222,404.26377952755917,29.000000000000004,28.000000000000007
599.2874015748033,405.83464566929143,29.000000000000004,28.000000000000007
599.0629921259845,406.05905511811034,29.000000000000004,28.000000000000007
598.8385826771656,406.50787401574814,29.000000000000004,28.000000000000007
599.0629921259845,406.50787401574814,29.000000000000004,28.000000000000007
598.6141732283467,406.73228346456705,29.000000000000004,28.000000000000007
598.3897637795278,407.62992125984266,29.000000000000004,28.000000000000007
598.165354330709,408.5275590551183,29.000000000000004,28.000000000000007
597.9409448818901,408.7519685039372,29.000000000000004,28.000000000000007
597.9516570095279,409.0021972103939,29.876213540000002,28.845999280000008
598.1141038967033,411.9253481892333,29.088940137145407,28.085873235864536
598.3392015871483,411.9253481892333,29.088940137145407,28.085873235864536
598.3392015871483,412.37554357012317,29.088940137145407,28.085873235864536
598.1141038967033,412.60064126056807,29.088940137145407,28.085873235864536
597.6639085158135,413.2759343319028,29.088940137145407,28.085873235864536
596.7635177540338,413.5010320223477,29.088940137145407,28.085873235864536
596.0882246826991,414.17632509368246,29.088940137145407,28.085873235864536
595.8631269922541,414.40142278412736,29.088940137145407,28.085873235864536
596.2463909031333,415.6718614598594,28.322412315387037,27.345777407959904
596.0272248018603,415.6718614598594,28.32241231538704,27.345777407959904
595.8080587005873,415.8910275611324,28.32241231538704,27.345777407959904
596.0272248018603,416.76769196622445,28.32241231538704,27.345777407959904
595.5888925993142,416.98685806749745,28.32241231538704,27.345777407959904
595.8080587005873,417.4251902700435,28.32241231538704,27.345777407959904
595.5888925993142,417.4251902700435,28.32241231538704,27.345777407959904
595.3697264980412,417.6443563713165,28.32241231538704,27.345777407959904
595.7428909536161,418.881317492136,27.576083404237288,26.62518397650497
594.6759368713181,419.0947083085956,27.576083404237288,26.62518397650497
595.1027185042373,419.3080991250552,27.576083404237288,26.62518397650497
594.6759368713181,419.0947083085956,27.576083404237288,26.62518397650497
594.6759368713181,419.73488075797445,27.576083404237288,26.62518397650497
594.6759368713181,419.73488075797445,27.576083404237288,26.62518397650497
594.4625460548584,419.94827157443405,27.576083404237288,26.62518397650497
594.2491552383988,420.16166239089364,27.576083404237288,26.62518397650497
594.0357644219391,420.5884440238129,27.576083404237288,26.62518397650497
594.399095554748,421.366028129789,26.84942113861954,25.92357903039128
594.399095554748,421.57379584698987,26.84942113861954,25.92357903039128
594.1913278375472,421.1582604125882,26.84942113861954,25.92357903039128
594.1913278375472,421.3660281297891,26.84942113861954,25.92357903039128
594.399095554748,421.3660281297891,26.84942113861954,25.92357903039128
595.8534695751538,421.3660281297891,26.84942113861954,25.92357903039128
598.7622176159654,421.3660281297891,26.84942113861954,25.92357903039128
601.8787333739779,421.5737958469899,26.84942113861954,25.92357903039128
606.8033800820716,421.29205111024646,26.141907279268636,25.240462200673168
610.0400647737215,421.8989294899308,26.14190727926864,25.24046220067317
612.8721638789151,421.6966366967027,26.141907279268644,25.24046220067317
616.5134341570213,421.49434390347454,26.141907279268644,25.24046220067317
619.1432404689868,421.0897583170183,26.141907279268644,25.24046220067317
619.5478260554431,421.0897583170183,26.141907279268644,25.24046220067317
621.3684611944961,420.8874655237902,26.141907279268644,25.24046220067317
621.5707539877243,420.8874655237902,26.141907279268644,25.24046220067317
622.1776323674086,420.68517273056204,26.141907279268644,25.24046220067317
621.9753395741805,420.2805871441058,26.141907279268644,25.24046220067317
621.7730467809523,420.2805871441058,26.141907279268644,25.24046220067317
621.9753395741805,420.48287993733396,26.141907279268644,25.24046220067317
621.5707539877242,419.8760015576496,26.141907279268644,25.24046220067317
621.9753395741805,419.8760015576496,26.141907279268644,25.24046220067317
622.7845107470929,419.8760015576496,26.141907279268644,25.24046220067317
626.0308518334832,419.0901050274677,26.931765662700357,26.00308408812448
631.0325699201753,419.0901050274677,26.93176566270036,26.00308408812448
638.5450952057752,417.8636533746321,27.745489032692262,26.788748031564936
647.1331640347921,418.293056816083,27.745489032692262,26.78874803156494
653.7889173772801,418.5077585368084,27.745489032692262,26.78874803156494
659.3073218263826,419.0754177833058,27.01436272930755,26.082832980021077
663.0079572001486,419.21003038510776,26.30250246484077,25.39551962122557
664.5757212744708,419.3410957863602,25.609400556482722,24.72631777867297
664.5757212744708,418.9447515475007,25.609400556482722,24.72631777867297
664.7738933939005,418.74657942807096,25.609400556482722,24.72631777867297
664.9720655133302,418.54840730864123,25.609400556482722,24.72631777867297
665.17023763276,418.54840730864123,25.609400556482722,24.72631777867297
665.17023763276,418.54840730864123,25.609400556482722,24.72631777867297
665.3684097521897,418.54840730864123,25.609400556482722,24.72631777867297
665.3094844418397,419.07236322111453,24.93456269946396,24.074750192585892
665.3094844418397,418.6864631196023,24.93456269946396,24.074750192585892
665.3094844418397,418.107612967334,24.93456269946396,24.074750192585892
665.3094844418397,418.107612967334,24.93456269946396,24.074750192585892
665.3094844418397,418.107612967334,24.93456269946396,24.074750192585892
664.9327947616457,417.55096253570093,25.687942059851867,24.802150954339734
665.1315746554023,417.3521826419443,25.687942059851867,24.802150954339737
665.867588201969,417.67896558172,25.01103454174503,24.14858507478831
666.061130011483,417.2918819626922,25.01103454174503,24.14858507478831
664.8998791543995,417.2918819626922,25.01103454174503,24.14858507478831
665.4805045829412,417.2918819626922,25.01103454174503,24.14858507478831
665.867588201969,417.2918819626922,25.01103454174503,24.14858507478831
666.2546718209969,417.2918819626922,25.01103454174503,24.14858507478831
665.867588201969,417.4854237722061,25.01103454174503,24.14858507478831
666.2546718209969,417.0983401531783,25.01103454174503,24.14858507478831
664.6487888298667,417.41651197773865,24.35196433372718,23.51224142566763
664.837230584825,416.8511867128639,24.351964333727185,23.512241425667632
664.4603470749084,416.8511867128639,24.351964333727185,23.512241425667636
665.0256723397832,416.8511867128639,24.351964333727185,23.512241425667636
664.837230584825,416.66274495790566,24.351964333727185,23.512241425667636
664.6487888298667,416.4743032029474,24.351964333727185,23.512241425667636
665.2141140947415,416.28586144798913,24.351964333727185,23.512241425667636
665.4025558496998,415.90897793807267,24.351964333727185,23.512241425667636
665.590997604658,415.90897793807267,24.351964333727185,23.512241425667636
665.590997604658,415.90897793807267,24.351964333727185,23.512241425667636
665.4025558496998,415.7205361831144,24.351964333727185,23.512241425667636
665.4025558496998,415.53209442815614,24.351964333727185,23.512241425667636
665.4025558496998,415.3436526731979,24.351964333727185,23.512241425667636
665.590997604658,414.9667691632814,24.351964333727185,23.512241425667636
665.590997604658,415.1552109182397,24.351964333727185,23.512241425667636
665.590997604658,415.34365267319794,24.351964333727185,23.512241425667636
665.4025558496998,414.7783274083232,24.351964333727185,23.512241425667636
665.590997604658,414.7783274083232,24.351964333727185,23.512241425667636
665.590997604658,414.7783274083232,24.351964333727185,23.512241425667636
665.9678811145745,414.7783274083232,24.351964333727185,23.512241425667636
665.4025558496998,414.7783274083232,24.351964333727185,23.512241425667636
665.7794393596163,414.58988565336495,24.351964333727185,23.512241425667636
666.5332063794492,414.4014438984067,24.351964333727185,23.512241425667636
666.5332063794492,414.4014438984067,24.351964333727185,23.512241425667636
666.1563228695327,414.2130021434484,24.351964333727185,23.512241425667636
664.781198540934,414.8996732757345,23.710261401675936,22.8926661809285
664.9646746337789,415.08314936857937,23.71026140167594,22.892666180928504
664.9734328181397,414.0034025131579,24.426649404334142,23.58435114901229
664.9824556245599,413.4580909671662,25.164682540365543,24.296934866559848
665.1771864017525,413.6528217443588,25.164682540365543,24.296934866559848
665.3719171789451,413.8475525215514,25.164682540365543,24.296934866559848
665.1864818255916,413.48049556792074,25.92501480145761,25.03104877382115
665.3870962491163,413.27988114439603,25.92501480145761,25.031048773821155
666.5311312752033,413.6096799476949,25.24186013748143,24.371451167223462
666.1404752806781,413.6096799476949,25.241860137481435,24.371451167223462
666.6683796450598,413.73546016696105,24.576707403243255,23.729234734165907
666.8585605196165,413.3550984178476,24.576707403243258,23.729234734165907
667.0487413941732,413.3550984178476,24.576707403243258,23.729234734165907
667.23892226873,413.54527929240436,24.576707403243258,23.729234734165907
667.0487413941732,413.7354601669611,24.576707403243258,23.729234734165907
667.6192840178435,413.1649175432909,24.576707403243258,23.729234734165907
667.8094648924002,413.1649175432909,24.576707403243258,23.729234734165907
667.999645766957,413.1649175432909,24.576707403243258,23.729234734165907
668.3800075160705,412.9747366687342,24.576707403243258,23.729234734165907
668.1898266415137,412.78455579417744,24.576707403243258,23.729234734165907
668.5701883906272,412.5943749196207,24.576707403243258,23.729234734165907
668.760369265184,413.54527929240436,24.576707403243258,23.729234734165907
668.9505501397407,413.54527929240436,24.576707403243258,23.729234734165907
669.1407310142974,413.54527929240436,24.576707403243258,23.729234734165907
668.5701883906272,413.3550984178476,24.576707403243258,23.729234734165907
667.999645766957,412.9747366687342,24.576707403243258,23.729234734165907
668.1898266415137,412.78455579417744,24.576707403243258,23.729234734165907
668.3800075160705,412.21401317050726,24.576707403243258,23.729234734165907
667.6283622532442,411.8555325365777,25.319274430668774,24.446196002025026
668.0202163511394,412.0514595855253,25.319274430668777,24.446196002025026
667.8242893021918,412.0514595855253,25.319274430668777,24.446196002025026
668.216143400087,412.0514595855253,25.319274430668777,24.446196002025026
668.0202163511394,412.0514595855253,25.319274430668777,24.446196002025026
668.0202163511394,412.0514595855253,25.319274430668777,24.446196002025026
668.1578856481973,412.37355260925466,24.65208173865798,23.802009954566326
668.3486497887218,411.8012601876811,24.65208173865798,23.80200995456633
668.1669917256497,411.4416801290362,25.396926145851044,24.521170071856186
668.1669917256497,411.2451521911712,25.396926145851044,24.521170071856186
668.1669917256497,411.04862425330623,25.396926145851044,24.521170071856186
668.1669917256497,411.2451521911712,25.396926145851044,24.521170071856186
668.1669917256497,410.8520963154412,25.396926145851044,24.521170071856186
668.3635196635147,410.8520963154412,25.396926145851044,24.521170071856186
668.7565755392446,411.0486242533062,25.396926145851044,24.521170071856186
669.1496314149746,411.0486242533062,25.396926145851044,24.521170071856186
668.7565755392446,411.0486242533062,25.396926145851044,24.521170071856186
669.1496314149746,411.4416801290362,25.396926145851044,24.521170071856186
668.5694288122238,410.67817974927857,26.16427547562259,25.262059079911467
668.5694288122238,410.67817974927857,26.164275475622592,25.262059079911467
668.16449704407,410.47571386520167,26.164275475622592,25.262059079911467
667.7595652759162,410.27324798112477,26.164275475622592,25.262059079911467
667.9620311599931,410.47571386520167,26.164275475622592,25.262059079911467
667.7595652759162,410.27324798112477,26.164275475622592,25.262059079911467
668.3669629281469,410.47571386520167,26.164275475622592,25.262059079911467
668.9141585444461,410.6060904812014,25.474816011178074,24.59637407975814
668.5198972051473,410.8032211508508,25.474816011178074,24.596374079758142
668.9141585444461,411.00035182050016,25.474816011178074,24.596374079758142
668.5198972051473,411.1974824901495,25.474816011178074,24.596374079758142
668.7170278747967,411.3946131597989,25.474816011178074,24.596374079758142
668.9141585444461,411.1974824901495,25.474816011178074,24.596374079758142
668.1350458479404,411.2201632086967,26.244518725591973,25.339535321261216
668.3381326748965,411.2201632086967,26.244518725591973,25.339535321261216
668.7443063288088,411.4232500356528,26.244518725591973,25.339535321261216
668.5412195018527,411.82942368956503,26.244518725591973,25.339535321261216
668.5412195018527,412.6417709973895,26.244518725591973,25.339535321261216
668.3381326748965,412.8448578243456,26.244518725591973,25.339535321261216
668.7443063288088,412.6417709973895,26.244518725591973,25.339535321261216
668.7443063288088,413.65720513217,26.244518725591973,25.339535321261216
668.9473931557649,414.06337878608224,26.244518725591973,25.339535321261216
669.150479982721,414.06337878608224,26.244518725591973,25.339535321261216
669.5566536366332,414.46955243999446,26.244518725591973,25.339535321261216
669.150479982721,415.0788129208628,26.244518725591973,25.339535321261216
668.9473931557649,415.0788129208628,26.244518725591973,25.339535321261216
668.5412195018527,415.2818997478189,26.244518725591973,25.339535321261216
668.1350458479404,415.8911602286872,26.244518725591973,25.339535321261216
668.7443063288088,415.8911602286872,26.244518725591973,25.339535321261216
668.5412195018527,416.09424705564334,26.244518725591973,25.339535321261216
668.5412195018527,416.70350753651167,26.244518725591973,25.339535321261216
668.5412195018527,417.7189416712922,26.244518725591973,25.339535321261216
668.5412195018527,417.9220284982483,26.244518725591973,25.339535321261216
668.5412195018527,417.7189416712922,26.244518725591973,25.339535321261216
668.5412195018527,418.32820215216054,26.244518725591973,25.339535321261216
668.7443063288088,418.53128897911665,26.244518725591973,25.339535321261216
668.9473931557649,418.9374626330289,26.244518725591973,25.339535321261216
668.9473931557649,418.73437580607276,26.244518725591973,25.339535321261216
669.150479982721,419.5467231138972,26.244518725591973,25.339535321261216
669.150479982721,419.7498099408533,26.244518725591973,25.339535321261216
669.150479982721,420.15598359476553,26.244518725591973,25.339535321261216
669.3535668096771,420.15598359476553,26.244518725591973,25.339535321261216
669.5566536366332,420.15598359476553,26.244518725591973,25.339535321261216
668.9473931557649,420.15598359476553,26.244518725591973,25.339535321261216
669.3535668096771,420.76524407563386,26.244518725591973,25.339535321261216
669.5566536366332,421.5775913834583,26.244518725591973,25.339535321261216
669.3535668096771,421.7806782104144,26.244518725591973,25.339535321261216
669.9628272905454,422.59302551823885,26.244518725591973,25.339535321261216
669.9628272905454,422.59302551823885,26.244518725591973,25.339535321261216
668.3478269726338,422.210217864001,27.03747743794188,26.10515062973699
668.3478269726338,422.210217864001,27.03747743794188,26.105150629736993
668.5570499177821,422.4194408091493,27.03747743794188,26.105150629736993
668.3478269726338,422.837886699446,27.03747743794188,26.105150629736993
668.7662728629305,423.2563325897427,27.03747743794188,26.105150629736993
668.5570499177821,423.46555553489105,27.03747743794188,26.105150629736993
668.9132845999093,424.22795215275886,26.325008073687467,25.4172491745948
668.9132845999093,424.43166182696467,26.325008073687467,25.4172491745948
669.1169942741151,424.6353715011705,26.325008073687467,25.4172491745948
669.3207039483209,425.04279084958216,26.325008073687467,25.4172491745948
669.3207039483209,425.04279084958216,26.325008073687467,25.4172491745948
669.3207039483209,425.04279084958216,26.325008073687467,25.4172491745948
669.5244136225267,425.246500523788,26.325008073687467,25.4172491745948
668.9132845999092,425.4502101979938,26.325008073687467,25.4172491745948
668.9132845999092,425.85762954640546,26.325008073687467,25.4172491745948
669.116994274115,425.85762954640546,26.325008073687467,25.4172491745948
669.116994274115,426.0613392206113,26.325008073687467,25.4172491745948
669.3207039483208,426.2650488948171,26.325008073687467,25.4172491745948
669.5244136225266,426.67246824322876,26.325008073687467,25.4172491745948
669.3207039483208,427.4873069400521,26.325008073687467,25.4172491745948
669.5244136225266,427.69101661425793,26.325008073687467,25.4172491745948
669.3207039483208,428.0984359626696,26.325008073687467,25.4172491745948
669.5244136225266,428.0984359626696,26.325008073687467,25.4172491745948
669.7281232967324,427.8947262884638,26.325008073687467,25.4172491745948
668.5058652514974,427.8947262884638,26.325008073687467,25.4172491745948
667.8947362288799,427.8947262884638,26.325008073687467,25.4172491745948
668.0984459030857,427.8947262884638,26.325008073687467,25.4172491745948
668.5058652514973,427.8947262884638,26.325008073687467,25.4172491745948
668.0984459030857,427.8947262884638,26.325008073687467,25.4172491745948
667.9044602580713,427.51074460094077,27.120398712127958,26.185212549640795
669.5209751444022,428.0656148027056,26.40574427466773,25.495201368644715
668.7036374177359,428.0656148027056,26.40574427466773,25.495201368644715
668.4993029860693,428.0656148027056,26.40574427466773,25.495201368644715
668.4993029860693,428.0656148027056,26.40574427466773,25.495201368644715
668.4993029860693,428.0656148027056,26.40574427466773,25.495201368644715
668.2949685544028,427.861280371039,26.40574427466773,25.495201368644715
668.3047224062318,427.0674521862536,27.203574297676052,26.265520011549302
668.0942141609199,427.27796043156553,27.203574297676056,26.265520011549306
667.8837059156081,427.48846867687746,27.203574297676056,26.265520011549306
668.5152306515438,427.06745218625366,27.203574297676056,26.265520011549306
668.5152306515438,427.06745218625366,27.203574297676056,26.265520011549306
668.5152306515438,427.06745218625366,27.203574297676056,26.265520011549306
668.5152306515438,427.06745218625366,27.203574297676056,26.265520011549306
668.5152306515438,427.06745218625366,27.203574297676056,26.265520011549306
668.5152306515438,426.85694394094173,27.203574297676056,26.265520011549306
668.5152306515438,426.6464356956298,27.203574297676056,26.265520011549306
668.7257388968557,426.4359274503179,27.203574297676056,26.265520011549306
668.9362471421675,426.22541920500595,27.203574297676056,26.265520011549306
667.4626894249842,426.4359274503179,27.203574297676056,26.265520011549306
667.6731976702961,426.22541920500595,27.203574297676056,26.265520011549306
667.0517214916046,426.03913082498576,28.02551016443536,27.05911326221346
667.2685900877725,425.82226222881786,28.02551016443536,27.059113262213465
667.2685900877725,426.03913082498576,28.02551016443536,27.059113262213465
667.4854586839405,425.82226222881786,28.02551016443536,27.059113262213465
667.7023272801084,426.25599942115366,28.02551016443536,27.059113262213465
667.2685900877726,426.03913082498576,28.02551016443536,27.059113262213465
667.4854586839406,425.82226222881786,28.02551016443536,27.059113262213465
667.7023272801085,426.9066052096574,28.02551016443536,27.059113262213465
667.2685900877727,426.9066052096574,28.02551016443536,27.059113262213465
667.4854586839407,426.9066052096574,28.02551016443536,27.059113262213465
667.7023272801086,427.3403424019932,28.02551016443536,27.059113262213465
667.2685900877728,427.1234738058253,28.02551016443536,27.059113262213465
667.2685900877728,426.9066052096574,28.02551016443536,27.059113262213465
667.4854586839408,427.3403424019932,28.02551016443536,27.059113262213465
667.4854586839408,427.3403424019932,28.02551016443536,27.059113262213465
667.4854586839408,427.3403424019932,28.02551016443536,27.059113262213465
667.7023272801088,427.5572109981611,28.02551016443536,27.059113262213465
667.4854586839408,427.9909481904969,28.02551016443536,27.059113262213465
667.9191958762766,427.774079594329,28.02551016443536,27.059113262213465
667.4854586839408,428.64155397900066,28.02551016443536,27.059113262213465
668.1360644724446,428.42468538283276,28.02551016443536,27.059113262213465
668.1360644724446,428.42468538283276,28.02551016443536,27.059113262213465
666.6283364662346,427.7990312449279,28.872280215176254,27.876684345687433
666.1814942255979,427.7990312449279,28.872280215176257,27.876684345687433
665.7346519849613,427.7990312449279,28.87228021517626,27.876684345687433
666.1814942255979,428.24587348556463,28.87228021517626,27.876684345687433
665.9580731052796,428.69271572620136,28.87228021517626,27.876684345687433
666.4049153459163,428.69271572620136,28.87228021517626,27.876684345687433
666.4049153459163,428.9161368465197,28.87228021517626,27.876684345687433
666.4049153459163,429.3629790871564,28.87228021517626,27.876684345687433
666.4049153459163,430.2566635684299,28.87228021517626,27.876684345687433
666.4049153459163,430.4800846887482,28.87228021517626,27.876684345687433
666.4049153459163,430.70350580906654,28.87228021517626,27.876684345687433
666.4049153459163,430.70350580906654,28.87228021517626,27.876684345687433
666.6283364662346,430.9269269293849,28.87228021517626,27.876684345687433
666.8517575865529,431.3737691700216,28.87228021517626,27.876684345687433
667.0751787068713,432.7142958919318,28.87228021517626,27.876684345687433
667.4555879957314,433.3050087394255,28.11146163745588,27.142100891336717
667.2380542849882,433.74007616091205,28.111461637455882,27.142100891336717
667.6731217064747,434.6102110038852,28.111461637455886,27.142100891336717
667.6731217064747,435.04527842537175,28.111461637455886,27.142100891336717
667.890655417218,435.04527842537175,28.111461637455886,27.142100891336717
668.3257228387046,435.6978795576016,28.111461637455886,27.142100891336717
668.7607902601911,437.2206155328045,28.111461637455886,27.142100891336717
668.3257228387046,437.2206155328045,28.111461637455886,27.142100891336717
669.1958576816777,438.09075037577765,28.111461637455886,27.142100891336717
667.9010393332576,437.68071112913907,28.960828648350002,27.962179384613798
667.4528266715806,438.128923790816,28.960828648350002,27.962179384613798
667.2287203407423,439.9217744375235,28.960828648350002,27.962179384613798
667.2287203407423,440.1458807683619,28.960828648350002,27.962179384613798
667.2287203407423,441.2664124225541,28.960828648350002,27.962179384613798
667.2287203407423,441.9387314150694,28.960828648350002,27.962179384613798
667.2287203407423,442.3869440767463,28.960828648350002,27.962179384613798
667.2287203407423,443.9556883926154,28.960828648350002,27.962179384613798
667.2287203407423,444.1797947234538,28.960828648350002,27.962179384613798
667.4528266715806,444.85211371596915,28.960828648350002,27.962179384613798
667.6769330024192,445.0762200468076,28.960828648350002,27.962179384613798
667.6876306607977,445.32611076027626,29.8358586549467,28.80703594270716
667.6876306607977,446.4804984492064,29.8358586549467,28.80703594270716
667.6876306607977,447.4040086003506,29.8358586549467,28.80703594270716
667.6876306607977,447.8657636759226,29.8358586549467,28.80703594270716
667.6876306607977,449.48190644042495,29.8358586549467,28.80703594270716
667.9185081985837,449.71278397821095,29.8358586549467,28.80703594270716
668.1493857363697,450.8671716671412,29.8358586549467,28.80703594270716
668.3802632741557,451.5598042804993,29.8358586549467,28.80703594270716
669.0728958875138,452.2524368938574,29.8358586549467,28.80703594270716
669.7655285008719,452.7141919694294,29.8358586549467,28.80703594270716
669.7655285008719,454.09945719614564,29.8358586549467,28.80703594270716
668.8530392299378,453.66426555924454,30.73732704567051,29.67741921650946
669.0908925616787,454.37782555446717,30.73732704567051,29.67741921650946
669.0201682769964,457.1473763410615,29.927362288071592,28.89538427813809
668.5569970441916,456.9157907246591,29.927362288071595,28.89538427813809
668.5569970441916,458.76847565587826,29.927362288071595,28.89538427813809
668.788582660594,459.0000612722807,29.927362288071595,28.89538427813809
669.0201682769964,459.92640373789027,29.927362288071595,28.89538427813809
669.4833395098012,460.62116058709745,29.927362288071595,28.89538427813809
669.494394189963,460.41621987681003,30.83159539335759,29.76843693151767
669.7329769943917,460.8933854856673,30.83159539335759,29.76843693151767
670.3777842185962,462.95568179783055,30.019146553806124,28.98400356919212
670.7733041466246,463.33756310765114,29.228106697749258,28.220240949551005
670.7733041466246,463.33756310765114,29.228106697749258,28.220240949551005
670.7733041466246,463.78991230172437,29.228106697749258,28.220240949551005
670.9994787436611,464.92078528690746,29.228106697749258,28.220240949551005
671.2256533406977,464.92078528690746,29.228106697749258,28.220240949551005
671.4518279377343,465.1469598839441,29.228106697749258,28.220240949551005
671.2256533406977,465.82548367505393,29.228106697749258,28.220240949551005
671.2364497272342,466.3038552145442,30.111212312822797,29.07289464686339
671.4694580223511,467.2358883950117,30.1112123128228,29.072894646863393
671.9354746125848,467.7019049852455,30.111212312822804,29.072894646863396
672.4014912028185,467.7019049852455,30.111212312822804,29.072894646863396
672.6344994979354,468.1679215754793,30.111212312822804,29.072894646863396
673.1005160881691,469.0999547559468,30.111212312822804,29.072894646863396
673.333524383286,469.56597134618056,30.111212312822804,29.072894646863396
673.5665326784028,469.56597134618056,30.111212312822804,29.072894646863396
673.2642407416546,470.4150404385131,29.317746415618174,28.306789642665823
673.0373724894566,470.4150404385131,29.317746415618174,28.306789642665823
672.8105042372587,470.64190869071103,29.317746415618174,28.306789642665823
675.6923335797319,472.82981332595955,28.5451892790269,27.56087240733632
674.5878835465357,472.6089233193203,28.5451892790269,27.56087240733632
674.5878835465357,473.4924833458772,28.5451892790269,27.56087240733632
674.1566476612229,473.0761176635061,29.40766104965263,28.393603772078407
674.3842116959541,473.30368169823737,29.407661049652635,28.39360377207841
674.6117757306854,473.30368169823737,29.40766104965264,28.39360377207841
674.8393397654166,473.5312457329686,29.40766104965264,28.39360377207841
674.6117757306854,473.98637380243105,29.40766104965264,28.39360377207841
675.294467834879,474.6690659066247,29.40766104965264,28.39360377207841
675.0669038001478,474.6690659066247,29.40766104965264,28.39360377207841
675.0669038001478,475.12419397608716,29.40766104965264,28.39360377207841
675.294467834879,475.80688608028083,29.40766104965264,28.39360377207841
675.7495959043415,475.80688608028083,29.40766104965264,28.39360377207841
676.4322880085351,476.0344501150121,29.40766104965264,28.39360377207841
676.4322880085351,476.2620141497433,29.40766104965264,28.39360377207841
676.6598520432664,476.71714221920575,29.40766104965264,28.39360377207841
677.1149801127289,476.71714221920575,29.40766104965264,28.39360377207841
677.1149801127289,476.71714221920575,29.40766104965264,28.39360377207841
677.3425441474601,476.71714221920575,29.40766104965264,28.39360377207841
677.7976722169226,476.71714221920575,29.40766104965264,28.39360377207841
677.3534068584496,476.06063232112126,30.296191766598717,29.25149549878497
676.6500877175199,475.826192607478,30.296191766598717,29.25149549878497
676.1923992099969,475.61872617592667,31.211568781644594,30.13530778917409
675.9508760738913,475.61872617592667,31.211568781644594,30.135307789174092
675.9508760738913,475.61872617592667,31.211568781644594,30.135307789174096
676.1923992099969,475.3772030398211,31.211568781644594,30.1353077891741
676.4339223461025,476.10177244813787,31.211568781644594,30.1353077891741
676.4339223461025,475.8602493120323,31.211568781644594,30.1353077891741
676.675445482208,475.6187261759267,31.211568781644594,30.1353077891741
676.9169686183136,475.6187261759267,31.211568781644594,30.1353077891741
676.9169686183136,475.6187261759267,31.211568781644594,30.1353077891741
676.9169686183136,475.6187261759267,31.211568781644594,30.1353077891741
676.9169686183136,475.6187261759267,31.211568781644594,30.1353077891741
676.9169686183136,475.6187261759267,31.211568781644594,30.1353077891741
677.4000148905247,475.6187261759267,31.211568781644594,30.1353077891741
677.8830611627359,475.8602493120323,31.211568781644594,30.1353077891741
678.6076305710526,476.10177244813787,31.211568781644594,30.1353077891741
678.6076305710526,476.34329558424344,31.211568781644594,30.1353077891741
678.6076305710526,477.0678649925602,31.211568781644594,30.1353077891741
679.0906768432637,477.0678649925602,31.211568781644594,30.1353077891741
679.0906768432637,477.0678649925602,31.211568781644594,30.1353077891741
679.3321999793693,477.5509112647714,31.211568781644594,30.1353077891741
679.9849539083306,478.4310079576708,30.38910719593337,29.34120694779774
680.8556657198163,479.2879130664917,29.588318441366997,28.568031598561245
680.8665951627036,479.0852941073193,30.482307587717255,29.431193532968393
679.4513156086716,479.55705395866323,30.482307587717255,29.431193532968393
679.2154356829997,479.55705395866323,30.482307587717255,29.431193532968393
678.5190555739001,479.34831301757754,31.40330795457252,30.32043526648382
678.7620624369752,480.32034046987764,31.403307954572522,30.32043526648382
679.0050693000502,480.5633473329527,31.403307954572522,30.32043526648382
679.4910830262003,481.04936105910275,31.403307954572522,30.32043526648382
679.2480761631252,481.2923679221778,31.403307954572522,30.32043526648382
679.0166691705004,481.0773200280255,32.35213566597204,31.236544780938534
679.2670183061182,481.57801829926103,32.35213566597204,31.236544780938534
679.2670183061182,481.57801829926103,32.35213566597204,31.236544780938534
679.5173674417359,482.07871657049657,32.35213566597204,31.236544780938534
679.7677165773537,482.5794148417321,32.35213566597204,31.236544780938534
680.6946732815942,483.24132384369943,31.499618799962143,30.41342504823932
680.9384254227289,483.9725802671034,31.499618799962146,30.413425048239322
680.8659471618806,484.61704718754123,30.669566757119878,29.611995489632996
681.1032761471041,484.61704718754123,30.66956675711988,29.611995489633
681.1032761471041,484.85437617276466,30.669566757119885,29.611995489633003
681.3406051323276,484.61704718754123,30.669566757119888,29.611995489633003
681.1032761471041,484.85437617276466,30.669566757119888,29.611995489633003
681.3406051323276,484.85437617276466,30.669566757119888,29.611995489633003
681.9820237146586,485.244531645834,29.861387562904838,28.831684543494333
681.9820237146586,485.47560673286705,29.861387562904838,28.831684543494337
682.4441738887247,485.7066818199001,29.861387562904838,28.831684543494337
682.9063240627908,485.93775690693315,29.861387562904838,28.831684543494337
681.9133149010435,486.77978149798656,29.074504842002717,28.071935709519874
681.9133149010435,486.77978149798656,29.074504842002717,28.071935709519877
681.9133149010435,486.55479551156327,29.074504842002717,28.07193570951988
682.1383008874668,486.55479551156327,29.074504842002717,28.07193570951988
682.5882728603134,486.77978149798656,29.074504842002717,28.07193570951988
682.5882728603134,487.00476748440985,29.074504842002717,28.07193570951988
682.36328687389,486.5547955115632,29.074504842002717,28.07193570951988
682.1490405359796,486.13070912944784,29.95296949067025,28.9201084737506
682.3808243074931,486.82606044398824,29.95296949067025,28.920108473750602
682.6126080790066,486.5942766724748,29.95296949067025,28.920108473750606
682.6126080790066,486.36249290096134,29.95296949067025,28.92010847375061
683.0761756220335,486.8260604439883,29.95296949067025,28.92010847375061
682.6126080790066,486.8260604439883,29.95296949067025,28.92010847375061
682.8443918505201,486.59427667247485,29.95296949067025,28.92010847375061
683.0761756220336,486.3624929009614,29.95296949067025,28.92010847375061
682.8443918505201,487.28962798701525,29.95296949067025,28.92010847375061
683.0761756220336,487.28962798701525,29.95296949067025,28.92010847375061
683.0761756220336,487.28962798701525,29.95296949067025,28.92010847375061
683.0761756220336,487.7531955300422,29.95296949067025,28.92010847375061
683.3079593935471,487.52141175852876,29.95296949067025,28.92010847375061
683.5397431650606,487.9849793015557,29.95296949067025,28.92010847375061
683.7715269365741,487.75319553004226,29.95296949067025,28.92010847375061
684.235094479601,487.75319553004226,29.95296949067025,28.92010847375061
684.0033107080875,487.9849793015557,29.95296949067025,28.92010847375061
683.771526936574,488.44854684458267,29.95296949067025,28.92010847375061
683.5397431650605,488.6803306160961,29.95296949067025,28.92010847375061
683.0761756220336,488.44854684458267,29.95296949067025,28.92010847375061
682.1601046750251,488.24343077776905,30.857976298633428,29.793908150404715
682.6376785683246,488.00464383111927,30.857976298633428,29.793908150404715
682.6376785683246,488.72100467106856,30.857976298633428,29.793908150404715
682.3988916216749,488.72100467106856,30.857976298633428,29.793908150404715
682.1715031088443,488.03211728078253,31.790327217594175,30.694109037677162
682.6635065439251,488.27811899832295,31.790327217594175,30.694109037677165
682.9095082614656,488.5241207158634,31.790327217594175,30.69410903767717
682.9095082614656,489.2621258684847,31.790327217594175,30.69410903767717
683.1555099790061,489.2621258684847,31.790327217594175,30.69410903767717
682.6635065439252,489.2621258684847,31.790327217594175,30.69410903767717
682.6635065439252,489.5081275860251,31.790327217594175,30.69410903767717
682.9095082614657,490.00013102110603,31.790327217594175,30.69410903767717
683.1555099790062,489.5081275860251,31.790327217594175,30.69410903767717
682.9095082614657,490.00013102110603,31.790327217594175,30.69410903767717
683.1555099790062,490.00013102110603,31.790327217594175,30.69410903767717
683.1555099790062,490.24613273864645,31.790327217594175,30.69410903767717
683.4015116965467,490.73813617372736,31.790327217594175,30.69410903767717
684.0663696900498,491.1425491298292,30.952614665668946,29.8852831254735
684.0663696900498,491.1425491298292,30.952614665668946,29.8852831254735
684.3058889726921,491.3820684124715,30.952614665668946,29.8852831254735
684.7849275379766,491.8611069777561,30.952614665668946,29.8852831254735
683.5873311247651,492.579664825683,30.952614665668946,29.8852831254735
683.5161114794128,493.691978872165,30.13697682580471,29.0977707283632
684.3795992257132,494.54177446635424,29.342832003348022,28.331010210129158
684.3795992257132,494.54177446635424,29.342832003348022,28.33101021012916
684.3795992257132,494.54177446635424,29.342832003348022,28.33101021012916
684.6066615966323,494.99589920819267,29.342832003348022,28.33101021012916
684.3904379899087,495.2490860666745,30.2294039586335,29.187010718680657
684.3904379899087,495.71693185153526,30.2294039586335,29.187010718680657
684.624360882339,496.65262342125675,30.2294039586335,29.187010718680657
684.1565150974783,497.1204692061175,30.2294039586335,29.187010718680657
685.4904968603148,497.97287103950293,29.43282357240362,28.417898621631117
685.4904968603148,498.20062978829833,29.43282357240362,28.41789862163112
685.2627381115194,498.6561472858891,29.43282357240362,28.41789862163112
685.2627381115194,498.6561472858891,29.43282357240362,28.41789862163112
685.2627381115194,498.6561472858891,29.43282357240362,28.41789862163112
685.2627381115194,499.1116647834799,29.43282357240362,28.41789862163112
685.2736101171348,499.1378693922669,30.322114556354354,29.276524399238724
686.1424024486508,501.6353676338686,29.523091136717625,28.505053511313605
687.0562314982261,501.4069103714748,29.523091136717625,28.505053511313605
687.2955941096033,500.51936629763475,30.41510948832611,29.366312609418348
687.2955941096033,501.2254460861908,30.41510948832611,29.366312609418348
687.2955941096033,502.16688580426546,30.41510948832611,29.366312609418348
687.0602341800845,502.6376056633028,30.41510948832611,29.366312609418348
686.1300293080428,502.1939649610917,31.334079514334864,30.253594013840594
686.1300293080428,502.6789072723372,31.334079514334864,30.253594013840594
686.3725004636656,503.1638495835827,31.334079514334864,30.253594013840594
685.6450869967973,503.40632073920546,31.334079514334864,30.253594013840594
685.6450869967973,503.89126305045096,31.334079514334864,30.253594013840594
686.1300293080428,504.1337342060737,31.334079514334864,30.253594013840594
686.3725004636656,504.86114767294197,31.334079514334864,30.253594013840594
686.3725004636656,505.831032295433,31.334079514334864,30.253594013840594
686.1300293080428,506.55844576230123,31.334079514334864,30.253594013840594
686.6149716192883,506.55844576230123,31.334079514334864,30.253594013840594
686.6149716192883,507.2858592291695,31.334079514334864,30.253594013840594
686.8574427749111,507.2858592291695,31.334079514334864,30.253594013840594
686.3840747622577,507.0712854070579,32.28081553964165,31.167683969309216
686.3840747622577,507.82067713354155,32.28081553964165,31.16768396930922
686.6338720044189,508.07047437570276,32.28081553964165,31.167683969309223
687.6330609730638,508.8198661021864,32.28081553964165,31.167683969309223
687.3832637309026,509.0696633443476,32.28081553964165,31.167683969309223
686.633872004419,509.56925782867,32.28081553964165,31.167683969309223
686.8836692465802,510.3186495551536,32.28081553964165,31.167683969309223
686.3840747622578,511.817433008121,32.28081553964165,31.167683969309223
686.633872004419,512.0672302502821,32.28081553964165,31.167683969309223
687.1334664887414,512.3170274924435,32.28081553964165,31.167683969309223
687.1334664887414,512.8166219767659,32.28081553964165,31.167683969309223
687.1334664887414,513.066419218927,32.28081553964165,31.167683969309223
686.645796011878,512.8453622075649,33.25615649336842,32.109392476355765
687.8559994944278,516.3565585279424,32.3798176141679,31.263272179196637
687.1162700347111,515.1325701739764,33.358149842314944,32.20786881326965
687.374403966426,515.3907041056914,33.358149842314944,32.20786881326965
689.1045868870165,517.1057313965571,32.479123318283314,31.359153548687388
688.8532550883276,516.8543995978682,32.479123318283314,31.35915354868739
688.3505914909499,516.8543995978682,32.479123318283314,31.35915354868739
687.0192004702092,518.2729021016677,31.62326017812051,30.53280293059916
688.659400088959,519.409316484479,30.789950039389147,29.728227624237846
688.4211395469763,520.6006191943928,30.789950039389147,29.728227624237846
687.9559917690377,520.3897715369867,31.720245595266263,30.62644402301575
687.7222493031442,520.1725532736392,32.6786493429455,31.551799365602598
687.469373520827,520.4254290559563,32.6786493429455,31.551799365602598
687.7222493031442,520.4254290559563,32.6786493429455,31.551799365602598
687.7222493031442,520.9311806205906,32.6786493429455,31.551799365602598
687.7222493031442,521.942683749859,32.6786493429455,31.551799365602598
687.9751250854613,522.4484353144933,32.6786493429455,31.551799365602598
688.2280008677784,522.7013110968104,32.6786493429455,31.551799365602598
688.7337524324126,523.4599384437618,32.6786493429455,31.551799365602598
688.7337524324126,524.2185657907131,32.6786493429455,31.551799365602598
688.9866282147298,525.2300689199816,32.6786493429455,31.551799365602598
689.2395039970469,525.4829447022987,32.6786493429455,31.551799365602598
689.492379779364,525.988696266933,32.6786493429455,31.551799365602598
689.9981313439982,526.7473236138843,32.6786493429455,31.551799365602598
690.681567569232,528.1745402742448,31.81752845711209,30.720372303418618
690.9277797769506,528.4207524819634,31.81752845711209,30.72037230341862
691.1739919846692,529.4056013128379,31.81752845711209,30.72037230341862
690.8545700298198,530.3027847183641,30.979099120498987,29.91085432324045
690.8545700298198,530.3027847183641,30.979099120498987,29.91085432324045
691.0942942559763,530.5425089445206,30.979099120498987,29.91085432324045
691.3340184821327,531.26168162299,30.979099120498987,29.91085432324045
691.5737427082892,531.7411300753029,30.979099120498987,29.91085432324045
691.8134669344456,532.7000269799287,30.979099120498987,29.91085432324045
691.8134669344456,533.1794754322416,30.979099120498987,29.91085432324045
691.3454616567494,532.9673324937258,31.915109675891518,30.814588652584963
691.3454616567494,533.4612671262336,31.91510967589152,30.814588652584966
691.5924289730033,534.2021690749951,31.91510967589152,30.81458865258497
692.086363605511,534.6961037075029,31.91510967589152,30.81458865258497
690.6163486296576,534.2305837108318,32.879401097567424,31.745628645927223
690.8707778806163,534.739442212749,32.879401097567424,31.745628645927226
691.3796363825336,535.2483007146664,32.879401097567424,31.74562864592723
691.3796363825336,535.7571592165837,32.879401097567424,31.74562864592723
691.3796363825336,536.266017718501,32.879401097567424,31.74562864592723
691.8884948844509,537.0293054713769,32.879401097567424,31.74562864592723
692.3973533863682,537.2837347223356,32.879401097567424,31.74562864592723
692.9062118882855,538.0470224752115,32.879401097567424,31.74562864592723
693.5938466047099,539.483006825013,32.01299016663581,30.909093953993256
690.8806995348823,539.0160591244679,32.98023897490799,31.84298935508364
691.4033010186745,538.7902125050463,33.97671249015799,32.80510171463537
691.4033010186745,539.5789740901423,33.97671249015799,32.80510171463537
691.6662215470399,540.893576731969,33.97671249015799,32.80510171463537
692.3768052644524,541.5887237876902,33.08138611206373,31.940648659923667
692.3768052644524,541.8447160505721,33.08138611206373,31.940648659923667
692.3768052644524,542.3567005763357,33.08138611206373,31.940648659923667
692.3768052644524,542.6126928392175,33.08138611206373,31.940648659923667
692.6327975273342,543.1246773649812,33.08138611206373,31.940648659923667
691.6088284758068,543.380669627863,33.08138611206373,31.940648659923667
691.8648207386886,544.1486464165085,33.08138611206373,31.940648659923667
691.6088284758068,544.4046386793904,33.08138611206373,31.940648659923667
691.8648207386886,544.916623205154,33.08138611206373,31.940648659923667
691.3650559381135,545.2020684622098,34.08091571321402,32.90571172310325
691.8925096974546,545.7295222215508,34.08091571321402,32.90571172310325
691.8925096974546,545.9932491012214,34.08091571321402,32.90571172310325
692.1562365771251,546.5207028605624,34.08091571321402,32.90571172310325
691.8925096974546,547.5756103792446,34.08091571321402,32.90571172310325
692.1562365771251,547.5756103792446,34.08091571321402,32.90571172310325
691.3650559381135,547.8393372589152,34.08091571321402,32.90571172310325
691.8925096974546,548.3667910182562,34.08091571321402,32.90571172310325
692.1562365771251,549.1579716572678,34.08091571321402,32.90571172310325
691.6287828177841,549.6854254166088,34.08091571321402,32.90571172310325
691.6287828177841,549.6854254166088,34.08091571321402,32.90571172310325
692.1562365771251,549.9491522962794,34.08091571321402,32.90571172310325
690.5864642342443,549.7157683112065,35.110645361611155,33.89993345259015
690.8711287269283,549.4753328017288,36.17148752933467,34.924194855909406
691.1510329882875,550.5949498471657,36.17148752933467,34.924194855909406
690.0314159428506,550.5949498471657,36.17148752933467,34.924194855909406
689.4716074201322,550.8748541085249,36.17148752933467,34.924194855909406
689.7515116814914,551.4346626312433,36.17148752933467,34.924194855909406
691.0678051078149,554.4139478104725,35.21832624484306,34.00390120191751
690.5227481987853,554.6864762649873,35.21832624484306,34.00390120191751
690.5227481987853,554.4139478104725,35.21832624484306,34.00390120191751
691.0678051078149,554.9590047195021,35.21832624484306,34.00390120191751
690.2502197442706,555.5040616285318,35.21832624484306,34.00390120191751
690.2502197442706,555.5040616285318,35.21832624484306,34.00390120191751
690.7952766533002,555.7765900830466,35.21832624484306,34.00390120191751
691.6128620168446,556.3216469920762,35.21832624484306,34.00390120191751
691.6128620168446,557.4117608101354,35.21832624484306,34.00390120191751
691.6128620168446,558.2293461736798,35.21832624484306,34.00390120191751
691.6128620168446,558.5018746281946,35.21832624484306,34.00390120191751
691.6128620168446,558.7744030827095,35.21832624484306,34.00390120191751
691.8853904713594,559.3194599917391,35.21832624484306,34.00390120191751
691.8853904713594,560.4095738097983,35.21832624484306,34.00390120191751
692.4304473803891,560.954630718828,35.21832624484306,34.00390120191751
691.3403335623299,561.4996876278576,35.21832624484306,34.00390120191751
691.6128620168447,561.7722160823724,35.21832624484306,34.00390120191751
691.8853904713595,562.3172729914021,35.21832624484306,34.00390120191751
692.7029758349039,563.1348583549465,35.21832624484306,34.00390120191751
691.0808141838814,562.6211569989819,36.28242191076958,35.03130391384656
690.2385260835907,562.9019196990788,36.28242191076958,35.03130391384656
690.5192887836877,563.1826823991757,36.28242191076958,35.03130391384656
690.8000514837846,564.3057331995634,36.28242191076958,35.03130391384656
691.3615768839784,565.1480212998541,36.28242191076958,35.03130391384656
691.0808141838814,565.7095467000479,36.28242191076958,35.03130391384656
689.9711655191668,565.180324237752,37.37866843981127,36.08974883843854
690.2604112564827,566.6265529243317,37.37866843981127,36.08974883843854
690.2604112564827,566.6265529243317,37.37866843981127,36.08974883843854
691.1281484684306,566.9157986616476,37.37866843981127,36.08974883843854
690.8389027311147,568.0727816109114,37.37866843981127,36.08974883843854
690.2604112564828,568.6512730855433,37.37866843981127,36.08974883843854
690.5496569937987,569.2297645601751,37.37866843981127,36.08974883843854
691.7066399430626,570.3867475094389,37.37866843981127,36.08974883843854
691.4173942057466,570.6759932467548,37.37866843981127,36.08974883843854
690.8389027311148,570.9652389840708,37.37866843981127,36.08974883843854
690.2604112564829,571.2544847213867,37.37866843981127,36.08974883843854
690.2604112564829,572.1222219333346,37.37866843981127,36.08974883843854
690.5496569937989,572.7007134079664,37.37866843981127,36.08974883843854
690.5496569937989,572.9899591452823,37.37866843981127,36.08974883843854
690.8389027311148,573.8576963572302,37.37866843981127,36.08974883843854
690.2604112564829,574.1469420945461,37.37866843981127,36.08974883843854
689.1172353785039,573.8909753044924,38.50803724650552,37.18017389317782
688.5354894537761,573.6272746672927,39.67152909596113,38.30354533403151
688.5354894537761,574.5482401133162,39.671529095961134,38.30354533403151
688.5354894537761,574.855228595324,39.671529095961134,38.30354533403151
688.5354894537761,575.1622170773318,39.671529095961134,38.30354533403151
688.5354894537761,575.7761940413475,39.671529095961134,38.30354533403151
688.2285009717683,577.3111364513867,39.671529095961134,38.30354533403151
687.9215124897605,577.3111364513867,39.671529095961134,38.30354533403151
688.5354894537762,577.3111364513867,39.671529095961134,38.30354533403151
688.5354894537762,577.9251134154024,39.671529095961134,38.30354533403151
687.9215124897605,577.9251134154024,39.671529095961134,38.30354533403151
688.2285009717683,578.2321018974102,39.671529095961134,38.30354533403151
688.2285009717683,578.8460788614259,39.671529095961134,38.30354533403151
687.9215124897605,580.9949982354808,39.671529095961134,38.30354533403151
687.9215124897605,580.688009753473,39.671529095961134,38.30354533403151
688.5354894537762,580.9949982354808,39.671529095961134,38.30354533403151
688.2285009717684,581.3019867174886,39.671529095961134,38.30354533403151
687.9215124897606,581.9159636815043,39.671529095961134,38.30354533403151
688.2285009717684,581.9159636815043,39.671529095961134,38.30354533403151
687.9215124897606,582.2229521635121,39.671529095961134,38.30354533403151
688.2285009717684,582.8369291275278,39.671529095961134,38.30354533403151
688.5354894537762,584.0648830555592,39.671529095961134,38.30354533403151
687.9361665064248,583.486226416737,40.87017499066407,39.46085861167573
688.5686943300652,584.1187542403775,40.87017499066407,39.46085861167573
688.8849582418854,584.4350181521977,40.87017499066407,39.46085861167573
689.2012221537057,585.0675459758381,40.87017499066407,39.46085861167573
688.8849582418854,585.3838098876583,40.87017499066407,39.46085861167573
689.2012221537057,586.0163377112988,40.87017499066407,39.46085861167573
688.8849582418854,586.0163377112988,40.87017499066407,39.46085861167573
689.2012221537057,586.9651294467595,40.87017499066407,39.46085861167573
688.8849582418854,587.2813933585797,40.87017499066407,39.46085861167573
689.2012221537057,587.9139211822202,40.87017499066407,39.46085861167573
689.2012221537057,588.2301850940404,40.87017499066407,39.46085861167573
688.8849582418854,589.1789768295012,40.87017499066407,39.46085861167573
689.5174860655259,589.4952407413214,40.87017499066407,39.46085861167573
689.5174860655259,590.1277685649618,40.87017499066407,39.46085861167573
689.5174860655259,590.444032476782,40.87017499066407,39.46085861167573
689.8337499773461,591.3928242122428,40.87017499066407,39.46085861167573
690.1500138891663,591.709088124063,40.87017499066407,39.46085861167573
690.4662778009865,592.6578798595237,40.87017499066407,39.46085861167573
690.4662778009865,592.974143771344,40.87017499066407,39.46085861167573
690.4662778009865,593.2904076831642,40.87017499066407,39.46085861167573
690.7825417128067,593.6066715949844,40.87017499066407,39.46085861167573
691.4150695364472,594.2391994186248,40.87017499066407,39.46085861167573
690.1651106661,593.9593230094869,42.105037084077495,40.653139253592144
690.4909302579806,594.610962193248,42.105037084077495,40.653139253592144
690.1651106661,594.9367817851287,42.105037084077495,40.653139253592144
690.8167498498611,595.5884209688899,42.105037084077495,40.653139253592144
690.8167498498611,596.240060152651,42.105037084077495,40.653139253592144
690.8167498498611,596.5658797445317,42.105037084077495,40.653139253592144
691.4683890336223,597.2175189282929,42.105037084077495,40.653139253592144
691.4683890336223,597.5433385201735,42.105037084077495,40.653139253592144
691.4683890336223,598.1949777039347,42.105037084077495,40.653139253592144
691.4683890336223,598.5207972958153,42.105037084077495,40.653139253592144
691.794208625503,599.1724364795765,42.105037084077495,40.653139253592144
692.1200282173836,600.1498952552183,42.105037084077495,40.653139253592144
692.4458478092643,600.475714847099,42.105037084077495,40.653139253592144
692.7716674011449,600.8015344389796,42.105037084077495,40.653139253592144
692.7716674011449,601.4531736227408,42.105037084077495,40.653139253592144
692.7716674011449,601.7789932146214,42.105037084077495,40.653139253592144
692.7716674011449,602.1048128065021,42.105037084077495,40.653139253592144
692.7716674011449,603.0822715821439,42.105037084077495,40.653139253592144
693.0974869930255,603.7339107659051,42.105037084077495,40.653139253592144
693.0974869930255,604.0597303577857,42.105037084077495,40.653139253592144
693.4233065849062,604.7113695415469,42.105037084077495,40.653139253592144
693.7491261767868,605.3630087253081,42.105037084077495,40.653139253592144
693.7491261767868,606.0146479090693,42.105037084077495,40.653139253592144
694.400765360548,606.6662870928304,42.105037084077495,40.653139253592144
694.7265849524287,607.3179262765916,42.105037084077495,40.653139253592144
694.400765360548,607.6437458684723,42.105037084077495,40.653139253592144
695.0524045443092,608.2953850522334,42.105037084077495,40.653139253592144
695.0524045443092,608.6212046441141,42.105037084077495,40.653139253592144
695.3782241361898,609.2728438278752,42.105037084077495,40.653139253592144
695.7040437280705,609.5986634197559,42.105037084077495,40.653139253592144
694.0904986835448,609.3103307520245,43.37720962184545,41.88144377281638
695.097490652773,609.6459947417673,43.37720962184545,41.88144377281638
695.4331546425158,610.6529867109955,43.37720962184545,41.88144377281638
694.4421855079785,610.3559422850745,44.68781991143439,43.14686060414364
694.78799133678,611.393359771479,44.68781991143439,43.14686060414364
694.4421855079785,612.084971429082,44.68781991143439,43.14686060414364
695.1337971655814,612.4307772578835,44.68781991143439,43.14686060414364
695.479602994383,612.4307772578835,44.68781991143439,43.14686060414364
695.8254088231845,612.776583086685,44.68781991143439,43.14686060414364
695.479602994383,613.468194744288,44.68781991143439,43.14686060414364
696.1712146519859,613.8140005730895,44.68781991143439,43.14686060414364
694.8044982895643,613.5079811696525,46.03802932107165,44.450511068621
695.1607523855868,614.5767434577197,46.03802932107165,44.450511068621005
695.1607523855868,615.2892516497645,46.03802932107165,44.45051106862101
695.5170064816092,615.645505745787,46.03802932107165,44.45051106862101
695.8732605776316,616.3580139378319,46.03802932107165,44.45051106862101
696.5857687696765,616.7142680338543,46.03802932107165,44.45051106862101
696.5857687696765,617.7830303219215,46.03802932107165,44.45051106862101
696.942022865699,617.7830303219215,46.03802932107165,44.45051106862101
697.2982769617214,617.7830303219215,46.03802932107165,44.45051106862101
697.2982769617214,617.7830303219215,46.03802932107165,44.45051106862101
696.942022865699,617.4267762258991,46.03802932107165,44.45051106862101
697.6545310577438,617.0705221298766,46.03802932107165,44.45051106862101
699.6861255805892,617.2999296850666,44.82487304356032,43.27918776619628
698.9923928183076,612.7906667302364,44.82487304356032,43.27918776619629
697.9683512528643,611.0962432709357,46.17922341216545,44.586836397952965
697.6110045606985,606.45073627278,46.17922341216545,44.58683639795297
697.2536578685326,601.8052292746243,46.17922341216545,44.58683639795297
697.6280624136434,598.630223295711,47.5744944749387,45.93399466545819
697.9962060716765,593.4762120832481,47.5744944749387,45.93399466545819
697.9962060716765,589.4266318448845,47.5744944749387,45.93399466545819
698.3643497297096,585.7451952645539,47.5744944749387,45.93399466545819
698.3643497297096,580.9593277101242,47.5744944749387,45.93399466545819
698.7324933877427,575.8053164976614,47.5744944749387,45.93399466545819
696.9093483409264,570.6936617724342,49.01192262037306,47.32185632311895
698.047148879629,565.3839259251552,49.01192262037307,47.32185632311895
698.047148879629,560.8327237703445,49.01192262037307,47.32185632311895
698.4264157258633,555.9022547692996,49.01192262037307,47.32185632311895
699.1849494183317,551.3510526144889,49.01192262037307,47.32185632311895
698.8056825720975,546.420583613444,49.01192262037307,47.32185632311895
699.8307103520278,542.1136079276919,47.72040075298092,46.074869692533426
700.1999830703172,537.3130625899294,47.72040075298092,46.074869692533426
701.1980001613847,533.8581262210831,46.462912007424706,44.86074262785846
700.4789162666187,528.8245389577211,46.462912007424706,44.860742627858464
700.8384582140018,524.869577536508,46.462912007424706,44.860742627858464
699.4174530673611,522.3941507288173,47.86675451117416,46.216176769409664
700.1582635498853,518.6900983161959,47.86675451117416,46.216176769409664
701.5297467021098,518.9286184111961,46.6054091717735,44.998326096884895
702.5044450314554,519.160853220861,45.377301767166536,43.81256722347127
702.855586247954,516.3517234888724,45.377301767166536,43.81256722347128
701.4510213819597,516.3517234888724,45.377301767166536,43.812567223471284
702.5044450314554,516.3517234888724,45.377301767166536,43.812567223471284
702.5044450314554,516.3517234888724,45.377301767166536,43.812567223471284
702.5044450314554,516.3517234888724,45.377301767166536,43.812567223471284
703.2067274644525,516.702864705371,45.377301767166536,43.812567223471284
703.2067274644525,516.702864705371,45.377301767166536,43.812567223471284
703.2067274644525,516.702864705371,45.377301767166536,43.812567223471284
702.8555862479539,517.0540059218696,45.377301767166536,43.812567223471284
702.8555862479539,517.4051471383682,45.377301767166536,43.812567223471284
702.8555862479539,518.1074295713653,45.377301767166536,43.812567223471284
702.8555862479539,518.4585707878639,45.377301767166536,43.812567223471284
702.8555862479539,519.160853220861,45.377301767166536,43.812567223471284
703.2067274644525,519.5119944373596,45.377301767166536,43.812567223471284
703.5578686809511,520.2142768703567,45.377301767166536,43.812567223471284
702.5212066676066,519.552394721678,46.748343360858165,45.136331520828726
701.4532226786589,519.2322649821803,48.16080996173241,46.500092376845245
702.1985841143958,520.7229878536539,48.16080996173241,46.500092376845245
701.8259033965273,521.8410300072592,48.16080996173241,46.500092376845245
702.5712648322642,522.2137107251276,48.16080996173241,46.500092376845245
702.9439455501326,523.3317528787329,48.16080996173241,46.500092376845245
702.1985841143958,524.4497950323382,48.16080996173241,46.500092376845245
702.1985841143958,525.5678371859435,48.16080996173241,46.500092376845245
702.5712648322642,527.0585600574171,48.16080996173241,46.500092376845245
702.5712648322642,527.803921493154,48.16080996173241,46.500092376845245
703.3166262680011,529.2946443646276,48.16080996173241,46.500092376845245
703.3166262680011,531.5307286718381,48.16080996173241,46.500092376845245
703.3166262680011,532.276090107575,48.16080996173241,46.500092376845245
703.6893069858695,533.7668129790486,48.16080996173241,46.500092376845245
703.6893069858695,534.5121744147855,48.16080996173241,46.500092376845245
704.0619877037379,537.4936201577328,48.16080996173241,46.500092376845245
703.6893069858695,538.2389815934697,48.16080996173241,46.500092376845245
704.0619877037379,539.357023747075,48.16080996173241,46.500092376845245
704.0619877037379,541.2204273364171,48.16080996173241,46.500092376845245
705.4418961628458,543.3238162994213,46.891715914990414,45.274760193784005
705.8047563050063,544.4123967259029,46.891715914990414,45.27476019378401
705.0790360206854,545.1381170102239,46.891715914990414,45.27476019378401
705.0790360206854,547.6781380053476,46.891715914990414,45.27476019378401
704.7161758785248,548.4038582896686,46.891715914990414,45.27476019378401
704.7161758785248,549.4924387161502,46.891715914990414,45.27476019378401
706.7854424093603,552.9918414721038,45.656063990603826,44.081716956445234
707.0336895798399,554.632539094336,44.452972949274034,42.92011181309233
707.9633721904656,556.5739909251613,43.2815847733955,41.789116332933745
708.8685565696986,558.1293591942867,42.14106405513681,40.68792391530466
709.0976915191075,562.9047254566034,41.03059740064653,39.61574921441749
710.2733043977195,563.7441915758109,39.949392849958876,38.571827579270796
711.1087998297133,564.2523981112876,38.89667931218563,37.55541450831732
711.6212864780105,568.0581302551146,37.87170601559136,36.565785118502156
711.8272075110094,572.3496988535393,36.873741972159785,35.60223362829236
712.5983792555704,572.5334407539049,35.90207545626954,34.66407285432937
713.0714102351516,576.0461746173127,34.95601349710737,33.750633721345196
714.0729735136694,577.8433521409701,34.03488138445683,32.86126478499295
713.5462322052485,578.6334641036013,34.03488138445683,32.86126478499295
714.2580324579324,582.2268784629974,33.13802218751009,31.99533176725126
714.9510759358886,584.187018958873,32.264796286359555,31.152217104071433
714.3774904968919,587.5935471312127,31.41458091583531,30.33131950494457
713.4051141123127,590.7537703810951,31.41458091583531,30.33131950494457
713.6482082084575,590.9968644772399,31.41458091583531,30.33131950494457
714.3052079018386,594.3136266214125,30.58676972136288,29.532053524074634
709.5010644283929,578.3712374579485,29.780772326524765,28.75384914285162
709.8934436356467,581.0545990039855,28.99601391201716,27.99615136332703
709.6023473784657,585.2379010380341,28.2319348057017,27.25841981240176
710.049707721458,589.1954238076016,29.084941824224224,28.082012795802818
711.3331859541008,594.0667558674344,28.31851936271892,27.342018695039073
712.3637070475486,598.8097225920134,27.572293035455512,26.62152431009509
713.1537112112421,603.8544295302837,26.845730650517922,25.920015800500174
713.5074195165643,608.1429850233548,26.138314039873656,25.236992866085018
713.9119494922018,612.5928147553669,26.138314039873656,25.236992866085018
715.2676621063183,616.5660967740573,25.44953868982796,24.571968390178824
714.0954523479146,623.8753524757517,26.218477668682482,25.31439223183147
716.3271908081731,621.6436140154932,26.218477668682485,25.314392231831473
717.7473880101558,624.8897790485964,26.218477668682485,25.314392231831473
716.3368754867681,625.724663121693,27.010649569768255,26.079247860466012
716.5458908309816,628.8598932848957,27.010649569768255,26.079247860466012
716.0657106632981,631.2936561703681,26.298887151427188,25.392028973791877
717.633259246395,633.4597789945102,25.605880510834236,24.722919113909022
717.9706317962307,635.9651116926808,24.931135411162792,24.07144108664004
718.4920377116767,638.4044259244909,24.274170639308544,23.437130272435937
718.0605051305052,641.1551408889969,23.63451766269906,22.81953429501988
718.7376837509562,642.9189214338254,23.011720295146837,22.21821269876256
719.0408767127759,645.3485066939859,22.40533437150752,21.632736634559077
718.8674984804686,647.7758019462888,22.405334371507525,21.632736634559077
719.6828366476888,648.2342042188839,21.81492743091127,21.062688553983378
719.1262136002159,650.0310031458886,21.240078408341336,20.507661911502062
720.5565924137477,650.7942872114568,20.680377334339934,19.967260874535185
719.6040509781549,650.8126993490582,21.30521963201779,20.57055688608622
719.2743204543902,649.6586425158821,21.30521963201779,20.57055688608622
720.0496250510082,649.4350759270349,20.74380201007562,20.028498492486882
719.680853381824,648.0937545041875,20.197178403481388,19.50072397577521
720.2595450058066,646.6314875258468,19.664958972512288,18.986856938977454
720.107372502218,645.1097624899613,19.664958972512288,18.986856938977454
719.2016013962215,642.2359930128875,20.259121155797107,19.560530771114525
719.2016013962215,639.257357632528,20.25912115579711,19.560530771114525
718.731290546691,636.4354925353454,20.259121155797114,19.560530771114525
719.4685272439333,633.7145786631214,19.725269460373468,19.045087754843415
720.0336976845505,631.3706424782878,19.20548538567804,18.543227268930583
718.9933788318644,629.1413877939605,19.20548538567804,18.543227268930586
718.1016769581336,627.2093670675434,19.20548538567804,18.543227268930586
718.547527894999,623.9397935305301,19.20548538567804,18.543227268930586
719.543656365943,620.9145379291275,18.6993982333415,18.054591397709096
718.8201526330483,618.1652237441276,18.699398233341505,18.054591397709096
719.543656365943,615.8500117988646,18.699398233341505,18.054591397709096
719.3559297062104,612.7597744978979,18.206647073333027,17.578831657011253
719.0741542831369,610.9282342479196,18.206647073333027,17.578831657011257
719.5958129996004,608.2012037613339,17.72688048655305,17.115608745637484
718.6421349393083,605.1991329458356,18.26248506256269,17.63274419833645
718.5008151390685,601.9487775403211,18.26248506256269,17.63274419833645
718.8827539310781,598.5067845192443,17.781247079023196,17.168100628022454
719.1170323291113,595.5682796381981,17.312690282956698,16.7157009628548
718.5811521520119,594.3625492397244,17.312690282956698,16.7157009628548
718.0516670007079,591.5645921310153,17.835780408465425,17.220753497828746
718.1486460574354,587.3749144953624,17.36578659496091,16.76696636754852
718.5517888089611,585.2248198205587,17.36578659496091,16.76696636754852
718.5517888089611,582.5372014770539,17.36578659496091,16.76696636754852
719.0493551048869,579.8017359517543,16.908177671810147,16.325137062437438
717.8717967087915,577.7082988031402,16.908177671810147,16.325137062437438
718.2643161741566,574.8298227237959,16.908177671810147,16.325137062437438
717.4855228488519,572.2280799637351,17.419045748112413,16.81838899817756
717.7551089492164,569.1278398095435,17.419045748112413,16.81838899817756
717.6203158990342,566.0275996553519,17.419045748112413,16.81838899817756
718.3889942820349,563.8229169280579,16.9600333835691,16.375204646204708
717.2140891906671,561.0819537851884,17.47246824182894,16.869969336938347
717.8499185872246,558.0592708306511,17.01204813167687,16.42542578230876
718.4689931305611,555.6428135232011,16.563760633523202,15.992596473746595
718.4751115139428,553.094067872184,17.06422240388224,16.47580094167946
717.4250360717016,550.4683137573933,17.579805256290964,16.973605075039607
717.7036038625143,547.3551132794365,18.110966063053908,17.486449991914174
717.7102937583802,544.0077024455037,18.658175500534195,18.01479013844687
715.9846047306892,540.9922973337601,19.221918466232967,18.55909369153534
715.8429608519237,538.9269929844388,19.80269450847053,19.119842973695754
716.4559141980995,535.7089879170156,19.80269450847053,19.119842973695754
715.1844429905962,532.5896597000215,19.280870192597952,18.616012599749812
715.4899656819,531.1148225699624,19.86342741762336,19.17848164460193
716.258507198873,528.3480731088598,19.86342741762336,19.17848164460193
717.0343859423915,526.3675499561118,20.46358617811056,19.757945275417164
715.087070932615,523.1441178237337,19.924346588613055,19.23730015452302
715.7037897789636,521.448140996275,19.924346588613055,19.23730015452302
715.2412506442022,518.2103670529449,19.924346588613055,19.23730015452302
715.3954303557894,516.5143902254862,19.924346588613055,19.23730015452302
716.6362277775817,513.1401755994598,20.526345976771523,19.81854094308982
717.4304184649806,512.1871467745812,20.526345976771523,19.81854094308982
716.6362277775817,511.71063236214184,20.526345976771523,19.81854094308982
717.9069328774199,511.2341179497025,20.526345976771523,19.81854094308982
718.3834472898592,512.6636611870205,20.526345976771523,19.81854094308982
717.9069328774199,512.1871467745812,20.526345976771523,19.81854094308982
717.2791624253642,512.9996124625019,21.146534330963654,20.417343491964978
717.7214177783399,513.4322602969013,20.589298253539386,19.879322451693273
713.5789605407964,517.0967416993436,20.58929825353939,19.879322451693273
713.8976110975306,519.4866208748495,20.58929825353939,19.879322451693273
714.2162616542647,522.6731264421907,20.58929825353939,19.879322451693273
712.5756344392089,524.6876262804271,20.046746002841687,19.35547889929549
714.9025374846107,526.2388949773617,20.046746002841687,19.35547889929549
713.0484199897342,530.134914723141,20.652443598725508,19.940290371183323
714.5990393983182,532.3154067467792,20.1082273938352,19.414840242323713
715.2214499122734,535.894267202022,20.1082273938352,19.414840242323713
715.8438604262287,536.9834856014437,20.1082273938352,19.414840242323713
715.8438604262287,539.7843329142423,20.1082273938352,19.414840242323713
714.6064670499876,542.9142882255262,20.71578260445166,20.001445273263744
715.5682913305635,544.5173286931528,20.71578260445166,20.001445273263748
714.9270751435129,547.5631055816433,20.71578260445166,20.001445273263748
712.8431225355982,552.3722269845231,20.71578260445166,20.001445273263748
712.0416023017849,554.6164836392003,20.71578260445166,20.001445273263748
714.2858589564621,556.0592200600643,20.71578260445166,20.001445273263748
714.9270751435128,557.3416524341656,20.71578260445166,20.001445273263748
715.896551496757,561.2073932160636,21.34169464616604,20.605774141125913
716.0695822860487,564.5293444353961,21.98651815704591,21.22836235852717
714.8867424736806,568.1218032774414,22.650824533137616,21.869761618201927
713.4324014390413,570.1627292437607,22.05394863774376,21.293467650235442
714.2856970352614,573.917229867129,22.05394863774376,21.293467650235442
714.1150379160174,576.6477757750332,22.05394863774376,21.293467650235442
713.9443787967734,580.4022763984015,22.05394863774376,21.293467650235442
714.4056116724134,582.7307398010223,21.472801124951644,20.73235970684995
713.2424773187811,587.7156013165894,21.472801124951644,20.73235970684995
713.7488951733169,588.5655292169237,22.121585921069226,21.35877261344624
714.7759902568093,591.6468144674011,22.121585921069226,21.35877261344624
713.7488951733169,595.4128297735402,22.121585921069226,21.35877261344624
714.0994315546628,596.4596201303518,22.789973269700752,22.004112122469788
713.3940128870696,600.8684868028095,22.789973269700752,22.00411212246979
711.9831755518832,604.3955801407757,22.789973269700752,22.004112122469795
711.6388844630013,608.648382497763,23.47855544746454,22.66895008720725
709.9497142335591,613.8525027620224,22.859867867912726,22.071596562122735
714.8501902108097,614.8508911572198,22.257483434521166,21.489984005744677
713.9378067915096,618.5787168231965,21.670972540193315,20.923697625014338
713.434720136015,620.5910634451748,21.67097254019332,20.923697625014338
714.1055023433411,624.2803655854683,21.67097254019332,20.923697625014338
714.1055023433411,628.305058829425,21.67097254019332,20.923697625014338
713.9378067915095,631.826665417887,21.67097254019332,20.923697625014338
713.2670245841834,635.8513586618437,21.67097254019332,20.923697625014338
712.7639379286888,638.8698785948112,21.67097254019332,20.923697625014338
713.4347201360149,642.0560940796103,21.67097254019332,20.923697625014338
714.2731978951725,646.751569530893,21.67097254019332,20.923697625014338
713.9378067915095,650.2731761193551,21.67097254019332,20.923697625014338
715.1116756543302,653.7947827078171,21.67097254019332,20.923697625014338
714.6085889988356,655.3040426743008,21.67097254019332,20.923697625014338
713.4347201360149,661.3410825402358,21.67097254019332,20.923697625014338
713.7701112396779,663.5211247140456,21.67097254019332,20.923697625014338
713.6024156878464,667.2104268543392,21.67097254019332,20.923697625014338
713.7701112396779,670.2289467873067,21.67097254019332,20.923697625014338
713.7701112396779,673.9182489276002,21.67097254019332,20.923697625014338
713.7701112396779,677.7752466197253,21.67097254019332,20.923697625014338
714.2731978951725,681.1291576563558,21.67097254019332,20.923697625014338
713.9378067915095,685.1538509003125,21.67097254019332,20.923697625014338
714.5587257160265,688.2803573153762,21.099916898485432,20.37233355715845
713.4235836454668,691.5646745090595,21.737435273634667,20.98786854006116
714.2726623876611,695.2846446314235,22.394215794725433,21.622001456976392
712.0281359254543,699.4635952860656,23.070840453243374,22.275294230717858
712.742248282682,702.1415166256696,23.070840453243378,22.275294230717858
713.9388606339231,702.9705910084795,22.462896643830494,21.688314000939897
716.3806893574407,703.1644138212538,23.141596443380315,22.343610359125936
716.0225381227752,701.1945820305941,23.141596443380315,22.34361035912594
712.6286495222417,698.8872024135698,23.840802655135683,23.018706011855265
713.3665945406195,698.8872024135698,23.840802655135683,23.01870601185527
713.182108286025,699.809633686542,23.840802655135683,23.01870601185527
714.418656168988,701.404322471453,23.212569435154034,22.41213600635574
712.3893727170193,702.7773645047316,22.600890900196948,21.821549834673032
712.9140472138879,703.8267134984687,22.600890900196948,21.821549834673036
713.5616102544874,707.4371637439892,22.005330814822635,21.246526303966803
705.055593563136,700.6454394314526,22.670205601447698,21.888474373811697
702.0733197065241,699.0665885661875,22.6702056014477,21.888474373811697
696.9859113628921,699.0665885661875,22.6702056014477,21.888474373811697
688.5132109716563,702.863539580109,22.072818992084716,21.311687302702605
690.6828899279012,705.0231901782704,21.491174223237877,20.750099250022895
690.8491941541739,701.5308014265441,21.49117422323788,20.7500992500229
690.3502814753559,697.8721084485452,21.49117422323788,20.7500992500229
690.1839772490832,692.8829816603647,21.49117422323788,20.7500992500229
