636.5,448.5,20,9
635.6978574,447.5,20.6042852,10.0
637.287794368189,447.3864330737008,20.6042852,10.0
637.4013612944882,447.3864330737008,20.6042852,10.0
638.7641644100787,447.3864330737008,20.6042852,10.0
638.5370305574803,447.3864330737008,20.6042852,10.0
639.0207274265014,447.2353617737008,21.226828430146952,10.3021426
639.7227170281283,447.00136523982513,21.226828430146956,10.3021426
639.1680440376707,446.8457294322884,21.86818134331081,10.613414215073476
639.7707104526438,446.8457294322884,21.86818134331081,10.613414215073478
640.9760432825901,446.8457294322884,21.86818134331081,10.613414215073478
641.3688775221409,446.80592448699207,22.528912260144754,10.934090671655404
641.4930526290866,447.0542747008834,22.528912260144757,10.934090671655404
641.8655779499236,446.80592448699207,22.52891226014476,10.934090671655404
643.900861128894,447.4466879962404,21.935248896683046,10.645964508724155
643.5381522888702,447.3257850495658,21.935248896683046,10.645964508724155
643.8112883655789,446.9231491864079,22.59800621001214,10.96762444834152
644.0926770467245,447.62935143625725,23.280788245123063,11.299003105006069
647.6856175947908,447.62935143625725,23.280788245123063,11.29900310500607
652.3552120650456,447.7782224538551,22.66731206420287,11.001261069810308
653.6369672615888,447.86190085373227,23.352188124411835,11.333656032101436
660.2013225060101,447.47576230994275,23.352188124411835,11.333656032101437
664.2247747938444,447.69068183868,24.05775720797173,11.67609406220592
671.1544307542339,447.91209500193764,24.78464453927026,12.028878603985866
671.8908078676494,453.5349136384342,24.13153997436786,11.711903490040928
670.8612071159179,453.49098887791047,24.860656597353806,12.065769987183934
669.8184884911046,455.0202349114522,24.205549025224762,11.747822741856034
675.3406509152987,456.776016335385,23.567704308941067,11.438253780791712
680.0677941957968,455.36791327367496,22.94666755192601,11.136842326336083
683.7850278189668,456.0205585082227,22.341995844663273,10.84337341858541
685.1396212678164,455.52797907227733,22.341995844663273,10.843373418585411
685.0645556387772,456.5328609134331,21.75325794882377,10.557637762082509
685.9038545675113,456.4129610664711,21.753257948823773,10.55763776208251
685.7839547205493,456.4129610664711,21.753257948823777,10.557637762082512
685.7839547205493,456.4129610664711,21.753257948823777,10.557637762082512
685.5441550266253,456.7726606073572,21.753257948823777,10.557637762082512
685.3043553327012,456.5328609134331,21.753257948823777,10.557637762082512
685.1844554857392,457.1323601482432,21.753257948823777,10.557637762082512
685.0645556387773,457.0124603012812,21.753257948823777,10.557637762082512
686.6232536492836,456.89256045431915,21.753257948823777,10.557637762082512
685.8150249656791,456.8529646951165,22.410516540336605,10.876628974411892
688.2101797600078,456.99627068489343,21.81997304349025,10.590016994858068
689.773658143439,457.2368058208059,21.819973043490254,10.590016994858068
693.2614176141701,458.1989463644559,21.819973043490254,10.590016994858068
696.0275716771638,458.1989463644559,21.819973043490254,10.590016994858068
700.7180068274573,458.31921393241214,21.819973043490254,10.590016994858068
704.8071041379696,458.9205517721934,21.819973043490254,10.590016994858068
710.3863681182455,458.9398139124558,21.24499106308819,10.310957578420723
714.0621362845748,459.42696197639634,20.685160534850077,10.039251706169395
718.7811705905075,460.9287528756789,20.14008220017216,10.0
721.2233537864339,460.81774454859135,20.14008220017216,10.0
723.028253161089,460.7776815756789,20.748599880189534,10.3021426
726.2303992843308,460.66331921413456,20.748599880189538,10.3021426
727.25966053823,461.0064062987676,20.748599880189538,10.3021426
728.7463712383067,461.463855744945,20.748599880189538,10.3021426
730.5761690230163,461.12076866031197,20.748599880189538,10.3021426
731.2623431922824,461.6925804680337,20.748599880189538,10.3021426
731.0632537581188,461.7656693835857,21.375503471605555,10.613414215073476
733.3477901064468,462.49459604230594,20.812233787738478,10.333738254335708
733.033376985025,462.3384829151117,21.441060030581994,10.645964508724154
732.82764317484,462.2958320163377,22.088885793021607,10.967624448341518
734.532139873829,462.41758178055125,22.08888579302161,10.967624448341518
734.288640345402,462.6610813089783,22.088885793021614,10.967624448341518
735.8713872801775,462.9045808374053,22.088885793021614,10.967624448341518
735.749637515964,464.1220784795404,22.088885793021614,10.967624448341518
735.1724383183066,463.7128896227811,22.756285131482276,11.299003105006065
734.9540845037526,463.9184791437366,23.443849447079014,11.640394122561528
735.3417387072083,464.1769152793737,23.443849447079018,11.64039412256153
735.4709567750268,464.1769152793737,23.443849447079018,11.64039412256153
735.3417387072083,464.5645694828293,23.443849447079018,11.64039412256153
735.3417387072083,464.5645694828293,23.443849447079018,11.64039412256153
735.4709567750268,464.5645694828293,23.443849447079018,11.64039412256153
734.9875694259108,464.51793460338706,24.15218800967392,11.992100017083075
734.9875694259108,464.7841791956197,24.15218800967392,11.992100017083075
734.9875694259108,465.71603526843387,24.15218800967392,11.992100017083075
734.3564545896315,465.8011136467354,24.881928497767092,12.354432444945228
734.5291380122969,465.88876260527934,25.63371755470004,12.72771247898924
734.565750729798,465.8377716052511,26.408221361664317,13.112270893034665
734.4201936041825,465.98332873086656,26.40822136166432,13.112270893034665
734.274636478567,465.98332873086656,26.40822136166432,13.112270893034665
735.0024221066444,466.12888585648204,26.40822136166432,13.112270893034665
735.1479792322599,466.2744429820975,26.40822136166432,13.112270893034665
735.2935363578754,466.8566714845594,26.40822136166432,13.112270893034665
735.5846506091063,467.58445711263676,26.40822136166432,13.112270893034665
735.1479792322599,467.58445711263676,26.40822136166432,13.112270893034665
735.7302077347218,468.02112848948315,26.40822136166432,13.112270893034665
735.5846506091063,468.3122427407141,26.40822136166432,13.112270893034665
735.9325944719874,469.50390450819293,25.712333635902173,12.766747116693674
736.0743159959648,469.64562603217036,25.712333635902176,12.766747116693674
736.3577590439196,470.07079060410257,25.71233363590218,12.766747116693674
736.6412020918744,471.0628412719445,25.71233363590218,12.766747116693674
737.0663666638067,471.3462843198993,25.71233363590218,12.766747116693674
736.111041001056,471.01169388755284,26.48921276958407,13.152484933431708
736.7520590433168,471.038982084429,25.791190824864437,12.805901469778483
736.5232484860283,472.9135814138993,25.111562580235038,12.468450888457824
736.2822950330756,472.72521890542873,25.870289861040533,12.845175905398921
736.7657434805976,472.8944616598991,25.18857726367716,12.506690396458175
736.5240510471915,472.8443561400414,25.94963148615199,12.884570791836268
736.0949626525386,472.8443561400414,25.94963148615199,12.884570791836268
735.2367858632327,472.9873856049257,25.94963148615199,12.884570791836268
734.9877908718037,473.0787956487478,26.733680398778773,13.273868563729216
734.7312726809648,473.61502056237254,27.54141876910438,13.674928679719558
734.7312726809648,474.2222329446835,27.541418769104382,13.674928679719558
734.7312726809648,474.525839135839,27.541418769104386,13.674928679719558
734.1633977916578,475.07826568842245,28.373562356562985,14.088106530330062
735.1017360743158,475.3910451159751,28.373562356562985,14.088106530330062
734.5167032654558,475.8037731142729,29.230848546730392,14.513768243945153
734.5796070766729,475.8338856418492,28.460581271297343,14.13131336229305
734.8933457678526,476.93197106097796,28.460581271297343,14.131313362293051
734.7364764222627,477.55944844333726,28.460581271297343,14.131313362293051
735.5208231502119,477.7163177889271,28.460581271297343,14.131313362293051
736.0526774087103,478.0593755071272,27.71061144548005,13.758936617072576
735.1362634868913,478.3648468144002,27.710611445480055,13.758936617072578
733.8212749158382,478.8516002114481,26.98040420758305,13.396372437522821
729.6573700145104,479.14902199011436,26.98040420758305,13.396372437522821
726.1463696005673,477.83841819005187,26.269438790146275,13.043362250985101
720.5369952106533,478.7997078793523,27.063150443805842,13.437457789310551
725.4981596328931,480.38671010906097,27.880843507734106,13.843460632695807
721.5424594718545,481.40696667438345,28.723242562496097,14.261730551551842
716.0013614971997,480.93201541941306,28.723242562496097,14.261730551551842
709.8680206781416,480.3999274319655,29.59109408132242,14.692638186486374
705.3012061585044,481.37853054331634,29.591094081322424,14.692638186486375
702.896963430674,481.3196674667486,30.485167091579964,15.136565376738803
700.9241637280588,481.76311132597806,31.406253856228407,15.593905498538588
700.9241637280588,482.1093219984089,31.40625385622841,15.59390549853859
700.6228107044553,482.0468481770502,32.3551705758665,16.065063813686866
700.8473592797984,482.160822341261,33.33275811199008,16.550457828670194
699.2414537880858,483.5643071957683,34.33988273210286,17.05051766462467
700.615426157394,482.9281729204561,35.37743687734013,17.565686438478235
699.1060058865812,483.83276829129886,36.44633995328567,18.096420655608892
699.7086619015568,483.83276829129886,36.44633995328567,18.096420655608892
698.7042352099307,484.83719498292487,36.44633995328567,18.096420655608892
699.1580623058583,484.3629246652207,37.54753914468264,18.64319061436683
699.211691571322,483.87432462082717,38.68201025476026,19.20648082281887
697.9324439880938,485.3667801345935,38.68201025476026,19.20648082281887
698.4421022451843,485.4066288956941,37.66269374057921,18.70036743954165
698.4421022451843,485.4066288956941,37.662693740579215,18.70036743954165
697.6655373841566,484.91653036319855,38.80064416155745,19.265385203455498
697.0239519295167,486.1997012724784,38.80064416155745,19.265385203455498
697.23781374773,486.41356309069175,38.80064416155745,19.265385203455498
695.7407810202368,486.6274249089051,38.80064416155745,19.265385203455498
696.8655091905109,487.6195511394163,39.972976912422226,19.847474560992858
696.2045387061323,488.060198129002,39.972976912422226,19.847474560992858
697.0858326853038,489.6024625925522,39.972976912422226,19.847474560992858
695.3232447269608,489.3821390977593,39.972976912422226,19.847474560992858
696.4248622009252,490.70408006651655,39.972976912422226,19.847474560992858
695.9842152113395,490.9244035613094,39.972976912422226,19.847474560992858
695.9842152113395,491.1447270561023,39.972976912422226,19.847474560992858
694.278720778672,491.2855356673234,41.18073082982815,20.44715131772208
696.5485248401586,490.8315748550261,41.18073082982815,20.44715131772208
695.6406032155639,491.0585552611747,41.18073082982815,20.44715131772208
696.3215444340099,490.6045944488774,41.18073082982815,20.44715131772208
695.9264021860173,489.8417358634935,42.424976138110594,21.06494686389508
694.8178056539421,489.2896665216226,43.706815397641265,21.701408645326993
694.0950945331937,488.3260516939581,43.706815397641265,21.701408645326993
694.5769019470259,486.88062945246133,43.706815397641265,21.701408645326993
693.1314797055292,485.9170146247968,43.706815397641265,21.701408645326993
694.1891501422972,485.23932863158905,42.555089351769695,21.129550976413547
694.4844873176996,482.57456565214363,43.8408598857673,21.767964723298164
694.0012022480928,481.36635297812643,43.8408598857673,21.767964723298167
694.0955463164644,479.9616609844677,42.68560160981043,21.19435322336745
693.4815793990455,477.1823344617005,41.560785749619235,20.635857061826666
692.3362034138197,475.34973288533934,41.560785749619235,20.635857061826666
690.5629632353723,474.12168352186427,42.81651413606253,21.259354212415534
691.270952839197,470.81773203734923,42.81651413606254,21.259354212415538
692.6869320468463,468.6937632258753,42.816514136062544,21.259354212415538
691.8350856188938,467.0858954560765,41.68824857666897,20.69914519828156
692.8439083317597,465.2906191470455,40.58971414317856,20.153698351256764
694.0498702122198,464.2138189840852,39.52012738541851,19.622624670856936
694.0498702122198,463.1246816151957,39.52012738541851,19.622624670856936
692.5250778957745,461.8177167725283,39.52012738541851,19.622624670856936
693.8320427384419,460.7285794036388,39.52012738541851,19.622624670856936
691.8715954744408,460.29292445608297,39.52012738541851,19.622624670856936
691.8715954744408,460.07509698230507,39.52012738541851,19.622624670856936
692.3072504219966,459.85726950852717,39.52012738541851,19.622624670856936
694.134916208348,460.76929156168,38.47872549805051,19.105545407218628
692.9173507098894,460.48066160349225,39.64133171471724,19.68280532359414
692.3471709462835,462.48795838392925,38.59673595056696,19.16414022889986
692.985384690348,461.84974463986475,38.59673595056696,19.16414022889986
691.9216951169072,463.55164795737005,38.59673595056696,19.16414022889986
691.7920160907747,463.37867095738164,37.57966651470286,18.65914257012397
691.8728862798239,464.4530442259637,36.58939805596526,18.167452194238052
690.6628431945085,465.86476115883164,36.58939805596526,18.167452194238052
692.0745601273766,467.074804244147,36.58939805596526,18.167452194238052
692.3549731392808,466.91082342682586,35.62522433705158,17.688718438670044
698.1260630563239,462.8239736127118,34.68645773084366,17.22259988121952
698.7742627568332,465.918669506409,33.77242873000751,16.768764096563025
694.4928761225566,468.7108781809372,33.77242873000752,16.768764096563025
693.051935426474,469.76058099657087,34.79283767248744,17.275419894855247
694.5861077962844,469.76058099657087,34.79283767248744,17.275419894855247
693.6272500651529,470.5276671814761,34.79283767248744,17.275419894855247
691.5674577735552,470.26668516731996,35.84407751606177,17.797383923167576
689.2478646005287,470.59051511948655,36.92707979359222,18.33511870834198
688.7167251882886,473.07097704254005,35.9540077633076,17.851966742717778
687.6050668359218,474.4952173917741,35.006577326710186,17.381546400248016
690.3816947661726,471.44408563831496,34.08411279761606,16.92352218767244
684.7944215497008,474.5699931842369,35.11393904355256,17.434853887166547
682.9091609336365,473.91951978742645,36.17488072743861,17.96163509557541
679.9699930312921,473.648171031025,37.26787797920643,18.504332608378252
677.7906437544104,475.53528451196814,36.28582551547713,18.01672165725666
675.7906376236361,474.1352802204261,36.28582551547713,18.01672165725666
677.268727801547,472.17265439079904,35.32965129042981,17.541959828807347
676.684536717217,471.39373294502576,35.32965129042981,17.541959828807347
673.2298516606681,470.54453319310727,36.39711056022819,18.07197716398449
668.4151157755356,467.7359372601133,36.39711056022819,18.07197716398449
670.9008090861756,467.57281820774017,35.43800384322533,17.595759287875392
666.068235789934,463.98642792067926,36.50873690522555,18.127402133896673
663.6534846875411,460.96798904268815,36.50873690522555,18.127402133896673
661.4921083847162,457.67569714409797,37.611821374351635,18.675108175094785
659.0853367499151,455.6413509199191,36.62070559720336,18.18299708672008
661.1826073750863,451.8439944347431,35.65570688771675,17.703853704932705
657.8416395643476,451.4509393981856,35.65570688771675,17.703853704932705
652.4155989446389,449.12934035533016,34.716137030408824,17.237336315395986
654.5951435683369,449.5478011956357,33.80132594508491,16.783112208348353
653.1774307268316,447.53325032766287,32.9106212089524,16.34085744132218
652.6332393525104,447.17045607811536,32.9106212089524,16.34085744132218
653.4296504108703,444.6647996231126,32.04338759132742,15.910256608115269
653.6520351767281,446.19061227780116,33.011554835292564,16.390973237939583
654.0159420804242,446.7364726333454,33.011554835292564,16.390973237939583
654.9257093396645,447.2823329888896,33.011554835292564,16.390973237939583
652.789418422633,447.21666587720557,34.00897453609035,16.88621436500373
654.9245660498789,446.8767985700782,33.11279801510063,16.441242734757825
656.8209385381141,446.91091013689663,32.24023680059188,16.00799663087584
655.0439176120972,447.6217185073034,32.24023680059189,16.00799663087584
653.977705056487,449.39873943332026,32.24023680059189,16.00799663087584
653.8460517931131,450.9339254731949,33.214351697746544,16.49166640316025
652.5645531843024,452.76463777149587,33.21435169774655,16.49166640316025
652.1984107246423,452.5815665416658,33.21435169774655,16.49166640316025
653.8460517931131,453.13078023115605,33.21435169774655,16.49166640316025
654.0765631834698,454.5292795513578,34.21789875567371,16.989949899698598
654.6912444880412,453.5181998032627,35.251767245331315,17.503288663355065
655.6627498845661,453.90680196187265,35.251767245331315,17.503288663355065
658.4588256222934,453.55451485623126,34.32284167319637,17.042056398808
656.9944009056852,453.8646013460362,35.35988093544917,17.55696952177625
658.943370721025,453.8646013460362,35.35988093544917,17.55696952177625
657.4346994952788,458.66668744494797,36.42825357160188,18.087440363719274
655.2780879360415,457.9918668327915,37.52890629636019,18.633938989603184
652.4357592361483,460.19258836720854,38.66281442871406,19.196949667059194
651.8796539430679,460.44551948025907,37.64400374715037,18.691087440958164
651.8796539430679,460.8604927499127,37.64400374715037,18.691087440958164
652.3756358533493,461.72921873481516,36.65203992658751,18.198555280114064
654.1938079126998,462.73931432334314,36.65203992658751,18.198555280114064
654.8787392333847,462.5750527671827,35.68621552062877,17.719001921612637
655.6655219377766,462.7717484432806,35.68621552062877,17.719001921612637
654.1429272602087,463.2908478821724,36.76444811478508,18.25436845261274
653.9927993439533,464.6361862880625,37.87525870888172,18.805910687175782
653.2392605636497,465.09272650082374,36.877201047799026,18.310352798601645
656.8979435022503,463.8731655212902,36.877201047799026,18.310352798601645
654.3082331994292,466.2389307635385,37.9914183883295,18.863586558750324
656.4840046515368,466.69687114006297,36.99029978292764,18.36650884305297
657.9111894463111,467.9201723927267,36.99029978292765,18.36650884305297
655.5441888324817,468.7738125853748,36.01556183148921,17.882529710420577
656.933765627555,468.9723235560995,36.01556183148921,17.882529710420577
657.3822287065673,469.2977027672096,37.1037453807119,18.42283711254895
658.8137905362167,469.7067204328238,37.1037453807119,18.422837112548955
658.8137905362167,468.88868510159546,37.1037453807119,18.422837112548955
658.6622770968775,469.0193865719815,38.22480759061853,18.97946950300516
658.9552235238604,469.0587643399869,37.21753890494531,18.479338135286802
659.5706316474855,469.87930850482036,37.21753890494531,18.479338135286802
658.187837284135,471.85663519458853,38.34203930197944,19.037677662334275
658.187837284135,472.70197149415975,38.34203930197944,19.037677662334275
656.7632628123637,474.5277075717448,39.50051564637967,19.612887005020237
659.4608991356253,475.65699641439795,38.45963055142608,19.096064340341794
657.819973418944,475.36850968792004,39.62165982841081,19.67303779329761
655.6361024047795,476.46044519500225,39.62165982841081,19.67303779329761
655.2559199403524,477.47356466406256,40.81879896009797,20.267444072174133
656.1558619646696,478.59849219445897,40.81879896009798,20.267444072174133
654.6688041161606,481.34036826836586,39.743175547689006,19.733373058104597
650.3731926425453,481.3813102022867,38.695896078629595,19.21337544406782
653.4424474524413,481.2078888014689,37.6762136566405,18.707080379403003
653.6501116222023,482.24620965027395,37.6762136566405,18.707080379403003
654.8960966407684,483.49219466884,37.6762136566405,18.707080379403003
653.2885963343448,484.870897731716,38.81457257187779,19.272300969827185
655.725448478812,484.2690672866242,37.79176288456261,18.764453148180046
652.8092337050426,485.1022715077012,37.791762884562615,18.764453148180046
652.3926315945041,486.1437767840474,37.791762884562615,18.764453148180046
653.2798139065625,486.2769018614974,38.93361303421514,19.331407214356975
659.5868445511985,484.1710626392627,37.90766649055984,18.822001873575136
657.1337094591469,485.3492954683955,39.053018581898904,19.390694731903825
650.5166503974258,489.1461620304734,40.23297663911723,19.976570224114198
648.077328191747,491.5854842361522,40.23297663911724,19.976570224114198
646.168099138322,492.7357135656126,39.172790334609815,19.450164078414176
645.3044470679527,492.7357135656126,39.172790334609815,19.450164078414176
643.6614414655926,493.2078939451917,38.140541187483194,18.93762935444081
641.7694303673159,493.6283408559199,38.140541187483194,18.93762935444081
639.5114486104135,495.02403527028315,39.292929415462524,19.509815811539518
639.0782982074084,495.89033607629335,39.292929415462524,19.509815811539518
635.669217195115,497.32820036457275,40.480136200982955,20.099290459021486
632.8264899056062,497.4707954926012,41.70321356099487,20.70657564676588
631.6771887444763,498.39023642150505,41.70321356099487,20.70657564676588
627.8291296246292,498.76700018803234,42.963245298362295,21.332209507066935
624.575220113178,499.3919528820062,44.261347962250795,21.976746431487925
617.0756729782133,501.0116288016383,45.59867183753272,22.640757562122975
611.108851410907,502.1775795064287,46.97640196408661,23.324831297701927
600.4929243528811,501.9186544562329,46.97640196408661,23.324831297701927
593.827969586975,502.3430583481777,48.39575918689404,24.02957381498683
584.4917798225741,504.4770445800407,48.39575918689404,24.02957381498683
574.1577207537053,504.6475232425389,49.85800123786425,24.755609605922032
564.0610414989516,506.472000076702,51.3644238503454,25.503582031013863
555.0748535400598,506.08671414749375,52.91636190730994,26.274153889430245
548.3665588415741,507.5450390819472,52.91636190730995,26.274153889430245
541.1888084153588,508.7662114876286,51.52195346764349,25.581798999411706
543.0035575674414,509.1032667493746,50.16428933213043,24.907688475919677
536.3676515770493,511.8682275787046,50.16428933213044,24.907688475919677
534.8166269571036,513.3023853691888,48.84240124509379,24.25134155841537
535.3550471283094,513.0331752835858,48.8424012450938,24.25134155841537
532.4988434052518,516.314011926942,47.555346465533724,23.612290154966246
533.8094238196563,517.3624762584657,47.55534646553373,23.612290154966246
534.595772068299,518.4109405899893,47.55534646553373,23.612290154966246
533.9117613392685,519.7705107447895,46.30220709478568,22.990078508413315
534.4221793702346,519.5153017293064,46.30220709478568,22.990078508413315
531.7145210053997,523.1359267491254,45.08208942189566,22.384262871335334
532.9569407926173,523.6328946640124,45.08208942189566,22.384262871335334
533.9508766223913,524.1298625788994,45.08208942189566,22.384262871335334
534.4478445372783,526.6147021533346,45.08208942189566,22.384262871335334
536.4357161968265,525.372282366117,45.08208942189566,22.384262871335334
533.0213316793797,526.7735080990702,46.44421139303207,23.06058680963821
533.5333151120589,527.2854915317494,46.44421139303207,23.060586809638213
534.9132200877493,529.1252786367022,45.22035173968824,22.452913195806904
536.5060089758495,527.427140720333,44.02874222917508,21.861252497171336
537.814147894633,530.3846347661622,42.86853303225787,21.285182754562594
533.8585618521334,532.8984757784197,44.1637740351131,21.928298800456467
534.6519082359234,533.7843140006198,45.49814978639126,22.590846121771147
