273.5,204.5,26,14
272.84251968503935,204.62992125984252,26.0,14.000000000000002
273.4724409448819,205.25984251968504,26.0,14.000000000000004
273.31496062992125,205.88976377952756,26.0,14.000000000000004
273.1574803149606,207.7795275590551,26.0,14.000000000000004
272.84251968503935,208.09448818897638,26.0,14.000000000000004
273.31496062992125,208.40944881889766,26.0,14.000000000000004
273.0,209.98425196850397,26.0,14.000000000000004
272.84251968503935,211.55905511811028,26.0,14.000000000000004
273.31496062992125,211.7165354330709,26.0,14.000000000000004
273.1574803149606,213.2913385826772,26.0,14.000000000000004
272.99999999999994,213.6062992125985,26.0,14.000000000000004
273.3149606299212,214.86614173228352,26.0,14.000000000000004
272.99999999999994,215.81102362204732,26.0,14.000000000000004
272.7646949349606,216.22944506188983,26.785570760000002,14.422999640000004
272.9269334011023,217.85182972330716,26.785570760000006,14.422999640000004
272.36004183536505,217.471701126614,27.594876959191044,14.85877990110287
272.02576107268555,219.64452608403062,27.594876959191048,14.85877990110287
272.36004183536505,219.64452608403062,27.594876959191048,14.85877990110287
271.6914803100061,220.31308760938958,27.594876959191048,14.85877990110287
271.6914803100061,221.984491422787,27.594876959191048,14.85877990110287
270.7731797724304,221.59287752183988,28.428635746304057,15.307726940317568
270.6009893681524,223.65916237317634,28.428635746304057,15.307726940317568
270.4287989638744,224.3479239902885,28.428635746304057,15.307726940317568
270.0844181553183,225.03668560740067,28.428635746304057,15.307726940317568
270.0844181553183,225.89763762879085,28.428635746304057,15.307726940317568
270.0844181553183,226.75858965018102,28.428635746304057,15.307726940317568
269.7400373467622,228.99706490579553,28.428635746304057,15.307726940317568
269.31056225082017,228.76580908490365,29.287585938188183,15.770238582101328
271.2618853599666,230.36234617420524,29.287585938188187,15.770238582101328
272.5036364294234,230.89452520397245,29.28758593818819,15.770238582101328
273.5679944889578,232.66845530319645,29.287585938188194,15.770238582101328
275.6967106080266,233.02324132304125,29.287585938188194,15.770238582101328
277.2055823490186,233.13978429849521,30.172488674496957,16.24672467088297
280.7099203933476,235.546878161789,29.377408073015793,15.818604347008495
281.7775427339781,235.546878161789,29.377408073015793,15.818604347008497
285.0116002880806,237.5346681541435,28.603278781506813,15.40176549773443
284.92598324874973,237.30199168053974,29.467505683463745,15.867118444942008
285.3732276704093,237.41925060378475,30.357844561735398,16.34653168708828
287.4280896174662,240.760509231641,29.557879614388582,15.915781330824611
287.96518010107104,240.58147907043937,29.557879614388582,15.915781330824611
287.16058504880885,240.34103729282302,30.45094907410642,16.396664886057295
287.5294638988889,242.55431039330318,30.45094907410642,16.396664886057295
287.438316302683,242.49104327034308,31.37100196667823,16.8920779820575
288.00835268003027,243.82112815082004,31.371001966678232,16.8920779820575
288.00835268003027,245.7212494086443,31.371001966678232,16.8920779820575
287.9144511266543,245.46605859059923,32.31885357655996,17.402459618147663
289.514790257862,247.6528782563841,31.467213732792203,16.943884317657332
292.3737133710775,248.41525775324158,31.467213732792203,16.943884317657332
294.47025698743556,249.17763725009905,31.467213732792203,16.943884317657332
297.51977497486547,249.74942187274218,31.467213732792203,16.943884317657332
299.71272392526754,250.25582790650782,32.41797230999036,17.455831243840954
302.65802728474574,251.63030280759767,32.41797230999036,17.455831243840954
305.4069770869254,253.39748482328463,32.41797230999036,17.455831243840954
307.9595733318065,253.98654549518028,32.41797230999036,17.455831243840954
310.5121695766876,254.77195972437448,32.41797230999036,17.455831243840954
313.2955381338179,258.14360749398463,31.563720570894905,16.995849538174173
314.251435183209,257.76124867422817,31.56372057089491,16.995849538174173
316.3544086918695,258.33478690386283,31.563720570894912,16.995849538174173
317.4070067409471,259.03392544482034,32.51739503079128,17.50936655504145
319.7704757922463,259.8217484619201,32.51739503079128,17.50936655504145
323.1532479287944,263.0067809881186,31.660523385943,17.047974130892378
324.78437140694274,262.74923502668656,32.61712267126197,17.563066053756437
328.9677573642093,265.74647593508934,31.757623085668556,17.100258584590755
333.39189625561073,265.74647593508934,31.757623085668556,17.100258584590755
337.2389735524815,266.70824525930703,31.757623085668556,17.100258584590755
348.62156922833503,267.7029666924044,30.920772326125217,16.649646637144343
351.2435608247357,268.4521071485189,30.920772326125217,16.649646637144343
357.98582492976607,271.2613838589482,30.920772326125217,16.649646637144343
368.881190693732,273.3536038952761,30.105973569398937,16.210908845060963
371.5263246602575,272.1969539341077,31.015603282377885,16.700709459741937
377.4449908749228,272.50823264216126,31.952716784008505,17.205309037543042
385.1864122641435,274.0565169200054,31.952716784008505,17.205309037543042
389.9291578555583,273.9901296144156,32.91814447662691,17.725154718183717
398.13881342799937,277.413798045711,32.050712612040854,17.25807602186815
402.79791156663646,276.4431526001616,32.050712612040854,17.25807602186815
407.94346086880023,276.764819869479,33.01910117608634,17.77951601789264
413.24447913542235,277.6961897449505,34.01674888398692,18.316710937531415
417.67547752925793,278.4496630286038,35.04453977912242,18.870136804142835
422.87714277932434,279.65042696241915,36.103384615589164,19.440284023778776
428.67332421725916,280.2314435075746,37.194221665244584,20.027657819747077
434.41934999806847,280.60473204759137,38.31801754913592,20.63277868030395
440.91786296824296,284.0860782816134,38.31801754913592,20.63277868030395
446.720106691613,284.78234752841786,38.31801754913592,20.63277868030395
454.1469786575267,285.4786167752223,38.31801754913592,20.63277868030395
457.5136291169612,286.32736345011176,39.475768094050075,21.25618281987311
464.6866941855348,288.9574873085887,39.475768094050075,21.25618281987311
468.8723720041372,288.39726522247264,40.66849921494341,21.898422654200292
475.8126914880637,291.39538093704704,39.59683637778129,21.32137343418992
480.25104183903,290.59360523339683,40.793225487277034,21.965582954687626
486.18100799102666,293.0644244633954,40.793225487277034,21.965582954687626
489.0238863524691,292.9796694691731,42.02576260838825,22.62925678913213
493.86028544126,295.7796899942625,42.02576260838825,22.62925678913213
498.74130405193216,298.87786429932476,40.91833428277503,22.03294922918655
498.86666455313684,298.29716997217,42.154651473561714,22.698658485763993
499.88797652100027,300.85044989182853,42.154651473561714,22.698658485763993
501.1646164808295,302.8930738275553,42.154651473561714,22.698658485763993
503.5073247740722,305.74542193539634,41.043826774598195,22.10052210939902
504.0481013542059,308.0254077147463,39.96227361433073,21.518147330793465
504.5321991569234,309.71975002425756,39.96227361433074,21.518147330793468
504.4125816970537,309.63672147653085,41.16970413950527,22.16830222896437
505.1606683864451,312.8784304638935,41.16970413950527,22.16830222896437
505.41003061624224,315.3720527618647,41.16970413950527,22.16830222896437
506.40747953543075,317.1175883704446,41.16970413950527,22.16830222896437
506.90620399502495,318.86312397902446,41.16970413950527,22.16830222896437
506.90620399502495,322.1048329663871,41.16970413950527,22.16830222896437
506.7829723821221,322.5180202321262,42.41361628449936,22.838101076268885
507.29676543220694,326.37146810776215,42.41361628449936,22.838101076268888
507.55366195724935,328.6835368331437,42.41361628449936,22.83810107626889
507.42670699235407,329.10920824635855,43.695112314459465,23.52813740009356
507.95602391924035,332.285109807676,43.69511231445947,23.52813740009356
507.29591617714124,334.57625181174615,45.01532779865775,24.23902266081571
507.8412260232788,337.8481108885717,45.01532779865775,24.23902266081571
507.9791383834382,338.8452034375058,46.375432616751624,24.97138679363549
507.2785386940907,340.99599435917617,47.77663199544664,25.725878766778962
506.8461508672042,343.50114980059027,49.22016757648139,26.503167156566903
507.4423975973857,347.07863018167916,49.220167576481394,26.503167156566903
506.9969454922767,347.5726134853054,50.707318516880775,27.303940739858877
507.30407643423234,351.2581847887734,50.70731851688078,27.30394073985888
508.2254692600993,354.32949420833006,50.70731851688079,27.30394073985888
507.76655814926903,355.452664735839,52.239402622452644,28.12890910439757
507.29378137881923,356.92618170578044,53.817777515532114,28.97880327759421
506.8067200081052,359.7481030626626,55.44384183800855,29.8543763743123
507.8141792783294,363.44212038681826,55.44384183800856,29.8543763743123
506.9765819519831,364.33438546882826,57.119036490701035,30.75640426422363
507.3225482541678,368.8319473972299,57.11903649070104,30.75640426422363
507.15157614879763,370.4431042127862,58.84484591018057,31.685686259327994
507.5079955667878,375.0765566466587,58.844845910180574,31.685686259327994
506.97543824778296,376.0235545371606,60.622799384170705,32.64304582224576
506.97543824778296,380.7970033075677,60.622799384170705,32.64304582224576
506.42679010347683,381.40542567159827,62.45447240669188,33.62933129591101
504.3484341945199,385.0584926010657,64.34148807415049,34.6454166553118
505.5175708645529,389.34532705785347,64.34148807415049,34.6454166553118
505.9072830878972,393.6321615146412,64.34148807415049,34.6454166553118
505.5175708645529,397.5292837480846,64.34148807415049,34.6454166553118
509.0932934109823,405.39028975171425,62.6460141081124,33.732469135137436
509.9186915263783,409.24972051750296,60.995217877320336,32.843578857018635
511.4612275928773,414.4852270650674,59.38792207084728,31.978111884302376
511.88398963255435,418.5036454655524,57.82298040129529,31.135450985312843
512.9960714843866,423.46686394441014,56.29927678728898,30.3149951931556
514.0788486700646,427.6172936311079,54.81572455751128,29.516159377121454
515.1330934020446,432.9864157731949,53.371265675713765,28.738373825384333
516.4828238413239,438.21405522526555,51.964869986148884,27.981083838695554
517.4822394446595,442.6744445233744,50.59553447888593,27.243749334784738
518.148865396859,448.8560205515354,49.26228257448682,26.525844463185216
519.3946818761451,452.786055602874,47.96416342753146,25.826857230209253
520.317153795024,459.80820372638306,46.700251248496116,25.146289133805606
520.3667363071098,466.0795891885905,45.46964464350101,24.48365480803901
521.7920457153944,472.461122950731,44.27146597145641,23.83848167693807
522.6434977422388,478.67449578465937,43.1048607181486,23.21030961746463
522.3824143944607,483.1129126968855,43.1048607181486,23.21030961746463
522.6434977422388,488.33457965244554,43.1048607181486,23.21030961746463
522.9045810900168,494.33949665133963,43.1048607181486,23.21030961746463
523.9489144811288,500.08333030245575,43.1048607181486,23.21030961746463
523.6878311333508,505.5660806057939,43.1048607181486,23.21030961746463
523.6878311333508,514.703997778024,43.1048607181486,23.21030961746463
523.6878311333508,520.9699981246961,43.1048607181486,23.21030961746463
524.2099978289068,526.9749151235902,43.1048607181486,23.21030961746463
523.6878311333508,537.1571656869324,43.1048607181486,23.21030961746463
524.4710811766847,542.9009993380486,43.1048607181486,23.21030961746463
523.5588070944057,549.0774418677673,44.40724218715053,23.91159194692721
522.3499975378841,558.6681624931074,45.748974148476066,24.634063003025574
522.6270961093467,569.475006780149,45.748974148476066,24.634063003025574
522.9041946808093,579.1734567813402,45.748974148476066,24.634063003025574
524.0125889666597,588.3177096396062,45.748974148476066,24.634063003025574
523.0443546953694,594.8730239339565,47.1312455481314,25.378362987455372
523.0443546953694,601.4388546281237,47.1312455481314,25.378362987455372
522.758883795623,615.9978705151904,47.1312455481314,25.378362987455372
522.3323368418119,625.6059577774759,48.55528125524649,26.145151445132726
522.9205292252794,636.1934206798918,48.5552812552465,26.145151445132726
523.508721608747,642.6635368980349,48.5552812552465,26.145151445132726
522.3323368418119,647.9572683492429,48.5552812552465,26.145151445132726
521.892902087436,657.8556568581738,50.02234314746565,26.93510784863534
519.5221550010498,677.9043786455263,48.70419550952151,26.2253360435885
521.9338503832278,695.654804074211,47.42078261381637,25.53426756128573
518.1999304923761,697.9526009301197,47.42078261381638,25.53426756128573
546.7804484775637,676.3122305134609,48.85356646911371,26.305766560291985
554.5257922383641,677.5465331318467,47.56621747275484,25.61257863917567
555.4406106521618,674.4267279754224,46.312791638167056,24.93765703593609
