834.5,502.5,14,25
833.3858267716536,499.23622047244095,14.000000000000002,25.0
833.0787401574803,498.16141732283467,14.000000000000004,25.0
832.003937007874,495.70472440944883,14.000000000000004,25.0
831.3318072666142,493.02389655314965,14.422999640000004,25.7553565
830.6990772486614,491.12570649929137,14.422999640000004,25.755356500000005
830.2245297351968,488.1202389140158,14.422999640000004,25.755356500000005
828.1681571768504,487.0129613825984,14.422999640000004,25.755356500000005
826.4281496274804,484.3238588062992,14.422999640000004,25.755356500000005
825.9854511205614,481.4995507005245,14.042936617932268,25.076672532021902
823.9832664002881,480.26743702651015,14.042936617932268,25.076672532021902
822.597138517022,479.1893375617476,14.042936617932268,25.076672532021902
821.827067470763,476.41708179521544,14.042936617932268,25.076672532021902
821.0569964245041,474.72292549344576,14.042936617932268,25.076672532021902
819.0548117042308,473.0287691916761,14.042936617932268,25.076672532021902
818.5927690764754,470.2565134251439,14.042936617932268,25.076672532021902
818.5927690764754,469.486442378885,14.042936617932268,25.076672532021902
818.2847406579718,466.8682008216046,14.042936617932268,25.076672532021902
817.9767122394683,465.1740445198349,14.042936617932268,25.076672532021902
818.1307264487201,463.9419308458206,14.042936617932268,25.076672532021902
816.5905843562023,461.93974612554734,14.042936617932268,25.076672532021902
816.7445985654541,461.01566087003664,14.042936617932268,25.076672532021902
816.7445985654541,459.32150456826696,14.042936617932268,25.076672532021902
816.2825559376987,457.93537668500085,14.042936617932268,25.076672532021902
815.1463222131192,454.9382985758118,14.467233556069996,25.83434563583927
815.1463222131192,453.5102898642874,14.467233556069997,25.83434563583927
814.6703193092777,452.71695169121836,14.467233556069997,25.83434563583927
814.1943164054362,451.28894297969407,14.467233556069997,25.83434563583927
814.1943164054362,449.5435989989421,14.467233556069997,25.83434563583927
814.2262630897408,449.2493111728412,14.086004918233067,25.153580211130468
813.9483948300453,448.3448319549412,13.714822103859465,24.49075375689189
813.6475635240552,447.1415067309805,13.714822103859467,24.49075375689189
813.1963165650699,444.2836093240739,13.714822103859467,24.49075375689189
812.7753548081827,443.8542111574792,13.35342039367304,23.845393560130418
812.9512939829881,443.87548420846565,13.001542044062244,23.217039364396854
812.9512939829881,442.87733432713014,13.001542044062244,23.217039364396854
813.4077826337692,442.1850826072224,12.658936103263162,22.60524304154135
812.158264475095,439.40837558794647,12.658936103263162,22.60524304154135
812.5747705279864,438.1588574292723,12.658936103263162,22.60524304154135
811.7417584222036,437.18700997252574,12.658936103263162,22.60524304154135
811.8805937731673,436.0763271648154,12.658936103263162,22.60524304154135
811.7417584222036,435.1044797080688,12.658936103263162,22.60524304154135
811.6029230712398,434.27146760228607,12.658936103263162,22.60524304154135
811.3252523693122,433.1607847945757,12.658936103263162,22.60524304154135
809.8844940172644,431.9862723434828,13.041416490010542,23.28824373216167
810.0275241756194,430.55597075993273,13.041416490010542,23.288243732161675
810.0275241756194,429.4117294930926,13.041416490010542,23.288243732161675
810.0275241756194,428.12445806789754,13.041416490010542,23.288243732161675
810.0563223569633,427.8591737553684,12.697759810612787,22.67457109037997
810.2236228176014,427.32235770625954,12.363158889336487,22.07706944524372
810.250923263987,426.79968739208874,12.037375096292948,21.495312671951684
809.5908309850846,424.2913367322594,12.037375096292948,21.495312671951687
808.8253012978817,424.3105132193778,11.720176089772,20.928885874592847
808.8253012978817,423.28219630711436,11.720176089772,20.928885874592847
808.5682220698158,422.6394982369497,11.720176089772,20.928885874592847
808.5682220698158,422.3824190088838,11.720176089772,20.928885874592847
808.6967616838486,421.2255624825874,11.720176089772,20.928885874592847
808.1826032277169,420.19724557032396,11.720176089772,20.928885874592847
808.3111428417498,419.29746827209345,11.720176089772,20.928885874592847
807.8228649912005,418.28782252393455,11.411335650541098,20.37738509025195
807.4001675723314,417.8548262744547,11.756120712833816,20.993072701488945
807.5550613835161,416.97101787479744,11.44633309046425,20.43988051868615
807.5803372863534,416.11049886706184,11.14470873668622,19.90126560122538
807.8494036302408,415.8837967754743,10.851032539760954,19.376843821001692
807.8494036302408,415.40776722648593,10.851032539760954,19.376843821001692
807.6113888557466,414.81273029025044,10.851032539760954,19.376843821001692
807.2543666940053,414.21769335401495,10.851032539760954,19.376843821001692
807.2094461220399,413.80595746817426,11.178888458185753,19.96230081818883
807.5772554442018,413.43814814601234,11.178888458185753,19.96230081818883
807.1115283436802,411.6169103854548,10.884311585355976,19.436270688135657
807.3502730859911,411.6169103854548,10.884311585355977,19.436270688135657
807.6130526698455,410.67927098229075,10.597497159958316,18.92410207135412
807.8455062070999,409.74945683327303,10.597497159958316,18.92410207135412
807.0553203218795,409.3014324068623,10.318240632363477,18.425429700649055
807.1684843783087,409.64092457614987,10.318240632363477,18.425429700649055
807.4175973293867,409.3178701773055,10.04634284306573,17.93989793404594
807.4407687509196,411.42733374891196,10.0,17.467160501155025
807.54804737447,410.56910476050876,10.0,17.46716050115503
806.7533043331675,409.232439860583,10.3021426,17.994917829998656
806.8638243009424,408.34828011838465,10.3021426,17.994917829998656
807.1953842042668,407.2430804406366,10.3021426,17.994917829998656
807.4164241398164,406.3589206984383,10.3021426,17.994917829998656
806.7533043331676,405.8063208595644,10.3021426,17.994917829998656
806.7533043331676,404.92216111736604,10.3021426,17.994917829998656
806.7533043331676,404.8116411495912,10.3021426,17.994917829998656
806.8638243009425,404.2590413107173,10.3021426,17.994917829998656
806.8638243009425,404.14852134294244,10.3021426,17.994917829998656
806.7081884934057,404.09770971549494,10.613414215073476,18.538620955992872
806.7081884934057,403.75613197504595,10.613414215073478,18.538620955992872
807.30346346104,402.8617967516087,10.333738254335708,18.05010646654074
807.0817456178289,403.0835145948197,10.333738254335708,18.05010646654074
806.9708866962234,403.19437351642523,10.333738254335708,18.05010646654074
806.3713378826071,402.81082928991583,10.645964508724154,18.595477076348484
806.2571294407209,401.7829533129397,10.645964508724154,18.595477076348484
805.7536741452535,400.8167783720179,10.967624448341518,19.15732565555732
805.5879848169212,400.64502532833063,11.299003105006065,19.736150073818997
805.5879848169212,399.6753121278532,11.299003105006065,19.736150073818997
805.4667706668615,399.31166967767416,11.299003105006065,19.736150073818997
805.2243423667421,399.79652627791285,11.299003105006065,19.736150073818997
804.8606999165631,398.5843847773161,11.299003105006065,19.736150073818997
803.1142204570097,398.6498706426304,11.640394122561528,20.332463243548386
801.6896020506963,397.7183227476636,11.992100017083075,20.9467935744294
799.3213926651358,397.01592801905815,12.354432444945228,21.579685441653538
796.4055863487675,396.3532447653381,12.354432444945228,21.579685441653538
793.5682133168652,394.8344077953158,12.72771247898924,22.231699668305872
790.7008492179136,394.42478435260847,12.72771247898924,22.231699668305872
786.4680736432708,393.7420786147629,12.72771247898924,22.231699668305872
784.5564975773032,393.46899631962464,12.72771247898924,22.231699668305872
782.2664520257359,392.94266516507514,12.392322269635129,21.645868206575447
780.1393619846489,392.94266516507514,12.39232226963513,21.645868206575447
779.7708656156026,392.9619759664189,12.06576998718393,21.075474093616084
779.3825458567123,392.44421628789854,12.06576998718393,21.075474093616087
778.9942260978221,392.31477636826844,12.06576998718393,21.07547409361609
777.9058675046651,391.7375066020644,12.430328298676903,21.71225394750387
777.772516653649,391.3374540490159,12.430328298676905,21.71225394750387
778.0392183556813,390.80405064495125,12.430328298676905,21.71225394750387
777.6391658026329,391.3374540490159,12.430328298676905,21.71225394750387
778.0392183556813,390.40399809190274,12.430328298676905,21.71225394750387
777.1846775150497,389.40923399384394,12.805901469778487,22.36827363345978
777.7341973082496,390.09613373534387,12.805901469778487,22.36827363345978
777.0472975667496,388.72233425234396,12.805901469778487,22.36827363345978
777.0472975667496,388.9970941489439,12.805901469778487,22.36827363345978
776.7164572001785,387.97227398978777,13.192822306320757,23.04411446877228
777.2825803272854,388.821458680448,13.192822306320759,23.04411446877228
776.3756207367533,388.0487359021032,13.591433669617736,23.740375334801527
775.8786791221894,387.8358939952869,14.002088780284321,24.457673207664808
776.1791040844253,386.63419414634336,14.002088780284323,24.45767320766481
775.2778291977177,385.88313174075364,14.002088780284323,24.457673207664815
775.5782541599535,386.9346191085792,14.002088780284323,24.457673207664815
775.5782541599535,386.48398166522543,14.002088780284323,24.457673207664815
775.5782541599535,386.18355670298956,14.002088780284323,24.457673207664815
775.4280416788356,385.5827067785178,14.002088780284323,24.457673207664815
773.6597651869705,384.4028262100086,13.63311725494803,23.813184722324316
775.2685614461637,385.2803514422958,13.63311725494803,23.813184722324316
774.2447820084953,384.54908041538977,13.63311725494803,23.813184722324316
774.6238415553445,385.3593651811252,14.045031804299516,24.53268247695265
775.377207395188,386.41407735690603,14.045031804299516,24.53268247695265
775.2265342272193,386.8660968608121,14.045031804299516,24.53268247695265
774.6238415553446,386.41407735690603,14.045031804299516,24.53268247695265
775.1102394535719,387.3400025627317,13.674928679719562,23.88621740905095
775.290414689317,386.9212037758857,13.314578208229502,23.25678745683257
775.4332516516503,387.20687770055235,13.314578208229504,23.25678745683257
774.8944942461296,387.2276256418309,12.963723395937702,22.64394372494222
775.6215910943781,388.2213381318313,12.622114021044153,22.04724914694573
775.1108533679693,388.2410070147974,12.289506455387889,21.46627817362409
775.14093471665,387.33727666388586,11.96566349069683,20.90061646948123
775.1702233863754,386.5857266626824,11.650354169416156,20.34986061724925
775.7441203468937,387.2781658401915,12.002360999382981,20.964716596902576
774.8428026097356,388.30824325408656,12.002360999382983,20.964716596902576
774.614661751446,387.81190767669557,11.686084655541002,20.412271630841936
774.9907618744079,388.5641079226195,11.686084655541002,20.412271630841936
773.8910658427678,388.7076849103453,11.378142565741136,19.8743842400824
772.7924975170562,388.46355861574267,11.378142565741138,19.8743842400824
771.7661644070479,387.9191874147552,11.721924723539507,20.474874052852154
769.7541452875236,387.54193382984437,11.721924723539509,20.474874052852154
767.7421261679992,387.9191874147552,11.721924723539509,20.474874052852154
765.0042919425778,386.8056927892258,11.41303820575,19.935337014564933
764.1751654163672,388.0478526136589,11.11229121138539,19.410017412484272
763.6983208941077,387.4517969608346,11.11229121138539,19.410017412484272
762.3869984578943,387.09416356914,11.11229121138539,19.410017412484272
762.4575458910957,387.51620069617655,11.448040867241904,19.996476725189602
761.5978548444853,387.51620069617655,11.448040867241906,19.996476725189602
761.4750418378267,387.51620069617655,11.448040867241906,19.996476725189602
761.720667851144,386.9021356628833,11.448040867241906,19.996476725189602
761.3522288311681,387.8846397161525,11.448040867241906,19.996476725189602
760.9837898111922,388.25307873612843,11.448040867241906,19.996476725189602
761.2294158245095,387.27057468285926,11.448040867241906,19.996476725189602
761.5978548444854,386.7793226562247,11.448040867241906,19.996476725189602
761.2294158245095,387.02494866954197,11.448040867241906,19.996476725189602
761.3522288311681,386.9021356628833,11.448040867241906,19.996476725189602
760.8609768045335,388.00745272281114,11.448040867241906,19.996476725189602
760.8609768045335,387.51620069617655,11.448040867241906,19.996476725189602
760.6880297629067,387.70536334938174,11.793934950495379,20.60065547204843
760.0842795342945,387.34417055890435,11.48315087844117,20.057803945271097
760.2074691963206,387.71373954498256,11.48315087844117,20.057803945271097
760.2074691963206,388.08330853106077,11.48315087844117,20.057803945271097
759.8660078211365,387.3620646098005,11.180556332600904,19.529257195374495
759.3862339435808,387.48200807918937,11.180556332600904,19.529257195374495
759.6534878246118,387.8592610089428,10.885935509316543,19.014638274645456
758.3688768293641,388.09282664444237,10.885935509316543,19.014638274645456
758.5123054382171,388.46013851532143,10.599078291610523,18.513580168386873
756.9877183485532,388.63527326496296,10.9193215988736,19.07295429312536
756.6362954111838,388.7524142440861,10.9193215988736,19.07295429312536
754.2456571969384,388.4642766440958,11.249240820685582,19.649229493105967
752.3147722829702,388.7056372583418,11.249240820685582,19.64922949310597
751.0148239677011,388.2404455816182,10.952810080271483,19.13144916107704
749.7223213393386,388.2404455816182,10.952810080271483,19.13144916107704
748.1468529462861,387.7164238141693,11.283741131767428,19.709491740206605
747.0573991508826,387.3532725490348,11.283741131767428,19.709491740206605
746.1606316764496,386.93446827337004,11.624671020095345,20.304999448113062
745.786508064571,387.8074233677535,11.624671020095345,20.304999448113062
745.1629687114399,387.30859188524863,11.624671020095345,20.304999448113062
745.1629687114399,388.05683910900586,11.624671020095345,20.304999448113062
745.1629687114399,387.8074233677535,11.624671020095345,20.304999448113062
745.0382608408137,387.6827154971273,11.624671020095345,20.304999448113062
744.9135529701874,387.5580076265011,11.624671020095345,20.304999448113062
744.4147214876826,387.9321312383797,11.624671020095345,20.304999448113062
744.3638139420011,388.124212454572,11.975901852710972,20.918499980738208
744.6207655953078,387.7387849746119,11.975901852710972,20.918499980738208
743.978386462041,388.63811576118536,11.975901852710972,20.918499980738208
743.9259407825382,387.6797181293046,12.337744865023264,21.550536977966228
743.6612255251711,388.3415062727225,12.337744865023266,21.55053697796623
743.0777647235376,387.6188666229758,12.710520696188745,22.20167050535812
743.1584586679918,387.010749667455,13.094559673238773,22.872477550441342
743.752417101738,388.1549678267875,12.749502608392488,22.26976083706859
743.3420923745039,387.4710932813972,12.749502608392488,22.26976083706859
743.61564219266,387.74464309955334,12.749502608392488,22.26976083706859
744.4362916471283,388.70206746309975,12.749502608392488,22.26976083706859
744.2995167380502,388.29174273586557,12.749502608392488,22.26976083706859
743.7524171017379,388.0181929177094,12.749502608392488,22.26976083706859
743.6156421926598,387.8814180086314,12.749502608392488,22.26976083706859
743.9203993041976,387.62773558148933,12.413538203473031,21.68292641872827
743.3877163874541,388.55993068579056,12.413538203473033,21.68292641872827
743.599695639612,387.96602243923064,12.788604074272701,22.338059995104597
744.1484731764997,387.8288280550087,12.788604074272703,22.3380599951046
743.8740844080559,388.9263831287839,12.788604074272705,22.3380599951046
743.736890023834,388.51479997611824,12.788604074272705,22.3380599951046
743.4625012553902,389.33796628144967,12.788604074272705,22.3380599951046
743.6808853037872,388.8633079209339,13.17500228280984,23.01298794769229
743.8222249148046,389.5700059760205,13.17500228280984,23.012987947692295
743.6808853037872,389.71134558703784,13.17500228280984,23.012987947692295
743.8222249148046,389.2873267539859,13.17500228280984,23.012987947692295
743.4818488315506,388.3743081093024,13.573075227283251,23.70830834892074
743.4818488315506,389.53918877148556,13.573075227283253,23.70830834892074
743.7730689970964,389.83040893703134,13.573075227283253,23.70830834892074
743.3362387487778,389.10235852316686,13.573075227283253,23.70830834892074
743.6274589143236,389.83040893703134,13.573075227283253,23.70830834892074
743.9186790798694,389.53918877148556,13.573075227283253,23.70830834892074
743.6274589143236,390.41284926812295,13.573075227283253,23.70830834892074
744.9711728330552,391.5988806842678,13.215408714186536,23.083566509905857
744.4364281944794,392.4701126048681,12.867167134824337,22.475287353916336
744.4364281944794,391.7799266152597,12.867167134824339,22.47528735391634
744.160353798636,391.641889417338,12.867167134824339,22.47528735391634
744.160353798636,392.4701126048682,12.867167134824339,22.47528735391634
743.8279306340768,391.7164639232601,13.255939068099376,23.15436152960228
745.8512880012527,393.15919938499115,12.90662946619138,22.544216841490123
745.2974458237294,392.8822782962296,12.90662946619138,22.544216841490126
745.1905771762791,393.45623271359096,12.566524583568697,21.950150184290443
746.1650202116257,394.1498747022982,12.235381865040583,21.371737882958506
746.0637095856114,393.38138399030845,11.912965147031146,20.80856742678586
746.0637095856114,393.7647859413217,11.912965147031146,20.808567426785864
745.9359089352737,394.7871911440236,11.912965147031146,20.808567426785864
745.808108284936,394.40378919301037,11.912965147031146,20.808567426785864
745.6803076345983,394.1481878923349,11.912965147031146,20.808567426785864
745.808108284936,394.5315898433481,11.912965147031146,20.808567426785864
745.808108284936,395.4261943957123,11.912965147031146,20.808567426785864
745.808108284936,396.06519764740096,11.912965147031146,20.808567426785864
745.808108284936,396.95980219976514,11.912965147031146,20.808567426785864
745.8837388724498,396.00644121484623,12.272906573354483,21.4372828932463
745.9137795891621,395.89390387978364,11.949501035099606,20.872385248880267
746.170164793794,396.79125209599533,11.949501035099608,20.87238524888027
746.5839917091989,397.32264326379214,11.634617613553498,20.322373322550398
746.8336208618224,398.19634529797423,11.634617613553498,20.322373322550398
745.9599188276403,397.94671614535076,11.634617613553498,20.322373322550398
746.2095479802638,398.5707890269094,11.634617613553498,20.322373322550398
746.3343625565755,398.0715307216625,11.634617613553498,20.322373322550398
746.4591771328871,398.82041817953285,11.634617613553498,20.322373322550398
746.5839917091988,398.19634529797423,11.634617613553498,20.322373322550398
746.8336208618223,399.3196764847798,11.634617613553498,20.322373322550398
746.3343625565753,399.0700473321563,11.634617613553498,20.322373322550398
746.7088062855105,399.0700473321563,11.634617613553498,20.322373322550398
746.6124700692103,400.2115085985836,11.328031740906992,19.786854858060074
746.6843871515962,399.1834326183319,11.670299837215008,20.384700035323768
746.6843871515962,400.1850115806974,11.67029983721501,20.38470003532377
746.8095845218919,400.9361958024715,11.67029983721501,20.38470003532377
747.185176632779,400.31020895099306,11.67029983721501,20.38470003532377
747.4355713733703,400.4354063212887,11.67029983721501,20.38470003532377
747.7145318142921,400.45359200407484,11.362773695962986,19.84753918856877
747.8364300864738,401.1849816371654,11.362773695962986,19.847539188568774
747.0109551416949,402.78736564416124,11.063351230612396,19.324533162575747
747.2754074163076,402.09248887137346,10.77181889976202,18.815308961151814
747.5749105097327,402.1549193243174,11.097281436672343,19.383799598084387
747.455860401965,403.22637029422725,11.097281436672343,19.383799598084387
747.3368102941972,403.82162083306605,11.097281436672343,19.383799598084387
747.5749105097327,404.0597210486016,11.097281436672343,19.383799598084387
747.0987100786616,403.82162083306605,11.097281436672343,19.383799598084387
747.5749105097327,403.46447050976275,11.097281436672343,19.383799598084387
747.0987100786616,404.6549715874404,11.097281436672343,19.383799598084387
747.5749105097327,405.2502221262792,11.097281436672343,19.383799598084387
747.2177601864295,405.72642255735025,11.097281436672343,19.383799598084387
747.455860401965,406.2026229884213,11.097281436672343,19.383799598084387
746.7415597553584,406.67882341949235,11.097281436672343,19.383799598084387
746.7415597553584,406.9169236350279,11.097281436672343,19.383799598084387
746.7415597553584,407.15502385056345,11.097281436672343,19.383799598084387
746.5034595398229,408.10742471270555,11.097281436672343,19.383799598084387
746.5034595398229,408.2264748204733,11.097281436672343,19.383799598084387
746.2653593242874,409.05982557484765,11.097281436672343,19.383799598084387
746.3358114665125,408.8860421021932,11.432577583293135,19.969466758928803
745.5999287544512,409.131336339547,11.432577583293137,19.969466758928803
745.8452229918049,408.64074786483945,11.432577583293137,19.969466758928803
746.0905172291586,409.2539834582239,11.432577583293137,19.969466758928803
746.2131643478356,409.37663057690077,11.432577583293137,19.969466758928803
746.3358114665125,409.49927769557763,11.432577583293137,19.969466758928803
745.6279125757585,410.0076814134458,11.131315703324717,19.443247797899996
745.6279125757585,410.36592708153313,11.131315703324717,19.443247797899996
745.6279125757585,410.0076814134458,11.131315703324717,19.443247797899996
745.7473277984543,410.7241727496204,11.131315703324717,19.443247797899996
745.6279125757585,410.9630031950119,11.131315703324717,19.443247797899996
745.5084973530627,411.08241841770763,11.131315703324717,19.443247797899996
745.2209198969657,411.6245933044729,11.467640170127053,20.030711142110174
745.5899896928124,412.11668636560194,11.467640170127053,20.030711142110174
744.92465350084,411.5680332778211,11.814126431813717,20.63592425654279
745.3048744674567,412.70869617767096,11.814126431813717,20.635924256542793
744.7979131786345,412.5819558554654,11.814126431813717,20.635924256542793
745.1781341452512,413.5958784331097,11.814126431813717,20.635924256542793
744.7979131786345,413.9760993997263,11.814126431813717,20.635924256542793
745.1781341452512,413.72261875531524,11.814126431813717,20.635924256542793
744.7979131786345,413.2156574664931,11.814126431813717,20.635924256542793
745.1781341452512,414.35632036634297,11.814126431813717,20.635924256542793
744.7979131786345,415.2435026217817,11.814126431813717,20.635924256542793
744.7461759569983,414.42479174254584,12.17108151949741,21.259423437370288
744.7461759569983,414.2942220552927,12.171081519497411,21.259423437370288
744.906537121097,416.4023030959832,11.85035919129988,20.69921259907725
744.8546412265094,415.8353393558272,12.208409024999206,21.32462399034105
744.3307607001326,416.88310040858096,12.208409024999206,21.324623990341053
744.7236710949153,416.09727961901564,12.208409024999206,21.324623990341056
744.592700963321,416.62116014539254,12.208409024999206,21.324623990341056
744.4617308317268,417.53795106655207,12.208409024999206,21.324623990341056
744.1997905685383,418.3237718561174,12.208409024999206,21.324623990341056
744.8546412265094,417.7998913297405,12.208409024999206,21.324623990341056
744.5392370726813,418.0016179892942,12.577277069466879,21.96893172398746
744.2693824782764,418.0016179892942,12.577277069466879,21.96893172398746
744.0793759185419,417.8046577789812,12.95729018893579,22.632706739018268
744.3573839698244,418.7776859584697,12.95729018893579,22.632706739018268
745.0524040980305,419.19469803539334,12.95729018893579,22.632706739018268
744.578648579416,417.87975461294667,13.348785123599745,23.316537224934716
745.151464297068,418.8821821188376,13.348785123599747,23.31653722493472
745.8674839441329,419.0253860482506,13.348785123599749,23.316537224934724
746.0106878735459,419.45499783648955,13.34878512359975,23.316537224934724
746.7267075206108,419.1685899776636,13.34878512359975,23.316537224934724
747.0457895524172,420.7646344466949,12.997028918812923,22.702119016305858
747.3246502269482,420.34634343489836,12.997028918812923,22.702119016305858
747.8823715760102,421.7406468075534,12.997028918812923,22.702119016305858
748.0218019132757,421.18292545849147,12.997028918812923,22.702119016305858
749.1690577814517,423.155203288387,12.654541904177886,22.1038914508867
749.3048139651657,422.7479347372447,12.654541904177888,22.1038914508867
749.4715450044444,423.85370362188974,12.321079825620654,21.5214278861659
749.2854088497784,423.13204006772366,12.693352134952711,22.171681903889766
750.374789126001,423.8129027403628,12.693352134952713,22.171681903889766
750.8143765819732,425.73909811618347,12.358867361119627,21.58743198091626
751.2905907056675,424.75005283531016,12.732281392874011,22.239680263519983
751.2348326377171,425.3702062301495,13.11697785327147,22.911635745318847
752.0791354352612,424.9480548313774,13.11697785327147,22.91163574531885
751.9384183023371,426.07379189476944,13.11697785327147,22.91163574531885
752.3605697011092,426.07379189476944,13.11697785327147,22.91163574531885
752.9234382328052,426.7773775593895,13.11697785327147,22.91163574531885
753.0641553657292,426.6366604264655,13.11697785327147,22.91163574531885
753.7677410303493,426.21450902769345,13.11697785327147,22.91163574531885
753.2048724986532,427.6216803569335,13.11697785327147,22.91163574531885
754.3306095620453,427.4809632240095,13.11697785327147,22.91163574531885
754.4713266949693,428.88813455324953,13.11697785327147,22.91163574531885
754.5034334671878,429.04929170928176,12.77133004298629,22.30788716740645
755.7365151043153,429.59732799244955,12.771330042986293,22.30788716740645
755.7677758252837,429.48022032609094,12.434790459465798,21.720048075372016
756.4347694275983,430.54741008979425,12.434790459465798,21.72004807537202
756.3013707071354,431.2144036921088,12.434790459465798,21.72004807537202
756.3013707071354,431.0810049716459,12.434790459465798,21.72004807537202
756.4347694275983,432.28159345581213,12.434790459465798,21.72004807537202
757.2655987145405,431.50057811202936,12.107119090210768,21.147699235530936
757.1653501217472,432.1688620203925,11.788082247333922,20.590432461499773
757.5735868925233,432.8195358609368,11.477452400898956,20.047850323086905
757.9710661437339,433.94557779785674,11.17500801665128,19.51956586285419
759.0773750356,434.08287562139094,10.880533398024745,19.00520232014758
759.1040076038131,434.9169046734819,10.593818532311678,18.504392862399854
759.3313056578709,435.1442027275397,10.593818532311678,18.504392862399854
759.8531576262802,435.7738466752277,10.913902919839762,19.06348939948655
759.8798718739508,436.37626791552617,10.626308727937793,18.561144008571382
761.0198476477057,437.28824853453,10.626308727937793,18.561144008571382
761.3618403798321,437.6302412666564,10.626308727937793,18.561144008571382
760.7453170429571,438.0338211154231,10.947374782683976,19.1219552395438
761.4020271376801,438.56703676048886,11.278141610685434,19.69971096685974
761.231646786209,439.1163631216906,11.618902313627505,20.294923155937294
761.3054104879743,439.0590570487083,11.969958849046048,20.9081192408508
762.233594168058,440.36183039567845,11.654536340015543,20.35716568175952
762.1370930219933,440.12993499106835,11.347425585474571,19.82073039763972
761.8936257824632,441.34727118871865,11.347425585474571,19.82073039763972
761.9214011749825,441.8518882196425,11.048407560906126,19.298430814852185
763.4892799954315,442.46173379322414,10.757269013347097,18.789894441023513
762.4506574838096,443.0387462996808,10.757269013347097,18.789894441023513
762.5660599851009,443.9619663100114,10.757269013347097,18.789894441023513
762.4506574838096,443.6157588061374,10.757269013347097,18.789894441023513
762.4506574838096,444.19277131259406,10.757269013347097,18.789894441023513
762.1727435210886,444.25511743846124,11.08229193620631,19.357617197037154
762.3619898035203,445.15157242367525,11.417135186162751,19.942493276008907
761.7495825296901,444.7841280593771,11.417135186162751,19.94249327600891
762.1170268939882,445.15157242367525,11.417135186162751,19.94249327600891
762.2395083487542,445.39653533320734,11.417135186162751,19.94249327600891
762.3119911128014,445.83015022335877,11.762095477132622,20.545040952898496
761.5548982650882,446.3348787885008,11.762095477132624,20.5450409528985
761.5033889009283,447.4125057381108,12.117478488023533,21.165794161960022
761.7633781835476,447.4125057381108,12.117478488023533,21.165794161960026
761.8933728248572,448.0624789446592,12.117478488023533,21.165794161960026
761.4503232194471,448.3926977472496,12.483599133605082,21.805302969875967
761.5842455526479,448.3926977472496,12.483599133605084,21.805302969875967
760.9146338866439,448.2587754140488,12.483599133605086,21.805302969875967
760.3789445538406,449.3301540796553,12.483599133605086,21.805302969875967
760.5128668870414,449.86584341245856,12.483599133605086,21.805302969875967
760.780711553443,450.1336880788602,12.483599133605086,21.805302969875967
759.9771775542381,450.4015327452618,12.483599133605086,21.805302969875967
759.9771775542381,451.3389890776675,12.483599133605086,21.805302969875967
759.9771775542381,451.0711444112659,12.483599133605086,21.805302969875967
759.7093328878365,452.2764454100732,12.483599133605086,21.805302969875967
759.9771775542381,452.1425230768724,12.483599133605086,21.805302969875967
759.8432552210373,452.41036774327404,12.483599133605086,21.805302969875967
759.441488221435,453.34782407567974,12.483599133605086,21.805302969875967
759.5754105546357,453.883513408483,12.483599133605086,21.805302969875967
759.441488221435,455.08881440729033,12.483599133605086,21.805302969875967
759.5754105546357,455.4905814068928,12.483599133605086,21.805302969875967
759.5754105546357,455.6245037400936,12.483599133605086,21.805302969875967
759.3075658882341,456.16019307289685,12.483599133605086,21.805302969875967
759.1736435550333,455.7584260732944,12.483599133605086,21.805302969875967
758.7718765554309,456.6958824057001,12.483599133605086,21.805302969875967
758.7718765554309,457.499416404905,12.483599133605086,21.805302969875967
758.6379542222302,457.23157173850336,12.483599133605086,21.805302969875967
759.5754105546358,456.96372707210173,12.483599133605086,21.805302969875967
759.1189745332549,458.2413795238562,12.860781843563604,22.464134063186574
758.4291310462752,458.79325431344,12.860781843563604,22.464134063186574
758.5670997436712,458.79325431344,12.860781843563604,22.464134063186574
758.843037138463,459.8970038926076,12.860781843563604,22.464134063186574
758.981005835859,459.20716040562786,12.860781843563604,22.464134063186574
759.118974533255,460.58684737958737,12.860781843563604,22.464134063186574
757.8209354508751,459.97154139116543,13.249360849988316,23.14287125044655
758.9904648163695,461.9821101779205,12.900224591872696,22.53302934471873
758.7136811488281,462.53567751300335,12.900224591872698,22.533029344718734
758.3300818670668,462.55577977220577,12.560288485229373,21.939257491231068
757.3318616800282,461.82010541915486,12.9397883071971,22.602135921278073
757.1363786158989,462.5891821564182,13.330754435455713,23.28504273255891
757.5654101119162,462.875203153763,13.330754435455713,23.28504273255891
756.6489681782997,463.09547498083634,13.733533315964724,23.988583067791556
756.5888253601981,462.58574488285336,14.148481862291945,24.71338035363341
756.5888253601981,464.1035745423679,14.148481862291947,24.71338035363341
756.7752399379028,465.9470175367348,13.775652706882411,24.062153683928567
757.0708065500834,465.65145092455424,13.775652706882411,24.062153683928567
757.9912254146336,466.5596171890192,13.412648038684742,23.428087603720844
757.5923887806267,466.4366289093167,13.05920897089361,22.810729911272215
756.6117070064886,466.85692109823304,13.05920897089361,22.81072991127222
756.751804402794,468.6781872502039,13.05920897089361,22.810729911272222
757.031999195405,469.09847943912024,13.05920897089361,22.810729911272222
757.3441593578194,469.118829441699,12.715083438675826,22.209640320892877
757.3752824024926,469.9570771875276,12.38002601940333,21.624390148939327
757.1096599723166,471.15237812331935,12.38002601940333,21.62439014893933
756.7112263270527,471.8164341987592,12.38002601940333,21.62439014893933
757.6409048326685,472.4804902741991,12.38002601940333,21.62439014893933
757.3752824024925,473.011735134551,12.38002601940333,21.62439014893933
756.8440375421407,475.26952579104653,12.38002601940333,21.62439014893933
756.7415292428548,475.95287350673675,12.053797757623268,21.054562008086815
757.2587751756519,475.56493905713893,12.05379775762327,21.05456200808682
756.8708407260541,476.7287424059324,12.05379775762327,21.054562008086823
757.2587751756519,477.6339227883273,12.05379775762327,21.054562008086823
756.6122177596556,478.7977261371208,12.05379775762327,21.054562008086823
757.1589680907448,480.10962425192935,11.736165994640324,20.499749509658027
756.4035442505464,481.242760012227,11.736165994640324,20.499749509658027
756.5294482239127,481.7463759056926,11.736165994640324,20.499749509658027
756.5294482239127,482.75360769262386,11.736165994640324,20.499749509658027
756.5294482239127,482.62770371925745,11.736165994640324,20.499749509658027
756.5294482239127,483.6349355061887,11.736165994640324,20.499749509658027
756.5294482239127,482.87951166599026,11.736165994640324,20.499749509658027
756.5294482239127,483.7608394795551,11.736165994640324,20.499749509658027
756.4035442505464,483.2572235860895,11.736165994640324,20.499749509658027
756.1517363038135,484.1385513996543,11.736165994640324,20.499749509658027
755.7740243837144,485.27168715995197,11.736165994640324,20.499749509658027
755.7740243837144,486.6566308669824,11.736165994640324,20.499749509658027
755.8999283570807,486.530726893616,11.736165994640324,20.499749509658027
755.8999283570807,487.28615073381445,11.736165994640324,20.499749509658027
755.6481204103479,488.4192864941121,11.736165994640324,20.499749509658027
755.6768473330069,489.6966145489745,11.426904202589721,19.959556973795756
755.5542610775773,489.08368327182643,11.426904202589721,19.959556973795756
755.337058501142,488.8563171633694,11.125791822882642,19.433599147272925
756.0804271744624,489.82850205223684,10.832614108908762,18.921500928738578
755.6155840020399,490.52576681087066,10.832614108908764,18.921500928738578
754.7546695338228,491.51823596070716,11.159913528075004,19.493200077389726
754.9941135662696,491.75767999315383,11.159913528075004,19.493200077389726
755.1138355824929,492.8351781391639,11.159913528075004,19.493200077389726
755.2335575987163,493.9126762851739,11.159913528075004,19.493200077389726
755.473001631163,494.6310083825139,11.159913528075004,19.493200077389726
754.8743915500463,494.8704524149606,11.159913528075004,19.493200077389726
754.5860752693656,495.53374223706214,11.49710205698978,20.08217269276
754.5860752693656,496.1504388788083,11.497102056989782,20.082172692760004
753.9190297405704,497.45046615379636,11.844478487786207,20.688940679863954
754.4272934801072,499.2293892421752,11.844478487786207,20.688940679863954
753.9190297405704,499.4835211119436,11.844478487786207,20.688940679863954
754.0460956754546,500.88124639566985,11.844478487786207,20.688940679863954
753.9942255340416,501.83935522809895,12.202350640380587,21.314041712689942
753.7324152578858,504.0647425754239,12.202350640380587,21.314041712689942
753.6015101198077,503.9338374373459,12.202350640380587,21.314041712689942
753.077889567496,505.50469909428114,12.202350640380587,21.314041712689942
753.2087947055741,507.5991813035281,12.202350640380587,21.314041712689942
752.9469844294181,508.90823268430745,12.202350640380587,21.314041712689942
752.5542690151842,509.3009480985413,12.202350640380587,21.314041712689942
751.5844956892869,510.94253117073134,12.571035635240214,21.958029710648002
751.3945834197107,512.0942721008555,12.950860174392629,22.62147532941325
751.3945834197107,514.4561678714698,12.95086017439263,22.62147532941325
751.3945834197107,516.1233884154328,12.950860174392632,22.62147532941325
751.1167133290502,518.2074140953866,12.950860174392632,22.62147532941325
750.8388432383897,518.6242192313774,12.950860174392632,22.62147532941325
751.1167133290502,521.5418551833128,12.950860174392632,22.62147532941325
750.2831030570686,523.0701406819456,12.950860174392632,22.62147532941325
750.2831030570686,525.1541663618995,12.950860174392632,22.62147532941325
749.8095826381417,526.89644647326,13.342160830925376,23.30496646659973
749.4128420019275,530.0661604242812,12.990579184049922,22.690853161076333
749.2734808565287,531.738494169066,12.990579184049922,22.690853161076333
748.9947585657313,533.5501890592496,12.990579184049922,22.690853161076333
749.2734808565287,534.943800513237,12.990579184049922,22.690853161076333
748.576675129535,537.3129399850155,12.990579184049922,22.690853161076333
748.576675129535,539.1246348751991,12.990579184049922,22.690853161076333
748.2979528387376,541.7724966377751,12.990579184049922,22.690853161076333
747.7405082571427,544.0022749641549,12.990579184049922,22.690853161076333
747.7405082571427,546.092692145136,12.990579184049922,22.690853161076333
747.6011471117439,547.625664744522,12.990579184049922,22.690853161076333
747.3224248209465,549.1586373439081,12.990579184049922,22.690853161076333
746.7967776222179,552.2448256003177,12.64826212751977,22.092922464206822
746.4700098668488,553.4036419150505,13.030420007988806,22.76044376770021
746.1333690655596,554.877048111757,13.424124506019382,23.44813373341288
745.7865569115735,556.1069478665014,13.829724494116624,24.15660174254899
745.3414667692305,559.3709422436837,13.829724494116626,24.156601742548993
745.4898301500115,561.4480295746177,13.829724494116627,24.156601742548997
745.3414667692305,562.0414830977418,13.829724494116627,24.156601742548997
745.375318150177,566.6622985892685,13.465294970661535,23.520046844794045
743.8718117094294,565.729162859917,13.872138893881797,24.230687655374833
743.8718117094294,569.1519859822589,13.872138893881797,24.230687655374833
743.5741749161823,570.9378067417416,13.872138893881797,24.230687655374833
743.2765381229352,573.3189010877186,13.872138893881797,24.230687655374833
742.7693331240403,574.2922105089315,14.291275305177654,24.96279995217312
742.9576290894171,578.6072957869775,13.914683374423932,24.30500078238161
742.360529857598,580.1000438665253,13.914683374423934,24.30500078238161
743.2902380423626,584.1521467589843,13.548015084442667,23.664535395202925
742.708873078323,582.6987343488852,13.54801508444267,23.664535395202925
742.708873078323,584.8788529640339,13.548015084442671,23.664535395202925
741.9821668732734,586.1869241331231,13.548015084442671,23.664535395202925
740.3834132221644,589.2390901943311,13.548015084442671,23.664535395202925
742.4513524297068,593.4750978866717,13.191008935615466,23.040947025056525
743.3841647683685,593.9760832737534,13.589565509258476,23.73711218911781
748.2283989180296,597.641934430519,13.231464457816152,23.11161133500027
751.918977483965,601.1905676669954,13.231464457816152,23.11161133500027
759.5840252747541,604.1714195856356,13.231464457816152,23.11161133500027
766.4814022940524,607.7967386935419,13.631243365125368,23.809911568894915
779.4962374209239,613.3536345904084,13.631243365125368,23.80991156889492
790.3175610095586,617.8868917694311,13.631243365125368,23.809911568894922
798.1545076841816,620.0131720834064,14.043101296282542,24.529310427614522
811.953035297525,625.6687029117423,14.467403210054758,25.27044539049518
827.6640828789679,634.8483015919209,14.086170101635581,24.604539401183978
