667.5,428.5,16,30
667.1771653543307,428.1771653543307,16.0,30.0
666.8228346456692,428.0,16.0,30.0
667.1771653543307,428.5314960629921,16.0,30.0
666.8228346456692,428.3543307086614,16.0,30.0
667.3543307086613,428.0,16.0,30.0
667.1771653543307,428.1771653543307,16.0,30.0
667.0,427.82283464566933,16.0,30.0
667.5314960629921,428.00000000000006,16.0,30.0
667.1771653543307,427.46850393700794,16.0,30.0
666.8228346456692,427.46850393700794,16.0,30.0
666.9999999999999,427.2913385826772,16.0,30.0
667.1771653543306,426.7598425196851,16.0,30.0
666.8228346456691,426.58267716535437,16.0,30.0
666.9999999999998,425.8740157480315,16.0,30.0
666.9999999999998,425.3425196850394,16.0,30.0
667.1771653543304,423.74803149606305,16.0,30.0
666.8564787104906,423.4346377396507,15.578381161695448,29.209464678178964
666.5114850331893,421.88216619179474,15.57838116169545,29.209464678178968
666.8564787104906,421.01968199854144,15.578381161695452,29.20946467817897
666.5114850331893,418.25973258013084,15.578381161695454,29.20946467817897
666.6839818718399,417.2247515482269,15.578381161695454,29.20946467817897
666.8564787104906,414.98229264576827,15.578381161695454,29.20946467817897
665.9939945172373,412.73983374330965,15.578381161695454,29.20946467817897
665.9939945172373,412.049846388707,15.578381161695454,29.20946467817897
666.166491355888,409.11740013164575,15.578381161695454,29.20946467817897
666.166491355888,406.87494122918713,15.578381161695454,29.20946467817897
665.9939945172373,405.4949665199818,15.578381161695454,29.20946467817897
665.8214976785866,402.7350171015712,15.578381161695454,29.20946467817897
665.649000839936,399.9750676831606,15.578381161695454,29.20946467817897
666.166491355888,396.697627748798,15.578381161695454,29.20946467817897
665.8214976785866,394.1101751690381,15.578381161695454,29.20946467817897
665.649000839936,390.48774155737414,15.578381161695454,29.20946467817897
665.9939945172373,387.21030162301156,15.578381161695454,29.20946467817897
666.0267520213386,382.9377388721034,15.16787247619173,28.43976089285949
666.1947033651941,379.578711994994,15.167872476191732,28.43976089285949
666.530606052905,376.0517337740292,15.167872476191734,28.43976089285949
666.1947033651941,370.84524211450963,15.167872476191736,28.43976089285949
666.3626547090496,366.1426044865565,15.167872476191736,28.43976089285949
666.6985573967605,362.11177223402524,15.167872476191736,28.43976089285949
666.3626547090496,357.2411832622166,15.167872476191736,28.43976089285949
666.5306060529051,352.53854563426347,15.167872476191736,28.43976089285949
666.1947033651942,348.0038593501658,15.167872476191736,28.43976089285949
666.3626547090497,342.79736769064624,15.167872476191736,28.43976089285949
666.5306060529052,337.42292468727123,15.167872476191736,28.43976089285949
665.8588006774834,332.88823840317355,15.167872476191736,28.43976089285949
666.1947033651943,327.51379539979854,15.167872476191736,28.43976089285949
666.3626547090498,323.1470604595563,15.167872476191736,28.43976089285949
666.3626547090498,317.1008120807594,15.167872476191736,28.43976089285949
666.5306060529053,311.89432042123985,15.167872476191736,28.43976089285949
666.3945490143494,305.71892860304234,14.768181177881512,27.690339708527823
666.7216002707494,301.30373664164324,14.768181177881514,27.690339708527823
666.5580746425494,296.0709165392443,14.768181177881514,27.690339708527823
666.7216002707494,291.4921989496452,14.768181177881514,27.690339708527823
666.2310233861494,285.2782250780465,14.768181177881514,27.690339708527823
666.3945490143494,279.5548280910476,14.768181177881514,27.690339708527823
666.7216002707494,274.3220079886487,14.768181177881514,27.690339708527823
666.3945490143494,268.7621366298498,14.768181177881514,27.690339708527823
666.5580746425494,263.5293165274509,14.768181177881514,27.690339708527823
666.8851258989494,257.969445168652,14.768181177881514,27.690339708527823
666.5580746425494,252.900150694453,14.768181177881514,27.690339708527823
666.8851258989494,247.5038049638541,14.768181177881514,27.690339708527823
666.7216002707494,241.61688234865525,14.768181177881514,27.690339708527823
666.1714441814316,236.2927919409353,15.214390843717133,28.526982831969608
665.7731319670377,230.1339723451848,15.674082404410823,29.38890450827028
665.9466884897244,223.36526796040602,15.674082404410825,29.38890450827028
666.120245012411,218.15857227980695,15.674082404410827,29.38890450827028
666.120245012411,212.43120703114798,15.674082404410827,29.38890450827028
666.2938015350977,206.53028525980238,15.674082404410827,29.38890450827028
666.2305676572703,201.92094671435913,16.147663205439123,30.27686851019833
666.4093680618581,195.48413214919887,16.147663205439123,30.276868510198334
666.588168466446,189.76251920238974,16.147663205439123,30.276868510198334
665.6290220008541,185.37151371288198,16.635552899920693,31.191661687351278
665.9974274538544,181.50325645637975,16.635552899920693,31.191661687351278
665.6290220008541,177.6349991998775,16.635552899920693,31.191661687351278
666.1816301803544,174.87195830237593,16.635552899920693,31.191661687351278
666.4008133831112,173.2566968160438,16.19718649440704,30.369724677013174
666.5801621508888,172.7186505127109,16.197186494407042,30.369724677013178
666.4008133831112,170.38711653160158,16.197186494407042,30.36972467701318
666.7595109186665,169.13167515715816,16.197186494407042,30.36972467701318
666.4008133831112,168.77297762160288,16.197186494407042,30.36972467701318
666.7595109186665,167.33818747938176,16.197186494407042,30.36972467701318
666.2214646153336,166.08274610493834,16.197186494407042,30.36972467701318
666.5801621508889,165.54469980160542,16.197186494407042,30.36972467701318
666.2214646153336,164.28925842716194,16.197186494407042,30.36972467701318
666.4008133831112,164.1099096593843,16.197186494407042,30.36972467701318
666.5801621508888,163.39251458827374,16.197186494407042,30.36972467701318
666.0421158475559,161.24032937494212,16.197186494407042,30.36972467701318
665.4387253099954,160.78152999618226,16.686572498417547,31.287323434532873
665.8082606261513,159.67292404771456,16.686572498417547,31.287323434532873
665.8433483840755,158.97654700425082,16.246861666413327,30.462865624524962
665.8433483840755,158.43685056602104,16.246861666413327,30.462865624524966
665.8433483840755,156.99766006407498,16.246861666413327,30.462865624524966
666.0232471968187,156.63786243858846,16.246861666413327,30.462865624524966
666.0232471968187,155.73836837487218,16.246861666413327,30.462865624524966
665.8433483840755,155.1986719366424,16.246861666413327,30.462865624524966
665.8433483840755,154.65897549841262,16.246861666413327,30.462865624524966
666.2373091637527,153.44125237172454,15.818737732545332,29.66013324852247
665.8869926293213,152.7406193028618,15.818737732545332,29.66013324852247
666.2373091637527,151.8648279667834,15.818737732545332,29.66013324852247
665.8869926293213,151.33935316513634,15.818737732545332,29.66013324852247
666.2373091637527,150.11324529462655,15.818737732545332,29.66013324852247
665.8869926293213,149.7629287601952,15.818737732545332,29.66013324852247
666.062150896537,148.5368208896854,15.818737732545332,29.66013324852247
666.5876256981841,147.4858712863913,15.818737732545332,29.66013324852247
666.2373091637527,146.4349216830972,15.818737732545332,29.66013324852247
665.8869926293213,145.73428861423446,15.818737732545332,29.66013324852247
666.4124674309684,145.03365554537172,15.818737732545332,29.66013324852247
666.062150896537,144.50818074372467,15.818737732545332,29.66013324852247
666.4124674309684,143.10691460599918,15.818737732545332,29.66013324852247
666.2373091637527,142.40628153713644,15.818737732545332,29.66013324852247
666.062150896537,141.18017366662664,15.818737732545332,29.66013324852247
666.5876256981841,139.95406579611685,15.818737732545332,29.66013324852247
666.6208886130383,139.81938071085105,15.401895368405322,28.878553815759954
666.4503459723941,139.13721014827405,15.401895368405322,28.878553815759958
666.2798033317498,138.28449694505278,15.401895368405322,28.87855381575996
666.7914312536825,137.60232638247578,15.401895368405322,28.878553815759965
666.6208886130382,135.72635733538903,15.401895368405322,28.878553815759965
666.450345972394,135.21472941345627,15.401895368405322,28.878553815759965
666.450345972394,135.04418677281203,15.401895368405322,28.878553815759965
666.2798033317497,134.7031014915235,15.401895368405322,28.878553815759965
666.7914312536824,134.19147356959076,15.401895368405322,28.878553815759965
666.6208886130381,134.362016210235,15.401895368405322,28.878553815759965
666.8238176515667,135.93630664198588,14.996037291348115,28.1175699212777
667.18744791227,135.9746748958935,14.600874052476245,27.376638848392943
667.3491209763354,137.5914055365466,14.600874052476247,27.376638848392943
667.0564768952718,141.34724321529137,14.216123830211489,26.655232181646525
666.8990641067975,143.23619667698284,14.216123830211489,26.655232181646525
666.7416513183232,145.9122140810458,14.216123830211489,26.655232181646525
667.5287152606946,148.90305706205731,14.216123830211489,26.655232181646525
667.5287152606946,152.3661384084917,14.216123830211489,26.655232181646525
668.0308466380959,157.75454601551786,13.841512229306023,25.952835429948777
668.0308466380959,161.4329006433846,13.841512229306023,25.952835429948777
668.184111414257,165.57104959973472,13.841512229306023,25.952835429948777
667.1112579811293,171.08858154153486,13.841512229306023,25.952835429948777
667.1112579811293,175.99305437869054,13.841512229306023,25.952835429948777
667.4177875334515,182.12364542513515,13.841512229306023,25.952835429948777
667.9066871578518,188.13638602824278,13.476772085149882,25.26894765965601
666.8621046758582,193.2100723693548,13.476772085149884,25.268947659656014
667.7574610889956,199.02988905474803,13.476772085149884,25.268947659656018
668.2051392955643,206.49119249755984,13.476772085149884,25.26894765965602
667.3097828824269,212.75868738952175,13.476772085149884,25.26894765965602
668.0559132267081,220.21999083233356,13.476772085149884,25.26894765965602
667.9066871578518,226.78593786200796,13.476772085149884,25.26894765965602
667.4873472883843,235.62475704798354,13.121643273235126,24.60308113731585
668.3867015944014,241.90596236173178,12.775872523640867,23.954760981826617
668.245236470493,247.42310219416035,12.775872523640869,23.954760981826617
668.5281667183098,254.77928863739842,12.775872523640869,23.954760981826617
668.6696318422182,261.00375408936907,12.775872523640869,23.954760981826617
668.5281667183098,268.642870780424,12.775872523640869,23.954760981826617
668.6696318422182,275.9990572236621,12.775872523640869,23.954760981826617
668.1037713465845,283.9211041625339,12.775872523640869,23.954760981826617
669.4038219794688,292.30023430334603,12.439213240406836,23.323524825762807
667.7509737634699,299.1871018700083,12.439213240406836,23.32352482576281
668.3019231688029,305.79849473400407,12.439213240406836,23.32352482576281
668.3019231688029,313.2363117059993,12.439213240406836,23.32352482576281
667.6393930181735,320.2927430913972,12.111425325666653,22.708922485624967
668.7122554978092,327.26634920903007,12.111425325666655,22.70892248562497
668.0417164480368,333.8376318967995,12.111425325666657,22.70892248562497
668.1758242579913,339.6042677248421,12.111425325666657,22.70892248562497
667.9076086380824,347.11430508229284,12.111425325666657,22.70892248562497
668.8463633077637,352.0762940506085,12.111425325666657,22.70892248562497
668.3099320679457,355.42898929947046,12.111425325666657,22.70892248562497
667.6393930181733,358.7816845483324,12.111425325666657,22.70892248562497
667.7735008281278,361.0615173175585,12.111425325666657,22.70892248562497
668.0417164480367,363.2072422768302,12.111425325666657,22.70892248562497
667.1029617783554,364.68242818632945,12.111425325666657,22.70892248562497
666.7858850915209,364.47346935213363,12.477363079426935,23.395055773925492
667.2003644260983,365.44058779948097,12.477363079426937,23.395055773925492
667.4766839824831,365.02610846490353,12.477363079426937,23.395055773925492
666.9240448697133,364.3353095739412,12.477363079426937,23.395055773925492
667.0622046479059,363.92083023936374,12.477363079426937,23.395055773925492
667.7792403646336,362.9856358680525,12.14856987151118,22.77856850908345
667.5357476084118,363.95835244467804,11.828440751743166,22.178326409518423
668.0596450826524,363.3034806018773,11.828440751743166,22.178326409518423
667.7976963455321,363.041531864757,11.828440751743166,22.178326409518423
667.6915942786839,362.1549750544757,11.516747411199155,21.5939013959984
667.6451323181058,361.82875317887914,11.864717411835453,22.246345147191462
666.6190724685608,361.8591097645127,11.552068138586087,21.6601277598489
667.8982138717015,361.6032814838846,11.552068138586087,21.660127759848905
666.4911583282468,362.2428521854549,11.552068138586087,21.660127759848905
667.002814889503,361.2195390629424,11.552068138586087,21.660127759848905
665.7236734863624,360.83579664200016,11.552068138586087,21.660127759848905
665.3399310654202,360.1962259404298,11.552068138586087,21.660127759848905
663.3746145058848,359.9969177148593,11.901105328863043,22.314572491618197
662.3203827346272,359.73335977204493,11.901105328863045,22.314572491618197
661.7932668489984,359.46980182923056,11.901105328863046,22.314572491618197
660.2119191921121,358.94268594360176,11.901105328863046,22.314572491618197
660.3436981635193,359.3380228578233,11.901105328863046,22.314572491618197
660.3436981635193,359.4698018292305,11.901105328863046,22.314572491618197
660.3436981635193,358.67912800078733,11.901105328863046,22.314572491618197
660.2119191921121,358.54734902938014,11.901105328863046,22.314572491618197
659.7685697039508,358.07846091044763,12.2606884195567,22.988790786668797
659.1760641635717,357.5954056839788,12.631136047244176,23.683380088582815
658.8453814684201,357.5173427438173,13.012776475870986,24.39895589225808
659.0168324590725,358.1269899956871,12.669874494566391,23.756014677311963
659.2974153095919,357.7061157199079,12.669874494566391,23.756014677311963
659.7449312152945,358.29969804889595,12.336008384199918,23.13001572037483
660.0181203773462,358.8460763729993,12.336008384199918,23.13001572037483
659.335147472217,358.5728872109476,12.336008384199918,23.13001572037483
659.7449312152945,358.29969804889595,12.336008384199918,23.13001572037483
660.0181203773462,359.2558601160768,12.336008384199918,23.13001572037483
659.4717420532429,359.2558601160768,12.336008384199918,23.13001572037483
659.9074653879278,359.4240171087381,12.010940038933569,22.520512573000424
660.0404605409179,359.4240171087381,12.010940038933569,22.520512573000428
658.8435041640065,359.6900074147184,12.010940038933569,22.520512573000428
659.5084799289573,360.0889928736889,12.010940038933569,22.520512573000428
659.1094944699868,359.6900074147184,12.010940038933569,22.520512573000428
657.7795429400852,360.88696379162985,12.010940038933569,22.520512573000428
657.6465477870951,360.3549831796692,12.010940038933569,22.520512573000428
656.0506059512131,361.01995894462,12.010940038933569,22.520512573000428
654.0556786563608,360.75396863863966,12.010940038933569,22.520512573000428
652.7257271264592,360.8869637916298,12.010940038933569,22.520512573000428
652.5927319734691,361.41894440359044,12.010940038933569,22.520512573000428
651.9277562085183,362.34991047452155,12.010940038933569,22.520512573000428
651.9277562085183,362.4829056275117,12.010940038933569,22.520512573000428
651.7947610555282,362.748895933492,12.010940038933569,22.520512573000428
651.3957755965577,362.6159007805019,12.010940038933569,22.520512573000428
651.1297852905774,363.9458523104035,12.010940038933569,22.520512573000428
650.7307998316069,363.67986200442317,12.010940038933569,22.520512573000428
651.1297852905774,364.74382322834447,12.010940038933569,22.520512573000428
650.7307998316069,364.47783292236414,12.010940038933569,22.520512573000428
651.1297852905774,365.54179414628544,12.010940038933569,22.520512573000428
650.5978046786167,366.2067699112362,12.010940038933569,22.520512573000428
650.5493489990165,366.26553505909976,12.37384170411432,23.200953195214332
650.9603895083806,367.4986565871919,12.37384170411432,23.200953195214332
649.951375254429,367.0111432680265,12.747708174561273,23.90195282730237
650.3748350486135,367.85806285639546,12.747708174561275,23.901952827302374
650.0925285191571,368.1403693858518,12.747708174561275,23.901952827302374
650.5159883133416,368.98728897422075,12.747708174561275,23.901952827302374
649.8102219897008,369.41074876840526,12.747708174561275,23.901952827302374
650.0925285191572,370.3988216215024,12.747708174561275,23.901952827302374
650.2336817838853,371.10458794514324,12.747708174561275,23.901952827302374
649.5547207552539,371.8429700388358,12.411791055086027,23.272108228286285
649.8295881752731,372.53013858888363,12.411791055086027,23.272108228286285
649.1424196252253,372.94243971891234,12.411791055086027,23.272108228286285
649.2798533352349,373.9044756889793,12.411791055086027,23.272108228286285
648.9549130842233,373.9652020546292,12.786804137090071,23.97525775704387
649.379671587793,375.2394775653382,12.786804137090071,23.97525775704387
648.9549130842233,375.94740840462094,12.786804137090071,23.97525775704387
649.2380854199364,376.5137530760472,12.786804137090071,23.97525775704387
648.3885684127971,377.22168391532995,12.786804137090071,23.97525775704387
648.3885684127971,378.49595942603895,12.786804137090071,23.97525775704387
647.2558790699446,379.48706260103484,12.786804137090071,23.97525775704387
646.1231897270922,380.4781657760307,12.786804137090071,23.97525775704387
644.4241557128134,381.6108551188832,12.786804137090071,23.97525775704387
642.4419493628217,381.46926895102666,12.786804137090071,23.97525775704387
641.0260876842561,383.0267167974488,12.786804137090071,23.97525775704387
640.1765706771168,383.45147530101843,12.786804137090071,23.97525775704387
638.6191228306947,384.867336979584,12.786804137090071,23.97525775704387
638.4775366628381,385.00892314744056,12.786804137090071,23.97525775704387
638.0527781592684,386.141612490293,12.786804137090071,23.97525775704387
638.194364327125,387.41588800100203,12.786804137090071,23.97525775704387
637.4864334878422,388.69016351171103,12.786804137090071,23.97525775704387
637.3448473199857,388.5485773438545,12.786804137090071,23.97525775704387
637.2032611521291,389.5396805188504,12.786804137090071,23.97525775704387
636.7785026485594,390.38919752598974,12.786804137090071,23.97525775704387
637.0616749842725,392.5129900438381,12.786804137090071,23.97525775704387
636.8685030718889,392.0092065402624,13.173147961857186,24.699652428482214
636.8685030718889,393.7595756099974,13.173147961857186,24.699652428482217
636.7226389827443,394.78062423400945,13.173147961857186,24.69965242848222
636.5767748935998,395.8016728580215,13.173147961857186,24.69965242848222
635.9933185370215,396.82272148203356,13.173147961857186,24.69965242848222
635.2639980912986,398.1354982843348,13.173147961857186,24.69965242848222
635.1181340021541,399.30241099749145,13.173147961857186,24.69965242848222
634.9722699130095,399.44827508663604,13.173147961857186,24.69965242848222
634.6805417347204,400.7610518889373,13.173147961857186,24.69965242848222
634.8264058238649,402.36555686952767,13.173147961857186,24.69965242848222
634.8264058238649,403.2407414043951,13.173147961857186,24.69965242848222
634.8264058238649,404.2617900284072,13.173147961857186,24.69965242848222
634.6805417347204,405.5745668307084,13.173147961857186,24.69965242848222
634.5346776455758,407.0332077221542,13.173147961857186,24.69965242848222
634.2429494672866,408.4918486136,13.173147961857186,24.69965242848222
633.8053571998529,409.51289723761204,13.173147961857186,24.69965242848222
634.0970853781421,410.3880817724795,13.173147961857186,24.69965242848222
632.9301726649854,411.8467226639253,13.173147961857186,24.69965242848222
632.5853001170719,413.2239508734683,13.571164879395209,25.445934148866016
632.8858426463893,414.7266635200549,13.571164879395209,25.445934148866016
632.8858426463893,415.17747731403085,13.571164879395209,25.445934148866016
632.7355713817307,416.9807324899347,13.571164879395209,25.445934148866016
632.2847575877547,418.63371640118,13.571164879395209,25.445934148866016
631.8339437937788,419.53534398913195,13.571164879395209,25.445934148866016
632.1344863230961,420.5872428417425,13.571164879395209,25.445934148866016
631.9294649710116,421.7055404531708,13.981207583564125,26.214764219182733
631.3102185721333,423.5632796498058,13.981207583564125,26.214764219182733
631.3102185721333,424.3373376484037,13.981207583564125,26.214764219182733
631.0990026516114,426.10867019349934,14.403639424607903,27.00682392113982
630.7800244163224,427.0656048993665,14.403639424607904,27.00682392113982
630.1420679457442,428.3415178405227,14.403639424607904,27.00682392113982
630.1420679457442,429.77691989932345,14.403639424607904,27.00682392113982
629.9825788280997,431.69078931105776,14.403639424607904,27.00682392113982
629.8230897104552,433.28568048750304,14.403639424607904,27.00682392113982
629.5041114751662,434.40210431101474,14.403639424607904,27.00682392113982
629.3446223575216,436.15648460510454,14.403639424607904,27.00682392113982
629.0256441222326,437.27290842861623,14.403639424607904,27.00682392113982
630.6205352986779,438.8677996050615,14.403639424607904,27.00682392113982
631.7369591221895,440.6221798991513,14.403639424607904,27.00682392113982
635.0862305927246,442.53604931088563,14.403639424607904,27.00682392113982
639.0734585338378,443.81196225204184,14.403639424607904,27.00682392113982
643.5391538278845,445.72583166377615,14.403639424607904,27.00682392113982
647.0479144160641,447.00174460493236,14.403639424607904,27.00682392113982
651.0351423571773,447.63970107551046,14.403639424607904,27.00682392113982
653.1085008865562,449.87254872253385,14.403639424607904,27.00682392113982
654.8628811806459,451.9459072519127,14.403639424607904,27.00682392113982
655.1237508803188,453.4517810637832,14.838834731129259,27.82281512086736
655.7809827335676,454.43762884365646,14.83883473112926,27.822815120867364
655.7809827335676,456.08070847677857,14.83883473112926,27.822815120867364
655.3925025649237,457.63208115152815,15.287179141792631,28.66346089086118
655.7310473785952,459.3248052198861,15.287179141792633,28.663460890861185
656.4081370059384,460.34043966090087,15.287179141792633,28.663460890861185
655.8386467896386,461.43086869249487,15.749069947049332,29.5295061507175
656.0130336369854,463.1747371659624,15.749069947049334,29.529506150717502
655.6007235425694,465.17004694056226,16.22491644118767,30.421718327226884
655.4210677256764,466.966605109493,16.22491644118767,30.421718327226884
655.2414119087833,468.4038516446376,16.22491644118767,30.421718327226884
655.7803793594626,469.1224749122099,16.22491644118767,30.421718327226884
655.3556116206533,471.1780714951201,16.71514028501999,31.340888034412483
655.9108635740189,473.2139953241272,16.71514028501999,31.340888034412483
655.7257795895637,474.87975118422395,16.71514028501999,31.340888034412483
655.3556116206532,475.9902550909551,16.71514028501999,31.340888034412483
655.9108635740188,477.841094935507,16.71514028501999,31.340888034412483
655.1030938233991,479.0333799257524,17.22017587952806,32.28782977411511
655.6751223036492,480.7494653665026,17.220175879528064,32.28782977411511
655.4844461435658,482.6562269673362,17.220175879528064,32.28782977411511
654.2709179075142,483.5031836461043,17.740470750797854,33.26338265774597
654.6637925058341,485.0746820393836,17.740470750797854,33.26338265774597
655.2904082500579,486.4951331837531,17.2729884589899,32.386853360606054
655.4816691951008,488.59900357922555,17.2729884589899,32.386853360606054
655.2904082500579,490.32035208461207,17.2729884589899,32.386853360606054
655.6729301401438,490.702873974698,17.2729884589899,32.386853360606054
655.4816691951008,492.23296153504157,17.2729884589899,32.386853360606054
655.2904082500579,493.38052720529924,17.2729884589899,32.386853360606054
655.4816691951008,495.10187571068576,17.2729884589899,32.386853360606054
655.099147305015,495.10187571068576,17.2729884589899,32.386853360606054
656.8568166568626,497.8237229102711,16.817824875981948,31.533421642466145
656.2303056022407,497.161122416222,17.325963009419336,32.486180642661246
656.422153125721,498.8877501275445,17.325963009419336,32.486180642661246
655.8466105552802,499.6551402214656,17.325963009419336,32.486180642661246
655.6547630317999,501.57361545626844,17.325963009419336,32.486180642661246
655.4629155083196,502.72470059715016,17.325963009419336,32.486180642661246
655.6547630317999,503.6839382145516,17.325963009419336,32.486180642661246
655.3930174562414,503.9605553543005,17.849454160536315,33.46772655100558
655.3930174562414,505.14641968091087,17.849454160536318,33.46772655100558
655.5906615106765,505.93699589865116,17.849454160536318,33.46772655100558
655.5906615106765,507.3205042796967,17.849454160536318,33.46772655100558
655.7883055651115,507.7157923885668,17.849454160536318,33.46772655100558
655.9859496195465,509.6922329329175,17.849454160536318,33.46772655100558
656.1835936739816,510.2851650962227,17.849454160536318,33.46772655100558
655.7883055651115,511.4710294228331,17.849454160536318,33.46772655100558
656.1835936739816,513.0521818583137,17.849454160536318,33.46772655100558
655.9859496195465,514.8309783482293,17.849454160536318,33.46772655100558
656.3812377284166,515.2262664570994,17.849454160536318,33.46772655100558
655.5186515406792,516.4994616512046,18.388762209400845,34.47892914262657
655.9258829872457,516.906693097771,18.388762209400845,34.47892914262657
655.9258829872457,518.7392346073201,18.388762209400845,34.47892914262657
655.9258829872457,519.7573132237362,18.388762209400845,34.47892914262657
655.6480815660092,520.4581298986172,18.944365051873856,35.52068447226347
655.6480815660092,522.13627247211,18.944365051873856,35.52068447226347
655.8578493876958,522.9753437588564,18.944365051873856,35.52068447226347
655.361886580403,523.2777994475913,19.516755023086088,36.5939156682864
655.1457807792124,525.2227516583073,19.51675502308609,36.5939156682864
655.361886580403,526.5193864654512,19.51675502308609,36.5939156682864
655.361886580403,528.6804444773579,19.51675502308609,36.5939156682864
655.1457807792124,529.7609734833113,19.51675502308609,36.5939156682864
655.5779923815937,529.7609734833113,19.51675502308609,36.5939156682864
655.361886580403,531.4898198928366,19.51675502308609,36.5939156682864
655.1457807792124,533.6508779047433,19.51675502308609,36.5939156682864
655.7940981827844,535.3797243142686,19.51675502308609,36.5939156682864
655.361886580403,536.0280417178407,19.51675502308609,36.5939156682864
655.1457807792124,536.8924649226034,19.51675502308609,36.5939156682864
655.7940981827844,538.405205530938,19.51675502308609,36.5939156682864
655.5779923815937,540.1340519404633,19.51675502308609,36.5939156682864
655.1457807792124,540.998475145226,19.51675502308609,36.5939156682864
655.5779923815937,542.29510995237,19.51675502308609,36.5939156682864
655.5779923815937,544.240062163086,19.51675502308609,36.5939156682864
655.1457807792124,545.1044853678487,19.51675502308609,36.5939156682864
656.0102039839751,546.1850143738021,19.51675502308609,36.5939156682864
655.5779923815937,547.4816491809461,19.51675502308609,36.5939156682864
654.9296749780217,548.5621781868995,19.51675502308609,36.5939156682864
656.051242919669,550.5570651768928,19.002465549316835,35.62962290496905
654.9225255667445,550.4396261495916,19.57661098406494,36.70614559512174
654.9225255667445,551.3067004549882,19.57661098406494,36.70614559512174
654.7057569903953,551.7402376076865,19.57661098406494,36.70614559512174
655.3560627194428,553.0408490657813,19.57661098406494,36.70614559512174
655.3560627194428,554.3414605238762,19.57661098406494,36.70614559512174
655.1392941430936,553.907923371178,19.57661098406494,36.70614559512174
654.9225255667444,555.6420719819711,19.57661098406494,36.70614559512174
654.4100105832995,555.0875474686667,20.168103798256332,37.815194621730605
654.8566467402491,555.757501704091,20.168103798256332,37.815194621730605
654.6333286617743,555.757501704091,20.168103798256332,37.815194621730605
654.1866925048247,556.4274559395154,20.168103798256332,37.815194621730605
654.4100105832995,557.990682488839,20.168103798256332,37.815194621730605
654.6333286617743,557.5440463318894,20.168103798256332,37.815194621730605
654.1866925048247,559.1072728812129,20.168103798256332,37.815194621730605
654.1866925048247,558.8839548027381,20.168103798256332,37.815194621730605
654.4100105832995,559.1072728812129,20.168103798256332,37.815194621730605
654.4100105832995,560.0005451951121,20.168103798256332,37.815194621730605
654.4100105832995,559.7772271166373,20.168103798256332,37.815194621730605
654.6333286617743,560.2238632735869,20.168103798256332,37.815194621730605
653.9633744263499,561.7870898229104,20.168103798256332,37.815194621730605
653.6586922604162,560.769174604835,20.777468130123836,38.95775274398218
653.8887577293767,561.6894364806772,20.777468130123836,38.95775274398218
653.8887577293767,561.6894364806772,20.777468130123836,38.95775274398218
654.1188231983373,562.6096983565193,20.777468130123836,38.95775274398218
653.1985613224952,562.3796328875587,20.777468130123836,38.95775274398218
652.9684958535346,562.3796328875587,20.777468130123836,38.95775274398218
653.6586922604162,562.1495674185982,20.777468130123836,38.95775274398218
653.4286267914556,562.6096983565192,20.777468130123836,38.95775274398218
653.198561322495,563.0698292944402,20.777468130123836,38.95775274398218
652.9684958535345,562.8397638254796,20.777468130123836,38.95775274398218
654.118823198337,564.6802875771638,20.777468130123836,38.95775274398218
652.7384303845739,563.9900911702822,20.777468130123836,38.95775274398218
653.4286267914555,564.2201566392428,20.777468130123836,38.95775274398218
652.7384303845739,563.9900911702822,20.777468130123836,38.95775274398218
652.9684958535345,565.6005494530059,20.777468130123836,38.95775274398218
652.8846734103824,564.5518786798737,21.40524395434911,40.13483241440457
652.1736232298123,564.0778452261602,21.405243954349114,40.13483241440457
651.6995897760988,564.3148619530169,21.405243954349114,40.13483241440457
652.410639956669,565.0259121335871,21.405243954349114,40.13483241440457
651.9366065029556,564.7888954067304,21.405243954349114,40.13483241440457
651.6995897760988,564.3148619530169,21.405243954349114,40.13483241440457
652.410639956669,565.2629288604438,21.405243954349114,40.13483241440457
651.9366065029556,565.0259121335871,21.405243954349114,40.13483241440457
651.2255563223854,564.5518786798737,21.405243954349114,40.13483241440457
651.4625730492421,564.3148619530169,21.405243954349114,40.13483241440457
651.6995897760988,565.973979041014,21.405243954349114,40.13483241440457
651.9366065029556,565.4999455873005,21.405243954349114,40.13483241440457
650.9885395955287,565.0259121335871,21.405243954349114,40.13483241440457
650.7515228686719,565.2629288604438,21.405243954349114,40.13483241440457
651.2255563223854,565.4999455873005,21.405243954349114,40.13483241440457
650.9885395955287,564.7888954067304,21.405243954349114,40.13483241440457
650.6651677924286,563.945556549061,22.051987560549247,41.34747667602982
650.4209897805623,563.2130225134621,22.05198756054925,41.34747667602983
650.909345804295,562.4804884778631,22.051987560549254,41.34747667602983
650.7115376986118,562.292731788607,21.470891724450176,40.25792198334406
650.9492813323717,562.7682190561269,21.470891724450176,40.25792198334406
650.2360504310919,561.8172445210872,21.470891724450176,40.25792198334406
650.7115376986118,561.1040136198075,21.470891724450176,40.25792198334406
651.1870249661316,560.3907827185277,21.470891724450176,40.25792198334406
650.7115376986118,559.2020645497282,21.470891724450176,40.25792198334406
651.1870249661316,558.7265772822084,21.470891724450176,40.25792198334406
650.9492813323717,557.7756027471687,21.470891724450176,40.25792198334406
650.4737940648519,556.5868845783692,21.470891724450176,40.25792198334406
650.7115376986118,554.9226791420499,21.470891724450176,40.25792198334406
651.1870249661316,553.9717046070102,21.470891724450176,40.25792198334406
650.7115376986118,552.5452428044508,21.470891724450176,40.25792198334406
651.1870249661316,550.8810373681315,21.470891724450176,40.25792198334406
650.9492813323717,549.692319199332,21.470891724450176,40.25792198334406
650.7115376986118,548.2658573967726,21.470891724450176,40.25792198334406
651.1870249661316,547.5526264954929,21.470891724450176,40.25792198334406
651.1870249661316,544.6997028903739,21.470891724450176,40.25792198334406
651.4247685998915,543.7487283553343,21.470891724450176,40.25792198334406
651.1870249661316,542.5600101865348,21.470891724450176,40.25792198334406
651.4247685998915,541.1335483839754,21.470891724450176,40.25792198334406
651.4247685998915,540.1825738489357,21.470891724450176,40.25792198334406
651.4247685998915,538.9938556801362,21.470891724450176,40.25792198334406
651.6625122336515,538.2806247788565,21.470891724450176,40.25792198334406
651.6625122336515,537.8051375113366,21.470891724450176,40.25792198334406
652.1379995011713,536.854162976297,21.470891724450176,40.25792198334406
651.6625122336515,536.1409320750172,21.470891724450176,40.25792198334406
652.1379995011713,536.1409320750172,21.470891724450176,40.25792198334406
651.9002558674114,536.616419342537,21.470891724450176,40.25792198334406
651.6625122336515,535.6654448074974,21.470891724450176,40.25792198334406
652.3757431349312,535.6654448074974,21.470891724450176,40.25792198334406
652.3757431349312,535.9031884412573,21.470891724450176,40.25792198334406
652.3757431349312,536.1409320750172,21.470891724450176,40.25792198334406
652.6134867686911,536.616419342537,21.470891724450176,40.25792198334406
652.3757431349312,536.1409320750172,21.470891724450176,40.25792198334406
652.1379995011713,536.616419342537,21.470891724450176,40.25792198334406
651.9002558674114,536.1409320750172,21.470891724450176,40.25792198334406
651.9002558674114,536.616419342537,21.470891724450176,40.25792198334406
651.6625122336515,536.3786757087771,21.470891724450176,40.25792198334406
652.1379995011713,535.9031884412573,21.470891724450176,40.25792198334406
652.3757431349312,536.616419342537,21.470891724450176,40.25792198334406
652.3757431349312,536.1409320750172,21.470891724450176,40.25792198334406
652.3757431349312,536.854162976297,21.470891724450176,40.25792198334406
652.3757431349312,536.3786757087771,21.470891724450176,40.25792198334406
652.6134867686911,535.9031884412573,21.470891724450176,40.25792198334406
652.851230402451,536.3786757087771,21.470891724450176,40.25792198334406
652.1379995011713,535.9031884412573,21.470891724450176,40.25792198334406
652.1379995011713,536.3786757087771,21.470891724450176,40.25792198334406
652.1379995011713,535.9031884412573,21.470891724450176,40.25792198334406
652.3757431349312,536.1409320750172,21.470891724450176,40.25792198334406
652.3757431349312,536.3786757087771,21.470891724450176,40.25792198334406
651.9002558674114,535.9031884412573,21.470891724450176,40.25792198334406
651.9002558674114,536.1409320750172,21.470891724450176,40.25792198334406
651.9002558674114,536.854162976297,21.470891724450176,40.25792198334406
651.9002558674114,536.3786757087771,21.470891724450176,40.25792198334406
651.9002558674114,535.9031884412573,21.470891724450176,40.25792198334406
651.4247685998915,536.1409320750172,21.470891724450176,40.25792198334406
651.9002558674114,536.1409320750172,21.470891724450176,40.25792198334406
651.6625122336515,535.4277011737374,21.470891724450176,40.25792198334406
651.9002558674114,534.001239371178,21.470891724450176,40.25792198334406
651.4247685998915,533.0502648361384,21.470891724450176,40.25792198334406
651.4247685998915,531.1483157660591,21.470891724450176,40.25792198334406
651.9002558674114,528.5331357947001,21.470891724450176,40.25792198334406
651.6625122336515,524.7292376545416,21.470891724450176,40.25792198334406
652.1379995011713,521.6385704156629,21.470891724450176,40.25792198334406
651.9002558674114,517.8346722755044,21.470891724450176,40.25792198334406
651.6625122336515,514.2685177691059,21.470891724450176,40.25792198334406
652.1379995011713,510.70236326270725,21.470891724450176,40.25792198334406
651.9002558674114,505.9474905875091,21.470891724450176,40.25792198334406
651.9002558674114,501.43036154607086,21.470891724450176,40.25792198334406
652.1379995011713,496.4377452371128,21.470891724450176,40.25792198334406
652.3757431349312,491.44512892815476,21.470891724450176,40.25792198334406
652.3757431349312,486.45251261919674,21.470891724450176,40.25792198334406
652.3757431349312,481.4598963102387,21.470891724450176,40.25792198334406
652.3757431349312,476.4672800012807,21.470891724450176,40.25792198334406
652.6134867686911,471.4746636923227,21.470891724450176,40.25792198334406
652.6134867686911,466.0065601158448,21.470891724450176,40.25792198334406
652.6134867686911,461.2516874406467,21.470891724450176,40.25792198334406
652.6134867686911,455.78358386416886,21.470891724450176,40.25792198334406
652.3757431349312,449.6022493864113,21.470891724450176,40.25792198334406
652.3757431349312,443.8964021761736,21.470891724450176,40.25792198334406
652.6134867686911,438.66604223345564,21.470891724450176,40.25792198334406
652.851230402451,432.9601950232179,21.470891724450176,40.25792198334406
652.1379995011713,427.49209144674006,21.470891724450176,40.25792198334406
652.1379995011713,421.3107569689825,21.470891724450176,40.25792198334406
652.3757431349312,416.5558842937844,21.470891724450176,40.25792198334406
652.6134867686911,410.37454981602684,21.470891724450176,40.25792198334406
652.851230402451,405.61967714082874,21.470891724450176,40.25792198334406
652.3757431349312,400.86480446563064,21.470891724450176,40.25792198334406
652.6134867686911,396.5854190579523,21.470891724450176,40.25792198334406
652.6134867686911,391.8305463827542,21.470891724450176,40.25792198334406
652.851230402451,387.5511609750759,21.470891724450176,40.25792198334406
652.6134867686911,383.7472628349174,21.470891724450176,40.25792198334406
652.851230402451,380.18110832851886,21.470891724450176,40.25792198334406
652.6134867686911,378.0414156246797,21.470891724450176,40.25792198334406
653.088974036211,375.90172292084054,21.470891724450176,40.25792198334406
652.6134867686911,374.4752611182811,21.470891724450176,40.25792198334406
652.851230402451,371.86008114692214,21.470891724450176,40.25792198334406
652.6134867686911,370.9091066118825,21.470891724450176,40.25792198334406
652.851230402451,369.720388443083,21.470891724450176,40.25792198334406
652.3757431349312,368.2939266405235,21.470891724450176,40.25792198334406
652.3757431349312,367.8184393730037,21.470891724450176,40.25792198334406
652.3757431349312,366.62972120420415,21.470891724450176,40.25792198334406
652.6134867686911,365.2032594016447,21.470891724450176,40.25792198334406
652.6134867686911,364.25228486660507,21.470891724450176,40.25792198334406
652.3757431349312,363.53905396532537,21.470891724450176,40.25792198334406
652.3757431349312,361.87484852900604,21.470891724450176,40.25792198334406
651.9002558674114,361.16161762772634,21.470891724450176,40.25792198334406
651.6625122336515,360.44838672644664,21.470891724450176,40.25792198334406
651.9002558674114,358.7841812901273,21.470891724450176,40.25792198334406
651.4247685998915,358.0709503888476,21.470891724450176,40.25792198334406
651.6625122336515,357.3577194875679,21.470891724450176,40.25792198334406
652.1379995011713,356.6444885862882,21.470891724450176,40.25792198334406
651.6625122336515,355.21802678372876,21.470891724450176,40.25792198334406
651.6625122336515,354.50479588244906,21.470891724450176,40.25792198334406
651.9002558674114,352.84059044612974,21.470891724450176,40.25792198334406
651.4247685998915,352.12735954485004,21.470891724450176,40.25792198334406
651.4247685998915,351.41412864357034,21.470891724450176,40.25792198334406
651.4247685998915,349.5121795734911,21.470891724450176,40.25792198334406
651.1870249661316,348.5612050384515,21.470891724450176,40.25792198334406
650.9492813323717,347.37248686965194,21.470891724450176,40.25792198334406
650.7115376986118,346.1837687008524,21.470891724450176,40.25792198334406
650.7115376986118,345.4705377995727,21.470891724450176,40.25792198334406
650.7115376986118,343.8063323632534,21.470891724450176,40.25792198334406
650.9492813323717,342.85535782821376,21.470891724450176,40.25792198334406
650.4737940648519,341.90438329317413,21.470891724450176,40.25792198334406
650.7115376986118,340.2401778568548,21.470891724450176,40.25792198334406
650.7115376986118,339.5269469555751,21.470891724450176,40.25792198334406
650.2360504310919,337.38725425173595,21.470891724450176,40.25792198334406
649.998306797332,336.1985360829364,21.470891724450176,40.25792198334406
649.7605631635721,335.9607924491765,21.470891724450176,40.25792198334406
650.2360504310919,335.0098179141369,21.470891724450176,40.25792198334406
650.2360504310919,334.05884337909725,21.470891724450176,40.25792198334406
649.998306797332,333.10786884405763,21.470891724450176,40.25792198334406
649.7605631635721,332.156894309018,21.470891724450176,40.25792198334406
650.2360504310919,331.4436634077383,21.470891724450176,40.25792198334406
649.998306797332,330.01720160517885,21.470891724450176,40.25792198334406
649.7605631635721,329.541714337659,21.470891724450176,40.25792198334406
650.2360504310919,328.5907398026194,21.470891724450176,40.25792198334406
649.998306797332,327.8775089013397,21.470891724450176,40.25792198334406
650.2811984356516,327.93244345566904,20.90510844781108,39.197078339645756
650.0497196265592,327.4694858374842,20.905108447811084,39.197078339645756
650.0497196265592,327.23800702839185,20.905108447811084,39.197078339645756
650.0497196265592,326.77504941020703,20.905108447811084,39.197078339645756
650.2811984356516,326.77504941020703,20.905108447811084,39.197078339645756
650.512677244744,326.77504941020703,20.905108447811084,39.197078339645756
650.7441560538365,326.3120917920222,20.905108447811084,39.197078339645756
650.9756348629289,325.38617655565264,20.905108447811084,39.197078339645756
650.9756348629289,325.15469774656026,20.905108447811084,39.197078339645756
651.4385924811137,324.9232189374679,20.905108447811084,39.197078339645756
651.2071136720213,324.46026131928306,20.905108447811084,39.197078339645756
651.2071136720213,324.46026131928306,20.905108447811084,39.197078339645756
650.9756348629288,324.2287825101907,20.905108447811084,39.197078339645756
651.9015500992984,323.5343460829135,20.905108447811084,39.197078339645756
651.9015500992984,323.9973037010983,20.905108447811084,39.197078339645756
651.9015500992984,323.7658248920059,20.905108447811084,39.197078339645756
652.1330289083909,324.22878251019074,20.905108447811084,39.197078339645756
651.9015500992984,323.53434608291354,20.905108447811084,39.197078339645756
652.3645077174832,324.22878251019074,20.905108447811084,39.197078339645756
652.3645077174832,323.7658248920059,20.905108447811084,39.197078339645756
652.3645077174832,324.9232189374679,20.905108447811084,39.197078339645756
652.3645077174832,324.2287825101907,20.905108447811084,39.197078339645756
652.3645077174832,324.2287825101907,20.905108447811084,39.197078339645756
652.5959865265756,324.6917401283755,20.905108447811084,39.197078339645756
653.3343812553353,326.36557875616535,20.354234226661283,38.164189174989886
653.3343812553353,326.1401996862343,20.354234226661283,38.164189174989886
653.5597603252663,325.9148206163033,20.354234226661283,38.164189174989886
653.7851393951973,327.4924741058206,20.354234226661283,38.164189174989886
653.7851393951973,327.26709503588955,20.354234226661283,38.164189174989886
653.7851393951973,327.04171596595853,20.354234226661283,38.164189174989886
654.2358975350594,327.71785317575166,20.354234226661283,38.164189174989886
653.7851393951973,329.0701275953379,20.354234226661283,38.164189174989886
654.4612766049905,328.6193694554758,20.354234226661283,38.164189174989886
654.2358975350595,330.1970229449931,20.354234226661283,38.164189174989886
653.7851393951975,329.746264805131,20.354234226661283,38.164189174989886
654.0105184651285,331.77467643451035,20.354234226661283,38.164189174989886
653.5597603252664,332.0000555044414,20.354234226661283,38.164189174989886
654.2358975350596,332.0000555044414,20.354234226661283,38.164189174989886
654.0105184651286,333.57770899395865,20.354234226661283,38.164189174989886
653.5597603252666,334.4792252736828,20.354234226661283,38.164189174989886
653.7851393951976,335.1553624834759,20.354234226661283,38.164189174989886
654.0105184651286,335.60612062333803,20.354234226661283,38.164189174989886
653.3343812553354,337.4091531827864,20.354234226661283,38.164189174989886
653.5597603252664,337.4091531827864,20.354234226661283,38.164189174989886
653.5597603252664,339.43756481216576,20.354234226661283,38.164189174989886
653.3343812553354,340.1137020219589,20.354234226661283,38.164189174989886
652.6582440455422,341.01521830168303,20.354234226661283,38.164189174989886
652.4328649756112,341.69135551147616,20.354234226661283,38.164189174989886
652.9264230639554,344.2226028003804,19.817876189834802,37.15851785594024
652.706982997877,345.31980313077236,19.817876189834802,37.15851785594024
652.706982997877,346.4170034611643,19.817876189834802,37.15851785594024
652.706982997877,348.3919640558698,19.817876189834802,37.15851785594024
652.706982997877,349.48916438626173,19.817876189834802,37.15851785594024
652.706982997877,349.26972432018334,19.817876189834802,37.15851785594024
653.1458631300338,352.1224451792024,19.817876189834802,37.15851785594024
652.706982997877,354.09740577390784,19.817876189834802,37.15851785594024
652.4875429317987,354.9751660382214,19.817876189834802,37.15851785594024
652.4875429317987,356.5112465007701,19.817876189834802,37.15851785594024
652.2681028657203,358.04732696331877,19.817876189834802,37.15851785594024
651.3103914355613,359.6803690642456,20.416658653682283,38.281234975654264
651.76253200614,360.8107204906921,20.416658653682283,38.281234975654264
652.2146725767186,362.6192827730065,20.416658653682283,38.281234975654264
651.5364617208508,364.2017747700316,20.416658653682283,38.281234975654264
652.2146725767186,365.3321261964781,20.416658653682283,38.281234975654264
651.5364617208508,367.59282904937106,20.416658653682283,38.281234975654264
651.0019543191147,369.049142023637,21.03353288657589,39.43787416232978
651.0019543191147,371.37815034031,21.03353288657589,39.43787416232978
650.6841980034379,370.782357248416,21.669045517929447,40.629460346117696
650.4442602454884,372.9417970699617,21.669045517929447,40.629460346117696
649.7244469716398,374.86129913355774,21.669045517929447,40.629460346117696
649.7244469716398,377.0207389551034,21.669045517929447,40.629460346117696
649.7244469716398,379.180178776649,21.669045517929447,40.629460346117696
649.7244469716398,381.0996808402451,21.669045517929447,40.629460346117696
649.7244469716398,383.01918290384117,21.669045517929447,40.629460346117696
649.2445714557408,384.9386849674373,21.669045517929447,40.629460346117696
649.0046336977913,387.3380625469324,21.669045517929447,40.629460346117696
649.2445714557408,389.4975023684781,21.669045517929447,40.629460346117696
648.7646959398418,391.89687994797316,21.669045517929447,40.629460346117696
649.2445714557408,393.09656873772076,21.669045517929447,40.629460346117696
648.197401094277,395.1220895358868,22.323759693160003,41.85704942467499
648.691775693781,397.59396253340697,22.323759693160003,41.85704942467499
648.691775693781,399.0770863319191,22.323759693160003,41.85704942467499
648.444588394029,401.54895932943924,22.323759693160003,41.85704942467499
648.197401094277,405.00958152596746,22.323759693160003,41.85704942467499
648.938962993533,407.4814545234876,22.323759693160003,41.85704942467499
647.7030264947729,411.93082591902396,22.323759693160003,41.85704942467499
647.7030264947729,415.1442608158002,22.323759693160003,41.85704942467499
646.9614645955169,420.58238141034457,22.323759693160003,41.85704942467499
647.3657785549995,424.6466002185579,22.99825557270666,43.12172919882497
646.7636850371939,430.36155167711206,23.69313084612687,44.42462033648786
645.9766346769018,435.34620395896206,23.69313084612687,44.42462033648786
645.7142845568044,440.85555648100683,23.69313084612687,44.42462033648786
645.9766346769018,447.1519593633436,23.69313084612687,44.42462033648786
646.2389847969991,453.4483622456805,23.69313084612687,44.42462033648786
645.7142845568044,460.0071152481147,23.69313084612687,44.42462033648786
644.9272341965122,465.77881789025685,23.69313084612687,44.42462033648786
644.9272341965122,471.550520532399,23.69313084612687,44.42462033648786
644.9272341965122,477.32222317454114,23.69313084612687,44.42462033648786
644.9272341965122,483.61862605687804,23.69313084612687,44.42462033648786
644.6648840764149,489.65267881911745,23.69313084612687,44.42462033648786
643.8778337161227,496.21143182155174,23.69313084612687,44.42462033648786
644.4025339563175,503.0325349440833,23.69313084612687,44.42462033648786
644.4025339563175,509.3289378264202,23.69313084612687,44.42462033648786
643.5198985083233,513.1177613534514,24.40900126172577,45.766877365735795
643.2496216734863,519.3341285547029,24.40900126172577,45.766877365735795
642.9793448386494,525.8207725907914,24.40900126172577,45.766877365735795
641.7997643789072,531.3457336259847,25.146501172187882,47.14968969785225
641.7997643789072,536.3577085151265,25.146501172187886,47.14968969785226
641.5213213295104,541.3696834042684,25.14650117218789,47.14968969785226
641.1414298672571,544.8340326534947,25.90628409669468,48.57428268130249
640.5677178670842,549.1368726547911,25.90628409669468,48.57428268130249
640.5677178670842,553.4397126560875,25.90628409669468,48.57428268130249
640.2808618669977,557.4556966572976,25.90628409669468,48.57428268130249
639.9940058669113,560.324256658162,25.90628409669468,48.57428268130249
639.889492265332,562.7458546559895,26.68902330002608,50.041918687548865
639.5939691234764,565.1100397908343,26.689023300026083,50.04191868754887
639.0029228397652,568.0652712093904,26.689023300026083,50.04191868754888
639.0029228397652,570.1339332023796,26.689023300026083,50.04191868754888
638.411876556054,572.7936414790801,26.689023300026083,50.04191868754888
637.8208302723428,575.1578266139248,26.689023300026083,50.04191868754888
637.5253071304872,577.8175348906253,26.689023300026083,50.04191868754888
637.2297839886317,578.7041043161921,26.689023300026083,50.04191868754888
636.6387377049205,581.0682894510369,26.689023300026083,50.04191868754888
636.6387377049205,584.023520869593,26.689023300026083,50.04191868754888
636.0476914212093,586.3877060044377,26.689023300026083,50.04191868754888
636.3432145630649,588.1608448555713,26.689023300026083,50.04191868754888
635.1611219956425,591.1160762741274,26.689023300026083,50.04191868754888
634.8655988537869,592.889215125261,26.689023300026083,50.04191868754888
634.8655988537869,595.2534002601058,26.689023300026083,50.04191868754888
634.5700757119313,597.0265391112393,26.689023300026083,50.04191868754888
634.5700757119313,599.0952011042285,26.689023300026083,50.04191868754888
633.8713580255092,600.4078733261554,27.495412389159128,51.55389822967334
633.2624537157099,602.5390384104529,27.495412389159128,51.553898229673344
632.6535494059106,604.3657513398508,27.495412389159128,51.553898229673344
632.9580015608102,605.8880121143491,27.495412389159128,51.553898229673344
632.3490972510109,608.9325336633456,27.495412389159128,51.553898229673344
631.6292683267446,608.7626065305825,28.326165927892404,53.111561114798235
631.3156173752793,611.5854650937706,28.326165927892404,53.111561114798235
631.94291927821,611.8991160452359,28.326165927892404,53.111561114798235
631.6292683267446,614.4083236569587,28.326165927892404,53.111561114798235
631.001966423814,614.721974608424,28.326165927892404,53.111561114798235
631.001966423814,616.2902293657507,28.326165927892404,53.111561114798235
631.001966423814,615.9765784142854,28.326165927892404,53.111561114798235
630.6883154723487,616.9175312686815,28.326165927892404,53.111561114798235
630.6883154723487,619.4267388804043,28.326165927892404,53.111561114798235
630.6883154723487,618.7994369774736,28.326165927892404,53.111561114798235
630.3746645208834,620.6813426862657,28.326165927892404,53.111561114798235
630.061013569418,620.054040783335,28.326165927892404,53.111561114798235
630.3746645208834,619.4267388804044,28.326165927892404,53.111561114798235
629.7473626179527,619.4267388804044,28.326165927892404,53.111561114798235
629.7473626179527,620.6813426862658,28.326165927892404,53.111561114798235
629.7473626179527,620.6813426862658,28.326165927892404,53.111561114798235
629.7473626179527,620.0540407833352,28.326165927892404,53.111561114798235
629.4337116664874,619.7403898318698,28.326165927892404,53.111561114798235
628.8064097635568,620.9949936377312,28.326165927892404,53.111561114798235
628.3784826924825,619.5653284765364,29.182020070040885,54.716287631326644
628.3784826924825,619.2422007936742,29.182020070040885,54.716287631326644
628.3784826924825,619.2422007936742,29.182020070040885,54.716287631326644
628.0553550096204,619.8884561593985,29.182020070040885,54.716287631326644
627.7322273267582,620.5347115251228,29.182020070040885,54.716287631326644
628.0553550096204,619.8884561593985,29.182020070040885,54.716287631326644
628.0553550096204,620.857839207985,29.182020070040885,54.716287631326644
627.4090996438961,620.5347115251228,29.182020070040885,54.716287631326644
627.7322273267582,619.5653284765364,29.182020070040885,54.716287631326644
627.7322273267582,618.5959454279499,29.182020070040885,54.716287631326644
626.9682430730353,616.7999563089996,30.06373321176232,56.36949977205433
626.3024615796646,614.4697210822021,30.06373321176232,56.36949977205434
625.5153941070638,612.2865767343692,30.972086663593142,58.072662494237136
625.1724453128065,610.5718327630826,30.972086663593142,58.072662494237136
624.8294965185493,606.7993960262522,30.972086663593142,58.072662494237136
624.1435989300346,604.7417032607084,30.972086663593142,58.072662494237136
623.8006501357773,602.6840104951646,30.972086663593142,58.072662494237136
624.486547724292,599.9404201411061,30.972086663593142,58.072662494237136
624.1435989300347,597.539778581305,30.972086663593142,58.072662494237136
623.8006501357775,593.08144425596,30.972086663593142,58.072662494237136
624.4865477242921,591.0237514904162,30.972086663593142,58.072662494237136
624.1435989300348,588.2801611363577,30.972086663593142,58.072662494237136
623.4577013415202,586.2224683708139,30.972086663593142,58.072662494237136
623.1147525472629,582.7929804282409,30.972086663593142,58.072662494237136
623.1798792279736,578.4138900299461,30.15593571365739,56.5423794631076
623.5137909177164,576.4104198914895,30.15593571365739,56.54237946310761
623.1798792279736,573.7391263735474,30.15593571365739,56.542379463107615
622.8459675382309,570.7339211658625,30.15593571365739,56.542379463107615
622.8459675382309,567.7287159581776,30.15593571365739,56.542379463107615
622.8459675382309,563.053952301779,30.15593571365739,56.542379463107615
622.5120558484881,560.3826587838369,30.15593571365739,56.542379463107615
622.1781441587453,556.0418068171809,30.15593571365739,56.542379463107615
622.5120558484881,554.3722483684671,30.15593571365739,56.542379463107615
622.5120558484881,548.3618379530974,30.15593571365739,56.542379463107615
622.1781441587453,546.6922795043836,30.15593571365739,56.542379463107615
621.8442324690026,544.3548976761842,30.15593571365739,56.542379463107615
621.5103207792598,541.6836041582421,30.15593571365739,56.542379463107615
621.176409089517,539.6801340197856,30.15593571365739,56.542379463107615
621.8442324690026,538.3444872608145,30.15593571365739,56.542379463107615
621.5103207792598,536.6749288121007,30.15593571365739,56.542379463107615
621.176409089517,535.6731937428724,30.15593571365739,56.542379463107615
621.5103207792598,534.3375469839013,30.15593571365739,56.542379463107615
620.8424973997743,533.3358119146731,30.15593571365739,56.542379463107615
620.5085857100315,532.6679885351875,30.15593571365739,56.542379463107615
620.8424973997743,532.000165155702,30.15593571365739,56.542379463107615
620.5085857100315,532.6679885351875,30.15593571365739,56.542379463107615
619.840762330546,532.3340768454448,30.15593571365739,56.542379463107615
619.840762330546,531.3323417762165,30.15593571365739,56.542379463107615
619.840762330546,530.664518396731,30.15593571365739,56.542379463107615
619.5068506408032,530.664518396731,30.15593571365739,56.542379463107615
619.5068506408032,529.9966950172454,30.15593571365739,56.542379463107615
619.1729389510605,529.3288716377599,30.15593571365739,56.542379463107615
618.7173693099626,528.1407668709586,31.06707499585312,58.25076561722461
618.2480349692804,527.6047655665334,32.005743677217325,60.0107693947825
617.5392463543814,526.1871883367354,32.005743677217325,60.0107693947825
617.8936406618309,525.4783997218364,32.005743677217325,60.0107693947825
617.8936406618309,525.1240054143868,32.005743677217325,60.0107693947825
617.8936406618309,524.4152167994878,32.005743677217325,60.0107693947825
617.5392463543814,524.0608224920383,32.005743677217325,60.0107693947825
617.1848520469318,523.3520338771392,32.005743677217325,60.0107693947825
617.1848520469318,522.6432452622402,32.005743677217325,60.0107693947825
617.8936406618309,520.8712737249926,32.005743677217325,60.0107693947825
617.1848520469318,520.1624851100936,32.005743677217325,60.0107693947825
616.346942809004,518.9015003079971,32.972773538174124,61.823950384076504
616.346942809004,517.8061941004053,32.972773538174124,61.82395038407651
615.9818407398067,517.0759899620106,32.972773538174124,61.82395038407652
617.0771469473985,515.9806837544187,32.972773538174124,61.82395038407652
616.346942809004,514.8853775468268,32.972773538174124,61.82395038407652
616.346942809004,514.1551734084322,32.972773538174124,61.82395038407652
615.9818407398067,513.4249692700376,32.972773538174124,61.82395038407652
616.346942809004,512.6947651316431,32.972773538174124,61.82395038407652
615.9818407398067,511.59945892405125,32.972773538174124,61.82395038407652
616.346942809004,510.1390506472621,32.972773538174124,61.82395038407652
615.6167386706094,509.4088465088675,32.972773538174124,61.82395038407652
615.6167386706094,508.6786423704729,32.972773538174124,61.82395038407652
615.6167386706094,507.58333616288104,32.972773538174124,61.82395038407652
616.7813785113428,508.39790310476644,32.10390213349637,60.19481650030573
616.0704161117329,507.68694070515653,32.10390213349637,60.19481650030573
615.714934911928,507.68694070515653,32.10390213349637,60.19481650030573
615.3594537121231,506.9759783055466,32.10390213349637,60.19481650030573
615.0039725123182,506.2650159059367,32.10390213349637,60.19481650030573
614.6484913125133,505.9095347061318,32.10390213349637,60.19481650030573
614.6484913125133,505.9095347061318,32.10390213349637,60.19481650030573
615.0039725123182,505.9095347061318,32.10390213349637,60.19481650030573
614.2930101127083,505.5540535063269,32.10390213349637,60.19481650030573
613.5820477130984,506.6204971057417,32.10390213349637,60.19481650030573
613.5820477130984,507.33145950535163,32.10390213349637,60.19481650030573
613.5820477130984,506.6204971057417,32.10390213349637,60.19481650030573
613.5820477130984,508.04242190496154,32.10390213349637,60.19481650030573
613.6495543233738,509.9019676482768,31.25792651333588,58.60861221250481
613.3034404717251,509.5558537966282,31.25792651333588,58.608612212504816
613.3034404717251,510.9403092032228,31.25792651333588,58.608612212504816
612.9573266200765,510.5941953515742,31.25792651333588,58.608612212504816
612.6112127684279,513.0169923131148,31.25792651333588,58.608612212504816
612.2650989167793,512.6708784614661,31.25792651333588,58.608612212504816
611.9189850651306,515.4397892746554,31.25792651333588,58.608612212504816
611.2267573618334,515.0936754230067,31.25792651333588,58.608612212504816
610.8806435101848,516.1320169779527,31.25792651333588,58.608612212504816
610.8806435101848,516.4781308296014,31.25792651333588,58.608612212504816
610.5345296585361,519.2470416427906,31.25792651333588,58.608612212504816
609.8423019552389,519.2470416427906,31.25792651333588,58.608612212504816
610.1884158068875,522.3620663076284,31.25792651333588,58.608612212504816
609.8423019552389,523.0542940109257,31.25792651333588,58.608612212504816
609.4961881035903,524.7848632691689,31.25792651333588,58.608612212504816
608.8696881319056,526.9415216443784,30.434243346813272,57.06420627527493
608.8696881319056,529.637468397541,30.434243346813275,57.06420627527493
608.5326947877603,530.6484484299771,30.434243346813275,57.06420627527493
607.8587080994697,533.681388527285,30.434243346813275,57.06420627527493
607.8587080994697,534.692368559721,30.434243346813275,57.06420627527493
607.5217147553244,537.7253086570289,30.434243346813275,57.06420627527493
606.8477280670338,539.7472687219008,30.434243346813275,57.06420627527493
606.8477280670338,541.4322354426274,30.434243346813275,57.06420627527493
606.5107347228885,543.7911888516447,30.434243346813275,57.06420627527493
605.4997546904525,546.8241289489526,30.434243346813275,57.06420627527493
605.1627613463072,549.5200757021153,30.434243346813275,57.06420627527493
605.4997546904525,550.5310557345513,30.434243346813275,57.06420627527493
604.4887746580165,553.5639958318592,30.434243346813275,57.06420627527493
603.4777946255805,556.5969359291671,30.434243346813275,57.06420627527493
603.1408012814352,558.9558893381844,30.434243346813275,57.06420627527493
602.8038079372899,562.3258227796376,30.434243346813275,57.06420627527493
601.7928279048539,563.6737961562189,30.434243346813275,57.06420627527493
601.1188412165633,566.7067362535269,30.434243346813275,57.06420627527493
600.781847872418,569.7396763508348,30.434243346813275,57.06420627527493
599.770867839982,573.109609792288,30.434243346813275,57.06420627527493
599.4338744958367,574.7945765130146,30.434243346813275,57.06420627527493
598.7598878075461,578.5015032986131,30.434243346813275,57.06420627527493
597.7489077751101,581.534443395921,30.434243346813275,57.06420627527493
596.7379277426741,583.2194101166476,30.434243346813275,57.06420627527493
595.2671736395461,585.3902738314082,31.353791488197164,58.78835904036972
594.5728229422189,588.167676620717,31.353791488197167,58.78835904036973
593.0576310922229,590.4041313761799,32.30112309620735,60.564605805388815
591.9846361074817,593.6231163304033,32.30112309620735,60.56460580538882
591.2693061176543,596.8421012846267,32.30112309620735,60.56460580538883
589.7083338671528,599.1461288655493,33.27707762772816,62.39452055199036
588.9713907110269,602.8308446461787,33.27707762772816,62.39452055199037
587.4975043987752,606.5155604268081,33.27707762772816,62.394520551990375
586.3920896645864,608.7263898951857,33.27707762772816,62.394520551990375
585.2866749303976,612.4111056758151,33.27707762772816,62.394520551990375
584.1812601962088,616.0958214564445,33.27707762772816,62.394520551990375
583.4443170400829,620.1490088151368,33.27707762772816,62.394520551990375
581.9704307278312,624.2021961738291,33.27707762772816,62.394520551990375
580.1280728375165,627.5184403763955,33.27707762772816,62.394520551990375
579.0226581033277,631.5716277350878,33.27707762772816,62.394520551990375
577.180300213013,635.2563435157172,33.27707762772816,62.394520551990375
575.572164341082,638.7354003192057,34.282519903212524,64.27972481852356
573.535835159676,641.9399695753846,35.31834087302336,66.22188913691889
571.9715385658906,647.0239335051874,35.31834087302336,66.22188913691889
570.4072419721051,651.7168232865439,35.31834087302336,66.22188913691889
568.4518712298733,656.8007872163467,35.31834087302336,66.22188913691889
567.2786487845342,661.1026028492569,35.31834087302336,66.22188913691889
564.932203893856,665.7954926306134,35.31834087302336,66.22188913691889
564.1500555969633,669.3151599666307,35.31834087302336,66.22188913691889
560.7046540453035,671.3608947859774,34.387661007415346,64.47686438890386
560.3961939546167,677.9219486944355,33.48150565204302,62.77782309758075
557.8714510958599,681.7149648770483,32.59922855718666,61.123553544725084
557.5790333883892,685.7689964847648,31.74020050256756,59.51287594231427
558.7001371989426,681.9842117671482,30.903808848602182,57.94464159112918
557.0541564816914,684.8008231237606,30.089457099481333,56.41773206152758
548.4548620504567,682.8787552922977,29.296564477762708,54.93105839580516
545.2109019089721,683.851943334743,29.296564477762708,54.93105839580517
544.6237133503214,690.4148206215302,28.52456551017341,53.48356033157524
542.4127787696854,691.0465162159976,28.52456551017341,53.48356033157525
545.4561802199005,677.9204690250908,29.38641414888482,55.09952652915916
540.3117181461106,675.3925286770418,28.612047536672993,53.647589131261974
540.3718822449856,675.1489178322792,27.858086396427577,52.23391199330181
534.8194585291621,673.2981099270047,27.858086396427577,52.23391199330182
536.9787344186491,672.3727059743675,27.858086396427577,52.233911993301824
537.7917506227566,669.4243255859891,28.699797861911705,53.81212099108456
538.7451149710238,671.6488423986127,28.699797861911705,53.81212099108457
538.4876754711617,676.8068823969525,27.94352439727954,52.39410824489926
540.0935039556384,672.5465812162415,27.207179628872296,51.01346180413567
539.4909827532274,674.6554054246802,27.207179628872296,51.01346180413567
536.0673543415854,671.1733930146054,28.02922442804575,52.5547958025859
533.4713724329852,669.758714947616,28.876106702513077,54.14270006721215
528.9950074667984,671.9968974307094,28.876106702513077,54.14270006721215
533.9943583993193,670.2197355580602,29.74857689821055,55.77858168414492
536.3627198504788,667.331239406117,28.964666871145727,54.308750383398376
533.1555101821679,667.0105184392859,28.964666871145727,54.308750383398376
550.0368694032178,650.1540207455516,29.839812846803913,55.94964908775748
593.5307801682458,614.6155942047387,30.741400710508586,57.64012633220375
593.7471547250175,613.404422876178,31.67022938434008,59.381680095637805
603.5661726935875,606.0401593997506,31.670229384340082,59.381680095637805
602.0356887816588,606.8964687047435,32.62712192921818,61.17585361728423
602.7582382338314,611.5930401438657,32.62712192921818,61.17585361728424
601.5427866091483,618.2556178182211,33.61292627423928,63.02423676419881
600.2906110130594,613.5815987343562,34.628515968049975,64.92846744009388
600.1509093519621,615.284766755412,35.67479095292279,66.89023303673042
586.1812495651354,601.6335733494988,36.75267836222005,68.91127192916278
583.1842840935271,598.5577401545478,37.86313334195255,70.99337501616121
578.9917619469035,591.8497047199498,37.86313334195255,70.99337501616121
579.2582630986241,590.777198574442,39.00713989716097,73.13838730717701
575.6455398946972,585.3530913485846,40.18571176387017,75.34820955725677
571.478691191099,585.5497053759755,41.3998933073888,77.62479995135422
568.81525994683,587.9477003316459,40.3089573747517,75.57929507765964
566.4209696086054,586.8059140955994,41.526862693201366,77.86286754975276
569.0123584830937,590.2278304729048,42.781566119598054,80.21543647424656
569.0123584830937,602.0706606610318,42.781566119598054,80.21543647424656
565.9974857644959,602.7536884643089,44.074179481542785,82.63908652789293
569.5063456347592,623.8515772419472,42.91277295952814,80.46144929911544
568.3828907558311,629.2883602157492,44.209350639048296,82.89253244821575
570.652151325023,640.2741626874897,45.54510345368767,85.39706897566458
569.1392111266352,647.3345502799659,45.54510345368768,85.39706897566458
565.929588330584,641.5056250621683,46.921215051164296,87.97727822093324
568.6260063838042,646.3016334841383,45.68478578980743,85.6589733558891
559.6165888324881,635.2895989923237,44.48093789525174,83.40175855359719
557.6464685516945,632.8269486413317,44.48093789525174,83.40175855359719
555.1838182007025,633.8120087817285,44.48093789525174,83.40175855359719
559.6165888324882,643.1700801154983,44.48093789525174,83.40175855359719
556.1688783410993,647.602850747284,44.48093789525174,83.40175855359719
557.9595493807859,647.327949678983,45.82489651786273,85.9216809709928
554.2227977010708,649.074388685519,47.20946185572653,88.51774097948743
548.2821725751913,646.1689119707171,48.63586081069554,91.19223902005432
541.0849821679828,642.098574737817,50.10535735455371,93.9475450397884
535.889567325938,633.4667885826811,51.619253649057114,96.78610059198228
538.7474246268823,633.4667885826811,51.619253649057114,96.78610059198228
535.9981099206761,645.0302887190688,50.25902553920315,94.23567288600609
542.1197185924049,647.8128381153092,50.25902553920315,94.23567288600609
534.6823304089339,643.6066581581425,51.77756480419127,97.08293400785882
531.0334979391924,628.3802277309306,53.34198560935196,100.01622301753513
519.0053608879773,618.6002118391594,54.95367423146918,103.03813918400492
509.6562673162664,612.1756576920523,56.614058832654095,106.15136031122664
507.5472351455055,614.960162076673,58.324610725879204,109.35864511102372
506.02029889872955,616.5371606600604,60.08684567874971,112.66283564765592
503.1165639900288,616.1658119689239,61.90232525666733,116.06685985625148
500.1250948798255,618.5249800988809,63.77265820657685,119.57373413733183
501.5373830782979,622.0557005950618,63.77265820657685,119.57373413733184
497.0432407441445,616.0124200534465,65.6995018825215,123.18656602972808
491.685831504382,616.3338637481257,67.6845637142705,126.90855696425746
487.9385315940201,619.3317036764153,67.6845637142705,126.90855696425747
487.1890716119477,617.8327837122705,67.6845637142705,126.90855696425747
484.1912316836582,623.8284635688495,67.6845637142705,126.90855696425747
480.9203322344163,626.4079993931124,69.72960272032003,130.74300510060036
481.41112678293274,620.5723260143153,71.83643106660848,134.69330824989123
479.9713152839213,628.710453025941,69.94345652821795,131.14398099040898
475.0423087500825,625.1802991990343,72.05674630906023,135.10639932948826
470.76224836827384,619.1498670756059,74.23388757679622,139.18853920649326
470.9183439761232,630.8475127664461,72.27773723661124,135.52075731864642
441.0149352161551,611.9934749752681,74.46155558168991,139.6154167156689
421.2269233981863,609.519973498022,74.46155558168991,139.6154167156689
409.0159903496249,609.7104878195995,72.49940592152103,135.93638610285228
405.15456910075534,619.5292690686322,70.58896121512092,132.35430227835207
409.06266857747835,621.0925088593215,70.58896121512092,132.35430227835207
402.9581406388971,631.4341735572123,68.72885897608064,128.86661058015156
410.71289343383023,632.3710437241673,66.91777262111236,125.47082366458602
411.4538628649203,639.780738035068,66.91777262111236,125.47082366458602
391.5883998429745,637.7290428456982,65.15441052395977,122.16451973242489
385.8168477296316,642.0577069307054,65.15441052395977,122.1645197324249
348.43876269359515,621.3025319568646,63.43751509423915,118.94534080169876
325.960903014534,621.3025319568646,63.43751509423916,118.94534080169878
319.06996535669924,628.4891717644597,61.76586188055413,115.81099102603932
317.702119005998,633.2766339919141,61.765861880554134,115.81099102603932
316.33427265529673,637.3801730440179,61.76586188055414,115.81099102603932
313.04453519484787,645.0613596065266,60.138258697244225,112.75923505733321
327.154912045059,660.5309497925267,58.553544774144804,109.7878964515218
316.5450302441667,647.2020028227729,60.32269679987246,113.10505649976118
317.637557162798,648.165083018757,62.145302444884976,116.52244208415965
224.4900158309128,599.6122865958163,64.02297677073338,120.0430814451254
204.6403724423488,591.8142124074518,64.02297677073338,120.04308144512541
211.0206149601015,608.1192766194865,64.02297677073338,120.04308144512541
204.06608118082693,616.7900732395885,62.335895952553635,116.87980491103838
205.5776283753301,632.8249699119018,60.69327170029182,113.79988443804746
206.37729795992945,639.0286763145197,59.093932531093095,110.80112349579984
195.01516074330488,637.3547893377225,60.87941197301001,114.14889744939406
198.5137134839884,644.9257372196582,59.275167788464714,111.14093960337162
188.66855151124878,648.2074578772381,59.275167788464714,111.14093960337162
178.58425600447302,647.1847813858438,61.06612311956901,114.4989808491922
174.65561253973237,654.1027735337809,59.456958876479305,111.48179789339898
158.32170904655032,656.229968924202,57.89019800581539,108.54412126090412
142.29649429346406,650.460891613091,57.8901980058154,108.54412126090413
120.50220222926681,651.1019002032144,57.8901980058154,108.54412126090415
101.67940695881063,652.026144413084,59.63930749981459,111.82370156215264
12.948394873720531,635.1481568389669,61.44126504283395,115.20237195531392
-8.01260727273202,643.4693055911714,59.82221536837634,112.1666538157059
-10.536421862652148,619.1135088298136,58.245829559100116,109.21093042331299
-3.6769919076662774,628.4277345781194,60.00568419731445,112.51065786996489
-9.656889077920315,620.454538351114,60.00568419731446,112.51065786996489
-10.32132209683743,629.0921675970366,60.00568419731446,112.51065786996489
-10.32132209683743,624.4411364646168,60.00568419731446,112.51065786996489
-7.241237655242518,599.4862676676906,61.818711541130014,115.91008413961906
-5.742231367293773,584.5852503604727,60.18971570703905,112.85571695069848
-11.07399752244488,571.9223057419889,60.189715707039056,112.85571695069848
-13.613316431467975,581.4068954833649,58.603645831146366,109.88183593339969
-11.254106927904807,594.0228828615568,60.37431162323654,113.20183429356878
-10.585592158454599,594.691397631007,60.37431162323654,113.20183429356878
-11.79566936899191,580.8070587420522,58.783377427609906,110.21883267676884
-13.624758238463768,584.2119526025763,57.23436622119447,107.3144366647399
-10.686925210133161,595.2656729213447,58.963660243136864,110.55686295588188
-9.381135490181805,595.9185677813205,58.96366024313687,110.5568629558819
-10.034030350157483,596.5714626412962,58.96366024313687,110.5568629558819
-8.966117450799345,594.9012657402294,60.74520360427467,113.89725675801529
-9.638739045826998,586.15718500487,60.74520360427468,113.89725675801529
-8.165763632792856,589.0030916036875,59.144495968261694,110.89592994049093
-9.35119175239669,598.9778746775108,57.585968863121266,107.97369161835263
-10.505382445332973,589.5606131391288,56.06851078220181,105.12845771662865
-9.766646808412407,590.3249051096346,54.59103950836068,102.35819907817651
-8.557691701189857,604.8323663963054,54.59103950836069,102.35819907817653
-6.744259040356024,615.1084848076971,54.59103950836069,102.35819907817653
-11.465287939752745,620.0839796601862,53.152501342151126,99.66094001653359
-7.559878820430956,603.276118565935,54.75846483735323,102.67212157003755
-8.387122067329283,601.1187060514059,56.412951331149884,105.77428374590627
-9.63642463125731,620.4828957922903,56.412951331149884,105.77428374590627
11.601718955519118,614.8610342546142,56.412951331149884,105.77428374590627
68.56360817620434,611.2574624562599,54.92640364330172,102.98700683119097
73.5446327757798,616.2635228107459,53.47902823728073,100.27317794490162
49.378344115085845,600.4119122968985,52.069792877339566,97.63086164501192
79.4689648243931,602.8513767871987,50.697692528358154,95.05817349067176
131.22134890083254,592.8764808577316,49.36174863907517,92.55327869826615
161.3867409453514,584.2575841413922,48.06100844420716,90.11439083288863
189.16072459472406,581.7196930948409,46.79454428495767,87.73977053429581
217.23912757638666,578.2123819630904,45.56145294743175,85.4277242764347
246.09111488424833,574.7974926091488,44.36085501848402,83.1766031596577
258.4644051608643,573.4373912597946,43.1918942585409,80.98480173476435
267.1638477483469,578.8087240265838,42.0537369909497,78.85075685803086
272.3744712494447,578.4506669395939,40.94557150741911,76.77294657641102
276.5410216007834,579.0088121639687,39.866607489126984,74.74988904211327
279.71490573947096,579.1108132519134,38.81607544308265,72.78014145578015
278.9369184294162,579.6399304760706,37.793226153341756,70.86229903751597
279.434866432746,581.4105392701587,36.797330146682185,68.99499402502926
279.10479141567436,581.0972366772367,35.82767717236011,67.17689469817536
278.386700318863,581.5856178666547,34.88357569557505,65.40670442920336
279.23257203003595,581.6748695711876,33.96435240428272,63.68316075803024
278.1757457355959,584.7704226523807,33.06935172900396,62.00503449188257
278.977625375989,583.7565181663164,32.19793537528726,60.37112882866374
276.9061952289894,584.195420914595,31.349481868491406,58.78027850342151
277.66637073691044,584.622758058695,30.52338611056372,57.231348957307105
278.0685343179435,584.3628735514474,29.719058948497647,55.723235528433214
277.47287773842646,585.7552084347602,28.93592675416202,54.25486266405391
277.8541256079063,585.5088399932308,28.173431015202304,52.82518315350445
278.47804509397133,584.5729607641333,28.173431015202308,52.82518315350445
276.9774881750164,585.8928831362734,27.431027936722117,51.433177381354085
276.9774881750164,584.9816654267613,27.431027936722117,51.43317738135409
277.58496664802453,583.462969244241,27.431027936722117,51.4331773813541
277.6426473531511,583.2294139252864,26.708188053460837,50.0778526002392
276.2201313537776,582.41054236397,26.004395852190857,48.75824222285799
277.426581703836,584.7806151610788,25.319149404065083,47.473405132622155
276.3051626849552,583.3788413874778,25.319149404065083,47.473405132622155
277.7601764025423,580.9204291456298,24.6519600066525,46.22242501247356
276.1223739414704,582.831198683547,24.6519600066525,46.222425012473565
276.3953410183157,582.5582316067016,24.6519600066525,46.222425012473565
277.81201341132,581.2564697293276,24.002351835406557,45.004409691387416
277.8624844538837,582.3809774669346,23.36986160431773,43.81849050809586
277.13531368534126,584.7697061678509,22.754038235508318,42.663821691578214
276.9312081285225,584.072068620187,22.154442537533797,41.539579757875984
277.4684184300938,582.1662522488729,21.5706468921613,40.44496292280255
277.2749279889995,582.9379866514467,21.002234949401878,39.37919053012863
277.7841990731951,583.4568306690932,20.448801330578995,38.34150249483573
278.28005026470953,584.4148549276621,19.90995133922154,37.3311587610405
278.5423755945327,583.1430381292205,19.385300679575117,36.347438774203454
277.50988696916573,583.836587261681,18.874475182530936,35.38964096724561
278.8035390046426,582.6309150734409,18.377110538776762,34.45708226020653
277.6212613107137,583.2883941232617,17.892852038979676,33.54909757308699
277.6212613107137,585.2696400429322,17.892852038979676,33.54909757308699
277.06451180192767,584.126672417975,17.42135432081531,32.6650393515288
274.9792030926277,583.2067271113565,16.962281122663178,31.804277104993545
274.7913825585431,585.6483940544564,16.962281122663178,31.804277104993545
272.7610241889632,583.062305583044,16.5153050437924,30.966196957110828
272.7610241889632,584.3424042761529,16.5153050437924,30.96619695711083
271.5156531204443,581.458719797062,16.080107310866833,30.150201207875394
271.87175785912,581.8148245357377,16.080107310866833,30.150201207875398
272.7620197058092,581.9928769050755,16.080107310866833,30.1502012078754
271.905570369914,579.7193380152552,15.65637755060307,29.355707907380843
272.45857332054203,580.7995586676246,15.24381356841915,28.582150440785988
272.490627311281,581.0073530988961,14.842121132916146,27.828977124217857
272.5950941640419,581.4086588891923,15.29056483977757,28.66980907458303
272.45793656509636,579.0774421638251,14.887640453229604,27.914325849805593
273.1486351353855,578.9506846969683,14.495333598667946,27.178750497502485
272.21608866440454,579.4692851668942,14.113364491623738,26.462558421794593
273.495965209246,578.0989204881226,13.741460720278294,25.765238850521882
272.07111579699,577.8618385976724,14.156648787260572,26.543716476113655
272.72790067221354,576.8007796080285,13.783604423762426,25.844258294554628
274.7409906461311,576.6834222076801,13.420390218462664,25.163231659617573
272.8373875230315,576.5691573130068,13.06674713511879,24.500150878347803
271.1011563584242,575.7010417307032,13.066747135118792,24.500150878347803
271.33781310192865,575.3309147663643,13.461549230413528,25.240404807025435
273.7510395683568,574.9181844151334,13.106821558644373,24.575290422458266
272.24686610054107,574.4017926400844,13.50283447299086,25.317814636857932
272.3963807539083,573.8037340266153,13.50283447299086,25.317814636857932
271.64880748707196,573.5047047198808,13.50283447299086,25.317814636857932
271.826715280332,573.2402232187743,13.147018886470793,24.650660412132808
271.62810155690164,572.2855234224888,13.544246333331532,25.3954618749967
270.9735672666444,572.0518440785825,13.953475713550858,26.162766962907938
270.9172748243965,572.1201133448395,14.375069656663772,26.95325560624465
271.01845431699064,572.1904453164574,14.809401748788323,27.767628278978183
270.0657025059223,568.1287846330812,14.419156576206479,27.035918580387218
270.0960224458299,567.5270331573523,14.039194823394503,26.32349029386476
270.0960224458299,567.060672108839,14.039194823394503,26.32349029386476
269.88393050453755,566.8184534017536,14.4633787059792,27.118835073711068
268.9534398277337,566.6953082161401,14.08225164798084,26.404221839964144
269.10937027167046,566.0715864403929,14.08225164798084,26.404221839964144
268.89662786533165,565.516763984571,14.507736460658363,27.202005863734502
269.2179113991553,564.7135551500119,14.507736460658364,27.202005863734502
269.2179113991553,564.0709880823646,14.507736460658366,27.202005863734502
268.28456699930297,563.3048981549763,14.125440523597657,26.485200981745667
268.9102016681631,563.1484894877613,14.125440523597657,26.48520098174567
269.0096241362959,563.6868261167441,14.552230256192173,27.28543173036039
269.654161893706,562.8811539199814,14.552230256192175,27.285431730360393
269.27318502008325,562.6300837950773,14.991915124732632,28.109840858873756
269.4391880172813,560.8040508258986,14.991915124732632,28.109840858873756
270.13472431633954,560.6764055357994,14.596860509804493,27.369113455883493
271.1351896605393,561.521895586009,14.212216049114659,26.647905092090053
269.81889723727465,564.4240821030229,14.641627639998784,27.453051824997786
270.66030658811883,566.4070354403588,14.255803512719776,26.729631586349647
270.18675012300633,565.9334789752463,14.255803512719776,26.72963158634965
270.2167265715979,566.2856576070508,13.880146305461597,26.02527432274056
