240.5,680.5,50,32
242.90551181102364,675.8031496062993,50.0,32.0
246.46980305689814,672.9964219879109,48.68244113029827,31.156762323390897
251.51180889513017,670.5779825195438,47.39960148809914,30.33574495238345
255.80886260104617,667.6111824365732,46.15056618087969,29.53636235576301
257.19752023343983,662.6952722666052,47.544971386616005,30.428781687434245
260.881319591269,659.9324227482334,47.544971386616005,30.428781687434245
263.64416910964087,655.6346568307661,47.544971386616005,30.428781687434245
265.49853521651875,655.1146241033737,46.29210541141299,29.62694746330432
269.68304994189685,650.63121546904,46.292105411413,29.62694746330432
273.87970259018357,649.5270983983867,45.07225392977351,28.846242515055046
275.6258088054157,644.5797974552288,45.07225392977351,28.84624251505505
278.43710883637,640.3607833865393,46.434078728793715,29.717810386427978
281.43521470704803,638.2621092770647,46.434078728793715,29.717810386427978
283.5338888165226,635.2640034063867,46.434078728793715,29.717810386427978
286.4301301975501,633.3159996462246,47.83705005636596,30.615712036074214
290.45797205662984,629.0863425442349,46.57648746432336,29.808951977166945
294.37967554036584,625.8703321164796,45.349142180759955,29.023450995686364
297.2082459734123,623.9678436445059,46.719332953386406,29.900373090167292
300.82807460539124,622.1579293285165,46.719332953386406,29.900373090167296
303.2412936933772,618.8397530825358,46.719332953386406,29.900373090167296
308.0677318693491,615.5215768365551,46.719332953386406,29.900373090167296
311.6998104445243,611.0890936783067,45.488223523000755,29.11246305472048
316.10536280147636,609.0331692450623,45.48822352300076,29.11246305472048
319.5300151617339,608.299659990611,46.86261653546282,29.992074582696198
323.0581408588139,603.9130580077863,48.2785358157456,30.898262922077176
328.37003419066895,597.150608169886,47.00633955414064,30.084057314650003
332.2124858004518,595.7856079066559,48.426601319077726,30.993024844209742
336.90262120379555,592.3461752775371,48.42660131907773,30.993024844209742
341.5927566071393,586.7180127935246,48.42660131907773,30.993024844209742
347.22091909115176,581.7152016966246,48.42660131907773,30.993024844209742
353.787108655833,576.7123905997246,48.42660131907773,30.993024844209742
359.72794683340175,572.0222551963808,48.42660131907773,30.993024844209742
365.3561093174142,566.3940927123683,48.42660131907773,30.993024844209742
371.296947494983,561.0786059219121,48.42660131907773,30.993024844209742
379.1265374277513,555.8587947857233,47.15050335712853,30.17632214856225
386.14093580550167,553.5164587067445,45.90803207894682,29.381140530525954
393.8597387234623,547.9752912219915,44.69830138182346,28.60691288436701
402.8181581253243,543.7345528476887,43.52044851289901,27.853087048255365
412.66450531436,538.4815702365667,42.37363345386766,27.119125410475306
419.5154542735742,536.9237259069461,41.257038321894996,26.4045045260128
428.0397431363028,531.5960453677408,41.257038321894996,26.4045045260128
436.56403199903133,528.9322050981381,41.257038321894996,26.4045045260128
443.9322773664955,525.3367004921548,42.503589204582696,27.20229709093293
453.5374191788697,523.6901047528906,42.503589204582696,27.20229709093293
463.15370555432906,519.1087238131825,41.38356958556957,26.485484534764527
470.9133854587944,516.5184746586424,40.29306380222186,25.78756083342199
478.4685886615761,511.9152021029851,39.23129413022036,25.108028243341032
484.71513570850846,510.016065343508,40.41663865120732,25.86664873677268
492.97712232255395,504.6670958554969,41.637797479740954,26.648190387034205
503.19313625537853,498.7525614733353,41.637797479740954,26.64819038703421
511.2584104128717,494.98876686650516,41.637797479740954,26.648190387034212
519.8722870642076,491.03839291190155,40.54059249205542,25.945979194915466
527.2121452988622,489.8096975246276,39.472300147638,25.26227209448832
535.1128214386492,483.4381845086703,39.47230014763801,25.262272094488324
545.5621027848192,471.20487951803227,39.47230014763801,25.262272094488328
553.3761867961534,464.96144711472476,40.664926487096785,26.025552951741943
563.8892869635005,459.5280083572323,39.59335779551993,25.33974898913275
571.047267238974,452.6256702344543,39.59335779551993,25.33974898913275
579.7494819226771,447.33540898552013,38.5500262006247,24.672016768399807
587.2267602796072,441.93564666823704,37.534187621667364,24.02188007786711
596.4457773339415,437.1628678921153,36.545117585307835,23.38887525459701
602.816713580703,435.0392224765281,36.545117585307835,23.388875254597014
608.4893502569931,434.4035422700409,35.58211070893154,22.772550853716183
616.3006041669538,432.5656001735795,35.58211070893154,22.772550853716183
621.5846876942802,430.49791531506054,35.58211070893154,22.772550853716183
628.0268147634522,432.176413651037,34.64448019758631,22.172467326455237
632.9570515807515,433.5869928098269,33.7315573541756,21.58819670667238
638.5457051638323,429.5583538911687,34.75073139827958,22.240468094898926
642.8088263857629,428.6608546865517,34.75073139827958,22.24046809489893
649.1004325595976,428.2807615431365,33.835008710631065,21.65440557480388
654.1339361982207,427.25529751867083,32.943416393968526,21.083786492139858
656.8991079994782,428.5315306577128,32.943416393968526,21.083786492139858
659.5920103729752,429.914659339673,33.93877734218415,21.72081749899786
662.8789943202892,432.7633787606784,33.93877734218415,21.72081749899786
665.7277137412946,434.29730460275823,33.93877734218415,21.72081749899786
667.04250732022,434.7355691290668,33.93877734218415,21.72081749899786
669.9001255860571,437.43220858129337,33.04445059990362,21.14844838393832
671.6156528959712,438.77764118885585,32.173690420257145,20.59116186896458
672.0395602078136,441.1262982577745,31.325875796572202,20.048560509806215
669.6124214846776,445.17152946300115,31.325875796572202,20.048560509806215
672.2500355026218,445.23341948998427,30.500402086433233,19.520257335317275
673.364715803305,444.7415926947793,31.421949165177274,20.11004746571346
672.9589520503058,448.39346647177155,31.421949165177274,20.11004746571346
673.9816003580635,446.42672754436205,30.593943808659354,19.58012403754199
675.1748363790336,445.10442160386214,29.787757368174248,19.06416471563152
677.1059508335611,448.4328896274834,29.00281488959503,18.56180152934082
676.5441640254635,447.8711028193857,29.00281488959503,18.56180152934082
677.1135554548705,448.6774522899097,28.238556569512966,18.0726762044883
677.4856150616278,449.28022581440763,27.49443735599825,17.59643990783888
677.1305687839598,451.7655497580837,27.49443735599825,17.59643990783888
678.9130092926904,453.06253204584516,26.76992655988117,17.13275299832395
678.1629021418378,453.14939570926373,27.578760081142327,17.650406451931094
676.4997931346219,454.66342457220037,28.412031908711587,18.18370042157542
676.6209121702525,455.1225121063701,29.270480427929698,18.73310747387501
675.48696914895,457.5793886525254,29.270480427929698,18.73310747387501
675.1089881418492,457.95736965962624,29.270480427929698,18.73310747387501
673.9750451205467,461.92617023418484,29.270480427929698,18.73310747387501
674.1640356240971,460.4142462057815,29.270480427929698,18.73310747387501
671.9038243854739,466.1417905278363,28.499168805764707,18.239468035689413
674.2959593419263,463.93366595264956,28.49916880576471,18.239468035689413
675.0320008669886,465.0377282402429,28.499168805764715,18.239468035689413
674.0494290751511,465.86624451309035,29.36025010184598,18.790560065181424
674.0494290751511,466.6245249881616,29.36025010184598,18.790560065181424
670.383187940977,472.21732723628674,30.247348332088183,19.358302932536432
668.430209544732,475.3420926702788,30.247348332088183,19.358302932536432
669.21140090323,475.1467948306543,30.247348332088183,19.358302932536432
670.1215351571934,475.8308356297956,31.161249578904464,19.94319973049885
672.5440891582139,477.5019893620456,30.34011396343097,19.417672936595814
672.5520444231787,480.10859021993946,29.540616238225375,18.905994392464237
672.8687092434773,480.9673830300076,30.433164097807342,19.477225022596695
673.8511972182883,483.71834935947874,30.433164097807342,19.477225022596695
672.8687092434773,486.46931568894985,30.433164097807342,19.477225022596695
673.8511972182883,488.8272868284965,30.433164097807342,19.477225022596695
674.5704250217248,489.9085250227764,31.352679630481163,20.06571496350794
674.7728596461105,493.14747901294896,31.352679630481163,20.06571496350794
675.5138183853992,493.24921289722386,32.29997764453323,20.67198569250126
673.6368590545594,496.16892741186354,32.29997764453323,20.67198569250126
676.1394714956791,497.0031315589035,32.29997764453323,20.67198569250126
675.4429604976461,498.5677965145285,33.27589756707934,21.296574442930773
674.0808481792019,501.89855467999905,34.281304187904446,21.94003468025884
669.8843036131341,507.05719233680105,33.37795145995012,21.36188893436807
673.0437486664264,509.96714324344595,34.38644156362843,22.007322600722194
670.8325379544976,517.1398061747292,33.48031834203566,21.427403738902818
667.1576116734899,518.8691832481446,33.48031834203566,21.427403738902818
666.0033037493246,522.65274722366,34.49190138530469,22.074816886595002
666.3730445721244,526.3279251696146,35.53404866165465,22.741791143458975
669.1262338542557,529.5399793321011,35.53404866165465,22.741791143458975
671.879423136387,532.7520334945876,35.53404866165465,22.741791143458975
675.0135246866708,533.3262000600611,36.60768364677054,23.428917533933145
675.4059459371306,536.7540895023578,37.71375771847181,24.136804939821964
678.0017792750632,532.4933532171792,38.85325099975473,24.866080639843034
676.0050586258567,533.3227054889808,37.82942209032524,24.210830137808166
673.7237938978167,541.2615500226359,38.97241008501207,24.94234245440774
674.3931970523165,544.6592360728746,40.149932616147254,25.695956874334254
669.4677171298001,546.9923581414349,40.149932616147254,25.695956874334257
669.379638449068,547.3818733366468,41.36303311919401,26.472341196284184
666.7089544208995,547.6489417394636,41.363033119194014,26.472341196284187
670.3571721474431,547.2490206396069,42.61278655624595,27.27218339599743
669.2566214395338,548.074433670539,42.61278655624596,27.272183395997434
668.7063460855791,549.4501220554256,42.61278655624596,27.272183395997438
675.0345126560578,548.8998467014709,42.61278655624596,27.272183395997438
675.045685851002,551.1851375116075,41.48988945844819,26.553529253406865
665.1447280350937,556.0890829706445,40.39658202126974,25.853812493612654
664.7952799438045,557.2634760134783,41.61713485357171,26.634966306285918
666.9558645534903,558.1518254938577,40.52047435041379,25.933103584264845
668.5362586956808,561.8946767749306,39.45271214271561,25.249735771338013
672.780188335697,561.5132257341673,40.64474664510078,26.012637852864522
672.9534548072016,562.1699720230005,41.87279758786999,26.798590456236816
672.320877010578,566.3612387557984,43.137953181117275,27.608290035915076
671.9477148605395,568.7294418951731,44.44133451439939,28.442454089215627
660.7685495708059,573.6952927657148,43.27025302498282,27.692961935989022
667.9375768430955,574.3944625339301,44.577631700145446,28.5296842880931
668.801049079177,578.9996477930317,44.57763170014545,28.5296842880931
669.56672939546,580.2955906157956,45.92451185451789,29.391687586891464
671.0493317466688,583.8538362586968,45.924511854517895,29.391687586891464
670.3555441758961,585.7819759753364,47.312086996063385,30.279735677480577
671.5898680082037,588.9302458699021,46.065357798748124,29.48182899119881
671.6019464772374,593.7801343615024,44.85148138367364,28.70494808555114
672.6619227693106,594.7944461891549,46.206635703585114,29.572246850294487
672.9723803391153,600.2558929245795,44.98903644937841,28.7929833276022
671.2412942366652,603.8305417513145,43.803522369114155,28.034254316233078
675.2008567311332,606.9416265683965,43.80352236911416,28.03425431623308
670.1214760761094,608.7251238350048,42.64924798068208,27.295518707636546
673.3323917032365,612.9941095378389,43.93786344797488,28.120232606703944
