666.000000,449.000000,23.000000,35.000000
668.216248,450.661316,23.859375,34.843750
667.988037,447.389414,24.958333,33.044271
668.317159,442.713389,24.059896,33.343750
669.890849,437.977091,23.658854,33.369792
670.368856,433.818726,23.458333,32.791667
670.219116,430.602966,24.414062,32.218750
670.069722,425.216777,24.041667,32.791667
671.471558,423.350616,22.968750,30.195312
671.322489,417.038574,23.635417,31.088542
671.595642,411.990936,24.062500,32.500000
672.467733,408.204966,23.750000,31.916667
673.147400,403.597504,23.257812,31.351562
673.603455,400.766449,22.937500,31.937500
673.309977,397.276764,22.856771,31.656250
673.078003,395.028717,23.500000,30.531250
674.071533,392.738444,23.570312,29.979167
673.635234,391.015422,24.127604,29.700521
673.845154,390.287231,23.848958,28.585938
673.423950,390.115448,24.242188,27.250000
674.856140,390.979451,22.726562,27.822917
674.475972,392.548258,24.177083,30.427083
673.393433,394.839996,25.335938,30.257812
673.633240,397.755035,25.570312,31.929688
675.436625,401.434082,24.958333,31.846354
676.462402,404.865733,22.481771,33.369792
673.206767,408.539266,27.927083,34.515625
676.976603,416.935059,23.460938,31.846354
676.647196,420.807465,23.916667,33.083333
674.757263,425.678843,25.718750,32.192708
673.522888,433.132914,27.885417,33.020833
678.399292,439.809224,25.893229,32.510417
679.616516,445.245433,23.052083,33.927083
679.302938,449.474365,25.791667,34.541667
679.923055,458.050130,25.890625,32.958333
679.040955,465.018585,23.242188,32.687500
680.379211,471.860341,24.625000,31.916667
680.810893,478.894633,24.247396,31.898438
681.342957,482.779897,23.750000,31.916667
681.632812,488.322510,24.125000,29.906250
682.491801,493.199259,23.570312,28.585937
682.658142,496.529785,23.479167,27.000000
682.872233,497.925863,22.567708,27.565104
683.273783,500.212443,22.354167,26.260417
683.168193,502.391917,21.966146,24.744792
682.494914,502.116282,23.276042,26.458333
682.791768,501.223857,22.723958,24.997396
682.717692,500.502930,22.028646,24.750000
682.792399,498.099253,23.031250,25.968750
684.672506,497.662587,22.182292,25.500000
683.790181,496.611226,21.562500,24.010417
684.407796,495.545553,21.854167,24.697917
684.710938,494.563080,21.585938,25.460938
684.635376,492.715993,21.807292,25.723958
685.469035,489.793844,21.286458,26.234375
685.330729,490.474233,20.791667,23.513021
685.988892,489.124176,20.218750,23.968750
683.480632,488.488017,23.916667,24.375000
685.807678,487.416412,20.859375,23.765625
686.047994,485.370951,20.932292,24.177083
685.964050,484.178101,21.390625,24.671875
686.227437,483.998789,21.604167,24.239583
686.237508,481.933990,21.604167,23.281250
686.368530,481.816315,20.453125,23.265625
684.656026,480.759237,21.395833,23.000000
683.570760,480.075165,22.091146,23.481771
681.975525,477.761678,23.986979,25.171875
681.345032,477.201355,21.750000,23.500000
680.717957,474.889211,21.380208,24.460938
678.554688,473.981578,23.281250,23.760417
678.380208,473.774658,21.317708,23.031250
677.007060,473.673045,21.395833,23.945312
675.347290,472.720490,21.617188,23.276042
673.074097,471.020294,24.437500,23.265625
674.735433,469.525777,21.533854,25.244792
672.543945,468.679932,22.554688,21.585938
673.670695,468.367381,20.468750,21.627604
672.998230,466.691010,21.125000,22.437500
672.738831,466.072703,21.166667,23.000000
672.490153,466.039795,20.020833,21.625000
672.309082,465.159363,20.031250,20.687500
670.645528,464.672292,20.859375,21.072917
668.777283,463.501953,20.906250,22.218750
665.370260,462.604207,23.395833,20.484375
662.024882,462.004944,22.770833,20.937500
657.075277,459.816610,24.145833,21.854167
652.618571,459.044179,24.000000,22.562500
650.311951,459.016815,24.250000,22.070312
647.620728,457.182312,24.734375,22.554688
646.248922,457.228607,20.583333,20.828125
645.245768,456.390991,20.005208,20.932292
642.496969,455.352336,21.585938,20.921875
644.846212,454.463460,20.036458,19.815104
644.367839,453.967580,19.750000,19.958333
645.212606,453.067495,19.750000,21.000000
644.134583,451.610545,20.218750,22.140625
643.263570,450.146006,23.135417,23.356771
643.650513,449.988637,20.236979,21.627604
643.235758,449.302511,21.585938,21.143229
640.361369,448.996379,24.067708,20.260417
643.191874,447.993083,21.859375,19.541667
643.921692,448.776154,21.125000,18.281250
643.599670,445.098928,20.791667,20.583333
642.626729,445.025411,21.101562,20.453125
640.358398,443.742666,23.916667,19.750000
643.022522,442.017944,22.656250,21.781250
642.481873,441.353302,22.786458,20.700521
643.107808,440.808248,22.500000,19.588542
640.814575,438.837738,23.968750,19.593750
645.439880,437.919312,19.578125,19.804688
641.684875,436.142588,22.398438,21.533854
644.359985,434.547668,20.031250,21.617188
642.794678,433.402344,22.218750,20.031250
642.707194,432.359080,21.807292,19.593750
641.101440,430.606801,23.421875,19.791667
644.860494,428.934794,19.364583,20.708333
640.803202,427.816793,24.916667,20.005208
645.198324,426.627279,19.812500,19.588542
641.374613,424.419332,23.421875,19.791667
643.594035,420.902547,21.604167,22.276042
643.862162,420.278453,21.380208,21.156250
644.522624,418.876740,20.257812,20.479167
641.194560,416.149089,23.635417,20.645833
640.434550,416.485779,24.963542,18.916667
642.814453,414.528778,23.203125,19.804688
642.631327,411.526886,22.052083,20.708333
646.023132,411.015656,19.593750,19.372396
645.848145,408.719482,21.250000,19.562500
644.792806,407.239990,21.500000,19.151042
640.733134,405.133850,25.343750,19.791667
642.413513,400.255646,24.291667,22.276042
642.826904,400.661011,22.093750,19.046875
645.312215,399.679677,20.484375,18.468750
645.619141,396.571472,19.984375,19.562500
644.971069,394.878133,20.166667,19.541667
646.242086,393.186534,19.309896,18.898438
645.902547,391.563802,21.252604,18.244792
645.651550,388.727264,19.721354,19.104167
644.828796,386.793610,19.484375,19.484375
646.288452,385.043304,19.484375,18.265625
645.148560,383.227081,20.335938,18.578125
645.879028,380.677582,19.484375,19.078125
645.218384,379.290771,19.281250,18.671875
645.786316,376.020772,19.604167,19.802083
642.809774,376.499959,23.218750,17.664062
644.462280,373.169464,21.250000,19.140625
645.706421,372.315491,20.406250,17.875000
645.771667,369.392660,19.046875,17.643229
644.006632,367.693431,20.848958,17.958333
645.722148,366.861074,20.651042,16.640625
641.646057,362.859680,23.851562,20.726562
645.881287,360.282135,21.109375,19.281250
645.895996,359.836009,21.625000,19.333333
643.958374,359.382741,21.713542,17.229167
641.598267,358.420349,23.750000,16.843750
642.899536,355.369639,22.666667,18.291667
643.522461,352.817342,22.041667,17.666667
644.138692,352.002268,21.984375,17.869792
642.066142,351.055044,23.500000,16.833333
644.901204,346.969432,21.778646,18.898438
647.938700,344.589386,17.875000,19.125000
644.169779,343.425181,21.781250,19.208333
647.166423,343.400553,18.692708,17.458333
647.469177,337.342672,19.406250,22.572917
648.474467,338.943614,18.898438,18.692708
645.656921,335.929535,20.197917,19.406250
646.278076,335.873179,19.927083,18.075521
645.399028,336.013723,21.385417,16.635417
645.915588,328.328857,21.703125,21.703125
647.198995,327.905253,20.132812,20.750000
647.613159,328.618713,19.562500,18.296875
646.299357,327.607625,21.854167,18.044271
647.831787,326.658386,20.544271,17.458333
648.228353,323.501394,18.614583,18.812500
646.231750,320.545013,21.507812,18.968750
646.706319,321.167409,21.367188,16.635417
646.682048,319.730103,21.583333,17.229167
647.222758,317.167033,20.651042,18.846354
648.548726,312.976532,19.104167,21.778646
648.708557,312.543752,24.703125,20.005208
647.972046,312.089610,21.604167,18.020833
647.298421,309.916046,24.703125,19.578125
649.128621,309.139079,22.500000,18.468750
648.920288,307.249766,24.703125,19.364583
648.404093,305.088674,23.171875,18.468750
646.795878,303.811707,22.830729,18.291667
648.606771,304.420787,21.072917,17.229167
648.752991,302.428772,23.953125,17.656250
648.759806,302.779836,23.635417,16.802083
647.741292,301.374674,24.750000,16.833333
648.086792,298.717072,23.148438,17.664062
648.460531,297.378245,22.666667,18.291667
649.198690,295.745138,20.005208,18.083333
649.065002,296.056641,21.718750,16.843750
648.195211,296.093374,24.861979,16.841146
648.701843,295.414001,22.304688,15.976562
648.624349,292.411713,24.460938,17.242188
648.565308,292.429535,22.515625,17.031250
648.486694,292.077515,22.190104,15.195312
648.385254,289.788330,22.679688,16.429688
647.984314,290.984344,22.328125,15.421875
650.056641,291.619080,22.484375,14.867188
648.850281,289.173370,20.656250,16.609375
647.871216,289.686462,22.679688,15.062500
647.947449,287.661011,25.937500,17.125000
645.336589,286.862417,28.312500,18.218750
646.745178,288.601664,25.481771,14.989583
648.333944,286.655507,26.510417,17.252604
646.263529,287.240519,26.625000,15.307292
647.185364,287.380402,26.734375,15.132812
647.471069,286.571320,25.890625,15.343750
647.766724,286.243195,26.416667,15.375000
648.344116,286.959930,24.625000,14.078125
644.616903,286.285777,29.674479,15.437500
646.782939,280.804871,28.500000,20.583333
647.584045,284.184174,26.812500,18.281250
648.382019,283.368958,25.291667,19.791667
647.680603,281.427643,26.546875,19.750000
648.797078,283.393941,26.395833,18.489583
648.005859,284.343933,24.789062,17.765625
648.349609,285.036987,23.911458,16.562500
650.947835,285.183451,23.291667,16.833333
648.320984,286.055573,25.481771,15.401042
649.058512,286.195648,25.375000,16.416667
648.561951,285.381632,25.984375,17.442708
649.939148,284.732310,24.906250,18.044271
649.290548,284.368429,24.906250,19.815104
648.565287,284.048981,25.799479,19.078125
648.681173,287.293772,26.031250,16.296875
648.949361,288.058655,24.684896,14.945312
648.395630,287.389526,25.679688,16.187500
649.135539,285.084188,25.130208,18.296875
648.692586,287.368754,25.411458,16.901042
648.692932,285.627258,24.916667,18.510417
649.606873,286.307231,24.291667,16.901042
649.773010,286.447337,24.489583,17.015625
648.705322,281.352071,25.130208,21.927083
649.175232,286.611013,25.859375,16.229167
648.927673,282.258657,25.770833,21.286458
649.092143,285.316477,25.411458,17.348958
650.007751,285.871643,25.500000,17.406250
650.112590,286.320384,24.684896,16.937500
648.580139,286.601624,27.692708,17.015625
649.001119,287.349213,27.203125,16.677083
650.400899,281.447713,27.119792,21.585938
648.968201,285.812653,27.653646,19.078125
650.303019,284.292531,25.197917,19.208333
648.650675,283.817271,25.799479,20.236979
650.379395,284.556030,24.203125,18.812500
651.398153,286.460632,22.723958,18.244792
652.720642,287.114197,22.515625,17.875000
649.125468,286.817444,26.416667,16.416667
648.391927,287.192556,25.424479,17.643229
649.065389,285.381927,25.856771,18.507812
650.994995,286.723511,25.468750,17.312500
649.253092,285.635000,28.666667,18.723958
650.279663,285.042847,25.695312,18.671875
651.424377,284.088989,23.429688,20.937500
651.178894,283.367574,25.859375,19.364583
652.309265,285.672974,26.781250,18.343750
652.839844,285.348694,21.843750,17.312500
652.409281,287.959188,27.265625,15.520833
650.520630,284.488953,29.054688,20.195312
651.328145,286.301005,28.669271,18.044271
649.671407,285.544922,31.593750,18.846354
650.116943,287.234406,29.578125,17.710938
649.960531,287.349304,27.067708,17.351562
653.630595,288.397797,22.947917,14.661458
650.717021,288.204152,30.255208,15.947917
650.730489,288.914805,26.979167,14.885417
656.294149,287.265818,21.927083,16.161458
655.838867,288.515503,22.328125,15.828125
655.550374,286.560313,24.750000,17.031250
656.723409,288.575389,22.190104,15.606771
656.765076,288.200073,22.289062,16.625000
656.378764,287.444397,26.265625,16.640625
656.403625,286.479370,23.570312,17.875000
656.370076,285.483134,24.062500,18.296875
656.553955,287.507324,23.992188,16.398438
655.822062,287.774546,25.166667,17.250000
656.069153,287.318512,26.937500,17.210938
657.127136,287.354218,26.156250,16.093750
659.248474,288.435028,22.726562,14.289062
658.124756,285.655080,25.062500,18.044271
659.077271,287.156738,23.781250,17.664062
658.881165,287.114227,24.203125,16.820312
658.009705,286.446991,25.046875,17.031250
659.007690,286.971497,23.781250,17.242188
659.482361,286.721008,23.992188,16.820312
660.282247,288.088155,22.875000,17.041667
659.532471,286.903025,24.247396,16.841146
659.201416,284.110260,24.625000,20.617188
657.124227,286.088287,26.677083,18.486979
659.070801,286.142426,25.242188,18.898438
658.810933,287.683919,25.750000,16.583333
658.771098,286.181315,25.424479,18.075521
659.434143,286.485524,23.843750,17.572917
659.245789,288.523743,23.421875,15.520833
659.019348,287.009888,23.546875,16.437500
659.089742,287.572937,23.013021,15.606771
658.842041,287.385468,23.460938,15.453125
658.373006,288.798411,23.458333,16.039062
658.401123,287.605316,25.263021,16.239583
657.292725,288.618744,24.414062,15.343750
657.840027,287.761139,23.750000,16.437500
657.617147,286.382863,23.916667,18.708333
657.493103,287.366974,23.911458,17.210938
656.907043,286.464783,25.257812,17.875000
655.803385,286.968913,24.684896,17.822917
656.168640,286.102570,25.062500,18.281250
655.864136,286.576202,25.859375,17.796875
654.373922,287.972616,25.859375,17.572917
653.137777,288.119019,24.067708,16.005208
654.350281,288.788503,19.791667,15.734375
653.278666,288.015045,21.052083,16.440104
652.562500,289.294250,21.507812,15.843750
652.663818,288.297882,22.583333,16.994792
652.270630,288.576538,23.546875,17.046875
651.011536,287.330566,23.992188,17.875000
650.312500,287.338379,22.830729,18.507812
650.000346,288.109578,22.354167,17.442708
649.431091,286.512736,26.098958,19.104167
649.630229,287.444255,24.776042,18.507812
648.506409,287.166473,25.635417,18.916667
647.126953,288.414408,23.687500,18.187500
644.878723,287.887024,27.250000,17.625000
645.292684,287.931071,26.666667,18.416667
645.127299,288.463226,22.786458,17.223958
643.105855,287.281779,23.135417,19.151042
642.796570,287.789734,25.062500,18.062500
644.418518,288.662750,21.781250,17.625000
642.656718,289.419373,23.708333,16.833333
642.152995,289.431488,23.500000,16.416667
642.837463,288.506358,22.190104,17.664062
641.263082,288.329102,22.875000,18.291667
640.804362,288.095683,25.343750,18.083333
639.243062,287.838664,23.395833,18.468750
637.972229,290.234131,25.062500,16.531250
638.988831,288.297119,21.460938,18.296875
637.132650,286.743856,24.541667,20.166667
635.726379,288.136780,24.843750,19.156250
636.573405,287.748810,21.625000,19.104167
635.169332,287.065531,22.614583,19.156250
636.283813,286.526337,22.437500,20.687500
634.827637,286.983388,22.947917,20.260417
633.641296,285.594666,23.882812,21.843750
633.233744,291.219035,24.223958,17.588542
634.726868,293.321075,22.976562,15.726562
635.011271,289.703532,23.635417,19.791667
632.783834,287.316305,28.005208,22.028646
636.051554,287.583639,29.276042,20.932292
639.911540,288.495748,29.395833,20.583333
639.774353,289.187500,32.645833,19.630208
645.190898,294.995260,30.166667,15.062500
649.814046,294.668996,23.760417,13.864583
647.511678,294.023997,28.726562,17.351562
649.356445,294.383606,26.546875,17.406250
649.086934,295.181478,30.338542,14.661458
651.386292,295.832947,28.562500,14.562500
652.448161,296.851532,23.208333,14.239583
650.078369,296.226471,24.359375,14.812500
648.612915,294.588552,25.541667,16.437500
647.710205,294.280762,26.208333,17.666667
647.652181,285.139832,26.289062,26.072917
651.660095,295.455292,23.429688,17.312500
652.912231,284.321869,21.101562,27.153646
654.509033,286.336243,19.351562,25.695312
653.606689,283.069702,20.453125,28.421875
654.675842,283.709920,19.604167,28.661458
654.160177,285.209981,17.080729,28.460938
653.462484,285.719655,16.877604,27.541667
654.047567,290.481038,17.572917,23.395833
655.311340,292.969920,13.385417,20.005208
649.991028,297.021372,9.968750,17.015625
654.613973,292.483175,5.697917,17.656250
652.929810,290.076894,16.375000,21.286458
652.975321,287.478821,17.442708,24.062500
652.683167,287.116608,19.364583,25.984375
652.828512,288.843852,17.229167,25.343750
650.977722,291.259216,19.791667,25.343750
649.653605,296.048838,11.250000,23.421875
650.689840,295.874064,15.947917,21.713542
652.072774,290.264282,17.015625,21.500000
649.523376,297.606944,17.442708,22.994792
649.464498,297.469920,16.161458,24.062500
646.404236,300.445608,12.958333,21.927083
648.784424,301.088857,18.510417,22.994792
648.830790,295.474650,19.364583,28.760417
648.730164,304.484975,14.453125,20.859375
648.734578,303.464071,14.453125,24.062500
649.232747,303.876882,15.606771,18.692708
648.443909,305.415009,17.601562,24.632812
647.627686,304.277852,19.104167,23.630208
648.952108,300.751821,23.911458,17.427083
648.172282,300.995127,22.140625,15.093750
649.310852,301.627228,21.515625,18.062500
648.827169,303.675934,23.562500,15.645833
648.521891,304.181132,24.059896,15.036458
648.543396,302.594493,22.375000,15.843750
648.557719,304.732554,21.187500,14.062500
649.623596,303.332916,23.125000,16.187500
649.176636,304.750366,22.484375,15.257812
648.947754,304.291412,23.070312,15.648438
649.329244,303.198252,23.760417,17.229167
649.580729,303.463857,24.125000,17.250000
650.306152,300.049500,22.093750,20.406250
650.670736,306.297272,22.692708,15.830729
650.319031,304.932373,23.781250,16.609375
649.346334,304.594198,23.916667,17.041667
649.701965,306.574768,23.781250,15.765625
650.038330,306.902557,24.156250,15.421875
649.882467,308.359843,24.260417,14.234375
650.828328,304.792938,23.739583,17.380208
651.317627,304.659943,23.750000,18.265625
652.254395,306.109772,21.671875,18.085938
652.652222,309.277100,21.718750,14.609375
652.280701,309.635671,22.005208,15.453125
653.542257,309.215169,22.583333,15.838542
653.640076,310.297546,21.117188,16.234375
654.886597,311.407104,20.687500,14.312500
653.796082,310.889191,22.203125,16.093750
654.862915,310.897858,19.937500,16.000000
656.058228,311.261017,20.229167,16.531250
656.441711,312.244303,20.229167,15.052083
656.566264,309.611460,20.505208,18.135417
657.485677,309.963745,20.960938,19.059896
657.562561,314.834086,23.057292,14.635417
658.309957,314.709117,22.005208,14.489583
658.241455,312.020386,21.437500,18.062500
658.339172,311.174103,23.656250,18.382812
659.699259,311.515025,22.395833,18.486979
659.947367,314.429911,22.994792,17.015625
660.354106,315.593943,21.416667,16.416667
660.600972,316.968943,22.968750,15.052083
660.175720,316.670044,23.460938,15.843750
661.023885,316.739990,22.054688,16.841146
662.525513,318.925476,22.856771,15.437500
662.544759,317.906626,20.463542,16.609375
662.926819,318.661896,20.875000,15.250000
663.661621,318.277985,20.044271,17.270833
665.048401,318.210266,18.773438,16.234375
665.000814,320.842306,22.817708,14.867188
664.280172,320.827077,21.531250,16.968750
665.961100,321.327993,19.802083,15.447917
666.296733,320.882985,20.390625,16.208333
666.825195,321.204417,21.341146,16.778646
667.507121,322.441711,21.781250,15.843750
666.175049,321.845245,23.460938,17.796875
668.227417,324.138275,22.328125,14.812500
668.667358,322.433360,16.802083,16.609375
666.443034,325.005686,19.674479,15.976562
664.588989,326.003510,22.203125,16.093750
670.645020,326.709259,16.937500,15.250000
669.933716,327.359009,16.453125,15.914062
669.882751,327.252299,16.065104,16.403646
671.161987,326.152049,16.572917,19.281250
672.148865,325.231079,15.734375,20.046875
672.896342,328.967967,16.161458,16.901042
672.799967,328.599325,16.528646,17.575521
673.067688,331.232971,16.992188,14.835938
673.276632,329.825439,16.234375,18.096354
674.412008,330.432068,15.875000,17.291667
674.080872,330.541931,17.156250,17.671875
674.082764,332.688599,16.632812,16.453125
674.302572,334.404449,17.750000,14.958333
675.573364,333.649323,17.156250,16.296875
675.471802,334.262329,18.187500,16.984375
675.450623,334.849091,18.968750,17.171875
676.221741,335.844421,21.250000,17.687500
675.912516,337.077799,19.802083,17.229167
676.737874,336.730916,19.692708,17.572917
677.554911,338.472961,19.692708,15.067708
677.137044,336.831502,19.593750,18.864583
677.219910,337.979950,21.427083,17.380208
678.428284,338.992981,19.890625,16.640625
678.029765,340.080465,21.234375,17.765625
679.728373,339.804932,20.395833,18.614583
680.158142,341.172241,21.718750,18.062500
680.586039,341.370158,21.000000,18.083333
680.320190,341.899872,21.921875,18.875000
681.032735,344.083516,21.927083,17.229167
680.859802,344.479340,22.734375,17.453125
681.469462,345.473399,23.916667,17.875000
681.540894,345.628520,21.317708,17.859375
681.647664,341.944855,19.721354,23.630208
680.856425,345.631989,23.479167,19.588542
682.618795,346.650940,21.828125,19.812500
682.254740,347.432454,23.046875,20.453125
682.167419,348.946686,22.976562,19.804688
682.666016,341.801514,23.531250,27.468750
682.930155,341.212077,24.145833,28.958333
684.317952,352.487691,21.125000,16.333333
684.043457,351.700714,22.296875,19.125000
685.608459,351.474579,20.020833,17.859375
684.354553,353.207336,22.190104,18.692708
680.752970,351.203308,26.838542,20.218750
686.226908,353.981527,19.364583,19.140625
686.098918,351.839040,20.218750,22.140625
685.170166,357.134796,20.687500,20.468750
686.734253,358.660075,20.020833,19.588542
687.097677,355.812693,19.515625,22.395833
685.373739,357.389689,21.533854,19.372396
686.415955,354.368123,20.432292,25.130208
686.582316,359.507985,20.036458,18.916667
687.128805,361.324402,19.791667,20.005208
687.915710,362.880707,19.750000,16.833333
686.591146,361.416158,21.187500,21.583333
688.157572,366.593842,20.583333,17.666667
688.393066,366.304789,22.856771,18.645833
687.855835,365.465363,22.734375,20.093750
686.508443,366.670308,20.859375,19.151042
687.542114,368.335114,23.140625,18.468750
688.679565,368.959819,20.005208,18.510417
687.750916,368.983154,20.296875,19.078125
684.298340,369.867981,22.531250,17.859375
684.715902,368.146566,21.833333,21.625000
686.788269,368.309753,20.468750,23.093750
684.912292,371.337402,21.617188,20.710938
684.615540,371.847351,22.218750,21.781250
685.751709,372.523224,21.166667,22.083333
684.686666,374.630809,21.156250,19.588542
685.157308,374.784648,20.432292,19.151042
683.854106,376.436615,21.984375,19.104167
683.242147,375.305562,23.635417,21.072917
682.425049,377.640625,23.203125,20.257812
682.843343,378.411713,21.828125,20.260417
680.881429,377.581797,24.703125,19.791667
682.357808,379.621958,22.276042,19.140625
681.804403,380.290985,23.695312,22.182292
681.106995,379.947479,25.695312,20.031250
681.417786,381.467407,20.921875,22.093750
679.648905,381.628215,21.604167,22.052083
677.300903,383.064555,24.833333,19.333333
676.478027,382.507416,22.770833,21.166667
677.041260,384.260162,21.390625,20.710938
673.436686,384.891469,24.906250,20.921875
674.728373,385.042989,21.859375,21.395833
673.513977,384.842102,24.335938,21.390625
673.165914,385.799113,25.408854,21.854167
672.078674,384.578491,25.234375,24.010417
671.297872,386.474019,21.927083,21.927083
670.862976,387.255432,20.375000,20.617188
668.698486,388.269867,21.166667,21.625000
667.134928,389.048381,23.843750,19.364583
665.363871,388.483866,26.979167,21.380208
664.394857,388.766724,25.882812,20.669271
663.381592,388.147430,25.703125,22.554688
659.838257,389.389435,24.500000,21.250000
659.748494,389.749613,22.562500,22.322917
656.980591,389.493958,26.546875,19.750000
655.992391,389.371867,23.281250,21.364583
654.438029,389.590281,25.567708,20.236979
653.267029,390.187998,21.854167,22.565104
649.210897,390.268595,24.640625,22.554688
649.358622,390.110860,24.255208,22.786458
647.787170,390.529144,25.492188,21.286458
644.028280,390.716003,24.010417,21.317708
645.402507,389.989319,21.395833,20.700521
644.437276,390.255514,21.807292,20.036458
642.483643,390.137024,23.968750,21.781250
643.952861,390.377858,21.395833,22.312500
643.341166,389.491211,22.083333,20.708333
643.771749,389.310486,21.380208,20.708333
641.716715,389.541799,23.578125,22.028646
643.071960,389.408569,22.091146,20.932292
642.409627,387.059224,21.604167,21.380208
641.136007,386.442759,22.723958,22.500000
641.136759,388.556346,23.945312,21.859375
642.056295,386.301412,21.125000,24.239583
640.114136,386.910309,22.562500,21.625000
640.284180,384.908498,25.335938,23.018229
640.827148,386.649200,24.250000,22.554688
640.544067,384.722748,24.492188,22.796875
639.855794,383.809611,24.239583,22.562500
639.490112,382.840851,26.213542,23.520833
641.072896,384.767131,23.203125,21.671875
640.549438,377.581268,24.492188,27.640625
640.423136,379.468953,26.765625,26.260417
640.335754,377.055054,27.562500,27.828125
639.101949,378.765920,25.520833,25.520833
639.816711,382.980347,23.046875,21.187500
640.559082,382.731374,23.481771,21.208333
640.348389,378.416270,22.562500,24.479167
639.420329,378.033457,26.234375,23.513021
639.895854,379.245443,24.989583,21.927083
640.953084,378.203776,24.255208,23.276042
640.361430,377.491130,23.513021,24.255208
637.453634,378.205393,25.492188,23.018229
640.770101,379.588857,25.479167,19.604167
639.947205,377.399841,23.265625,20.218750
639.943787,377.603394,25.468750,21.164062
640.589661,376.712128,23.281250,21.604167
638.791809,376.314362,24.203125,21.859375
638.850464,375.765564,21.585938,20.617188
639.744893,371.290385,24.145833,23.687500
634.659648,375.487651,25.197917,20.406250
638.916300,373.148081,21.854167,22.328125
638.681925,373.695516,23.018229,21.164062
638.282511,372.977285,22.770833,20.708333
638.690308,371.877340,19.812500,21.828125
639.686951,372.656921,19.156250,21.343750
638.566895,368.820526,19.773438,24.835938
638.905253,372.682363,19.372396,20.479167
637.897278,371.664124,19.984375,30.109375
637.489217,370.821259,20.257812,21.364583
638.152710,370.718964,19.593750,20.687500
635.283203,370.784607,22.093750,20.828125
636.398987,368.887767,21.807292,23.578125
636.053121,369.624695,21.859375,21.859375
638.544983,371.156799,18.898438,18.218750
635.381897,368.803914,21.317708,20.236979
635.770996,369.526031,22.656250,18.281250
635.281413,369.197906,21.072917,19.791667
633.997660,368.341125,23.635417,18.723958
634.350281,368.630900,23.046875,19.372396
634.234701,368.148804,23.799479,19.372396
633.101562,367.380951,24.067708,20.484375
634.401815,364.969635,23.481771,21.859375
633.871033,365.617737,24.177083,20.700521
633.531047,360.515981,24.408854,25.104167
633.582621,361.612732,23.031250,24.010417
633.315226,358.633148,24.989583,27.437500
633.408936,364.387848,23.203125,21.416667
633.476440,359.217377,24.250000,26.429688
633.269185,361.811422,25.500000,23.458333
633.079834,358.463989,24.989583,26.520833
632.865967,361.526652,24.335938,24.335938
632.550639,364.706533,23.203125,20.651042
632.664062,363.918549,22.554688,20.617188
632.185771,362.150014,22.541667,21.395833
631.915833,359.646261,24.604167,23.916667
631.422017,361.127380,25.197917,23.041667
630.487386,363.729716,27.776042,19.692708
630.790588,362.550018,22.312500,20.859375
630.628092,359.657308,26.494792,22.786458
631.114014,361.204498,23.039062,22.070312
629.499023,353.026184,26.546875,29.828125
628.708374,362.089142,26.976562,19.307292
631.756836,360.028229,23.265625,21.625000
630.627686,360.965729,24.437500,20.921875
632.079834,358.764231,23.986979,23.750000
631.928365,361.039581,19.059896,19.802083
631.826965,362.162445,18.812500,17.875000
628.947591,360.105153,21.828125,20.708333
630.305176,361.060669,20.257812,19.372396
626.936035,360.261902,22.304688,20.406250
626.644531,361.325256,23.312500,19.156250
628.155334,360.806264,22.028646,19.372396
629.963338,359.470479,19.804688,20.453125
627.915568,360.527751,21.984375,19.104167
626.431702,357.627421,23.848958,20.645833
626.965535,360.551839,22.276042,18.244792
629.776143,360.986003,20.645833,17.442708
628.300537,359.034668,20.703125,19.078125
626.270732,359.391062,24.125000,18.291667
625.583252,359.943146,24.187500,18.500000
620.788778,353.065877,28.890625,26.234375
619.683980,356.466807,28.812500,20.932292
623.890625,359.087850,24.989583,20.338542
623.815165,355.110921,26.726562,22.554688
623.361877,356.381622,25.945312,21.343750
623.309957,354.027771,27.114583,24.000000
623.341125,356.367279,27.500000,24.500000
622.549255,353.360107,27.554688,23.945312
624.182678,352.258270,23.458333,24.734375
623.596924,357.484772,25.500000,25.000000
622.342896,354.807159,27.250000,23.250000
621.708781,356.135020,22.976562,21.208333
621.355062,356.170431,24.958333,22.322917
621.943319,357.336833,24.502604,23.513021
621.486267,357.152069,20.859375,25.460938
622.634359,357.638123,20.236979,20.005208
619.496704,358.090485,22.437500,19.812500
619.711650,354.834819,26.013021,23.135417
622.583516,356.292684,19.773438,21.627604
618.024902,354.653351,24.242188,22.914062
617.755717,356.495900,22.786458,21.164062
617.308655,357.027832,23.968750,19.593750
617.031799,354.389069,23.882812,22.976562
617.365316,355.850342,24.479167,20.885417
616.744446,353.725464,24.671875,21.625000
617.634338,354.149231,23.039062,21.101562
617.145162,353.614522,24.408854,22.091146
616.537354,352.771362,24.718750,20.645833
617.418823,352.878123,22.328125,19.721354
617.071025,352.427968,23.395833,18.916667
616.979675,351.868368,24.463542,17.822917
616.969360,348.897430,22.656250,21.125000
616.311157,348.307404,22.070312,20.257812
616.702698,347.897034,21.143229,20.700521
616.363057,341.404551,24.559896,25.640625
615.899556,344.269073,25.062500,20.479167
615.672648,343.857890,25.408854,19.010417
615.331726,339.643443,25.979167,23.229167
614.209900,340.625488,24.976562,20.617188
614.913411,336.380880,19.958333,23.986979
614.029012,336.439280,20.479167,23.000000
614.794149,336.399648,19.588542,21.604167
614.000244,336.900360,21.533854,20.453125
611.532776,336.148041,22.656250,17.843750
613.649658,320.238037,21.671875,33.906250
611.914144,331.738403,21.807292,20.700521
609.041036,319.360921,25.127604,31.546875
611.728088,329.386841,21.390625,19.515625
611.697367,327.013682,21.143229,20.921875
610.650269,322.517151,23.750000,24.625000
608.697306,315.487467,23.000000,29.416667
608.955933,322.902313,23.523438,21.828125
609.876261,321.684265,22.565104,21.380208
610.137329,319.981293,21.617188,19.351562
609.101990,318.178935,23.635417,19.791667
608.267639,309.928080,23.799479,27.341146
608.871623,310.322367,22.091146,25.335938
609.669434,311.320170,23.031250,21.317708
608.833516,307.753489,21.164062,21.627604
608.546041,305.804942,23.135417,24.020833
607.547994,306.228282,22.554688,22.786458
607.228638,308.165253,23.656250,19.804688
608.409973,304.661896,17.992188,23.203125
606.947428,304.940694,19.364583,22.354167
606.637390,306.337250,20.031250,20.250000
605.741231,306.761505,20.338542,18.898438
608.100098,306.830292,18.265625,18.875000
606.707764,307.171448,19.164062,18.578125
603.856730,305.201619,22.375000,20.000000
605.011882,306.616760,20.750000,18.898438
605.443319,305.840281,21.000000,20.166667
603.264058,304.969065,22.830729,21.101562
602.825256,306.808838,21.617188,20.710938
602.659444,305.649272,24.906250,18.486979
604.664958,305.944336,22.723958,19.140625
602.579692,304.612244,21.927083,17.869792
601.788086,305.171082,22.937500,17.859375
602.681681,303.859629,21.833333,21.208333
601.294250,303.715759,22.218750,17.843750
601.354045,303.610524,20.166667,18.291667
601.141785,304.280680,20.250000,17.242188
600.486206,302.884796,21.507812,18.187500
600.300273,301.804850,19.721354,19.721354
600.273519,301.820211,24.453125,18.692708
599.861369,296.396840,23.695312,22.830729
598.860046,296.035889,20.710938,22.070312
599.014282,296.464264,19.375000,19.593750
599.416890,296.775838,18.898438,20.132812
598.804077,296.181814,19.046875,19.848958
597.584167,297.107910,20.093750,16.640625
594.463521,296.124624,22.776042,17.765625
595.753235,294.320435,21.921875,18.468750
596.647400,293.066162,19.562500,19.562500
595.067708,289.031860,21.854167,23.057292
595.081543,291.056915,20.406250,18.929688
593.915365,289.126648,21.653646,18.846354
594.159526,289.228373,21.572917,17.458333
593.432556,288.769104,23.546875,17.250000
593.170105,287.642700,21.250000,17.875000
593.417887,284.844523,21.453125,19.247396
593.554565,280.569763,20.406250,20.617188
593.211060,279.939667,18.929688,20.406250
592.238261,282.088806,24.460938,16.841146
592.329102,278.678772,19.773438,19.140625
591.712402,280.356771,18.645833,16.640625
591.566569,276.096425,18.679688,20.390625
591.073100,273.150472,18.445312,20.851562
589.966777,272.796916,19.309896,19.309896
588.125366,273.435028,21.312500,17.046875
585.398132,272.853516,23.057292,17.041667
586.222107,272.048777,23.708333,17.666667
585.002869,269.630422,24.489583,17.442708
584.441935,267.892059,24.489583,16.161458
584.713989,263.726695,23.708333,19.958333
584.783752,264.146637,24.776042,16.778646
584.889791,263.628601,24.489583,17.229167
584.242106,258.945516,24.992188,20.669271
584.244507,257.046600,24.562500,20.031250
582.329508,257.059621,25.567708,17.919271
580.499756,257.829631,27.651042,17.348958
579.185750,256.357045,26.437500,17.270833
581.342550,253.518728,24.739583,18.020833
579.598206,252.856537,24.406250,17.406250
578.267883,253.207520,25.890625,15.554688
579.403035,249.285940,24.333333,18.500000
578.298950,248.167847,22.875000,19.375000
577.568909,247.653320,26.375000,17.625000
577.063293,246.391556,25.242188,16.859375
576.764648,244.127111,26.289062,20.236979
576.315186,243.292435,23.882812,19.351562
575.429789,242.086339,23.799479,18.929687
574.953532,241.271678,23.135417,18.044271
573.914490,240.444595,25.468750,18.296875
572.358683,240.891942,27.783854,16.937500
572.476318,240.422643,29.218750,17.125000
573.232625,239.512192,24.872396,16.528646
572.311483,236.904455,24.242188,18.265625
568.720256,236.533351,26.937500,16.994792
572.182576,235.164581,22.947917,18.916667
571.119202,235.386536,22.937500,16.609375
569.389282,235.009399,23.546875,15.625000
569.905457,234.500956,24.460938,15.036458
569.720174,233.594345,23.958333,15.843750
568.143433,231.859238,25.171875,15.828125
568.162191,231.562047,25.583333,16.208333
567.316569,229.640503,25.791667,17.875000
566.694092,230.209488,26.156250,17.406250
565.829325,230.047892,28.098958,15.781250
566.554688,229.427277,24.625000,16.531250
563.145996,227.762126,25.375000,18.083333
561.958252,227.408340,27.468750,17.187500
562.007446,228.003067,27.054688,15.273438
562.471008,227.113866,26.937500,17.643229
561.722717,226.628092,24.242188,15.830729
561.692037,227.341822,23.083333,15.375000
561.739970,225.695262,22.968750,17.427083
560.768901,225.380544,23.291667,17.458333
559.958679,224.893860,25.257812,19.140625
558.642395,227.140864,24.020833,15.609375
547.945475,222.055110,38.083333,20.375000
548.012390,222.831360,36.437500,20.906250
548.239563,222.444697,39.010417,20.468750
545.719299,222.943863,35.148438,19.890625
542.755941,224.492757,38.005208,18.609375
541.325195,224.394119,46.421875,21.718750
541.352580,225.433838,41.125000,20.226562
537.550273,227.053589,41.833333,20.541667
540.629842,227.017349,39.791667,19.083333
540.740723,225.170446,42.536458,22.484375
538.514730,228.295375,47.218750,19.729167
537.890238,228.884237,39.442708,22.286458
546.126628,231.742518,32.445312,17.171875
544.181702,232.380544,35.088542,17.041667
545.191752,232.801636,30.791667,16.708333
545.108276,233.140945,29.359375,16.726562
548.902161,233.495295,28.171875,16.666667
545.090983,232.912374,25.567708,18.614583
545.934957,233.778300,29.645833,18.645833
549.092021,233.261017,27.067708,19.484375
547.868306,236.353938,28.072917,15.135417
546.404053,236.721451,27.281250,17.765625
548.080526,237.234156,27.354167,16.812500
545.996277,236.885269,27.250000,17.406250
545.008911,237.017685,28.669271,16.716146
545.728394,237.897964,28.414062,16.632812
545.300435,239.708644,27.203125,16.453125
545.316101,238.634918,28.781250,16.750000
546.688883,239.433863,24.604167,17.270833
545.354675,239.240865,29.315104,18.075521
545.947815,239.939194,28.414062,17.765625
546.121948,240.587631,29.359375,18.109375
544.883870,241.395681,28.072917,16.812500
546.274516,240.747345,27.583333,17.270833
546.486959,241.767049,27.125000,17.041667
545.501587,241.178513,28.414062,17.085938
545.099589,241.640584,26.958333,17.223958
545.122009,243.505788,26.234375,16.052083
546.070170,242.889862,27.585938,16.346354
546.094950,242.455419,27.341146,16.937500
545.709574,244.841512,25.411458,15.333333
546.038513,243.819819,28.119792,18.510417
545.050171,244.148463,29.666667,18.244792
545.515015,244.276321,30.531250,17.875000
548.243062,245.065857,29.151042,17.156250
548.066284,245.527802,29.739583,16.992188
546.478516,246.359497,33.343750,17.640625
547.949036,245.960251,29.697917,17.328125
550.335999,246.163340,28.015625,18.536458
552.265218,247.025314,25.916667,17.291667
552.260986,247.757233,27.960938,17.312500
553.063232,247.646301,27.427083,17.572917
553.536072,248.457403,31.020833,17.958333
553.632975,248.862000,28.552083,16.572917
556.105143,247.481786,24.604167,16.583333
556.391479,248.651011,26.721354,17.210938
556.333516,249.212850,25.411458,16.901042
553.433105,248.926254,32.341146,16.778646
559.295410,239.323456,28.640625,27.507812
559.950277,249.622854,25.408854,17.825521
560.447815,250.633362,27.734375,16.632812
560.223897,249.715393,29.890625,18.468750
561.294047,250.333689,29.674479,18.062500
561.177429,250.233551,29.578125,18.921875
560.622742,251.198893,31.182292,17.822917
560.621073,251.502126,31.677083,18.070312
562.003845,252.377146,31.429688,18.317708
561.133484,253.343536,28.125000,16.015625
564.174581,251.994751,27.812500,19.562500
563.394307,254.225464,28.252604,16.640625
565.023438,254.033478,27.507812,17.312500
565.603434,255.085561,27.812500,17.270833
566.176371,254.044383,26.208333,18.187500
568.708191,255.230245,25.291667,18.187500
568.465393,256.056366,28.770833,17.348958
568.330790,256.283254,29.276042,17.455729
569.037557,256.453817,26.830729,17.114583
569.116903,256.966939,25.635417,16.229167
569.057373,257.397725,27.052083,16.802083
568.583781,257.845683,27.783854,17.158854
569.067830,256.758443,29.416667,17.729167
568.698853,257.280548,29.031250,18.729167
568.590576,257.492045,26.947917,18.135417
567.002808,258.759959,29.044271,17.919271
565.030457,258.073181,27.015625,17.406250
565.216125,259.192993,26.828125,18.445312
564.002502,260.148580,27.421875,17.223958
562.258545,259.474792,25.468750,16.632812
562.095825,259.802907,26.937500,17.427083
560.912964,261.377899,25.937500,17.406250
561.679077,261.805298,23.968750,16.531250
560.930664,262.745097,23.500000,16.416667
560.390442,262.693817,25.375000,17.656250
560.266947,263.035288,25.557292,18.510417
561.468099,263.629883,25.187500,16.229167
560.844421,264.746175,24.489583,17.229167
560.848612,264.359853,26.505208,17.210938
561.810384,264.554301,26.979167,17.796875
561.810628,264.931895,25.291667,17.958333
561.335673,264.866984,27.203125,18.244792
562.190165,265.736643,24.604167,16.125000
562.394226,266.374115,25.062500,16.093750
562.201355,265.513855,25.257812,18.507812
562.664490,267.512899,25.791667,16.716146
562.804301,267.242483,25.640625,17.859375
561.747986,267.448507,27.341146,18.929688
563.123535,267.921580,25.335938,16.992188
562.119080,269.732574,26.812500,16.531250
562.999552,269.823425,27.783854,16.494792
563.102743,270.677419,26.455729,16.494792
562.687500,269.968913,28.018229,18.075521
563.356201,270.197510,26.148438,18.445312
563.619649,270.142802,28.500000,19.104167
562.179443,270.550791,26.635417,18.729167
561.749166,272.023193,24.833333,17.041667
561.712830,272.755035,24.187500,17.843750
560.472656,271.184937,25.500000,18.937500
560.422567,271.983063,25.062500,18.645833
558.312276,273.186137,27.203125,19.364583
555.945007,273.214294,26.781250,19.750000
555.028198,272.814026,28.656250,20.687500
554.895630,274.742055,25.408854,18.773438
555.389038,276.737701,25.468750,17.992188
552.609009,272.858480,25.348958,21.585938
550.947469,274.220337,26.726562,20.468750
552.096619,276.878479,27.250000,18.343750
551.739034,273.750458,26.031250,21.859375
552.105876,277.059214,25.968750,18.380208
551.624227,278.597727,26.263021,17.223958
551.973816,279.835185,26.455729,16.273438
551.665365,277.880452,25.856771,18.291667
552.241638,278.539795,25.468750,18.445312
550.870178,280.306458,27.054688,16.406250
