115.000000,399.000000,24.000000,12.000000
117.515264,400.519928,27.562500,15.875000
118.539124,400.045471,26.500000,19.000000
119.974564,400.393311,25.609375,16.625000
121.101201,401.057800,26.510417,16.018229
120.806305,401.630615,29.054688,15.765625
121.481496,400.008809,28.669271,17.380208
125.012914,400.712789,26.263021,17.223958
128.247635,400.876343,25.062500,19.156250
128.634216,401.144897,25.468750,22.750000
128.837173,402.044464,27.484375,22.328125
129.862228,404.032928,30.765625,19.750000
130.127645,402.123637,30.947917,22.083333
130.587672,403.666331,40.153646,23.734375
135.690186,402.139048,34.596354,26.007812
137.728856,402.726878,32.070312,24.997396
139.581818,407.176300,29.359375,19.820312
138.184535,407.254506,30.864583,20.093750
142.618576,407.208893,25.500000,20.250000
143.051025,406.419352,25.645833,22.565104
144.551941,406.904816,24.976562,22.796875
146.408356,405.560628,26.213542,24.010417
146.191035,407.215861,27.885417,23.481771
145.758586,405.757436,28.906250,26.213542
149.636978,408.931946,27.039062,23.945312
150.086828,409.533681,26.765625,22.723958
151.915863,409.059631,25.750000,23.945312
152.893901,412.118490,27.718750,21.286458
153.185755,411.408722,28.533854,22.471354
150.020844,415.028137,33.484375,19.304688
151.055028,414.783610,33.351562,19.674479
150.729314,416.821208,35.192708,19.148438
150.517909,416.967570,37.562500,20.770833
147.605194,416.984263,41.307292,21.437500
144.672852,416.905487,45.828125,23.265625
148.317337,416.045868,45.062500,22.875000
159.817093,415.239136,34.583333,23.604167
168.396388,418.076050,26.812500,22.817708
168.725932,417.143931,27.541667,23.750000
169.355728,417.816681,28.328125,23.083333
169.071874,418.397400,29.700521,23.799479
171.129395,416.446299,29.700521,26.078125
174.187032,422.023794,27.927083,29.359375
175.130102,423.494395,29.072917,29.359375
175.793350,402.734344,30.195312,50.429688
175.918482,400.717143,31.812500,53.260417
176.888835,403.319132,31.817708,53.739583
177.313451,407.482432,32.666667,49.333333
176.852753,402.402588,35.101562,52.679688
181.846832,419.099731,31.843750,38.820312
182.396866,424.913279,32.492188,32.130208
182.764709,426.214203,34.000000,31.937500
182.876765,430.046295,34.854167,26.390625
182.861938,428.721527,39.757812,29.507812
182.194870,432.827454,39.296875,25.523438
182.494675,431.318054,40.718750,25.984375
185.528483,432.342845,40.046875,18.973958
188.552394,432.900075,37.783854,22.481771
196.455409,432.684672,31.656250,19.450521
197.321503,434.886536,32.687500,17.791667
200.591721,432.827911,30.132812,20.851562
204.600266,432.433512,28.708333,22.276042
205.698044,438.531799,28.843750,16.984375
207.934001,435.782532,28.661458,20.828125
208.949870,436.524841,30.192708,21.286458
208.425832,436.465413,32.250000,22.354167
212.315374,439.494019,30.250000,19.958333
213.755325,441.172607,30.648438,19.562500
216.032847,442.695374,30.934896,18.565104
216.153488,441.026469,33.802083,21.072917
218.978109,445.035258,34.177083,20.395833
219.446330,446.528636,30.984375,18.096354
221.959000,443.827576,29.250000,24.250000
223.009181,445.952647,30.947917,23.916667
224.517639,443.987793,30.257812,28.343750
224.871872,445.377411,31.281250,25.968750
225.512324,449.267629,31.929688,22.734375
226.343536,450.914795,31.281250,22.250000
228.588445,454.398061,29.932292,19.411458
225.600494,454.302490,35.750000,19.250000
231.772970,453.510478,30.984375,22.830729
232.388428,453.931519,30.750000,24.640625
232.219457,452.542165,33.044271,26.635417
230.179891,455.772766,36.000000,22.583333
229.623845,455.450999,48.671875,24.541667
228.187368,456.218424,45.934896,24.242188
239.644109,457.742279,36.156250,23.135417
240.103099,457.051290,34.778646,25.171875
242.714050,459.111053,33.296875,24.765625
243.832550,461.265717,34.252604,23.070312
247.172424,457.434021,31.625000,28.416667
248.362590,457.611735,32.036458,28.656250
247.786875,460.975016,34.187500,26.505208
247.593740,458.656230,41.286458,29.820312
255.156901,464.398885,31.273438,25.088542
250.854126,464.457001,38.497396,26.411458
257.752228,465.581065,32.250000,25.739583
257.468496,469.211202,35.109375,23.125000
256.900462,467.548971,39.208333,26.958333
264.396444,466.616730,32.651042,28.963542
265.356761,464.785980,32.770833,31.182292
271.514974,471.516022,29.666667,25.333333
271.806020,475.256032,33.088542,22.921875
272.705597,480.623912,32.718750,19.125000
273.993134,482.165995,32.796875,18.473958
276.932139,480.746033,32.958333,21.041667
279.630341,480.776581,31.937500,22.914062
280.113413,482.975047,33.770833,20.770833
282.237844,485.576345,35.395833,19.958333
286.467834,486.342987,33.671875,20.125000
287.900777,486.317942,33.031250,27.822917
288.292175,486.835144,33.539062,31.351562
290.053680,489.024658,35.088542,29.645833
293.552541,490.608429,33.020833,29.395833
295.977620,494.281026,33.083333,26.494792
297.913289,494.236206,33.643229,28.851562
300.681915,496.384644,33.906250,27.812500
302.787669,496.165894,33.020833,29.093750
304.281718,496.000753,33.572917,29.885417
305.509827,493.751689,34.994792,34.677083
306.434296,495.473185,36.333333,33.000000
305.175466,497.854340,40.083333,31.708333
313.108978,503.297221,34.596354,19.356771
313.837128,481.319092,39.062500,43.328125
319.612610,480.141693,34.000000,46.375000
320.488932,479.527771,34.664062,47.333333
322.947764,481.108663,35.218750,47.385417
325.513489,504.722595,35.664062,24.507812
323.268066,483.698161,39.138021,46.312500
330.924408,504.991272,34.070312,26.500000
333.495789,509.519755,34.229167,24.411458
332.230988,514.191101,37.656250,20.765625
334.701152,515.812398,38.526042,20.786458
338.877055,519.992818,37.489583,17.791667
343.497131,520.934550,34.802083,18.515625
344.974843,519.027649,36.291667,20.541667
347.718231,518.172201,36.388021,23.291667
350.085256,520.307597,36.291667,21.708333
352.716736,520.874268,35.976562,22.390625
353.888184,520.633931,38.239583,26.781250
356.082937,520.432719,37.536458,23.760417
360.637624,523.880473,37.783854,23.364583
362.012675,521.905538,36.953125,25.276042
365.846670,523.645101,35.976562,23.687500
368.111725,516.092529,36.648438,27.203125
368.680939,518.975708,39.117188,27.906250
373.543671,518.170776,37.093750,25.937500
377.273661,516.958272,36.843750,25.864583
374.066966,515.844157,42.908854,25.263021
375.175069,515.321004,44.325521,25.473958
371.860738,512.951436,50.875000,25.244792
375.825928,511.297913,49.143229,24.890625
391.478912,511.948588,38.283854,22.718750
393.046143,506.989868,40.187500,25.406250
395.898051,508.427633,38.372396,22.497396
401.151672,505.558411,36.625000,24.750000
401.962311,497.929504,39.364583,30.604167
404.339854,495.213420,39.442708,31.500000
410.159393,495.299408,38.666667,31.000000
411.306101,489.116892,38.338542,40.781250
415.945557,489.355499,38.085938,32.945312
418.113291,483.559265,39.036458,37.640625
421.347473,486.180593,39.645833,33.447917
425.289246,472.553864,38.375000,45.203125
428.739960,483.731801,38.005208,33.096354
432.109996,490.163635,37.390625,24.546875
432.830231,484.094442,40.231771,27.950521
438.395447,487.434947,37.901042,23.682292
443.055756,484.087687,37.166667,24.895833
447.691050,484.117493,35.109375,24.046875
449.347900,479.152293,37.552083,26.375000
450.625264,478.289012,39.427083,27.341146
456.393239,478.492920,37.132812,24.763021
459.284210,474.622620,38.187500,29.750000
464.533051,476.285278,36.765625,25.609375
466.551259,474.009878,38.497396,26.411458
469.169830,472.015076,38.796875,27.265625
472.450551,476.456746,40.072917,21.481771
475.869486,469.641012,38.434896,27.953125
480.312927,466.933268,38.497396,28.890625
481.213338,465.139303,40.062500,28.343750
484.210215,466.512238,40.572917,28.973958
488.847870,471.116669,40.666667,23.333333
493.427389,465.449941,39.127604,27.153646
497.825277,463.701630,39.666667,29.333333
499.644958,469.196289,41.648438,23.687500
500.806641,463.357137,44.125000,28.552083
506.984253,466.442871,41.963542,24.317708
512.891195,466.588918,39.632813,23.161458
517.555908,462.322754,39.364583,26.375000
519.071391,462.536072,40.726562,25.130208
523.727458,460.992594,38.796875,26.812500
526.981689,460.991943,40.484375,25.343750
530.854553,460.984802,40.572917,23.052083
535.406738,463.717438,40.609375,22.632812
539.968445,460.632751,38.812500,24.750000
538.880880,461.330048,45.023438,23.460938
543.867839,459.666423,44.484375,25.263021
552.218486,456.262278,39.695312,27.458333
555.116496,458.034129,41.687500,25.541667
557.570292,455.117645,44.020833,27.119792
561.261373,456.608521,44.270833,25.218750
567.918701,452.940989,41.906250,28.270833
571.224040,456.134074,41.690104,24.437500
575.467692,449.222870,41.596354,30.750000
577.362610,457.208018,45.921875,27.367188
582.932170,456.488536,43.302083,21.989583
587.647542,454.439768,43.098958,24.661458
593.023743,452.287048,43.226562,26.455729
594.740194,452.468068,47.320312,25.893229
601.576314,451.165466,43.002604,24.812500
622.774902,448.457581,27.203125,29.890625
613.676697,448.192963,40.718750,27.906250
616.980306,447.222168,40.666667,29.333333
619.519287,448.574636,29.997396,17.716146
623.653259,448.061412,43.968750,26.065104
628.476176,447.723378,39.736979,18.973958
634.641378,443.950846,42.197917,28.072917
640.450094,447.941416,41.562500,23.432292
641.480347,445.523570,45.916667,25.791667
649.068848,448.025960,44.020833,25.583333
652.756104,449.088104,43.812500,26.625000
657.977966,448.296254,46.479167,28.656250
664.029622,450.670095,42.979167,28.125000
668.926392,450.873627,43.947917,29.093750
668.605448,450.601349,49.750000,33.500000
676.471741,453.718567,45.979167,30.750000
681.062744,456.400848,47.718750,31.187500
684.364502,456.780670,50.156250,32.281250
693.440125,460.278320,45.531250,30.687500
695.538167,464.447591,50.528646,27.812500
699.244080,464.340942,52.773438,31.843750
705.606710,464.983917,49.947917,33.375000
708.336792,468.016520,51.947917,32.557292
716.969238,473.234528,50.007812,32.476562
720.638509,478.528605,51.598958,27.432292
724.737061,481.064484,53.875000,35.882812
729.257731,480.812541,49.562500,32.604167
732.131266,482.609823,51.859375,38.135417
736.802368,478.915405,50.239583,33.684896
742.566956,480.949504,52.020833,38.854167
746.096395,486.406057,52.442708,33.854167
753.815511,483.217275,45.145833,40.052083
750.771423,489.666941,50.583333,37.666667
752.052002,485.700684,50.437500,43.000000
758.626017,471.051788,46.375000,58.750000
764.970317,478.903239,41.468750,52.067708
773.684021,485.398926,32.875000,46.000000
756.383057,491.713196,49.984375,42.414062
766.530945,483.023926,44.328125,50.320312
756.789815,497.149129,50.135417,40.864583
752.673584,501.089478,51.320312,37.515625
749.418091,504.580750,53.312500,35.593750
746.639832,510.318970,54.281250,31.078125
744.910909,512.338847,53.333333,29.619792
744.280396,513.124593,52.843750,32.682292
740.925232,516.492493,53.408854,30.348958
737.710103,517.932515,55.088542,30.062500
736.061361,514.845907,54.484375,29.864583
734.830404,512.194865,52.843750,32.270833
731.047119,519.544434,53.851562,29.789062
729.604370,516.780884,53.812500,31.062500
727.951090,522.378357,52.989583,29.929688
725.474976,518.783386,54.390625,36.460938
723.470154,523.465983,53.828125,27.833333
720.663879,527.407776,54.789062,24.507812
720.419556,523.093079,52.679688,32.390625
717.302511,520.417908,54.739583,32.281250
715.189026,521.924866,55.000000,30.531250
713.309367,519.819784,55.333333,36.231771
712.324178,520.526225,55.197917,35.937500
710.936707,519.807983,63.531250,35.437500
708.827576,523.561951,57.234375,31.023438
706.611084,525.442485,54.611979,32.986979
705.924296,528.586955,56.666667,30.138021
704.555420,528.209961,54.578125,30.953125
703.523315,534.262817,54.333333,27.666667
700.635661,534.408976,55.895833,26.833333
700.745422,535.428528,56.781250,26.101562
700.199890,532.578979,53.992188,28.492188
698.860209,531.537313,54.559896,31.255208
697.610596,532.701497,55.085938,29.091146
699.482666,535.473877,49.859375,26.671875
694.890076,534.262248,54.872396,33.244792
694.083272,534.684001,55.723958,31.036458
694.611491,536.114075,54.247396,30.348958
690.198486,537.794779,56.135417,30.625000
690.168213,534.415283,55.437500,33.093750
692.322388,536.367330,53.104167,30.041667
690.305176,536.647705,54.218750,33.500000
690.694356,537.496195,54.151042,31.255208
690.365601,540.006714,54.828125,29.570312
690.839355,536.569580,57.976562,32.875000
689.232157,541.470194,56.135417,29.802083
691.307597,542.765279,54.085938,28.526042
692.100301,540.693054,54.158854,31.265625
689.749064,544.886556,55.658854,27.739583
691.853821,544.327332,54.250000,31.750000
691.811483,542.328959,57.625000,32.458333
691.539917,543.690247,55.242188,32.468750
691.819987,545.716064,53.958333,30.041667
690.496643,544.504089,55.031250,33.093750
692.915202,544.820821,53.408854,32.445312
692.442200,544.207153,53.593750,31.679688
690.424866,544.864258,53.445312,31.625000
692.303406,545.729675,54.210938,32.007812
692.342407,544.854797,54.125000,32.640625
692.511129,544.034648,54.437500,34.250000
692.227315,545.676147,53.500000,31.833333
692.393758,543.551595,53.877604,34.098958
692.933614,545.029134,53.536458,31.479167
690.181580,544.467651,55.140625,31.479167
692.518188,543.398519,53.083333,34.333333
692.471436,542.565002,51.375000,32.281250
690.447001,543.269002,54.546875,33.593750
693.630900,543.607951,50.471354,32.481771
689.943339,544.744242,54.078125,32.682292
690.646484,538.430786,53.421875,39.671875
689.553691,539.025920,53.260417,36.591146
689.284973,539.201274,53.250000,35.833333
689.574605,536.768148,51.882812,37.966146
689.768799,537.130371,50.414062,38.812500
686.196289,536.656128,53.312500,35.171875
685.504232,536.103088,51.911458,38.187500
685.607178,535.831665,51.203125,36.015625
685.884684,537.919576,43.510417,32.682292
682.791890,529.992310,52.708333,39.401042
682.993591,534.542786,50.007812,34.468750
682.181030,531.029663,51.101562,37.851562
681.655640,529.830017,52.890625,38.968750
680.346090,529.716064,50.140625,38.630208
678.109131,528.917419,52.656250,37.960938
677.978109,528.408569,51.007812,37.942708
676.297180,526.695089,50.731771,40.169271
674.856079,526.921082,51.242188,35.570312
675.974487,521.898926,52.625000,40.375000
673.730794,521.290385,49.822917,41.312500
672.266235,523.004944,52.562500,37.562500
671.305603,519.435791,49.859375,41.562500
669.423726,520.478048,56.000000,39.041667
669.423258,518.163269,51.416667,40.416667
668.302450,516.404928,49.708333,40.575521
668.082458,516.363973,52.953125,38.369792
667.880066,513.714986,54.770833,43.182292
667.726929,510.879720,53.593750,46.776042
670.369324,513.668030,55.000000,43.500000
671.580505,511.929077,56.617188,47.265625
672.800171,511.922729,54.500000,38.500000
675.483276,510.396118,51.515625,38.171875
677.997131,508.718770,47.354167,38.083333
679.741130,508.006897,49.851562,37.528646
683.763346,506.301514,48.916667,38.500000
685.713338,503.615845,47.906250,40.088542
688.665873,505.109965,47.401042,38.356771
691.525126,501.149658,47.015625,40.960938
693.490255,503.115499,48.117188,36.656250
695.999227,500.815450,49.635417,37.895833
699.148560,496.401123,51.625000,41.921875
701.053324,497.060974,55.453125,40.843750
703.795369,494.755188,48.744792,40.401042
707.794698,497.941671,45.010417,36.208333
708.975708,494.559143,49.515625,38.125000
711.989502,492.256378,50.541667,38.583333
713.676737,492.545278,47.533854,37.966146
717.294678,493.882141,45.718750,35.367188
718.663696,489.879181,46.906250,38.781250
721.357849,491.598592,46.221354,37.963542
723.945801,484.011129,45.437500,42.145833
726.326253,484.005920,46.843750,40.476562
730.118754,486.706736,47.520833,37.093750
733.820068,483.168762,44.062500,39.093750
734.745219,481.020101,44.997396,40.557292
736.891439,484.048706,46.260417,37.208333
739.440226,477.724518,45.026042,42.968750
741.681132,481.080149,43.911458,37.494792
743.883809,478.068471,49.177083,38.000000
748.357727,479.822306,44.166667,34.145833
749.491191,478.737996,43.669271,36.117188
751.035441,478.224996,42.682292,35.210938
752.625427,479.290619,44.125000,33.250000
753.572042,475.183309,44.802083,36.494792
756.731750,471.333313,39.020833,37.500000
758.125264,472.417318,43.351562,35.026042
760.008240,470.066996,41.682292,36.359375
761.989095,469.680186,43.291667,36.494792
762.999593,468.530640,44.937500,36.625000
763.885763,464.878621,41.906250,37.494792
764.521912,466.370707,42.822917,33.317708
764.226176,464.239248,43.526042,34.651042
765.799011,463.989807,42.125000,34.414062
765.661926,461.014313,41.609375,36.218750
765.506226,459.001282,40.890625,38.015625
765.551290,457.234639,40.739583,37.458333
765.565470,458.341431,42.791667,33.583333
766.307271,452.238322,40.567708,37.239583
766.201253,454.993622,40.455729,34.302083
766.847616,452.180267,39.828125,37.239583
767.242126,450.841034,40.023438,35.101562
767.013245,448.143768,42.265625,35.388021
765.498291,446.782837,41.963542,35.260417
766.073242,444.605723,38.916667,36.364583
765.639343,441.846741,38.734375,37.296875
764.065776,441.592489,37.867188,35.260417
763.684611,441.854177,38.187500,33.229167
760.547099,440.706187,40.101562,32.653646
757.486694,439.357676,39.604167,32.875000
756.873901,432.839508,38.460938,37.747396
755.649475,432.710236,38.015625,34.062500
754.515177,433.129506,39.369792,33.216146
753.187073,430.443604,41.078125,34.750000
750.650208,427.343018,38.187500,36.729167
749.106791,427.727183,38.406250,34.942708
748.742920,424.728027,37.093750,34.796875
749.363281,424.283142,36.750000,32.968750
749.774455,423.651744,34.072917,32.088542
749.112874,421.130147,35.830729,32.250000
748.930990,418.716390,36.208333,34.177083
751.236186,403.245768,35.192708,47.041667
749.942647,410.858693,35.708333,39.250000
751.438863,415.342794,33.903646,33.557292
750.326721,415.746094,35.781250,33.484375
752.380778,412.239655,34.677083,34.041667
752.464701,411.815063,39.411458,32.250000
753.674866,408.971832,38.960938,33.921875
755.590759,409.435486,36.406250,31.937500
758.392273,407.141103,32.750000,32.750000
756.781576,407.571269,35.552083,32.322917
757.750549,405.575073,36.554688,32.070312
759.113037,402.876607,35.726562,32.419271
760.311056,399.732747,34.666667,35.000000
760.631510,394.027639,37.291667,39.036458
763.128723,398.648621,36.859375,35.101562
765.930216,387.380310,34.854167,42.302083
765.609680,398.912567,37.020833,31.132812
768.601196,398.001943,34.403646,29.773438
771.299052,397.473724,35.346354,30.934896
772.832438,392.509318,42.341146,33.080729
776.220703,386.910004,34.596354,38.406250
778.064941,392.666107,39.500000,31.937500
780.797262,374.470510,37.049479,48.294271
782.743673,392.136790,35.289062,29.401042
785.515259,382.823822,36.765625,37.750000
788.388570,371.756632,37.367188,46.372396
790.397095,374.264598,35.750000,44.437500
792.892110,383.107595,39.781250,34.458333
794.872681,371.953227,36.473958,45.523438
796.970581,379.344208,35.125000,36.250000
800.202332,382.794912,34.536458,32.039062
802.328145,382.971293,33.500000,29.776042
804.488749,382.576772,33.614583,30.385417
805.852234,376.641266,35.375000,33.500000
809.071228,374.628357,33.031250,34.632812
811.814921,378.330037,33.723958,28.958333
813.705505,372.018290,33.927083,33.927083
816.822266,375.054708,33.075521,28.661458
818.509562,373.611491,34.468750,29.200521
819.314880,370.334432,36.807292,31.273438
823.612427,350.005005,33.992188,49.046875
825.881897,357.744415,36.609375,40.976562
828.024292,366.520142,37.125000,31.104167
830.602743,368.034800,36.328125,26.630208
833.187927,361.132568,32.500000,31.843750
834.423645,362.652740,33.671875,29.507812
837.844055,353.202026,33.601562,36.953125
839.625000,361.345673,33.671875,27.265625
841.866699,355.740906,32.687500,30.554688
844.823649,354.513957,33.848958,31.679688
846.672607,352.702972,36.343750,31.468750
849.275208,349.838226,32.710938,32.710938
851.039307,347.378448,33.671875,32.710938
854.307373,346.170288,36.765625,31.515625
857.165649,333.306305,36.062500,44.312500
858.483114,343.154907,33.578125,32.130208
861.287903,323.801880,37.093750,49.468750
864.153564,321.696381,36.937500,48.796875
865.724833,337.288574,33.096354,32.718750
865.386780,331.753693,36.218750,35.500000
868.921448,327.993225,36.138021,36.479167
873.529907,314.538757,32.625000,49.875000
875.767883,311.543386,40.270833,50.466146
878.572550,310.922465,42.958333,49.687500
881.176086,309.530548,47.375000,51.101562
883.622884,309.459595,41.880208,50.578125
884.468445,315.150146,41.078125,41.078125
888.645426,312.430430,42.000000,45.416667
889.769470,317.178752,38.031250,38.031250
892.685974,315.588074,37.416667,33.854167
896.216614,300.216492,38.500000,46.000000
897.958740,305.989746,36.229167,42.958333
898.523987,299.071320,41.218750,48.125000
901.717773,295.593119,42.427083,50.541667
904.948222,298.814087,42.208333,45.791667
907.718221,301.074473,41.203125,43.796875
910.719849,297.540568,41.572917,40.718750
913.740295,299.200073,36.750000,37.968750
916.194316,295.467133,37.614583,39.541667
917.697388,301.301788,41.578125,35.835938
921.592041,300.017120,33.250000,30.250000
923.482808,287.460500,34.645833,42.791667
925.747335,287.205587,36.377604,43.080729
928.757629,296.241547,35.765625,32.250000
930.530619,289.253998,38.611979,38.239583
934.347534,291.389435,36.937500,36.937500
941.509664,289.628204,31.908854,39.356771
939.110413,290.274261,37.656250,39.093750
942.113383,288.266469,37.250000,38.760417
945.507446,292.053029,37.979167,35.390625
947.306824,297.342265,36.130208,30.213542
952.139648,292.971008,33.695312,34.750000
952.074748,289.675212,36.666667,38.000000
958.578674,292.483571,31.807292,38.239583
961.394938,291.301046,35.395833,39.033854
963.003092,293.691935,34.942708,37.367188
966.542480,288.982829,33.812500,42.197917
966.229187,286.837982,36.250000,42.625000
969.318665,287.663727,37.416667,44.541667
971.330139,288.728424,39.093750,40.750000
972.542175,296.961782,41.109375,36.390625
976.997742,292.253418,38.385417,35.302083
984.043315,288.746552,34.906250,38.187500
986.418193,290.924988,35.632812,34.888021
991.302002,289.312195,33.937500,34.645833
990.352702,289.338247,37.901042,33.161458
995.933533,286.562815,34.151042,35.546875
998.111206,285.562073,35.265625,36.273438
999.800252,286.252441,34.432292,35.114583
999.137716,281.459971,35.333333,38.666667
996.510234,285.917969,39.036458,34.151042
998.046143,283.609650,38.734375,36.218750
1002.909302,282.178029,33.447917,35.270833
1001.637858,280.810354,33.557292,36.328125
995.089925,285.556539,38.645833,30.682292
991.917033,280.440135,39.734375,34.151042
980.011780,277.241445,48.031250,36.364583
980.645813,276.068817,45.789062,36.601562
981.959188,278.029439,39.802083,32.817708
976.766479,272.722046,41.757812,36.617188
964.710917,274.198110,48.955729,34.229167
958.483602,273.068339,50.875000,33.854167
961.197388,273.909821,43.648438,32.054688
948.604085,275.248556,50.153646,29.705729
944.231506,269.804840,49.609375,36.062500
935.997253,273.069183,48.937500,30.656250
928.983927,265.190501,48.226562,35.713542
920.339783,272.336395,49.093750,27.578125
916.411580,269.681630,44.713542,28.270833
904.973145,267.094503,48.526042,30.276042
895.992472,260.629466,49.502604,34.757812
889.785583,265.254364,48.125000,31.468750
889.132060,261.621785,42.166667,31.479167
885.253886,263.562937,41.403646,30.830729
880.780701,260.310394,41.609375,33.343750
880.060140,265.293335,40.817708,29.596354
879.540324,263.881968,40.432292,30.312500
879.328328,263.786845,41.468750,30.895833
880.204224,263.804810,40.937500,30.583333
881.565816,264.779592,40.197917,31.322917
877.710510,260.882721,45.062500,34.046875
877.078267,265.130636,46.059896,31.536458
877.043966,265.784302,47.822917,30.830729
877.961039,263.761403,48.406250,34.145833
877.243530,264.984070,50.218750,32.250000
883.436401,267.494476,45.625000,29.687500
880.138611,267.059845,48.906250,31.036458
885.269226,271.746236,45.729167,27.125000
886.505778,272.539724,47.445312,25.921875
891.028748,272.987976,45.062500,27.437500
894.235474,268.679688,43.593750,32.210938
896.485148,272.120799,43.963542,30.656250
893.990112,271.434621,50.901042,30.419271
897.481750,272.356110,47.875000,32.250000
895.943909,273.101501,51.914062,31.242188
902.095846,272.417185,49.526042,33.083333
906.755249,277.525543,45.921875,27.562500
907.884379,275.657990,48.294271,30.791667
912.872233,276.688304,46.010417,30.877604
912.678650,280.305471,49.367188,28.526042
913.886353,280.761353,49.828125,29.906250
915.205688,280.733032,52.000000,29.687500
915.338440,277.782440,54.625000,34.312500
921.756531,276.542084,51.203125,36.437500
925.827209,275.744741,50.140625,37.302083
927.698914,277.016602,50.583333,35.973958
930.432841,286.820190,51.447917,27.528646
932.152588,280.542236,53.171875,35.781250
937.486572,287.937225,50.713542,29.531250
937.305033,282.028046,53.666667,34.739583
943.528097,283.427826,50.281250,34.718750
944.388204,284.127380,53.622396,37.531250
948.911723,287.067617,51.585938,34.723958
952.713196,291.777618,51.312500,30.750000
953.922241,292.034637,53.171875,31.226562
956.650045,295.380890,52.570312,28.671875
961.055623,292.919830,51.455729,33.695312
962.670959,294.879089,52.890625,32.218750
964.790690,297.158325,52.677083,29.614583
967.017008,289.507650,53.255208,40.500000
969.070760,285.551412,54.171875,44.229167
968.854797,298.799622,55.375000,31.812500
973.286926,302.159546,52.992188,28.070312
972.669515,292.967061,55.377604,41.476562
976.736572,300.989197,54.710938,34.945312
979.701884,300.904460,52.359375,33.888021
979.118408,305.022288,54.385417,31.322917
982.433492,307.067251,51.416667,30.166667
977.006144,302.779968,57.013021,34.117188
979.674561,308.167725,54.710938,30.648438
977.248291,308.218435,55.723958,30.625000
975.629740,309.629903,56.765625,28.234375
971.416443,309.474579,56.070312,27.500000
969.432373,300.505829,56.546875,39.265625
966.132935,305.198761,56.429688,31.937500
960.986694,292.916056,55.010417,43.500000
954.480977,305.598348,55.539062,33.164062
948.095642,307.512695,58.890625,30.390625
944.947489,300.573415,56.231771,37.531250
938.064697,296.555094,57.510417,41.104167
932.436646,306.214508,59.458333,36.937500
929.561869,302.891113,56.619792,40.593750
923.393046,288.897664,58.395833,59.385417
920.105530,289.196503,56.687500,47.921875
912.795105,298.444427,59.101562,38.164062
910.449605,300.456655,57.205729,39.796875
905.658325,303.683075,56.125000,37.421875
900.901123,303.512004,57.541667,37.895833
898.701477,300.173798,55.677083,34.937500
894.841349,306.178569,56.093750,29.218750
892.203308,302.727153,55.757812,36.231771
890.621582,304.306305,54.882812,36.625000
889.049500,298.935822,56.312500,38.031250
889.476624,302.278503,56.281250,38.648438
889.878703,308.633850,56.625000,39.937500
891.509460,303.484283,56.885417,35.687500
893.817078,309.804321,57.234375,31.882812
897.711263,307.525248,56.453125,35.768229
897.282511,309.263173,60.244792,33.812500
902.936442,307.286153,58.033854,37.765625
907.278605,315.218648,58.822917,32.281250
909.903239,313.851837,58.421875,36.091146
912.814941,314.830922,59.770833,33.703125
916.419067,319.018066,60.062500,31.937500
921.696208,316.690267,58.421875,37.002604
924.561930,320.849589,59.458333,33.104167
927.430542,324.671112,60.921875,32.343750
929.627075,321.445068,62.651042,38.546875
933.359172,326.605743,60.898438,33.627604
937.731283,327.938578,61.666667,38.916667
941.672750,329.963491,61.184896,37.309896
945.000346,336.674561,62.179688,32.335938
947.300557,338.294851,62.614583,33.229167
953.240479,338.379995,62.614583,36.546875
956.049337,345.136841,63.174479,33.330729
960.151571,347.278687,63.291667,40.291667
962.651530,350.869558,63.825521,34.674479
966.543132,354.240204,65.625000,33.802083
972.120972,355.898376,63.507812,35.453125
975.693970,359.940460,64.492188,34.960938
977.922933,364.257182,65.135417,35.270833
982.400289,366.249919,66.158854,36.315104
987.276611,369.398183,65.640625,36.398438
988.971924,368.586355,66.843750,40.302083
996.725382,378.341217,64.838542,37.479167
998.159546,381.903371,66.843750,36.729167
1002.474976,384.387054,67.515625,38.125000
1006.517822,391.165985,68.000000,39.734375
1009.209025,395.834279,69.723958,32.718750
1015.451497,398.493439,67.846354,35.679688
1017.826986,400.281321,70.770833,42.041667
1024.106079,405.905487,68.921875,34.421875
1027.449504,414.964762,69.744792,31.781250
1033.610474,418.229309,69.906250,31.023438
1037.079386,420.822347,69.411458,33.760417
1041.178833,423.578094,71.000000,34.500000
1044.842896,426.619781,72.156250,37.609375
1050.549805,427.996277,71.078125,47.898438
1054.975057,433.854645,72.203125,40.557292
1057.986328,443.029144,74.125000,34.750000
1064.753337,449.011963,72.348958,32.651042
1071.990356,449.125671,70.062500,35.531250
1072.996745,449.422353,74.437500,39.541667
1078.744751,462.561310,74.281250,30.531250
1083.881958,460.670736,73.916667,36.416667
1089.492961,463.240051,74.666667,37.833333
1091.141235,471.647786,76.833333,32.958333
1099.930176,472.777618,75.851562,33.976562
1103.650513,477.427389,76.000000,31.729167
1106.318807,479.849019,78.072917,33.156250
1114.830282,481.196228,76.750000,35.192708
1119.819743,488.044586,77.875000,31.963542
1122.840535,487.051198,79.645833,35.895833
1127.743896,495.378448,80.296875,32.171875
1134.156453,496.595205,80.296875,32.190104
1139.104858,495.383850,81.218750,37.125000
1145.541951,501.636373,79.578125,36.109375
1150.349772,501.861633,82.184896,38.513021
1155.921021,509.877136,82.445312,33.812500
1161.573975,504.059062,82.921875,44.468750
1167.851929,516.626709,81.859375,34.398438
1172.437541,519.706645,84.593750,36.666667
1178.647705,524.581726,85.218750,34.802083
1184.673096,527.301412,83.864583,35.153646
