823.000000,587.000000,62.000000,131.000000
820.216146,577.891602,65.867188,142.955729
814.157532,570.476969,72.062500,147.072917
816.603353,560.120524,65.260417,152.322917
804.053894,553.183167,75.812500,143.351562
803.959351,548.233154,73.916667,138.500000
804.252238,539.242269,72.515625,135.739583
804.725464,533.407206,71.729167,132.354167
802.510864,525.755615,72.437500,130.976562
801.066610,518.458150,73.049479,132.268229
800.577515,510.871887,72.437500,128.992188
798.137939,505.826538,73.265625,125.023438
796.632589,498.966370,73.239583,125.518229
795.072632,491.790771,73.265625,127.223958
795.724182,485.922974,68.812500,122.093750
791.228333,480.945618,71.656250,120.929688
788.055949,475.686564,72.184896,118.408854
791.840088,471.932983,69.062500,116.328125
791.168437,464.234985,67.346354,117.333333
786.004191,462.587565,70.791667,111.794271
789.497172,457.493907,65.942708,114.210937
786.093506,453.410543,65.916667,106.916667
782.948303,450.213206,67.450521,108.666667
782.817139,447.144257,66.906250,105.929688
789.928935,444.285451,59.697917,103.302083
792.710571,434.738464,53.593750,106.187500
791.592651,434.049500,53.289062,102.546875
791.595520,432.036224,50.726562,101.195312
790.906311,431.354207,51.494792,97.661458
787.885254,430.252014,52.328125,94.515625
785.158752,428.897786,52.067708,90.713542
785.894877,425.431152,51.567708,90.359375
784.001363,425.488180,51.104167,88.343750
784.143473,423.632863,48.942708,86.611979
782.770671,419.089366,49.072917,89.020833
779.514791,418.823822,50.236979,83.960938
778.663534,416.564056,48.526042,84.333333
778.976196,416.601654,47.593750,81.718750
776.848897,415.466675,51.130208,81.729167
767.691630,414.864136,54.958333,90.705729
766.100138,414.380971,54.833333,88.125000
765.709595,413.360748,53.223958,85.687500
764.850159,414.111725,53.843750,92.085938
764.021790,411.752177,52.770833,90.687500
762.754781,412.901245,52.375000,85.197917
761.916158,412.791361,51.377604,85.882812
761.005229,414.136820,50.182292,77.197917
759.096008,414.561991,50.414062,74.132812
757.833069,415.631907,50.765625,77.562500
757.528015,416.259674,49.632812,76.867188
760.073669,415.774872,45.296875,66.179688
753.405701,416.108002,49.726562,74.390625
753.877421,417.856171,48.723958,69.177083
753.595113,419.031006,47.721354,69.565104
748.421631,421.760488,52.882812,68.388021
748.738037,422.489838,52.875000,66.625000
746.696086,423.352824,55.466146,64.645833
744.777140,425.404104,53.239583,64.302083
744.259745,426.979869,51.026042,62.208333
744.454061,429.470723,47.666667,59.333333
744.917318,431.639781,46.822917,57.864583
741.875366,434.113831,48.125000,55.166667
743.699178,435.030538,45.309896,54.919271
739.812459,438.249481,47.354167,56.208333
739.462891,441.191650,46.820312,55.445312
738.466797,441.289948,47.218750,54.656250
736.245667,444.550842,47.218750,52.531250
734.810893,445.779277,49.713542,51.786458
735.475667,447.904134,46.239583,49.395833
733.254517,446.897400,49.000000,49.500000
734.697225,445.949148,50.000000,50.510417
731.297058,443.161550,48.869792,51.500000
732.480998,441.634155,47.875000,48.395833
731.188416,440.153778,43.552083,47.510417
730.336731,436.038727,43.182292,49.817708
731.982707,432.099701,38.854167,47.958333
736.782186,426.539978,34.723958,48.851562
735.885315,425.191294,34.286458,45.093750
734.750854,417.898997,33.505208,47.494792
735.025146,416.947510,33.710938,43.234375
733.031433,410.131989,32.476562,44.828125
732.958374,409.042908,34.468750,41.242188
730.870585,401.365814,34.458333,46.244792
730.634460,400.466705,33.671875,40.445312
727.116760,394.159302,35.453125,41.960938
728.798950,392.089966,33.273438,40.046875
728.215881,388.116028,32.007812,40.046875
724.905029,383.615458,40.101562,40.101562
724.898661,377.328868,34.817708,41.502604
721.585144,372.795095,35.604167,43.075521
721.565125,369.560221,35.752604,45.565104
720.846212,368.789825,36.218750,39.992188
720.676514,363.713898,33.273438,39.250000
717.570170,360.505259,36.117188,40.270833
717.851501,357.694641,35.265625,37.656250
723.997803,353.133636,28.187500,36.494792
716.645813,350.232574,35.140625,36.937500
717.086426,346.765055,33.473958,37.627604
715.801758,341.781565,36.869792,37.609375
716.705750,338.048340,32.390625,38.515625
720.065552,328.793386,32.062500,44.265625
715.449280,329.582387,37.085938,39.414062
716.751282,328.012604,36.062500,38.851562
716.753459,322.114380,33.317708,39.020833
712.714274,320.762889,37.458333,38.187500
709.090027,320.910614,35.453125,34.304688
708.882955,316.163218,37.093750,37.458333
703.203369,314.251017,48.200521,38.760417
698.546509,310.684906,45.625000,35.265625
702.324707,305.009430,41.218750,38.375000
672.017415,303.965373,67.250000,35.583333
670.953735,304.194336,68.375000,32.937500
695.203857,303.271098,43.166667,31.708333
669.873942,301.879283,67.973958,34.921875
701.073059,303.632863,36.546875,33.356771
672.579671,300.290110,64.494792,36.661458
668.234029,304.684560,69.359375,34.723958
657.138448,301.999786,79.583333,44.125000
653.121989,293.117411,83.929688,52.265625
654.556173,310.083710,79.239583,43.820312
650.513672,303.076508,81.984375,50.367188
649.174500,302.854258,85.205729,54.427083
656.172058,323.842682,75.953125,39.390625
651.526449,310.235413,79.398438,56.750000
650.667358,310.896637,79.609375,64.984375
651.335938,317.051249,77.562500,64.802083
651.075439,322.617889,76.921875,70.875000
648.089925,312.934784,80.041667,75.101562
651.078939,318.722850,77.177083,70.520833
648.640869,311.583710,82.750000,89.500000
648.790731,313.143962,80.432292,146.494792
649.268677,318.049255,88.781250,89.609375
646.348145,317.298615,115.468750,146.687500
646.338765,320.461141,118.578125,139.541667
647.528442,315.299388,121.421875,149.138021
646.080444,310.446828,119.614583,153.791667
648.469910,276.873657,117.015625,177.132812
645.867961,233.187703,118.317708,221.247396
647.286987,239.826935,117.406250,211.695312
645.287354,222.167816,119.471354,239.164062
646.842896,194.019165,117.593750,248.281250
646.728597,185.012553,120.825521,336.242187
645.442383,219.328888,119.781250,242.804688
645.804871,224.671844,116.781250,248.890625
647.128031,234.673411,116.239583,265.739583
644.788859,230.648234,126.927083,236.500000
644.536133,229.734131,126.468750,274.281250
644.578552,232.382314,116.333333,255.093750
643.713989,225.694794,119.593750,256.156250
644.448140,261.752197,117.333333,222.760417
645.025675,252.683594,122.041667,224.062500
643.089111,258.313690,120.218750,215.593750
644.186401,225.433777,121.375000,245.093750
645.208293,242.702911,120.354167,222.156250
642.406982,261.496857,116.812500,203.671875
643.788330,181.760559,115.820312,285.625000
643.317505,244.873749,121.552083,218.333333
642.502747,263.945892,110.856771,197.052083
644.077332,226.484039,111.687500,227.187500
641.996826,208.745504,117.854167,247.875000
643.306824,224.397308,118.583333,222.333333
642.322489,223.543437,119.489583,222.744792
642.744731,229.766876,111.171875,219.674479
642.403605,222.152547,123.265625,224.338542
642.793518,263.848633,117.484375,174.062500
642.548726,217.908386,125.877604,228.625000
644.113281,224.057251,112.143229,219.968750
643.476929,219.064931,138.593750,217.218750
643.257182,255.923604,113.888021,172.859375
642.892700,217.861816,121.117188,212.406250
644.681702,244.883209,118.593750,184.843750
644.034709,226.225942,119.164062,193.213542
641.003662,217.503347,115.252604,206.028646
641.865133,229.763763,117.010417,190.692708
643.143433,232.789591,118.677083,187.197917
641.324585,242.251312,120.109375,175.796875
642.212585,222.671722,122.500000,196.000000
641.542114,222.173238,109.531250,194.468750
641.500183,220.973368,106.182292,187.322917
643.210938,219.392303,116.000000,190.750000
642.277039,220.818756,118.609375,195.507812
642.477132,218.330556,119.708333,198.333333
642.842041,219.050232,116.619792,181.015625
642.216309,232.902985,119.125000,173.757812
641.253174,209.802979,106.020833,188.854167
641.832825,213.817322,115.562500,186.062500
640.658142,234.636841,110.265625,158.992188
640.616089,230.652802,118.906250,162.419271
641.152649,213.830658,118.875000,176.375000
641.761414,214.470062,121.609375,189.906250
641.203308,226.057861,125.179688,157.320312
641.341329,214.241221,121.757812,186.994792
639.599345,226.841471,123.281250,174.231771
639.182800,182.579498,121.000000,218.500000
641.427002,212.339152,139.416667,185.031250
640.809591,218.659546,123.572917,180.375000
641.043457,231.600189,125.921875,170.101562
639.952454,226.603729,124.072917,190.677083
638.599182,186.091268,125.708333,203.270833
640.121155,191.217244,120.234375,175.265625
640.510742,219.120056,121.393229,170.710938
640.471883,179.387095,118.031250,186.299479
639.444234,163.566060,119.880208,217.276042
641.464559,187.276296,124.427083,192.161458
640.367432,145.366882,117.666667,224.125000
639.342834,168.978149,120.437500,223.031250
635.940002,172.426656,123.114583,200.239583
638.930501,185.644969,118.505208,168.864583
639.002380,158.537699,128.645833,230.182292
639.851013,179.461609,121.351562,173.148438
638.479736,175.377808,122.257812,193.843750
640.693136,149.955353,119.106771,206.536458
636.967285,171.285207,117.723958,181.682292
635.162292,163.016795,122.458333,227.216146
638.602356,166.642171,123.919271,202.140625
639.119832,201.508280,120.739583,144.372396
636.322286,164.081919,120.791667,182.184896
