1141.000000,257.000000,32.000000,18.000000
1147.015625,255.093750,32.500000,25.250000
1149.473267,256.603597,32.036458,29.932292
1152.346965,252.203094,31.640625,37.437500
1151.659139,257.181295,32.500000,28.708333
1150.466919,256.014893,35.125000,38.781250
1152.744019,264.537201,36.875000,26.945312
1151.888428,264.484436,39.757812,31.109375
1152.095825,266.907623,40.976562,27.875000
1152.384155,266.286255,41.648438,29.890625
1156.865234,272.119263,39.632812,25.187500
1161.048014,277.840057,39.098958,21.088542
1165.133667,279.103577,36.437500,22.984375
1166.202637,280.426758,37.562500,24.125000
1172.434204,283.987000,34.437500,22.250000
1169.252563,283.999268,38.406250,25.046875
1170.784424,288.013906,36.638021,21.143229
1173.371582,288.688385,36.328125,22.968750
1175.566650,289.689911,37.812500,22.968750
1176.975342,287.899882,39.718750,28.963542
1177.221598,288.620300,40.395833,29.093750
1178.269653,294.909790,39.932292,30.453125
1183.710653,291.865051,38.000000,30.000000
1183.129517,298.940094,40.078125,26.625000
1184.864339,298.362935,41.666667,25.333333
1187.598185,301.232971,40.395833,24.572917
1189.350993,305.184174,41.333333,23.687500
1205.226400,312.054159,26.979167,16.708333
1200.661051,313.087972,36.234375,21.052083
1202.956787,314.489329,37.093750,18.187500
1206.380493,315.836700,35.453125,20.140625
1216.185547,318.630066,29.984375,18.773438
1214.833822,318.746592,32.770833,18.968750
1222.530151,318.479696,28.864583,21.052083
1220.246134,324.852539,32.666667,17.080729
1223.410767,326.544342,31.515625,18.195312
1225.884644,322.777039,30.500000,36.750000
1226.296834,318.396271,33.031250,28.343750
1230.099243,321.151215,32.718750,26.156250
1229.907593,322.777618,34.242188,27.593750
1232.838826,327.321452,34.833333,25.166667
1233.555664,327.432587,35.437500,26.375000
1237.969482,326.888489,36.625000,27.875000
1240.455200,328.618469,36.765625,29.218750
1242.658244,331.151967,37.333333,28.333333
1255.012085,331.666697,28.333333,36.000000
1256.963338,341.291443,24.828125,21.333333
1256.697876,338.564687,25.770833,28.187500
1261.488973,337.457489,19.906250,25.348958
1263.697632,336.709534,36.820312,27.796875
1264.006755,337.350128,50.843750,29.645833
1264.895833,338.642202,26.072917,28.791667
1260.226481,339.280314,21.843750,26.072917
1264.507202,338.073975,28.187500,24.864583
1264.244792,344.809845,27.927083,25.921875
1266.750000,344.820190,19.770833,24.739583
1260.701294,344.548452,33.614583,17.570312
1262.176758,340.893351,31.247396,20.463542
1266.217692,344.236877,31.312500,17.419271
1267.622396,347.331960,31.059896,25.502604
1262.974609,349.043243,22.398438,20.851562
1256.778280,369.526174,29.151042,25.968750
1263.451619,360.304718,39.281250,16.567708
1247.258993,356.547974,33.291667,18.708333
1220.556030,355.603241,51.789062,13.890625
1186.678670,352.280507,53.812500,16.708333
1151.984701,348.460520,48.971354,14.625000
1121.659668,343.214142,42.015625,16.312500
1129.796753,339.271362,21.234375,19.320312
1105.811890,370.794952,30.804688,29.984375
1072.896973,371.003510,45.843750,23.421875
1056.247314,360.530334,24.789062,21.781250
1020.696533,385.709351,34.963127,19.666759
1031.867554,406.719391,44.312500,16.187500
1051.391235,395.372375,20.406250,16.187500
1048.776733,429.950592,44.312500,19.562500
1015.752563,426.139069,62.593750,23.218750
995.149048,425.156403,46.718750,19.703125
967.304688,419.061157,42.859375,22.375000
934.933105,414.324768,39.812500,25.750000
883.509583,410.677979,55.000000,22.375000
854.061381,399.545888,55.440104,27.484375
833.534119,398.877146,48.104167,26.721354
816.188924,390.032552,44.294271,34.528646
800.576213,395.031433,41.937500,28.291667
786.133972,387.763051,45.687500,34.515625
774.433431,390.014801,41.375000,30.395833
760.998962,388.873718,41.906250,31.250000
751.455912,384.047546,40.666667,34.645833
738.401103,385.237325,41.218750,32.653646
727.182495,386.866760,41.960938,32.007812
713.430054,387.905273,46.244792,28.375000
705.911825,385.534047,40.270833,32.718750
695.862223,377.765757,43.895833,40.197917
688.215942,379.671611,40.190104,36.309896
688.358337,374.989838,32.250000,40.843750
684.799032,385.702871,30.276042,27.994792
686.684814,381.477692,27.953125,35.500000
680.902832,384.905151,33.312500,33.656250
683.569173,390.567281,32.250000,27.367188
681.133606,392.481364,33.539062,27.341146
684.149455,391.474019,30.132812,25.718750
681.240682,394.105479,32.208333,23.013021
682.564026,387.633728,31.062500,29.979167
681.193420,396.469421,31.656250,21.437500
683.933390,396.282186,28.895833,21.854167
684.182109,398.413615,29.838542,19.885417
684.074707,400.355428,30.554688,18.682292
682.764628,398.979645,31.924479,22.770833
681.879313,399.733063,31.989583,21.052083
681.394918,397.756938,32.958333,25.375000
683.339335,391.683807,29.953125,30.236979
682.805583,397.285065,31.247396,27.953125
681.114787,402.371206,32.791667,22.000000
682.606425,400.950246,33.296875,26.395833
684.600871,404.654775,32.507812,23.424479
681.935242,405.976196,35.031250,25.187500
682.591858,404.406301,33.083333,25.635417
683.727295,407.249807,31.078125,23.057292
683.281799,406.067413,32.718750,27.250000
683.098633,411.675618,34.515625,23.057292
682.696289,404.024231,34.820312,33.664062
681.618774,409.048035,34.833333,28.489583
683.288289,414.673157,33.723958,25.463542
683.647766,412.412059,32.718750,30.302083
683.304016,419.134237,32.135417,24.192708
680.997477,407.539998,36.039062,36.638021
679.650818,419.667328,38.812500,27.153646
683.842041,399.076497,36.057292,49.947917
680.752970,417.876729,34.848958,32.057292
682.718709,413.468099,33.210938,38.059896
683.476827,422.668162,35.270833,31.989583
682.985982,421.547078,35.895833,32.406250
680.910950,425.563812,35.981771,30.440104
683.846924,422.039978,33.312500,37.093750
684.136292,422.488271,33.578125,34.302083
682.556458,424.380981,34.750000,32.992188
