748.000000,442.000000,42.000000,77.000000
743.656982,442.530518,50.281250,82.343750
741.533346,445.279836,48.302083,81.911458
733.647217,445.370046,50.677083,84.013021
736.279114,446.542236,45.859375,83.242188
735.017598,446.975830,43.625000,81.729167
729.957397,443.150319,48.302083,85.645833
726.565694,445.638885,51.984375,85.973958
716.603394,448.323883,56.000000,82.125000
718.956665,444.887065,48.796875,88.973958
716.456991,449.722524,48.942708,85.927083
710.749125,450.505992,49.562500,83.960937
707.996338,452.505402,49.375000,85.656250
703.173523,453.156372,50.617188,86.640625
704.518575,453.664215,47.927083,87.263021
703.238566,456.789266,46.190104,83.286458
702.254639,453.632141,42.500000,87.242188
692.470662,456.120575,50.562500,87.416667
686.127991,456.910024,51.666667,87.666667
688.344116,463.374318,46.533854,82.260417
683.081136,460.671183,47.666667,86.333333
681.425028,463.923187,47.666667,83.666667
677.774984,463.341593,49.177083,86.286458
670.881714,464.225372,50.617188,88.679688
669.414653,464.459198,51.250000,90.333333
671.387004,459.628855,47.934896,96.971354
668.326294,463.841187,48.632812,95.554688
669.369202,468.448792,50.765625,91.289062
670.427917,466.616720,47.234375,95.570313
671.285055,470.126689,45.666667,93.822917
667.477376,472.483907,52.171875,95.156250
668.413574,474.959676,48.981771,94.815104
667.486023,477.791341,49.335938,94.169271
672.047811,474.134277,46.333333,99.458333
670.630330,478.952535,51.106771,97.684896
671.856771,480.301860,49.330729,97.661458
672.562988,492.915649,45.953125,88.052083
673.073792,485.249390,49.937500,97.515625
674.434937,485.292908,44.367188,99.820312
674.784668,473.581238,46.890625,113.640625
676.329610,493.944804,46.208333,98.708333
664.353048,485.667704,57.458333,106.859375
671.195475,495.692912,63.125000,100.843750
669.060913,487.211650,52.218750,111.197917
669.097778,489.685750,53.421875,109.815104
676.709778,493.304362,58.562500,108.929687
668.366150,495.854289,62.088542,111.619792
666.927877,493.628540,67.372396,116.505208
663.536316,492.096700,69.677083,116.666667
666.842407,494.611796,62.940104,118.408854
677.135763,504.801819,56.864583,110.026042
671.996765,491.848165,61.830729,124.375000
671.999878,499.193237,62.992188,118.695312
667.117839,506.649109,62.270833,116.333333
668.490173,504.401489,59.625000,120.000000
668.040975,516.405233,61.554688,108.945312
672.200439,509.943298,65.367188,116.359375
664.038513,512.127604,70.330729,115.966146
653.362061,474.248352,77.299479,156.356771
671.748494,523.448710,59.934896,109.208333
673.570923,520.963175,57.994792,114.070312
675.050151,526.502136,54.216146,110.049479
645.653992,520.053894,88.781250,117.765625
663.730062,522.360352,73.192708,115.812500
664.843079,496.290039,83.265625,142.679688
641.660726,500.736511,93.000000,150.500000
642.702576,504.188660,97.750000,139.070312
642.819051,511.430033,98.270833,132.104167
642.623474,510.631714,96.406250,134.125000
641.354533,513.667867,97.031250,129.041667
638.780151,514.859070,102.250000,129.250000
641.350830,517.675171,101.820312,127.875000
640.319987,524.341614,97.906250,120.979167
638.674906,530.010539,103.203125,116.390625
658.415487,532.976746,81.664062,112.854167
637.805298,534.227010,95.937500,114.312500
634.977681,537.876953,98.843750,108.312500
637.619059,528.039734,104.630208,118.994792
636.727295,533.455750,114.203125,110.968750
643.413330,515.192566,89.750000,127.468750
635.579569,516.864889,114.192708,125.182292
634.713318,523.123454,100.229167,117.143229
634.359212,527.536438,106.841146,113.388021
633.300598,515.158569,104.260417,118.851562
632.791382,521.150655,102.718750,111.760417
632.816833,522.337158,103.062500,110.828125
632.480428,500.225586,103.203125,132.875000
631.738729,505.597880,110.596354,130.208333
631.614136,508.002991,103.265625,127.328125
630.835612,509.381714,103.859375,127.505208
630.134888,498.126587,110.911458,137.804688
631.062419,499.421224,104.250000,139.895833
630.103943,501.380798,105.700521,134.031250
629.691101,474.072327,105.898438,158.950521
629.097534,456.281677,126.296875,179.453125
629.341471,442.687073,123.427083,193.955729
627.303060,436.792725,130.812500,196.416667
629.603027,428.007812,131.101562,198.296875
627.822917,418.670146,132.877604,208.447917
626.028442,426.139343,131.950521,206.989583
625.986877,419.013102,131.166667,208.083333
627.525330,409.655497,131.166667,219.916667
626.529826,408.602468,132.463542,218.067708
627.786702,408.709157,133.458333,214.739583
627.398173,416.721069,134.671875,213.031250
625.703084,402.614339,134.731771,230.898437
626.964925,356.054657,134.697917,271.541667
629.229899,413.691620,128.130208,212.333333
626.657166,406.235962,131.335938,222.414062
624.887817,369.333120,134.036458,258.104167
626.211507,368.669678,135.822917,259.671875
625.159119,354.205495,134.312500,272.562500
626.841756,371.115214,132.020833,256.145833
626.807027,412.904348,133.468750,220.145833
625.674133,412.432037,134.703125,218.656250
638.825256,413.184784,122.078125,164.898438
633.587260,412.721120,109.080729,224.179688
684.446045,411.355835,78.203125,122.523438
675.820455,389.437012,78.335938,146.174479
675.684692,413.500763,92.523438,124.750000
690.677368,413.201721,78.273438,126.109375
682.461914,416.897308,83.648438,125.554688
687.370015,397.600718,81.794271,145.986979
687.667135,402.815694,82.010417,143.031250
696.263245,423.515320,74.281250,122.437500
694.268962,420.850505,71.630208,131.317708
691.761292,442.955200,55.828125,110.656250
691.898254,429.652954,79.164062,124.984375
696.612325,437.871033,61.739583,119.799479
697.353007,452.989858,57.031250,106.270833
697.548645,451.229950,54.109375,109.632812
701.147583,467.029480,49.234375,97.468750
700.706299,462.461365,59.851562,102.718750
703.717590,471.126282,57.802083,97.414062
702.441813,466.439148,52.354167,106.729167
694.915263,475.570292,60.166667,100.843750
698.577677,470.184977,55.750000,108.218750
703.933370,483.999186,50.333333,95.812500
707.984985,478.119975,55.151042,107.106771
704.042847,493.421834,56.312500,94.723958
702.612610,496.325399,57.145833,95.791667
701.499227,498.725891,59.187500,95.901042
701.005188,509.225586,60.578125,87.460938
701.214233,512.642639,66.625000,87.770833
710.623149,506.604289,52.260417,95.901042
701.758870,511.527547,60.348958,96.924479
704.316895,512.215027,61.088542,97.286458
715.374532,514.588989,54.572917,99.458333
714.606669,518.209229,54.828125,99.684896
716.467082,522.761068,52.067708,96.234375
715.711914,525.276855,52.734375,99.093750
718.501770,531.387939,50.617188,94.117188
719.424357,538.037923,53.447917,89.333333
719.385701,543.760824,51.072917,87.968750
717.483032,543.832784,59.593750,86.937500
719.428365,535.645020,55.632812,97.450521
722.969279,539.509725,52.000000,95.208333
720.863485,540.908508,54.283854,92.729167
720.286926,537.819173,54.940104,94.169271
718.942505,534.975138,55.843750,98.500000
724.675659,533.027588,55.742188,96.976562
723.253784,543.212565,56.614583,85.153646
721.651733,537.329773,58.015625,90.695312
721.831950,533.007222,57.109375,93.822917
727.485474,531.734192,54.539062,94.867188
722.202494,537.919759,60.572917,87.588542
729.296753,530.726969,51.489583,95.156250
732.599976,534.197205,50.218750,91.000000
733.443339,534.899943,49.666667,89.000000
735.061056,536.575236,48.791667,85.604167
735.098328,533.193726,49.552083,87.041667
734.894023,533.566650,55.770833,86.890625
736.298421,536.120076,49.369792,82.705729
735.242147,534.894836,58.020833,82.812500
735.235331,534.107259,56.338542,83.031250
737.367554,532.799988,51.468750,86.000000
736.694397,529.663859,51.416667,90.489583
740.773763,527.678304,59.533854,91.052083
740.022217,528.849915,54.283854,88.007812
740.630676,525.214722,51.296875,91.398438
742.117249,522.471924,51.296875,93.437500
738.707275,520.988892,54.750000,95.734375
744.455750,527.622681,57.953125,88.187500
747.368469,526.497314,61.375000,90.125000
749.128927,526.748454,53.109375,87.848958
748.279419,528.208923,49.156250,87.250000
751.033203,528.733419,50.807292,82.875000
751.780945,524.689026,48.703125,85.656250
752.092265,528.960470,50.023438,82.705729
751.046204,528.599731,53.500000,83.687500
752.493225,519.045959,55.453125,90.648438
754.987244,526.839803,58.229167,84.750000
754.145671,526.059957,53.848958,87.151042
757.525391,527.605469,47.585938,84.437500
759.420573,526.121602,47.302083,85.005208
759.070312,526.742310,50.875000,83.687500
760.335307,520.534668,56.343750,91.921875
759.494751,526.974792,54.828125,83.122396
761.839172,523.735677,58.442708,87.864583
754.032410,525.539856,60.484375,88.390625
763.919861,515.810079,60.937500,95.901042
763.669820,526.916911,55.559896,85.455729
765.608480,512.127563,51.661458,101.609375
766.888367,525.465576,55.000000,87.250000
767.792582,515.971822,55.296875,96.562500
768.765259,512.385803,52.531250,99.515625
768.816976,520.899190,53.864583,93.135417
767.613383,525.550252,54.250000,87.531250
768.753906,527.655945,57.164062,84.890625
769.683777,527.191284,56.218750,86.007812
770.252665,525.421855,50.773438,87.562500
770.694987,521.626709,56.208333,90.713542
774.096151,527.403910,44.437500,86.427083
770.161499,518.986633,56.687500,93.812500
774.873779,528.699748,58.708333,86.119792
770.993754,528.128906,62.385417,97.885417
775.026998,526.634766,56.875000,87.916667
775.927226,527.579264,57.747396,88.700521
776.610067,528.317281,56.307292,89.192708
776.120361,529.245097,55.729167,88.270833
778.835347,529.204875,55.882812,102.716146
776.995707,529.169474,60.153646,87.041667
778.603373,528.925578,62.817708,89.630208
779.240723,530.516541,59.593750,88.500000
776.894592,526.888306,61.750000,90.250000
780.945760,531.425151,54.411458,87.984375
781.816447,530.983358,58.192708,87.151042
778.364258,532.367533,57.208333,89.750000
781.495483,531.450439,56.468750,88.270833
782.637207,532.280579,54.609375,88.390625
779.986267,532.538391,58.192708,91.494792
783.488892,532.637797,53.468750,87.687500
782.390889,531.439453,58.192708,90.046875
784.096517,534.931559,52.177083,90.559896
783.411641,533.833944,56.859375,95.531250
784.006144,534.157003,52.177083,88.302083
783.810140,535.199361,49.697917,86.221354
783.596619,535.039571,52.171875,93.791667
778.257670,535.454671,57.575521,90.518229
782.410645,535.348389,52.390625,93.354167
784.772624,535.774821,50.583333,88.500000
784.219523,536.473755,64.510417,98.708333
784.092529,536.484558,50.203125,88.390625
784.835999,537.070496,47.585938,91.390625
785.913208,538.009888,45.687500,89.000000
784.711202,537.768066,49.000000,93.666667
781.971456,537.997640,49.854167,96.614583
784.458333,537.366048,48.057292,91.494792
785.834045,538.504639,47.750000,97.250000
786.212097,538.156189,47.406250,88.187500
782.003764,537.486918,50.526042,89.343750
781.066874,538.742716,52.067708,87.263021
785.797750,539.795410,47.934896,88.565104
784.080322,537.268758,48.888021,90.705729
784.702047,538.675964,49.072917,89.697917
784.025167,538.448730,49.562500,89.356771
784.418945,538.622986,50.023438,88.588542
781.763611,537.951477,52.390625,89.286458
784.580750,536.795654,50.500000,89.000000
784.374023,537.410767,52.333333,89.666667
785.184265,536.499390,51.296875,87.320312
786.578918,536.337728,50.609375,90.296875
782.324402,535.684509,52.734375,89.687500
780.943258,535.541260,55.723958,90.359375
782.377421,535.285116,55.296875,89.322917
779.837321,534.795919,56.752604,89.921875
784.703267,534.380981,53.929688,89.921875
785.869019,533.353210,53.135417,89.020833
783.391296,533.207418,55.106771,94.145833
783.361938,532.472982,56.307292,88.682292
786.481120,531.467957,52.067708,88.643229
787.169169,531.402812,51.000000,89.000000
787.211060,530.850708,52.843750,88.937500
785.353170,530.997538,54.958333,88.007812
783.938538,530.107320,56.333333,90.333333
788.156901,529.953471,52.138021,87.164062
785.966187,529.957947,54.789062,92.640625
783.897746,528.957540,57.531250,92.427083
781.545939,528.004517,58.916667,90.770833
784.607747,527.725728,57.468750,92.218750
779.931539,529.018677,61.812500,92.218750
780.208089,527.565898,62.817708,94.098958
779.959595,527.754028,61.953125,92.796875
780.884196,527.029053,61.736979,93.203125
780.863810,526.540731,62.171875,93.135417
779.283691,526.980713,63.343750,91.546875
782.880615,525.912109,60.250000,91.000000
778.690125,525.475464,64.085938,92.289062
780.776530,526.534058,62.072917,91.864583
779.793091,525.327148,63.781250,91.434896
779.653422,525.304972,63.643229,92.385417
781.476725,524.635050,62.817708,91.864583
778.723104,525.175090,66.023438,91.434896
785.444438,524.439087,59.296875,91.434896
782.595825,524.316121,62.169271,90.911458
782.055135,525.492554,62.169271,90.174479
779.288737,524.910136,66.083333,90.489583
780.494629,524.670593,64.750000,91.000000
780.528646,524.532613,63.562500,90.375000
782.752014,523.995280,61.539062,91.434896
780.939962,525.072388,63.125000,90.489583
780.236572,523.148254,63.562500,91.119792
782.764587,523.268412,61.736979,90.276042
781.278259,523.568909,62.875000,88.890625
779.354858,523.443542,65.625000,92.062500
778.232686,523.493368,66.619792,89.510417
779.910909,523.198629,64.114583,90.729167
778.537476,522.926127,66.476562,93.570312
777.851562,522.349915,66.078125,93.640625
777.487651,522.570923,67.184896,106.895833
777.914124,522.701355,67.625000,90.375000
778.776326,519.374858,64.979167,92.729167
777.577698,520.772522,66.843750,92.875000
776.902161,521.672485,67.281250,90.953125
776.717407,522.292725,67.515625,92.265625
775.594116,521.227966,68.289062,101.546875
773.261637,517.185506,70.554688,107.330729
773.394511,522.445028,70.427083,93.838542
772.927897,521.165344,70.763021,93.494792
772.169495,521.626587,70.671875,110.484375
771.344910,524.029846,70.203125,100.781250
770.997355,523.456421,70.895833,105.049479
770.898865,524.395772,71.098958,89.031250
769.240072,523.337036,71.458333,101.541667
768.533081,523.670329,71.914062,102.072917
767.663208,522.816874,72.953125,104.132812
768.061076,523.282227,72.729167,106.963542
766.146057,522.736837,75.020833,106.143229
765.075114,522.531047,74.593750,107.302083
765.170532,520.151408,74.239583,110.447917
764.931213,527.641541,74.562500,101.312500
762.772095,526.965698,76.151042,104.132812
763.997030,530.330973,74.471354,100.888021
763.492737,530.876221,75.750000,101.750000
764.778320,530.975647,75.398438,102.148438
767.148743,529.972839,75.531250,103.687500
768.189901,533.918966,76.229167,102.395833
771.720032,537.197571,76.359375,101.203125
774.098490,538.487101,77.666667,101.000000
779.232259,539.807190,76.468750,102.463542
784.545166,542.915955,77.781250,100.562500
790.855652,545.009216,76.789062,103.187500
795.310811,541.137492,78.578125,108.747396
800.256348,548.594584,77.817708,104.614583
804.521057,552.710571,78.000000,101.625000
807.327698,551.781738,77.640625,103.187500
809.010539,555.086955,77.578125,101.343750
811.434489,557.969381,77.083333,99.562500
810.215678,558.401530,78.812500,100.427083
810.778788,557.516256,78.578125,103.575521
810.434469,546.835388,79.106771,114.210938
810.299744,545.232849,78.484375,116.781250
809.833740,543.916748,79.164062,118.695312
809.021301,545.653442,78.695312,116.171875
809.290344,557.257507,77.781250,106.117188
807.043457,553.455811,81.335938,112.234375
808.942932,560.632507,78.687500,106.054688
806.959452,563.075602,80.151042,103.635417
805.500427,562.796265,80.541667,105.614583
803.763367,561.848796,81.888021,107.335938
802.875122,561.518127,82.968750,107.750000
800.616720,559.220683,83.864583,111.807292
802.758321,564.539897,85.596354,107.458333
804.944967,557.912292,87.718750,112.770833
801.682556,562.409851,81.625000,110.687500
803.166382,566.435059,81.203125,105.171875
802.168030,574.365682,90.515625,102.802083
804.413696,574.451477,77.125000,101.625000
807.860575,570.059387,82.411458,107.333333
810.108378,576.542013,72.312500,101.177083
805.205098,575.788310,76.320312,103.046875
809.767517,577.215820,70.828125,100.632812
810.943624,578.259644,68.812500,101.911458
808.994995,578.768697,70.283854,100.442708
806.079102,571.884094,73.187500,108.460938
808.445109,578.941813,72.111979,108.953125
808.863403,579.188232,67.875000,102.984375
809.426982,580.248800,67.450521,102.778646
808.184448,580.890808,69.755208,100.934896
805.378825,576.314799,70.947917,107.156250
807.123271,581.381470,69.518229,102.539062
807.459249,582.383016,67.666667,106.833333
805.633789,582.078715,68.500000,102.666667
802.701009,576.541463,72.666667,107.666667
804.630168,582.043091,69.302083,103.020833
803.540039,581.894633,76.557292,105.421875
803.849833,583.681234,91.507812,118.229167
802.535116,582.794149,87.750000,119.377604
799.485596,578.475891,96.052083,124.567708
799.391825,582.523987,95.505208,120.375000
791.531067,577.471191,101.546875,123.890625
798.689901,583.347249,93.664062,119.226562
799.544067,581.914591,92.317708,117.968750
797.841838,581.809021,90.765625,111.710938
796.858032,580.792155,90.104167,114.583333
795.138407,582.432353,92.062500,113.604167
793.529744,574.410604,91.817708,117.903646
790.569824,582.304871,93.273438,110.140625
786.922526,578.368571,95.979167,110.666667
793.604329,580.652669,88.541667,108.437500
792.103638,578.119385,89.156250,110.468750
791.769979,578.957336,85.734375,108.135417
788.909688,577.127421,89.393229,108.820312
787.582520,575.018962,88.919271,110.174479
786.919027,578.355794,88.919271,103.411458
787.678101,577.151672,85.828125,102.984375
785.208679,577.240784,87.968750,104.039062
784.782898,563.530762,85.601562,118.140625
785.502645,576.883850,83.565104,102.020833
784.526245,576.305542,83.046875,101.484375
782.565776,572.821513,82.093750,103.718750
782.418620,573.959290,81.888021,100.065104
779.877014,571.937541,83.895833,101.916667
779.954488,566.847575,82.796875,105.518229
779.266357,567.347900,80.750000,102.750000
777.240926,564.839518,83.177083,102.828125
777.674337,560.980794,80.296875,104.906250
776.023153,558.401245,78.489583,104.619792
768.408875,554.198079,85.856771,107.294271
771.129740,548.760600,81.429688,109.164062
771.822388,541.719543,80.281250,111.625000
771.240356,543.224854,79.359375,107.015625
770.060730,535.326172,78.164062,111.632812
769.473755,539.463257,78.000000,103.666667
769.389119,536.067871,76.481771,104.010417
768.152079,522.493693,74.937500,114.546875
766.808492,524.350545,75.526042,108.244792
765.052979,521.858154,76.445312,106.796875
763.709371,518.614278,75.354167,106.708333
757.140157,514.406677,81.809896,106.674479
759.822957,505.926351,76.166667,111.916667
759.638489,509.122131,73.773438,103.421875
757.820821,501.917094,75.312500,106.916667
755.698873,494.912720,74.932292,111.463542
753.475952,498.188782,76.359375,103.687500
749.864787,490.380046,78.864583,106.794271
747.945557,488.453308,79.046875,104.195312
748.980021,480.385539,76.325521,108.486979
749.189372,476.866150,72.929688,107.562500
749.437195,472.120667,72.507812,108.703125
749.946228,467.478699,64.593750,110.140625
741.187887,466.930339,76.804688,106.148437
740.096517,465.219055,73.544271,106.963542
736.373088,459.825704,74.593750,108.119792
742.886841,453.931844,70.815104,112.872396
739.530151,464.808960,71.169271,100.062500
739.397400,457.112793,67.281250,105.156250
734.918640,456.097961,69.250000,103.000000
736.731567,453.321808,70.908854,104.710938
736.926737,461.287516,64.158854,93.739583
735.875651,452.081624,64.875000,102.895833
734.641134,460.260590,66.476562,92.817708
736.927266,450.152496,61.812500,103.802083
734.838989,450.467804,62.687500,99.406250
725.381409,447.540334,70.971354,101.989583
725.241211,452.234304,70.265625,95.588542
727.939636,447.331533,65.117188,101.966146
730.151082,445.240255,62.385417,102.322917
726.136169,449.293844,64.635417,97.229167
727.193237,441.921021,62.169271,104.914062
726.677124,443.258514,62.101562,103.867188
720.907227,446.441884,65.854167,100.492188
718.539836,438.516713,66.591146,108.598958
719.801188,444.564575,66.187500,102.661458
718.717529,446.459035,66.187500,100.333333
717.829203,444.064006,68.604167,102.406250
719.231364,445.540955,65.627604,100.666667
719.337830,444.763672,65.195312,100.000000
719.208191,450.328023,66.703125,93.890625
717.507812,451.644775,67.125000,94.437500
710.343750,446.883636,73.656250,97.632812
717.796265,440.075155,65.856771,103.244792
715.796122,444.640208,68.677083,97.572917
717.394246,444.355459,67.067708,98.565104
717.313456,442.997264,66.541667,99.312500
718.523926,444.511139,64.890625,98.671875
714.343506,442.367920,68.908854,99.429688
715.000854,441.876465,67.093750,100.875000
715.769267,442.096853,66.591146,101.966146
716.662842,444.714752,64.984375,96.265625
718.915324,444.373962,66.875000,95.916667
719.660258,453.522746,65.921875,86.841146
718.958537,444.085714,65.208333,98.010417
720.935649,443.135579,61.736979,99.057292
720.475159,441.634125,62.093750,98.750000
721.506490,445.381032,63.078125,95.901042
720.664673,440.572571,63.562500,99.820312
720.093567,449.130096,62.812500,92.281250
718.749146,445.360077,65.687500,98.031250
719.291870,449.160756,65.854167,92.385417
723.586507,445.367116,60.544271,98.372396
718.789185,445.700775,64.890625,98.671875
720.212219,455.228424,63.250000,88.750000
715.196940,450.507212,69.760417,95.919271
723.741984,453.277598,62.513021,95.216146
720.041016,455.577484,65.414062,92.695312
727.213867,456.893372,57.406250,95.257812
726.764181,466.492676,58.604167,84.854167
723.321757,459.464213,62.651042,93.822917
724.374207,463.842560,62.140625,91.031250
721.958110,464.116353,65.000000,93.000000
730.213989,472.998586,56.135417,85.447917
731.897339,473.020772,56.208333,85.882813
731.836528,472.994690,60.986979,84.981771
732.116536,472.545064,62.651042,86.203125
733.135824,464.062642,56.752604,94.861979
734.321777,470.103943,54.906250,89.406250
735.412781,471.051636,62.187500,88.312500
733.222249,469.439626,66.169271,87.653646
735.367249,462.094696,66.312500,93.773438
737.498739,470.235148,66.541667,84.416667
739.791077,468.954773,62.093750,85.093750
740.766541,465.906158,67.750000,85.132812
742.674337,460.770121,70.270833,89.229167
744.346436,464.144043,70.671875,85.218750
745.971436,465.194977,72.234375,82.085938
748.377319,463.201477,67.609375,85.218750
748.970378,454.860575,71.755208,90.375000
751.534098,456.268748,73.458333,88.875000
752.593892,459.057902,74.552083,84.145833
754.887594,458.750468,74.000000,86.166667
756.755798,455.802551,72.875000,86.937500
758.616516,451.740570,72.093750,90.062500
758.889181,455.688131,73.278646,97.106771
761.157389,453.947520,73.273438,89.888021
763.582825,450.155955,68.812500,85.765625
766.085999,451.404266,67.609375,82.921875
768.365133,450.946360,69.013021,87.697917
768.108459,449.374146,71.382812,93.039062
771.934814,447.181183,72.015625,90.953125
773.293254,447.757731,72.270833,92.518229
775.304036,447.839183,72.153646,86.544271
775.473287,447.441508,71.078125,88.208333
775.737508,443.159373,71.781250,92.229167
776.321411,444.372192,70.651042,87.658854
776.103963,442.799520,70.895833,86.781250
776.500305,440.373810,70.437500,85.429688
775.817688,440.648285,70.437500,84.640625
776.601481,436.467183,69.195312,84.872396
776.733459,436.376434,68.289062,83.757812
776.929342,432.903717,68.145833,82.643229
775.755819,432.505473,67.981771,82.281250
775.031514,432.325938,67.291667,81.166667
775.753967,429.655548,65.856771,78.828125
774.850382,427.179738,66.591146,80.593750
773.459045,427.249847,67.229167,77.765625
774.699259,425.012817,67.591146,77.104167
772.790446,423.458028,66.591146,76.908854
774.745667,421.754364,64.736979,76.911458
773.546000,417.795970,63.984375,78.463542
773.920858,417.507487,64.736979,76.195312
773.493815,414.705739,63.333333,74.666667
774.645549,411.477386,64.036458,77.197917
772.783386,411.412628,62.875000,73.421875
772.906657,404.600016,64.729167,77.197917
772.924377,405.837219,62.812500,75.031250
773.444438,403.877462,49.627604,73.598958
772.770386,399.813548,62.197917,74.567708
773.087402,399.238953,62.140625,70.875000
773.066528,394.945984,57.437500,72.218750
773.064026,393.169800,59.296875,71.468750
773.024719,388.757507,51.578125,76.218750
772.858643,387.836782,53.062500,71.036458
773.231750,384.475850,57.302083,71.677083
773.335225,379.663666,55.601562,73.802083
772.475545,378.773509,49.546875,70.085938
772.603271,375.576721,50.065104,70.755208
773.518087,372.479624,48.083333,70.447917
772.758301,370.359934,47.979167,70.322917
773.083130,366.263275,48.687500,70.260417
773.264343,364.295898,47.195312,69.437500
772.695048,361.577016,48.768229,71.789062
772.695028,356.919942,47.617188,71.213542
771.774170,354.860931,49.697917,70.322917
773.152995,352.439006,48.250000,71.583333
769.577820,349.816101,50.617188,68.296875
771.317159,346.439738,49.125000,71.468750
772.060791,344.242188,47.828125,69.796875
773.241821,339.127858,49.343750,70.638021
770.375081,337.409475,50.494792,78.119792
764.191305,333.705271,55.979167,70.479167
770.424377,331.982045,50.562500,70.260417
770.689148,328.590179,50.328125,73.789062
765.290100,325.588776,57.546875,73.187500
766.724121,321.788208,55.421875,82.632812
764.464966,318.944427,56.781250,82.015625
764.274414,316.566193,58.062500,78.000000
763.944214,314.180796,57.630208,75.369792
764.038086,312.017426,57.437500,76.250000
764.155151,309.995422,57.846354,80.447917
764.573893,304.834330,57.742188,79.458333
764.435669,303.615143,58.015625,78.875000
763.050232,301.340088,58.781250,74.906250
763.530802,299.878815,57.875000,78.187500
764.276103,295.834605,58.994792,79.463542
765.006612,289.164256,56.208333,82.432292
763.122457,290.734355,58.968750,77.601562
762.854004,290.125458,58.710938,75.398438
762.675232,288.243896,59.453125,74.234375
763.451233,285.687927,59.000000,75.000000
763.788208,284.083313,58.781250,74.906250
763.021790,282.981262,59.453125,71.546875
761.860067,281.311849,60.354167,72.494792
761.883158,280.214549,60.333333,72.333333
761.945740,279.374634,60.583333,70.739583
762.416402,277.234467,59.895833,71.273438
761.939453,277.115936,59.453125,70.203125
761.162415,274.380737,60.796875,71.546875
760.761902,273.744914,61.703125,71.145833
762.161784,273.200378,60.333333,70.333333
760.616862,272.314768,61.666667,69.666667
761.712504,271.739919,60.565104,69.934896
760.457174,272.006632,61.903646,69.265625
760.268494,271.013733,61.028646,69.122396
760.085917,269.567261,61.666667,69.000000
760.351847,270.075216,61.260417,68.031250
759.527303,268.916738,61.854167,69.130208
759.698486,265.127594,61.903646,71.942708
759.608846,269.066264,61.270833,68.119792
757.664978,268.001617,63.096354,68.325521
759.067159,267.725586,62.932292,68.203125
758.316162,264.210693,62.093750,71.390625
758.325134,254.914795,63.531250,78.484375
755.759827,263.951253,63.791667,70.213542
758.628113,264.182953,61.041667,69.229167
758.006531,262.115234,61.429688,71.390625
760.160197,262.497884,58.994792,69.911458
758.161845,255.825989,59.869792,77.067708
759.727376,255.897237,58.494792,75.119792
755.311462,255.521484,62.171875,76.445312
753.180176,252.838196,65.179688,77.601562
759.897624,250.884644,57.575521,79.776042
757.217753,250.588155,59.880208,80.661458
750.591451,255.683187,65.932292,75.208333
761.203064,250.821198,55.312500,80.062500
752.423950,250.057068,64.273438,80.960938
761.774556,260.737050,54.958333,69.541667
762.128316,245.753937,55.031250,86.895833
752.751831,247.275055,63.562500,83.468750
755.346252,245.525177,60.578125,84.554688
747.753927,246.257609,68.065104,84.278646
751.031738,249.281860,65.395833,85.153646
750.791789,245.001821,64.020833,91.950521
756.458577,251.050741,60.455729,84.539062
755.179362,251.120249,59.007812,85.505208
752.066996,253.698273,61.692708,81.453125
751.361267,252.417084,61.468750,83.968750
760.553833,256.550700,52.518229,80.747396
757.688680,267.333872,53.872396,69.265625
753.596232,260.393066,58.822917,77.250000
756.049622,263.279846,55.453125,77.234375
757.450480,262.498210,53.955729,76.286458
752.776449,259.016073,57.604167,81.403646
759.177612,260.996429,50.875000,83.687500
755.441793,270.000875,53.955729,73.096354
758.490906,269.660248,49.963542,76.614583
756.892090,274.888560,52.010417,71.062500
755.834859,272.366618,53.239583,72.906250
755.849243,280.211700,56.546875,66.421875
755.819275,267.599009,53.562500,81.958333
755.833740,283.617035,53.523438,64.914062
753.525330,277.358917,56.945312,74.390625
754.970439,273.176656,52.463542,79.450521
754.165833,278.214020,53.500000,74.125000
755.027161,275.111532,54.468750,77.208333
751.352071,281.920054,56.161458,71.656250
754.482544,286.801331,52.226562,67.656250
753.711182,280.185638,55.492188,72.484375
751.880127,278.748769,58.156250,76.593750
753.264242,274.797770,53.958333,81.083333
752.394328,280.755117,55.239583,75.083333
752.513794,289.300964,64.421875,66.343750
752.504761,291.808960,62.812500,65.500000
751.947245,291.323975,69.825521,68.539062
751.384115,292.544484,67.354167,67.354167
750.866374,292.912750,65.135417,68.546875
749.972412,292.432983,65.057292,68.325521
749.053650,294.797740,69.666667,65.000000
748.447632,295.180023,71.226562,70.531250
749.481079,295.753510,70.000000,76.468750
748.394938,296.356049,70.265625,73.989583
747.993713,297.005941,71.010417,76.223958
747.532593,297.122437,71.507812,75.218750
744.928955,298.789642,73.734375,74.476562
747.157715,298.951660,69.281250,72.992188
745.364034,299.996257,71.250000,74.908854
745.464905,300.729462,69.296875,75.171875
743.505676,301.918762,71.947917,69.052083
744.633321,291.892843,65.921875,78.906250
744.996094,304.138489,69.281250,72.875000
743.131124,300.056132,69.786458,77.835938
742.740743,304.783213,70.518229,73.445312
743.073608,305.300537,69.296875,72.234375
743.628357,305.149078,68.570312,72.929688
742.217367,307.372681,68.085938,69.528646
741.075623,307.512726,67.843750,70.000000
741.846558,307.768188,67.125000,70.000000
740.895935,308.468048,67.359375,68.072917
741.085225,308.835246,66.632812,67.338542
739.766235,309.093750,67.250000,68.630208
740.307739,310.650838,66.848958,66.848958
739.592712,311.710093,65.869792,67.250000
738.202372,312.455190,67.500000,67.500000
738.837321,312.975423,64.729167,66.807292
737.576884,314.234894,65.135417,66.500000
737.794312,315.634003,64.750000,65.414062
736.999105,316.903300,64.401042,67.098958
737.292257,318.355245,64.580729,65.919271
737.100138,320.125122,63.052083,64.401042
736.778503,321.881775,62.687500,64.000000
736.278381,323.397949,49.286458,63.838542
734.906270,323.919383,50.580729,65.015625
735.536621,326.475637,49.304688,64.213542
735.628153,327.792277,47.617188,64.307292
735.396301,329.556773,46.984375,64.583333
733.431396,331.114827,48.369792,62.302083
734.094950,333.130290,47.583333,67.083333
733.224833,332.468567,46.911458,67.627604
734.199382,336.121785,46.822917,65.041667
733.070557,337.521434,47.705729,64.739583
733.871440,339.176381,46.270833,63.385417
729.726135,337.304077,48.703125,67.562500
732.535685,343.924052,46.296875,61.395833
731.810404,345.196584,45.507812,63.640625
731.548381,346.793518,46.718750,63.046875
731.514038,348.297119,46.390625,71.546875
722.571411,350.625539,54.523438,63.156250
721.869385,352.913696,54.166667,65.645833
721.099894,353.920207,55.148438,65.106771
729.518534,356.139679,47.093750,63.072917
720.680603,358.082509,55.833333,59.333333
719.632446,359.604706,55.140625,59.351562
727.667480,360.521851,47.906250,64.531250
718.439209,363.122253,56.125000,64.000000
718.421407,365.577108,54.794271,64.252604
715.410116,365.345907,58.020833,66.697917
716.240397,367.840719,57.833333,66.875000
716.398254,368.643341,56.054688,66.179688
714.646403,369.033600,57.484375,64.388021
715.162882,370.026194,57.552083,65.177083
714.524495,370.614716,57.145833,64.802083
713.802531,368.838664,56.916667,66.447917
713.806274,371.090271,57.375000,65.062500
712.442749,370.784526,57.145833,64.164062
712.902344,370.725922,57.320312,65.546875
712.814290,371.174876,57.718750,65.281250
711.831685,372.257263,58.421875,63.526042
711.173808,371.815521,58.822917,63.270833
710.625264,368.172618,58.979167,66.541667
711.955648,365.440481,57.213542,69.632812
709.506856,359.215881,59.638021,75.450521
709.356954,369.484456,58.994792,63.770833
708.703125,370.015106,58.710938,63.898438
707.072408,370.693197,60.239583,62.760417
707.654175,369.389252,59.125000,62.875000
709.955017,360.940552,56.625000,71.625000
705.117391,357.851023,61.135417,74.208333
706.335144,366.928070,60.812500,64.937500
708.472412,355.833415,57.867188,75.515625
705.189494,366.365184,59.901042,66.750000
704.289856,369.502645,59.593750,62.197917
708.284119,359.832581,56.000000,72.875000
704.551697,365.096771,59.174479,65.710938
706.662130,355.173899,58.421875,75.010417
704.659322,359.470683,57.888021,69.265625
703.817057,360.927775,58.890625,66.609375
702.748718,362.107300,61.859375,66.343750
707.806071,360.408620,58.979167,67.171875
701.260132,356.912872,61.375000,71.875000
705.012329,349.732290,57.197917,78.864583
704.911804,357.610962,55.929688,68.445312
709.651937,351.899577,51.072917,73.473958
706.834167,351.420278,54.593750,72.458333
705.519958,344.121185,56.734375,80.437500
703.806213,356.032013,56.765625,68.859375
704.467122,348.285756,56.541667,76.562500
706.885417,341.948018,53.203125,78.635417
703.412415,351.987579,58.109375,68.859375
705.158752,351.773804,55.468750,66.625000
703.539612,349.312469,56.000000,70.375000
705.179382,356.313558,53.307292,60.869792
704.998535,350.322021,53.109375,68.682292
705.960693,350.007263,53.281250,68.218750
702.727600,342.642975,54.671875,73.755208
708.450256,351.104594,50.791667,60.127604
709.994893,350.458069,48.291667,62.479167
709.745483,347.448720,49.151042,63.148438
710.715230,343.929087,47.338542,65.421875
705.363770,337.439362,53.468750,66.015625
703.805725,325.277293,53.968750,75.744792
710.534831,327.072418,47.484375,73.515625
712.106079,334.978892,46.312500,66.854167
710.846558,332.235413,51.875000,66.328125
709.882060,330.637939,48.729167,63.833333
708.002584,326.726756,53.372396,66.609375
707.322795,325.182648,59.604167,68.666667
709.943359,323.174225,59.851562,68.078125
701.919698,307.933390,67.520833,78.500000
709.675903,322.866313,60.583333,63.291667
707.849406,323.753815,65.322917,61.463542
709.553223,321.355743,52.875000,59.359375
710.512573,320.686401,55.929688,59.632812
710.207947,316.374247,55.976562,64.252604
709.385295,306.341044,58.156250,70.447917
708.277039,307.977620,61.463542,67.895833
708.386475,308.209198,67.406250,71.390625
709.861755,310.798503,63.812500,61.020833
709.235697,308.605581,66.484375,71.776042
707.835388,295.242981,69.140625,82.351562
709.788615,305.062826,65.166667,62.979167
710.489115,304.986786,64.729167,62.651042
709.781555,304.342834,66.226562,64.908854
709.449178,301.219472,65.817708,69.229167
709.046082,286.520009,66.848958,82.260417
707.516968,290.349365,67.828125,77.375000
708.965637,297.535828,66.359375,67.828125
709.463298,298.169108,64.510417,64.510417
709.458740,297.778229,64.828125,65.500000
709.298279,296.792328,66.250000,64.890625
708.603699,296.405284,65.380208,64.695312
709.141296,295.181722,65.750000,65.075521
708.771179,293.571259,64.890625,67.609375
708.581767,292.593302,65.135417,66.500000
709.103088,293.717224,64.890625,65.570312
709.741394,292.910461,64.210938,64.890625
709.400431,293.155253,63.052083,65.075521
704.057576,279.900950,68.333333,76.333333
707.242432,280.404175,66.148438,74.554688
705.661682,279.240143,67.117188,77.289062
707.461894,280.945150,64.604167,74.958333
708.621480,292.976756,64.708333,61.812500
709.069153,282.132996,63.562500,72.500000
709.871765,293.575836,61.916667,61.208333
709.172607,292.101868,62.140625,61.468750
709.565491,286.934326,62.500000,68.265625
709.073242,294.434285,61.028646,61.028646
708.190491,288.141907,61.859375,66.343750
704.699809,283.366557,65.919271,71.273438
707.046977,295.204203,62.645833,59.143229
707.322998,287.752380,63.421875,66.742188
709.055969,295.267456,61.468750,58.781250
708.833455,295.648692,60.973958,59.697917
709.299194,296.359955,59.994792,58.111979
709.564514,296.946045,59.632812,59.015625
709.523926,296.651245,59.632812,59.015625
709.055461,296.151021,57.914062,58.526042
709.061076,294.264058,59.604167,59.604167
708.882284,297.031382,59.505208,58.260417
708.182434,297.584920,59.385417,56.927083
708.633077,285.501587,59.250000,69.565104
708.748698,285.403158,57.783854,71.820312
701.504272,284.658712,66.484375,71.114583
707.447611,288.012360,60.585938,69.489583
704.623332,284.567301,62.572917,71.273438
707.809041,293.994181,59.679688,61.703125
704.238342,283.383362,62.500000,72.109375
708.609578,287.959727,57.656250,70.471354
705.912842,290.638397,59.296875,68.265625
708.360636,292.805674,57.833333,65.583333
707.821655,290.479655,56.856771,70.036458
708.395426,303.430166,58.247396,58.247396
707.904968,304.786662,57.302083,58.526042
707.216777,304.591787,58.341146,57.750000
706.414246,300.485443,58.846354,67.195312
702.237549,293.630585,64.125000,71.000000
706.811646,295.354706,59.406250,72.531250
706.891215,308.567261,63.088542,61.723958
705.668640,312.914978,59.359375,58.062500
705.335286,303.813090,59.385417,67.375000
707.428263,308.551219,55.250000,64.937500
704.621785,316.929596,55.148438,60.750000
705.645752,317.691650,55.140625,59.953125
706.047180,319.540578,54.203125,60.705729
704.148905,311.707001,55.833333,72.166667
705.476156,315.642812,63.421875,69.541667
704.376526,311.191996,61.463542,71.111979
705.180684,308.853790,63.242188,77.296875
699.009644,326.045380,67.093750,60.765625
701.905172,325.154165,64.580729,64.580729
699.320821,327.349141,67.145833,63.838542
703.255371,326.479787,63.088542,63.770833
704.454447,329.395213,61.789062,61.135417
702.980591,330.835663,60.578125,61.218750
703.706543,331.280823,59.458333,61.364583
704.514303,332.456106,55.828125,60.869792
703.199870,327.998067,58.036458,65.924479
702.891276,334.232920,57.783854,60.973958
702.840820,335.824219,57.781250,59.632812
701.654968,333.832581,58.890625,60.718750
702.219604,334.941956,57.250000,59.750000
702.145874,336.476044,57.546875,59.351562
699.591675,335.899384,59.351562,60.554688
701.045166,336.014445,56.927083,60.000000
700.043742,336.225291,57.187500,59.000000
700.685669,330.667267,55.140625,64.765625
699.474182,328.855988,56.161458,70.416667
699.249634,336.586558,55.231771,59.059896
699.590088,325.248301,55.002604,69.565104
697.730306,335.874715,56.281250,59.458333
698.607931,338.519582,54.770833,55.979167
698.475077,336.135457,54.854167,57.718750
698.932861,337.588064,53.135417,54.854167
698.641602,337.432353,53.070312,54.750000
697.055054,336.476074,54.190104,54.750000
691.252828,335.547913,59.473958,54.932292
697.267395,334.954041,52.882812,57.653646
691.916016,336.411804,61.429688,54.523438
689.834880,335.679464,63.070312,54.794271
695.837646,334.098460,54.166667,54.166667
695.684448,335.805247,54.854167,50.843750
696.262838,335.331278,52.895833,52.343750
694.664490,329.122620,54.593750,56.234375
694.499023,335.004262,54.854167,51.989583
696.100525,329.208008,50.598958,60.630208
690.229187,338.636322,55.343750,53.031250
689.031677,329.714213,59.515625,67.875000
695.706604,342.521149,52.562500,57.250000
695.720133,346.649475,50.958333,58.338542
691.830627,349.629211,54.684896,61.466146
691.351481,355.158854,52.796875,63.731771
695.191732,362.252869,48.882812,63.070312
688.910746,364.720215,54.427083,67.203125
694.467041,371.295135,49.750000,67.421875
689.144999,382.370300,56.104167,61.494792
690.670227,385.379089,52.510417,66.885417
688.756592,402.038666,49.750000,55.843750
687.853638,408.895294,55.343750,57.656250
685.806396,415.175507,55.492188,56.078125
689.116699,417.669769,47.041667,61.429688
689.367493,426.828613,51.312500,57.328125
688.175191,432.932861,52.828125,58.401042
689.473938,437.793976,48.984375,61.125000
688.372375,449.529724,51.187500,55.750000
689.175374,453.516673,49.354167,59.794271
689.698710,461.771098,49.710938,58.109375
689.570862,462.203613,49.812500,63.679688
688.027364,472.831512,57.000000,59.333333
688.295166,471.816589,56.812500,65.125000
685.734375,485.753357,47.289062,54.695312
687.398743,488.478638,46.703125,57.250000
687.958639,488.410746,46.140625,58.401042
686.380615,493.788269,49.515625,53.289062
686.667765,489.211283,49.281250,58.937500
684.755737,489.906921,49.375000,58.375000
688.308512,496.246867,47.375000,52.343750
687.656209,494.867940,45.187500,51.500000
688.988281,492.530823,47.000000,53.500000
687.330750,490.799316,42.427083,53.541667
688.988708,493.236064,43.854167,48.236979
688.192118,488.558431,45.307292,48.606771
687.774862,486.881276,45.552083,50.937500
688.445007,482.799408,44.541667,50.973958
687.966003,478.981720,46.531250,51.375000
684.318176,479.624725,48.734375,50.257812
689.250244,478.088135,41.289062,51.236979
688.103333,479.214610,44.604167,48.395833
687.906433,473.163717,43.656250,48.869792
688.272298,473.716685,43.645833,48.916667
685.933960,469.352478,46.937500,48.343750
685.871297,468.612081,44.572917,45.552083
686.179749,466.501556,43.187500,47.875000
686.270732,464.168610,47.921875,49.343750
683.368469,463.688812,48.468750,44.109375
686.384684,461.028219,45.804688,47.731771
687.374512,459.429362,43.656250,46.500000
687.491699,458.441722,48.135417,46.250000
686.555054,455.284454,48.468750,44.593750
685.763489,453.237366,48.953125,46.046875
686.541748,451.657176,49.489583,46.520833
686.286560,450.387299,48.000000,48.000000
685.657430,447.809082,49.744792,46.760417
686.833089,446.808146,47.257812,49.247396
687.266866,433.269633,48.747396,57.794271
685.564046,430.635864,50.692708,59.151042
686.382996,427.566650,49.812500,59.242188
686.286051,439.989604,48.687500,44.145833
690.558533,437.866760,46.820312,44.664062
688.328979,433.681488,50.510417,47.958333
687.876892,435.556458,46.703125,44.671875
688.085225,435.538116,50.140625,42.432292
687.603434,433.587494,53.031250,41.950521
688.335876,431.887939,47.265625,41.851562
687.213684,430.214325,46.937500,41.781250
688.416199,429.239471,47.554688,39.718750
690.497559,426.500824,44.500000,41.328125
692.444722,427.437622,44.000000,39.520833
690.597087,424.356995,43.619792,40.575521
689.250244,423.104340,50.875000,41.250000
689.122945,420.428477,47.750000,41.791667
693.533020,415.627421,48.546875,43.419271
688.833740,406.800863,46.520833,50.833333
686.837931,416.668559,49.752604,40.705729
687.754272,414.460520,51.791667,39.812500
689.638041,413.638601,46.500000,38.442708
690.474650,412.825450,47.403646,38.393229
691.943359,412.180206,46.421875,37.515625
688.126607,406.995809,47.533854,41.445312
689.654114,407.343730,47.484375,38.369792
690.935669,408.051422,47.312500,35.289062
688.490804,406.302450,43.281250,38.583333
686.589681,395.366628,53.408854,45.861979
690.175456,402.587331,48.531250,37.968750
685.581095,400.584717,58.333333,35.937500
689.057170,400.331919,53.791667,36.351562
688.786377,392.740631,50.320312,42.023438
689.773295,386.091614,51.062500,47.817708
687.511800,395.470876,53.593750,37.523438
689.466878,383.526194,54.307292,49.671875
692.765605,383.759786,38.497396,47.263021
689.080973,390.211711,45.036458,37.619792
688.014303,380.415649,50.731771,46.770833
693.403748,391.658203,48.937500,34.648438
691.919922,383.306152,47.812500,43.437500
688.185120,379.269409,49.859375,46.171875
687.942322,375.899536,52.828125,48.953125
688.508219,374.753133,52.265625,46.234375
688.983643,375.013245,52.343750,44.593750
687.911987,382.151855,52.625000,36.031250
686.854146,373.690918,50.218750,44.750000
689.747681,368.430176,42.937500,50.085938
689.615601,383.494120,51.585938,34.723958
694.446838,373.904572,49.583333,43.625000
696.446411,370.698212,39.515625,46.312500
686.893677,366.927378,50.270833,47.135417
695.092712,369.275696,47.875000,46.937500
696.601440,372.351654,43.406250,40.640625
695.050374,373.840210,41.929688,36.648438
691.301188,373.526001,46.416667,37.666667
691.507996,377.309692,49.963542,32.682292
687.608093,368.034515,52.890625,40.656250
690.715068,369.088847,52.796875,39.515625
690.552795,363.401296,54.770833,44.109375
697.130798,363.399211,43.854167,40.445312
687.037028,361.038025,62.651042,44.109375
686.326233,358.764954,56.703125,45.562500
697.157918,356.338623,48.979167,46.937500
685.944702,356.791565,63.343750,45.531250
684.091899,357.502940,72.875000,44.750000
687.185425,357.755798,64.984375,42.562500
681.071167,353.759918,74.281250,44.968750
695.572123,352.106649,54.299479,45.507812
694.945536,351.279978,46.312500,47.875000
689.517598,353.676036,64.828125,44.541667
700.369527,351.409617,41.104167,43.187500
690.609375,349.484283,53.942708,44.046875
689.001160,348.377167,52.796875,44.671875
696.316406,346.507874,53.304688,46.195312
688.651794,346.018555,60.812500,43.796875
697.970561,346.376902,52.250000,43.174479
689.256958,344.945129,60.414062,42.640625
689.698161,347.729441,52.552083,39.401042
699.845764,349.429962,39.000000,36.500000
687.597107,350.841736,59.140625,33.882812
697.784200,347.577067,49.583333,37.208333
693.696655,344.342072,53.992188,39.296875
698.321838,345.404734,51.343750,36.427083
696.570231,346.018127,51.026042,35.088542
696.640991,352.155629,50.239583,28.591146
700.114889,349.495209,45.515625,28.270833
693.334778,345.748901,47.320312,31.242188
697.458740,348.112793,50.007812,29.289062
702.937317,341.873932,35.664062,32.875000
703.218994,346.295797,37.500000,27.234375
703.813599,339.974915,37.296875,33.343750
702.528320,345.753693,38.820312,24.867188
703.155457,344.717753,36.244792,26.125000
704.856486,344.998454,38.000000,25.000000
701.710307,340.831014,40.072917,28.125000
701.503174,336.883606,38.239583,32.484375
704.085225,341.073425,41.729167,26.854167
702.710266,337.801788,41.828125,32.057292
693.774109,331.135193,49.468750,35.148438
698.716756,331.916677,43.010417,32.604167
703.728027,329.750000,36.156250,33.031250
694.969096,336.190013,47.549479,26.695312
696.830627,334.594177,46.164062,27.437500
694.236226,335.599091,44.265625,25.406250
705.329346,335.513062,35.453125,23.851562
696.972534,330.444489,42.656250,30.226562
702.068848,334.125854,36.507812,23.851562
703.119588,333.188456,35.000000,21.666667
700.138977,327.660634,38.807292,27.052083
699.093221,327.902578,38.666667,26.000000
703.203084,323.412903,35.395833,30.765625
704.448710,327.017924,33.742188,26.135417
704.024699,328.274719,34.401042,25.263021
702.325785,328.367961,36.338542,23.432292
705.324585,323.893341,32.687500,28.726562
705.390381,326.633901,32.919271,27.651042
702.192932,321.324087,36.031250,25.276042
703.052795,313.388143,35.739583,33.322917
704.738566,314.105479,34.041667,30.864583
703.874898,313.828929,36.333333,32.333333
702.557190,313.209900,39.671875,31.585938
701.315715,312.505208,37.093750,31.260417
701.849670,310.793671,38.968750,33.695312
701.413513,312.977834,39.458333,28.734375
705.197876,314.060364,35.804688,27.367188
704.910868,309.903931,38.000000,29.333333
703.561544,309.521271,37.989583,29.265625
702.582621,308.469950,43.255208,30.440104
701.586080,305.325419,40.010417,32.354167
703.231201,306.634949,40.750000,29.875000
703.551982,305.634603,40.455729,30.682292
705.253113,305.163564,40.666667,32.166667
710.347860,305.637543,31.536458,30.791667
704.380554,300.497650,37.914062,35.101562
703.454854,305.724894,37.979167,29.843750
710.146423,302.768982,34.398438,32.289062
710.390910,307.775798,31.825521,24.552083
707.751648,301.712616,36.437500,29.875000
705.301697,301.571330,37.502604,28.973958
704.882446,300.669006,36.750000,30.218750
704.942505,300.550334,36.674479,29.401042
703.886353,300.203064,37.093750,29.187500
705.431824,298.357147,37.093750,30.906250
705.839091,298.353912,38.187500,30.750000
704.793823,300.048431,38.375000,27.953125
712.888326,304.231669,27.609375,21.809896
710.888652,298.792979,31.273438,25.414062
707.926961,302.629232,32.958333,22.203125
708.032206,303.003988,33.666667,20.250000
713.955892,294.948964,29.143229,28.028646
708.318359,294.691203,33.375000,27.833333
711.500488,293.165080,31.114583,28.348958
708.115784,296.455160,31.729167,24.968750
715.774231,298.021474,25.130208,21.893229
717.630900,296.650645,24.684896,22.734375
710.606323,289.182037,36.062500,31.281250
715.176982,295.280853,27.471354,23.848958
718.040100,291.705963,25.437500,24.906250
716.836792,293.282196,24.697917,24.177083
716.995626,296.267385,25.244792,18.070312
718.372375,290.342936,25.882812,24.934896
719.040405,294.107310,20.544271,21.533854
717.796936,291.294830,23.265625,21.390625
717.057800,288.752747,27.250000,23.734375
717.325399,288.245707,24.989583,23.765625
718.938660,288.053009,24.479167,22.947917
719.665894,288.136983,20.583333,23.520833
719.843750,288.390106,22.328125,21.859375
715.170878,288.080790,32.289062,19.773438
719.953674,287.634369,29.335938,20.617188
720.377523,287.897003,23.481771,19.187500
719.108541,288.154500,25.197917,18.968750
720.432983,286.577576,25.750000,19.562500
720.204224,287.195618,23.968750,17.640625
719.842041,288.087372,23.843750,17.572917
720.505086,286.704041,23.208333,19.364583
720.284546,285.395782,25.062500,19.812500
721.513021,282.404663,23.458333,22.541667
718.652608,284.308990,26.119792,20.906250
715.822184,282.834391,29.200521,19.721354
718.012492,281.746724,27.471354,19.554688
720.140625,283.118317,25.218750,19.890625
718.647034,277.076477,27.484375,26.781250
717.872253,281.721639,29.203125,22.028646
717.532288,274.900208,28.843750,24.460938
707.636983,273.349711,39.356771,31.309896
705.265625,279.939178,40.656250,24.062500
703.858297,273.421549,42.197917,31.309896
706.648519,274.351695,39.427083,31.059896
704.254964,266.046356,41.039062,38.760417
706.555806,267.665710,40.231771,37.502604
709.562887,271.964437,38.460938,32.752604
711.465454,256.946533,35.515625,47.632812
709.269552,263.170553,44.458333,41.742188
711.993713,265.321228,39.593750,40.406250
709.310669,258.122040,44.476562,48.203125
709.282166,236.647125,44.489583,70.583333
708.565613,235.975962,44.294271,69.815104
705.545064,236.178782,47.958333,71.437500
708.478434,240.985565,45.229167,65.333333
702.406291,242.414815,49.106771,65.494792
705.307007,241.822784,48.148438,67.007812
705.694194,244.014242,50.270833,68.604167
704.646912,239.111532,51.312500,71.078125
693.831767,249.809275,62.505208,63.132813
705.719991,248.421407,56.460938,63.020833
695.359009,250.285004,59.781250,62.156250
704.720276,253.603271,61.187500,62.312500
705.509338,251.455994,51.757812,63.734375
702.927917,254.747467,57.656250,63.437500
703.963298,255.554891,52.101562,64.190104
704.389099,259.921031,52.562500,63.500000
702.565145,263.699809,55.450521,52.807292
704.794108,265.244364,54.645833,53.083333
710.339905,266.232880,51.468750,49.984375
709.285706,265.812012,58.000000,49.500000
713.827209,269.208038,53.604167,49.395833
709.303284,269.841695,61.265625,50.164062
710.240906,273.354248,58.132812,47.593750
714.475647,271.344442,55.979167,53.335938
706.675964,273.102244,59.236979,47.263021
711.633240,275.579651,59.041667,44.531250
712.486491,279.482218,51.520833,41.921875
709.438293,279.723287,63.148438,40.986979
714.338359,281.618256,51.158854,39.958333
711.284790,279.052205,63.114583,41.328125
711.785583,280.022959,57.002604,42.880208
709.626404,280.237854,66.507812,41.117188
710.229492,282.731018,65.812500,40.312500
710.550985,278.257314,57.054688,44.242188
711.985901,279.610016,66.000000,45.179688
713.409770,285.092987,63.460938,35.166667
714.896525,287.608531,57.583333,33.333333
718.792297,284.572500,57.848958,34.242188
720.783203,283.898834,64.041667,35.765625
725.583455,286.208720,65.768229,32.653646
739.786377,281.260834,65.906250,37.812500
746.807983,287.523834,73.109375,31.976562
767.424011,283.362885,69.640625,38.304688
776.711182,287.358103,72.875000,32.250000
795.155233,288.030752,66.338542,30.151042
805.912659,284.973450,67.242188,34.835938
819.821960,288.070557,64.984375,33.484375
826.915039,288.001373,64.937500,33.937500
835.416829,288.125559,60.411458,33.140625
832.952535,291.175629,65.432292,31.130208
838.245138,289.099365,60.861979,32.580729
852.863485,284.379323,54.140625,37.825521
841.748088,287.825857,60.572917,33.697917
840.321350,287.677409,62.276042,34.466146
856.189535,283.980611,47.664062,36.351562
862.807861,289.447622,39.520833,31.010417
863.703715,287.522929,35.166667,33.885417
869.535217,287.477264,33.906250,33.093750
864.518677,290.070923,35.687500,31.062500
871.936381,289.176768,28.343750,30.895833
870.498210,289.252533,42.908854,31.479167
864.817688,287.055562,41.177083,33.557292
866.217387,281.669484,41.468750,37.458333
875.585815,287.511322,32.773438,33.156250
864.279032,287.899404,45.161458,34.302083
877.730652,289.748698,35.218750,31.036458
871.698100,283.266541,37.921875,37.559896
871.548889,288.627228,39.093750,31.187500
869.929911,288.657694,42.197917,30.166667
872.353943,288.664642,38.085938,30.007812
872.960449,288.659658,37.833333,30.750000
872.240295,285.824941,40.244792,36.320312
879.513306,286.715942,31.937500,32.968750
874.331014,287.591095,38.916667,34.177083
876.588888,288.871735,36.677083,32.395833
877.300537,287.257355,36.218750,33.343750
882.882385,288.593842,30.828125,31.187500
880.047485,287.766642,35.455729,32.726562
880.779622,290.317891,32.875000,29.333333
881.034851,288.343923,33.161458,32.484375
880.128601,288.529694,33.921875,29.890625
885.935404,287.427816,28.666667,31.666667
887.607035,289.218180,27.052083,28.640625
882.159119,287.765045,31.846354,31.546875
881.858521,288.759013,33.140625,30.934896
881.861938,288.060527,33.411458,31.096354
881.372253,286.555786,35.666667,32.333333
890.321533,289.568075,31.703125,29.656250
891.580241,286.723246,30.062500,31.031250
894.411580,288.780375,29.270833,31.114583
881.070353,284.569692,41.562500,32.651042
894.435120,284.366862,28.447917,35.875000
882.872253,286.366201,39.364583,31.757812
892.878601,284.070913,35.981771,34.596354
882.361877,284.497935,39.281250,34.177083
880.742004,286.419312,41.195312,32.007812
884.879069,283.781036,40.270833,34.229167
883.342773,285.024607,44.552083,33.760417
881.294800,287.867798,47.312500,32.281250
884.906474,283.215993,43.109375,37.895833
889.139404,284.915131,40.703125,36.291667
894.137451,285.457581,35.265625,35.265625
894.259827,282.622264,36.494792,36.872396
891.241028,283.805969,37.750000,34.375000
888.887146,282.793793,39.921875,36.250000
895.552775,285.690063,35.687500,32.218750
890.795837,285.787109,40.656250,33.679688
895.450460,285.568685,36.869792,32.432292
895.812561,279.124756,36.937500,41.609375
897.733927,284.591980,35.739583,33.473958
898.187073,281.366180,36.578125,36.937500
897.257589,283.383881,38.005208,33.851562
899.127889,284.063192,36.005208,34.143229
897.443237,285.143555,37.458333,31.625000
897.655172,284.408630,40.138021,33.903646
901.926493,282.479136,36.473958,36.473958
904.356954,281.742737,34.606771,39.138021
896.135864,280.403748,41.578125,38.132812
907.754781,282.436493,31.078125,35.890625
903.927673,282.744476,36.601562,36.218750
909.440796,284.847229,33.026042,33.398438
904.774780,283.191142,41.729167,35.708333
905.402344,282.664876,39.729167,37.122396
911.360779,283.734558,34.000000,34.375000
910.585246,282.133128,35.606771,37.747396
909.804810,283.647247,34.000000,35.875000
910.261414,280.970052,35.250000,37.390625
909.495544,282.359009,36.250000,36.625000
911.073730,281.282827,35.598958,39.781250
910.320923,280.122915,33.770833,37.867188
906.185181,280.844269,41.307292,37.979167
911.470500,278.662659,36.309896,42.906250
910.012492,280.127096,38.942708,37.731771
912.134684,280.030090,36.692708,39.098958
909.764913,280.317739,37.500000,37.500000
904.386108,278.783813,42.708333,38.984375
906.888367,280.785919,41.234375,38.890625
910.150981,279.700724,43.203125,40.161458
911.076904,275.962596,37.895833,43.911458
913.552490,278.272522,36.979167,40.250000
914.547180,280.446116,35.921875,40.966146
918.262838,276.409180,32.802083,45.744792
916.185262,278.374176,35.145833,41.354167
914.953552,278.582306,35.453125,42.726562
913.742798,278.402557,38.000000,40.697917
913.640035,282.514852,36.359375,38.260417
913.045390,280.456207,38.645833,37.559896
914.794922,277.231588,36.739583,40.541667
913.793518,279.160736,36.460938,37.656250
917.339925,279.950816,32.341146,38.382812
911.652262,278.020386,42.627604,40.455729
910.260315,277.863108,39.138021,39.893229
912.102356,278.015930,36.062500,40.445312
911.131612,278.792786,38.750000,38.750000
908.073690,277.289195,42.979167,40.960938
908.729146,277.526632,37.929688,43.872396
907.789449,273.982442,38.778646,47.268229
898.198446,270.193899,53.854167,50.270833
899.776550,272.627411,43.656250,44.125000
893.969706,271.213989,58.291667,46.833333
882.915649,275.981832,55.145833,42.687500
890.161418,269.014119,50.937500,47.510417
894.410156,270.277313,59.140625,48.179688
889.525391,267.150085,57.000000,49.000000
877.402384,270.573029,58.864583,46.239583
867.460327,266.503357,73.773438,53.289062
865.508504,265.777130,74.463542,52.424479
860.779602,264.935059,73.437500,52.062500
861.858887,230.283539,64.104167,86.554688
851.829895,223.135315,65.812500,95.041667
846.917257,262.333120,76.333333,57.000000
845.217896,263.500946,77.125000,52.187500
843.380900,261.828186,65.729167,53.903646
858.933940,263.367513,55.541667,54.302083
855.976583,269.843658,49.848958,46.906250
859.132202,266.144063,60.348958,48.591146
858.116089,267.251556,51.312500,48.578125
854.431498,260.929077,67.333333,52.822917
858.173197,262.527629,66.312500,54.338542
860.621195,265.670268,61.177083,53.796875
860.719503,264.727051,46.270833,50.135417
856.989075,267.339630,52.296875,50.726562
851.654480,269.574951,46.234375,44.726562
844.292908,267.146179,68.671875,47.226562
847.482239,268.198059,50.500000,45.500000
830.943970,264.125549,60.570312,51.039062
825.849609,263.928040,53.000000,48.500000
813.652018,259.300018,67.583333,51.916667
804.814311,258.374563,53.328125,52.815104
799.701457,256.065114,46.937500,53.572917
793.964172,256.896057,49.000000,55.000000
795.490601,256.767324,53.541667,53.541667
785.964498,258.862701,62.322917,52.807292
784.344482,261.726064,63.825521,48.244792
784.819336,258.245748,62.322917,52.807292
784.369812,259.009949,58.140625,52.210938
786.369385,259.089813,58.375000,49.875000
784.289062,256.424357,60.614583,53.541667
791.737508,260.734670,57.565104,50.164062
786.641500,258.178660,62.927083,52.783854
785.009277,259.280334,64.562500,51.062500
786.270711,255.715658,64.015625,56.635417
786.483276,225.861918,66.609375,85.026042
785.536743,223.955678,62.625000,85.583333
785.902283,222.099833,64.541667,91.864583
786.671366,256.905233,68.333333,54.333333
785.263672,254.749939,68.710938,54.789062
783.589905,255.850372,72.585938,57.546875
789.033447,223.682587,66.179688,88.328125
787.319214,222.601349,66.078125,87.992188
784.552551,222.132721,71.226562,89.304688
771.648499,221.762248,84.421875,90.276042
771.829793,218.897837,84.736979,93.955729
785.970947,216.105011,65.375000,96.757812
766.982707,223.991435,89.846354,102.072917
763.221436,217.756165,95.244792,106.382812
779.716675,216.492523,76.468750,168.109375
765.798910,215.073252,87.729167,169.744792
774.096029,219.157227,84.125000,161.312500
761.878235,212.112762,96.593750,174.523438
770.161397,206.793874,90.473958,121.026042
771.702576,225.302500,91.565104,161.398437
773.128072,223.632202,92.666667,163.708333
764.750977,208.880951,97.250000,179.062500
768.029806,224.295237,94.463542,162.666667
761.803263,283.967672,110.791667,114.666667
766.456767,220.462494,101.791667,164.479167
766.403381,272.111603,98.968750,128.617188
771.733521,219.030884,94.020833,171.130208
767.176982,224.928446,103.916667,166.953125
767.731995,219.469930,100.218750,178.270833
757.030802,219.240519,110.583333,181.812500
765.652954,223.600708,102.250000,165.531250
766.418681,220.983287,100.052083,166.979167
767.123332,224.813609,104.390625,171.992188
770.439087,223.400269,105.471354,171.953125
770.703166,222.756419,103.929688,168.432292
768.126770,218.673981,109.625000,178.375000
773.128866,222.643148,103.187500,168.473958
763.276794,218.750214,110.265625,168.270833
768.562561,224.980835,111.614583,170.968750
766.054993,222.710327,113.226562,168.679688
772.075602,223.159932,106.625000,172.979167
772.795715,216.055054,100.104167,172.687500
773.004008,219.585205,101.585938,176.690104
761.572001,212.170634,114.177083,179.046875
777.304647,222.639750,104.906250,174.177083
784.275330,214.052185,100.104167,175.479167
772.357707,221.086884,114.994792,177.294271
764.959534,211.304382,117.156250,189.062500
770.260559,213.028656,117.250000,191.359375
758.510742,224.738953,125.283854,177.692708
776.778381,212.198059,113.328125,194.375000
770.869324,221.821543,110.281250,181.734375
775.573486,222.757528,109.203125,178.453125
768.635478,220.936157,116.205729,181.442708
775.775208,224.031708,112.505208,171.786458
775.225932,209.956370,108.916667,193.901042
771.059123,222.593424,117.166667,185.166667
762.637207,208.983368,122.078125,201.812500
779.903931,224.309377,109.645833,170.177083
770.466532,215.444580,105.651042,179.348958
789.481038,216.856394,96.979167,178.843750
774.367106,213.531932,100.244792,117.679688
782.544861,218.575989,87.593750,115.609375
778.265686,214.012024,94.242188,114.828125
769.702576,213.043304,87.132812,112.398438
771.489482,212.567942,87.200521,105.750000
779.186137,214.616486,91.171875,116.046875
781.895874,215.298340,84.078125,106.445312
781.831746,210.079010,79.002604,104.328125
782.043884,216.738342,85.562500,102.859375
784.297038,211.245962,75.020833,103.265625
786.062764,214.781942,69.604167,98.343750
788.412374,210.327311,81.098958,103.104167
782.675415,209.288066,83.278646,109.164063
782.344849,212.577271,85.507812,103.963542
779.922282,210.728994,90.104167,109.687500
781.744588,210.342021,88.434896,110.036458
779.873840,209.140015,83.898438,123.812500
774.283610,212.048055,94.041667,118.359375
785.495056,211.649658,88.291667,115.570312
784.790527,212.702637,89.593750,112.796875
783.560649,209.660217,79.572917,104.385417
784.173157,211.470795,76.596354,102.122396
790.110209,216.878642,83.973958,111.942708
787.365743,209.992340,76.395833,102.833333
783.711609,213.107574,80.023438,99.546875
783.771403,213.947083,76.515625,99.822917
786.033834,215.962718,86.677083,111.286458
781.971741,212.296987,83.416667,101.625000
781.940979,213.403412,82.015625,102.031250
781.470642,215.777954,82.562500,97.562500
784.163818,213.504578,75.375000,99.546875
785.468628,218.364349,76.468750,94.437500
783.221741,213.531738,76.445312,100.726562
786.547038,213.928121,79.385417,103.994792
785.425781,194.461314,80.979167,119.151042
784.081299,212.282959,83.921875,103.937500
784.220642,214.990631,76.296875,101.078125
787.373088,215.529694,77.083333,100.916667
785.181234,213.024190,74.541667,100.281250
789.002238,221.306488,73.083333,96.510417
784.184001,215.060465,76.671875,98.416667
789.403768,215.959503,73.562500,96.854167
787.594401,217.983592,75.802083,95.807292
787.420492,218.044108,77.369792,97.794271
785.088196,216.219604,77.125000,96.156250
784.850098,208.709930,77.367188,107.015625
783.406331,214.198781,81.848958,98.770833
783.402100,204.088796,82.109375,111.942708
780.693522,215.028788,80.312500,105.770833
783.542358,198.802155,79.156250,113.468750
783.470215,219.197703,77.984375,92.789062
788.803284,213.788849,73.187500,98.500000
786.622925,211.730255,77.593750,102.531250
784.305054,213.860626,78.164062,100.476562
784.952454,216.581879,77.515625,96.875000
785.589661,203.919352,75.786458,109.125000
782.941366,215.468750,83.729167,96.890625
783.298014,208.756571,81.895833,104.877604
781.955709,208.980540,81.937500,111.807292
781.920105,215.203369,81.156250,99.958333
783.798340,209.761831,75.268229,102.531250
783.580465,208.050934,79.617188,107.630208
783.574707,204.311595,79.312500,111.010417
780.847331,195.057231,81.838542,125.666667
778.929504,196.377197,82.875000,116.648438
780.734497,209.692993,80.828125,105.390625
781.332947,209.640991,82.812500,104.239583
784.415365,208.789246,78.596354,107.578125
777.686727,200.913849,85.596354,114.111979
778.088888,197.971385,87.773438,115.700521
780.326029,213.153503,82.453125,101.250000
776.404175,202.443695,91.289062,111.132812
778.145365,203.824809,82.674479,111.622396
779.005005,198.783936,84.671875,114.203125
777.975444,204.387705,84.864583,106.083333
780.781372,210.026031,82.679688,102.859375
777.392192,209.791829,87.218750,103.906250
774.239726,204.808238,101.049479,107.848958
774.945801,209.013316,77.791667,101.031250
774.336833,193.508799,88.208333,121.750000
772.698547,204.252747,80.617188,107.828125
773.060364,202.132680,87.450521,109.791667
770.345479,201.616262,88.841146,112.528646
766.994995,205.105937,91.234375,109.281250
765.766744,206.578898,91.468750,107.552083
766.355408,199.193787,89.000000,115.000000
766.373657,199.035614,85.656250,112.867188
764.198303,206.333832,88.890625,106.468750
765.020630,202.117188,87.218750,111.437500
762.072835,205.065145,90.557292,107.526042
759.321269,208.157430,93.031250,102.927083
760.601929,204.358317,89.393229,108.820313
752.936707,203.385376,99.226562,109.148438
753.010173,199.583852,92.666667,113.500000
753.142497,201.110870,90.869792,110.958333
751.837321,209.195618,94.046875,103.351562
751.410034,205.089142,93.658854,109.950521
747.255290,196.522614,97.213542,117.302083
744.853902,210.371694,96.630208,105.526042
749.629761,208.981995,86.429688,103.304688
747.457926,205.456319,90.231771,109.281250
740.233968,200.722422,94.606771,115.179688
742.795105,204.105337,91.255208,108.046875
742.789347,196.873942,90.945312,117.825521
737.935181,205.087891,95.875000,109.890625
735.881653,203.651917,95.562500,113.625000
738.716919,206.293365,87.695312,103.750000
739.066467,199.187012,93.421875,120.843750
738.289347,196.726318,89.619792,114.177083
737.913371,209.464895,92.531250,102.000000
739.892192,209.729980,92.760417,102.734375
734.511536,213.688629,92.710938,98.757812
738.049011,198.667908,94.510417,115.401042
735.337301,199.921132,88.718750,112.736979
734.623556,204.064392,90.807292,109.604167
737.364563,200.254913,96.468750,115.765625
737.551249,201.792389,91.533854,113.901042
735.953593,200.056569,93.664062,120.291667
740.655233,204.028798,86.515625,112.828125
737.579692,204.734538,88.500000,111.416667
742.958333,204.410604,78.979167,110.786458
743.618408,199.323273,86.708333,119.822917
738.215454,206.042450,86.968750,111.531250
738.276794,201.802063,91.062500,117.671875
742.069295,198.677561,91.343750,122.533854
742.800883,201.894450,90.901042,117.213542
743.995178,205.659088,87.484375,110.973958
740.570251,199.955953,90.492188,111.065104
736.031616,191.490387,92.781250,124.750000
742.089986,200.394735,89.833333,110.416667
737.794373,200.994944,94.281250,120.192708
742.753276,198.056986,88.083333,124.005208
744.867879,204.160075,85.906250,112.031250
744.830017,205.066416,86.809896,119.893229
742.503194,203.589722,82.859375,116.442708
744.552409,202.314402,87.770833,119.416667
741.416280,200.638652,91.533854,122.421875
742.169006,202.133606,91.541667,122.458333
739.238118,202.742126,95.510417,122.984375
745.052917,207.419525,93.942708,119.697917
741.413391,200.396820,94.796875,109.890625
738.923157,203.691376,94.500000,123.187500
735.166585,202.018138,97.968750,112.458333
738.033936,201.971924,96.562500,108.507812
739.608704,202.993093,94.041667,107.786458
750.838338,202.204488,84.958333,127.986979
740.083008,202.040741,95.476562,126.968750
745.646057,207.880351,88.427083,106.593750
744.244527,202.324697,90.700521,109.072917
747.484619,203.886739,86.161458,107.708333
750.247457,205.671427,79.406250,107.552083
750.550618,210.165161,79.046875,102.171875
750.494324,211.705811,80.687500,98.500000
752.822021,207.944214,81.882812,103.265625
750.589437,207.297607,75.546875,102.307292
749.650838,206.670736,84.416667,102.750000
747.989176,205.851837,85.791667,109.880208
746.197449,204.669230,91.937500,115.177083
751.208374,200.208344,82.812500,111.500000
751.486938,205.580902,90.695312,109.843750
746.673950,201.257080,92.437500,114.257812
749.237976,205.589213,93.890625,104.567708
752.442566,203.983673,88.343750,105.609375
748.478373,203.064443,93.479167,108.557292
750.136576,209.848714,96.421875,101.552083
747.791077,205.879089,94.000000,107.000000
751.455241,204.205221,93.708333,112.458333
744.213867,199.376617,100.539062,115.523438
751.559082,209.886963,88.229167,102.583333
756.921122,206.351135,80.760417,108.046875
751.373739,209.501668,87.773438,111.710938
749.905558,205.917664,96.664062,112.093750
752.077596,212.470652,93.578125,104.893229
750.202209,210.632599,90.604167,106.895833
753.911499,214.459869,80.617188,105.812500
749.575948,217.394999,86.291667,97.791667
749.869934,213.095459,92.695312,106.875000
752.150309,217.934174,97.494792,101.473958
755.734049,220.685038,96.354167,100.500000
749.016541,218.516296,101.406250,101.406250
749.985067,204.323842,95.080729,115.757812
749.249268,215.466492,97.447917,104.630208
751.214010,211.596578,87.843750,110.588542
755.837809,222.282379,90.341146,99.177083
753.047974,222.009003,101.406250,100.421875
751.249064,225.190440,98.505208,99.510417
757.234294,220.779633,89.239583,104.630208
754.938110,221.569977,85.656250,104.804688
756.430033,217.584564,86.867188,112.528646
753.166768,221.433757,103.083333,107.166667
753.108297,217.193146,94.242188,114.294271
743.347656,220.389282,99.085938,112.796875
747.485128,221.682872,105.947917,111.195313
760.270345,215.242025,79.395833,115.833333
746.012634,215.210541,96.265625,117.203125
760.025065,235.195557,84.333333,104.125000
756.795105,230.663920,86.104167,102.927083
743.731649,230.577962,99.710938,106.291667
748.904683,230.991974,99.895833,104.791667
754.306763,237.401845,85.557292,100.479167
755.554016,235.346985,96.476562,102.148438
753.949463,238.824524,94.763021,97.723958
759.230937,242.453939,93.286458,96.231771
754.422526,236.641764,95.250000,104.085938
760.032145,227.240102,78.385417,113.005208
761.202881,225.851685,81.190104,114.039062
757.520671,242.779348,81.656250,105.760417
745.367004,229.707865,94.635417,118.739583
754.532186,242.096853,88.656250,103.265625
756.024841,244.405243,95.171875,98.054688
747.371826,233.981018,107.312500,112.234375
754.414449,231.702555,100.250000,109.554688
754.865173,240.458221,93.273438,104.187500
753.800476,229.062642,95.473958,114.953125
761.851501,243.769684,94.132812,102.320312
761.437622,241.959686,82.703125,100.421875
756.389526,239.425975,87.945312,103.838542
758.114014,241.520325,79.796875,99.976562
757.746318,241.796112,88.500000,95.791667
759.832642,227.549744,84.653646,116.828125
759.474264,231.520711,91.572917,106.989583
760.399272,227.250600,94.500000,111.057292
761.687561,222.417908,94.132812,101.296875
758.474243,210.486877,97.468750,109.281250
754.408000,203.548869,91.802083,103.645833
757.020365,196.074498,89.229167,113.291667
756.731140,184.885925,89.687500,114.882812
762.755208,185.458918,82.786458,105.726563
763.689189,178.756541,83.192708,101.351563
764.672058,168.296539,83.015625,104.697917
764.021322,166.636215,87.010417,101.033854
762.304789,160.148417,85.333333,103.666667
780.707703,160.550593,66.776042,95.609375
758.664734,150.600479,91.817708,103.812500
762.324341,151.537338,86.351562,98.929688
779.528707,166.719182,73.588542,83.015625
763.811971,146.423843,90.583333,98.645833
761.822937,144.689804,89.369792,99.710938
763.638794,142.620646,92.268229,101.304687
767.876892,144.973821,87.010417,99.164062
763.926656,142.545710,90.309896,102.531250
759.065857,135.241302,93.773438,109.398438
756.744731,140.301173,97.250000,103.265625
783.699158,153.402740,67.500000,93.476562
766.920369,145.138189,88.841146,99.697917
765.552917,141.132731,90.104167,102.833333
765.177673,137.200607,90.062500,106.937500
774.465169,148.377228,84.669271,95.950521
764.238525,142.973033,92.145833,101.260417
766.533590,143.659643,94.661458,101.351563
768.681824,146.845932,94.406250,97.265625
764.605733,144.438568,96.572917,100.395833
766.053528,141.085892,93.776042,104.632812
766.634196,144.648056,94.916667,97.791667
767.157654,140.890635,95.979167,101.854167
791.585022,142.768768,72.109375,100.937500
788.156006,155.388000,75.039062,87.835938
793.288391,171.568573,69.507812,71.242188
784.401550,169.747406,81.645833,75.062500
792.137736,165.396530,69.979167,78.601562
795.384135,168.355367,72.500000,76.223958
793.754537,173.319677,72.687500,71.916667
794.700460,173.551300,69.786458,69.054688
790.773153,172.578908,73.856771,70.250000
789.365316,171.156469,77.015625,72.671875
797.951599,178.535039,69.437500,65.635417
801.247925,180.554972,68.328125,63.260417
796.661438,168.190308,76.625000,75.250000
796.544393,161.335536,79.627604,83.234375
809.954956,160.711258,76.023438,82.085938
813.515381,160.598302,80.958333,83.333333
834.382202,168.023204,74.104167,74.934896
853.487061,179.256653,74.382812,64.125000
866.324890,178.277206,75.250000,67.750000
889.762268,175.577220,81.208333,71.182292
914.937561,175.536540,81.937500,73.916667
930.431702,172.248723,87.531250,82.354167
979.966919,181.093923,62.307292,73.947917
998.875692,196.378703,76.171875,59.221354
1025.572957,180.923925,65.447917,76.656250
1058.046021,193.365067,64.750000,64.750000
1068.939941,191.143219,72.494792,71.820312
1096.339233,203.561951,66.807292,61.265625
1107.594849,212.953379,60.955729,53.049479
1107.984375,207.445862,72.875000,59.125000
1122.041870,207.653076,66.000000,59.750000
1129.325684,214.182510,61.562500,55.031250
1115.063883,218.065236,77.289062,48.468750
1128.060547,228.219620,67.500000,39.593750
1125.244873,213.590820,73.000000,54.437500
1125.422485,226.861842,73.591146,42.231771
1133.589152,230.468226,64.307292,40.135417
1141.631470,226.430145,56.781250,40.375000
1140.306885,228.427673,58.291667,40.062500
1140.890340,229.381388,55.216146,36.315104
1131.719930,224.721080,67.354167,40.812500
1134.760173,232.377457,65.164062,33.828125
1149.622965,232.085948,53.994792,34.242188
1146.403687,232.086324,57.375000,34.000000
1139.812378,232.056137,63.789062,33.062500
1151.354533,234.351654,56.937500,30.833333
1143.649373,231.019918,66.078125,32.875000
1146.543335,228.317042,61.132812,35.028646
1145.438232,232.628281,63.906250,30.546875
1145.786743,233.695984,67.835938,29.578125
1146.710815,232.197662,59.593750,30.531250
1151.790771,230.934143,57.109375,30.390625
1152.139893,231.158091,56.666667,29.703125
1156.815308,229.304672,65.882812,31.507812
1151.669881,232.677567,61.820312,26.679688
1152.987630,232.581090,63.781250,26.625000
1160.057292,231.154073,59.153646,29.015625
1163.455892,228.591283,54.385417,30.895833
1161.883057,232.473134,56.606771,25.619792
1162.569580,232.939840,56.703125,23.604167
1175.268555,230.702972,45.023438,26.648438
1174.198690,226.036667,40.739583,30.895833
1175.322713,231.560242,47.023438,24.190104
1169.205811,229.648148,51.273438,26.664062
1168.643026,227.693965,51.661458,27.994792
1170.192464,227.222610,54.934896,26.997396
1170.664795,226.238220,54.906250,28.343750
1174.328369,227.700439,51.289062,25.940104
1169.085531,223.850947,51.442708,28.161458
1173.903564,229.254974,47.093750,23.265625
1176.843547,225.573903,48.666667,28.184896
1179.463582,226.972549,45.104167,24.192708
1179.796875,225.404572,46.247396,25.252604
1175.957031,226.833771,55.843750,24.203125
1180.823649,227.895864,46.484375,23.557292
1181.090088,224.234634,43.187500,29.125000
1181.584147,217.357900,42.786458,38.348958
1183.445028,224.413172,43.291667,28.187500
1183.225952,226.276367,43.406250,25.796875
1182.810221,224.945196,39.036458,28.916667
1179.226196,220.527796,42.908854,29.747396
1177.724731,225.903366,41.250000,24.718750
1173.606689,223.764221,44.656250,24.375000
1174.552490,219.166840,46.031250,26.781250
1164.473633,220.282811,38.687500,25.776042
1154.080526,223.983744,47.302083,17.867188
1150.950195,221.059987,44.484375,20.851562
1148.857503,215.505554,37.567708,25.890625
1138.252441,216.259669,45.429688,24.632812
1135.294556,218.443624,38.703125,21.835938
1126.977620,214.975988,38.497396,24.632812
1131.869670,218.644511,28.656250,21.588542
1123.570719,210.674957,35.416667,29.291667
1119.157878,213.653137,35.416667,26.812500
1115.278320,212.436203,42.960938,27.265625
1118.708862,212.040100,39.296875,29.218750
1119.391927,210.674555,40.138021,28.015625
1124.802409,205.991282,39.549479,34.773438
1127.441040,206.696045,40.023438,34.398438
1121.350464,211.192012,38.916667,26.520833
1120.804281,209.152873,40.138021,30.786458
1113.587769,208.898814,51.645833,31.458333
1115.912394,203.865061,51.645833,33.026042
1116.949341,203.922455,46.312500,35.375000
1118.911051,210.827408,44.203125,30.625000
1114.839233,206.693405,52.953125,31.078125
1115.544800,200.234055,49.343750,40.406250
1116.773641,204.256022,46.270833,34.312500
