670.000000,340.000000,31.000000,52.000000
669.156209,346.190145,35.380208,49.635417
668.147990,352.380015,32.411458,52.361979
668.213521,355.102753,30.895833,50.968750
666.089864,356.162954,31.859375,64.364583
664.984090,358.692698,35.583333,52.875000
664.755615,358.536774,30.835938,55.328125
665.142476,357.232107,30.713542,52.786458
662.254537,354.345886,30.869792,64.372396
662.250142,355.205068,30.713542,60.427083
663.159363,355.225525,30.390625,51.765625
657.645142,352.865570,33.062500,53.734375
655.640788,351.681030,34.007812,53.372396
657.368083,346.466248,32.666667,51.000000
655.263916,344.132914,34.312500,54.812500
653.950460,337.691844,34.145833,61.020833
654.603475,334.377228,34.375000,69.140625
652.392578,329.219757,34.906250,75.109375
648.365763,322.672658,36.364583,71.223958
651.046692,319.974304,33.484375,79.375000
650.988424,316.493581,33.247396,80.296875
649.324605,312.243500,36.406250,72.348958
650.491211,304.492676,35.023438,69.046875
652.119995,304.039856,32.000000,60.500000
650.716309,299.014862,33.229167,68.776042
650.279317,297.184631,34.645833,56.911458
649.608053,292.470459,32.109375,58.505208
650.845133,288.467946,30.114583,63.260417
650.024536,284.420746,31.281250,66.015625
647.885498,279.050039,32.166667,77.083333
648.783610,274.161336,31.666667,74.312500
648.738790,269.595825,30.705729,75.994792
650.356995,268.563354,29.291667,74.760417
643.646240,264.312124,34.541667,63.291667
642.963155,261.766795,32.901042,53.864583
642.371195,256.907949,31.260417,54.604167
643.516418,255.385559,29.802083,51.609375
638.477681,250.562307,34.098958,68.812500
640.142822,247.058258,30.953125,62.593750
641.697815,242.051819,31.281250,63.343750
639.214600,237.805308,32.984375,63.578125
639.492004,234.245270,29.593750,68.031250
639.328878,231.594828,30.367188,70.921875
637.698486,227.491394,31.031250,71.234375
637.690063,225.316010,34.601562,60.898438
636.985718,222.173971,30.666667,62.651042
637.152364,220.145671,34.000000,62.416667
636.166219,218.824783,35.635417,59.789062
638.150614,216.766083,29.750000,56.104167
637.323181,216.266022,29.093750,57.187500
637.417664,213.148000,29.098958,59.359375
636.244222,212.402415,28.760417,62.927083
636.240255,211.494736,27.906250,61.645833
635.171061,209.522252,27.802083,61.088542
634.595520,208.836975,29.156250,63.937500
633.264954,208.389125,29.531250,59.791667
631.968099,209.048340,29.929688,59.278646
628.100098,208.318125,31.986979,57.031250
617.398539,208.533503,40.500000,56.958333
629.239929,208.320404,28.500000,50.843750
626.462362,207.536987,31.255208,69.278646
617.040283,205.971146,40.531250,62.445312
612.924886,206.248342,43.799479,65.424479
625.477275,205.620392,28.489583,62.614583
609.969177,204.094279,43.348958,66.776042
624.010274,203.297226,30.695312,66.046875
624.255025,205.360850,28.500000,64.708333
623.339701,205.694845,30.114583,61.020833
622.694763,207.038940,29.500000,59.781250
613.389465,207.171616,38.812500,71.468750
617.976807,208.238831,33.171875,54.015625
616.354065,207.643234,34.515625,51.273438
616.352498,207.295359,35.799479,58.020833
603.165405,207.556224,49.411458,59.973958
622.863770,207.883011,27.273438,59.078125
597.731567,209.060333,53.937500,64.437500
612.630066,209.873520,36.492188,57.695312
610.893819,210.542450,36.833333,69.979167
609.304016,213.265722,34.466146,62.276042
613.137777,214.594106,30.833333,62.997396
614.091064,217.361425,28.031250,57.765625
614.162781,218.852798,27.640625,55.570312
612.764343,219.539948,32.072917,49.653646
593.402771,219.721725,50.562500,61.937500
592.218018,219.657837,48.833333,59.937500
591.906250,221.768478,48.479167,55.645833
609.130493,222.540283,32.406250,63.812500
608.538188,224.942154,31.166667,58.976562
587.791870,226.028305,48.479167,60.572917
594.115316,226.324890,42.950521,59.919271
592.243408,231.125895,43.367188,60.411458
601.649963,231.450623,36.729167,53.572917
596.911682,232.448029,39.265625,54.281250
599.658142,233.157867,35.570312,49.859375
605.912109,235.190460,28.125000,53.062500
604.048299,236.298604,31.000000,55.166667
605.399251,236.855957,28.708333,55.229167
598.921651,238.795258,34.117188,56.604167
596.300720,240.209686,34.085938,56.859375
579.109904,243.123016,53.406250,56.989583
599.228821,243.001740,28.656250,56.781250
599.340454,241.794189,26.382812,57.554688
588.480123,249.154175,36.231771,54.484375
582.455383,250.536133,42.414062,48.203125
587.108215,251.654633,36.625000,49.281250
586.874023,251.954926,37.960938,53.546875
580.043416,252.631836,42.854167,55.666667
586.279317,253.961884,38.177083,54.750000
584.486064,256.727112,37.208333,55.083333
584.088745,258.193807,36.893229,55.539062
583.276265,257.224965,39.041667,60.583333
575.912354,261.889648,45.562500,57.062500
575.414368,264.461609,44.953125,55.562500
575.771118,264.446075,42.041667,52.815104
572.558838,263.775513,45.789062,50.218750
576.515808,264.043213,39.958333,48.723958
583.225220,264.309174,32.804688,49.398438
591.572327,262.686941,22.565104,51.611979
586.241882,260.600474,31.416667,52.666667
585.910400,259.315552,31.062500,54.218750
574.370260,258.574300,42.958333,52.062500
577.218892,256.280467,36.416667,52.666667
583.773438,257.064209,26.375000,47.812500
577.304199,253.737427,34.125000,44.476562
572.856873,247.048187,36.343750,51.781250
567.764343,247.103566,43.872396,49.815104
573.060181,239.503418,39.296875,53.546875
574.797607,242.936493,33.265625,48.937500
568.991943,236.651754,39.729167,53.372396
574.732524,234.317871,31.250000,54.166667
565.927531,235.713394,41.445312,49.708333
568.042786,233.049622,35.833333,56.458333
563.925171,229.931778,42.718750,51.156250
563.375122,219.594955,43.414062,61.046875
555.179993,224.498108,51.500000,55.000000
565.688680,226.805842,38.875000,50.447917
556.729065,217.798431,46.000000,56.000000
575.542155,216.203084,28.356771,56.708333
558.237874,216.305842,44.835938,48.606771
570.828186,219.591115,32.166667,51.158854
566.569519,212.605270,32.804688,49.859375
572.003092,212.011256,25.645833,48.091146
572.985535,230.904241,22.666667,28.500000
569.120809,210.460495,28.708333,48.500000
572.948486,223.499313,25.882812,34.304688
562.438070,225.619466,35.270833,29.802083
568.747355,232.127726,29.747396,34.596354
557.948201,199.807007,40.138021,49.835938
551.904215,195.693899,42.562500,47.757812
558.955505,192.838058,35.026042,52.401042
561.755758,208.302943,29.895833,39.020833
574.023905,200.324259,27.786458,52.039062
558.813436,199.919205,31.796875,47.005208
566.160217,204.027313,33.812500,36.937500
574.040039,200.544225,34.888021,44.570312
563.666504,191.353602,30.489583,51.054688
565.770325,210.621597,24.968750,29.843750
575.062683,209.670990,22.968750,33.760417
567.295166,185.749542,28.539062,47.265625
565.255493,175.171356,26.875000,34.750000
556.490051,178.391658,32.752604,55.229167
558.985433,191.391068,19.992188,44.197917
558.568034,180.107183,33.583333,47.041667
551.749471,194.613083,34.143229,38.239583
569.241984,211.930735,21.854167,35.632812
563.954203,214.097997,28.270833,33.937500
567.690369,216.746307,31.234375,36.945312
555.564128,193.997915,36.057292,46.971354
559.387838,206.078456,40.484375,41.523438
568.866577,216.588374,28.708333,34.177083
562.007161,206.040126,39.791667,44.294271
560.839742,208.839940,31.406250,39.369792
555.797384,198.204137,34.177083,33.812500
564.292501,198.355998,36.674479,43.601562
571.771261,208.350611,38.187500,29.072917
572.902588,186.472504,31.479167,24.898438
565.961243,204.386688,25.281250,24.953125
565.478210,200.408859,23.500000,33.812500
574.248901,211.728531,26.828125,26.234375
573.072388,208.150452,30.812500,27.718750
579.024048,222.415634,22.078125,18.218750
556.934692,221.446808,27.437500,24.343750
561.258382,228.262955,24.872396,29.968750
559.721008,228.287847,28.307292,25.799479
564.461426,230.159317,27.796875,20.140625
552.096659,237.784561,27.041667,29.125000
550.028320,219.717804,23.695312,32.171875
550.938273,221.803894,27.018229,28.627604
551.538086,216.572922,20.140625,32.718750
547.330933,224.363068,35.869792,27.822917
552.211182,236.565430,32.781250,39.531250
543.582214,235.786194,35.734375,24.750000
555.480713,218.923492,29.510417,37.567708
568.930888,222.313843,39.736979,28.994792
549.303711,223.896912,40.231771,40.231771
565.070780,235.211685,27.044271,31.682292
560.096273,246.634888,36.138021,34.432292
556.639506,229.959173,37.833333,33.583333
555.867065,235.772003,32.945312,53.875000
557.366536,245.897802,34.757812,31.265625
545.608826,227.996613,36.984375,44.328125
547.174215,234.733836,41.083333,27.593750
553.234924,245.035172,25.234375,28.539062
555.957926,252.871368,30.312500,29.963542
548.676046,230.717631,29.442708,41.679688
549.526957,218.054169,46.026042,29.747396
549.263590,213.759069,41.104167,40.010417
554.948425,196.422546,50.382812,41.960938
553.111471,223.705811,37.494792,34.687500
544.855652,210.939575,37.750000,46.937500
550.764282,217.091370,34.687500,42.708333
548.164205,242.737834,36.625000,49.687500
542.344604,226.166489,46.960938,37.437500
552.650309,226.989405,42.315104,37.096354
542.773865,228.012650,52.343750,34.953125
557.560669,234.236923,26.625000,40.718750
544.609009,223.373108,50.156250,35.531250
555.723531,215.078562,28.802083,43.111979
552.177144,214.376048,49.502604,34.369792
542.365214,221.512680,35.760417,36.500000
552.246480,237.790909,27.440104,22.971354
549.467061,238.885579,44.916667,35.354167
552.435608,225.509928,41.307292,30.583333
544.062154,222.542562,39.007812,24.890625
535.906067,221.271301,44.312500,22.312500
531.810059,222.476679,39.411458,33.877604
542.020874,216.309596,35.455729,33.408854
540.773722,210.651611,45.239583,33.109375
550.921875,208.210968,37.375000,49.000000
522.266439,220.761943,63.130208,51.726563
532.764832,215.227997,47.375000,36.609375
553.633545,242.951172,19.476562,22.054688
550.313863,228.938578,42.703125,38.205729
524.565857,222.172409,39.507812,38.265625
531.931458,231.243134,45.625000,51.203125
546.903971,232.294708,21.000000,24.333333
553.665771,224.904536,27.125000,27.125000
552.647888,223.729696,24.033854,29.320312
544.350098,236.034668,25.078125,26.156250
549.330546,228.795787,20.445312,29.997396
548.092550,235.536504,17.145833,25.864583
545.598857,235.754384,21.588542,26.505208
551.927877,232.955134,16.458333,24.333333
543.821086,229.249135,22.177083,26.914062
550.201111,240.200785,15.203125,17.570312
538.037354,240.506622,19.000000,23.500000
545.580180,234.504786,20.432292,16.640625
550.766541,239.863678,17.992188,17.539062
546.308573,238.209503,23.695312,23.695312
550.615784,245.130234,17.992188,19.804688
552.560689,244.531825,17.869792,17.656250
545.657227,245.097916,21.109375,20.093750
551.099508,248.660329,13.598958,17.229167
544.962158,246.469238,20.500000,22.734375
547.464905,253.446737,18.296875,18.083333
549.946960,256.624359,18.062500,18.671875
549.562215,255.104299,17.958333,22.005208
545.580933,256.419250,16.640625,25.578125
547.891215,259.399007,19.750000,25.166667
553.283936,267.129761,11.718750,21.781250
552.778646,278.623657,15.583333,18.083333
543.318909,274.665649,19.802083,20.000000
549.310059,272.542694,15.015625,17.046875
556.918518,275.194122,20.078125,25.473958
560.027222,280.659668,12.984375,16.843750
551.873840,280.217601,17.187500,19.885417
554.218709,272.807973,16.802083,19.114583
557.948466,280.309733,14.854167,16.859375
553.894226,284.621287,18.971354,20.192708
551.711792,281.019572,17.406250,20.140625
561.747131,288.826182,16.802083,25.281250
567.199178,296.862284,8.619792,11.627604
564.528544,295.111776,14.033854,18.445312
561.991821,292.319275,22.101562,25.143229
565.378642,303.479218,16.640625,19.447917
568.216370,306.786407,13.927083,18.489583
566.551656,308.450653,12.848958,13.942708
563.993225,317.398834,14.921875,14.750000
560.223877,309.583405,11.007812,14.945312
558.741821,314.675354,14.281250,13.343750
556.905823,315.924133,13.468750,15.250000
558.812419,323.356313,18.520833,10.968750
562.849162,314.874023,12.666667,12.958333
552.835999,312.146484,14.640625,11.828125
554.596558,298.721639,13.052083,15.760417
557.105733,301.580048,9.880208,12.028646
557.866333,304.764313,10.882812,12.171875
557.443990,300.671844,9.593750,13.460938
555.850789,297.459208,16.182292,12.315104
555.322632,303.223480,13.617188,14.507812
554.386658,305.319061,20.395833,10.625000
557.140808,298.400197,9.911458,9.604167
557.805094,304.009928,12.216146,11.140625
558.781799,310.361654,10.479167,11.645833
561.912557,310.238057,12.520833,13.104167
552.154277,307.637065,14.664062,13.559896
551.625834,311.610819,14.125000,13.833333
557.894206,306.806803,8.315104,10.661458
553.854411,305.134094,10.937500,11.489583
556.229574,306.770020,10.799479,11.213542
553.382263,300.232595,10.937500,11.351562
554.734456,306.530629,11.489583,12.041667
556.537964,300.336365,9.005208,11.075521
555.024780,297.612834,11.075521,11.075521
548.869934,300.204976,11.903646,13.835938
553.390157,306.718953,9.937500,11.697917
555.464559,303.734782,6.552083,9.395833
553.600708,306.444560,13.187500,10.885417
544.313517,309.162537,17.927083,12.510417
550.291341,306.933431,10.882812,11.026042
554.867045,316.240672,8.161458,6.585938
552.527974,309.719757,12.601562,11.885417
543.387146,307.755147,17.385417,11.427083
542.147034,312.468740,18.760417,10.023438
543.416178,307.792837,14.033854,14.606771
551.232605,313.029694,12.132812,11.835938
545.846720,314.103099,13.890625,11.169271
548.603333,319.886851,9.531250,11.020833
550.792765,312.890086,12.375000,10.750000
544.358276,314.859955,12.916667,9.531250
546.095581,320.812500,16.302083,9.260417
560.338359,326.529816,4.927083,11.020833
548.853719,329.234263,12.510417,11.833333
555.499044,333.011464,8.177083,12.510417
544.305379,328.131460,13.864583,11.291667
542.303284,331.125885,8.312500,7.770833
541.214640,326.990519,14.812500,11.562500
543.310465,323.636190,12.645833,14.812500
542.709432,323.365346,11.562500,15.625000
543.382914,332.470856,11.351562,11.489583
546.953512,330.775574,9.281250,9.971354
548.089986,328.030945,13.145833,11.627604
555.680929,323.677673,13.052083,14.677083
559.552043,320.575022,9.307292,16.039062
560.686849,320.326284,13.187500,15.489583
566.498657,326.847321,12.458333,11.742188
567.107381,332.219513,12.645833,12.510417
569.847677,333.883382,16.302083,15.625000
570.963216,339.426310,11.312500,16.039062
575.047791,341.984344,11.406250,13.093750
575.812724,340.635661,11.562500,13.322917
579.292664,341.502024,8.989583,7.500000
575.227051,344.634237,12.645833,15.625000
572.217672,342.825480,12.458333,13.031250
571.244283,350.342611,11.291667,11.833333
576.459005,352.695872,10.614583,9.666667
570.528442,351.981588,14.677083,14.812500
571.326172,344.939494,14.320312,12.601562
570.044250,342.943085,10.000000,11.546875
569.414185,348.456909,11.406250,6.906250
570.646118,343.635498,7.328125,5.218750
570.982056,337.556976,8.875000,10.421875
575.968628,336.584137,4.796875,7.187500
575.292786,327.815338,16.328125,10.984375
571.171509,328.121063,13.375000,10.984375
567.981201,320.099691,16.031250,10.885417
568.754211,311.931091,15.354167,11.627604
567.849426,310.978343,12.317708,10.385417
566.859233,326.779378,11.213542,11.075521
567.376831,327.285716,10.799479,12.593750
567.006978,326.396810,14.388021,9.833333
567.570231,324.053609,10.343750,9.395833
563.135722,324.440430,14.406250,11.697917
567.972921,328.024760,9.531250,9.802083
563.289225,325.513662,13.593750,12.916667
566.171488,320.763875,11.765625,17.700521
560.823710,320.839498,17.041667,13.541667
567.423645,306.164734,11.147712,18.699387
567.169861,305.149567,11.147712,18.699387
560.393921,310.268677,34.078125,13.385417
561.853394,304.402924,11.705096,19.634354
557.742289,310.677348,25.145833,12.914062
554.385498,304.856598,30.500000,20.333333
552.706502,311.759532,27.869792,16.005208
544.819194,312.627686,32.432292,18.380208
551.325663,316.726552,35.687500,16.031250
551.316833,312.868835,30.046875,19.078125
546.598470,318.256419,46.270833,14.026042
550.737528,320.975667,35.041667,14.437500
546.045776,314.776001,48.343750,21.390625
544.733317,320.571452,48.005208,18.565104
542.020691,321.732117,52.304688,16.984375
543.125712,320.997416,50.562500,19.416667
544.437703,325.867900,46.416667,19.734375
541.233907,320.743459,48.317708,21.664062
539.362549,323.406169,48.895833,19.591146
530.618591,328.625000,60.898438,17.335938
541.441243,328.120717,50.765625,17.588542
528.812256,332.563324,54.812500,17.015625
531.828206,328.784617,55.010417,21.015625
528.173319,330.562154,58.333333,19.666667
525.761271,332.185486,61.718750,21.239583
520.635803,336.304474,63.421875,20.828125
525.507609,336.943136,59.528646,17.992188
527.742065,336.420013,54.546875,22.562500
522.864095,338.604970,58.841146,21.088542
518.975362,343.615692,61.156250,18.135417
522.881592,344.979218,55.437500,18.098958
524.789225,336.955465,49.286458,27.458333
517.657817,348.938436,58.148438,17.971354
517.430562,344.401174,57.223958,22.166667
513.351318,351.804260,59.533854,19.010417
512.511902,352.674744,63.226562,17.523438
512.601624,352.154297,64.492188,23.507812
512.074463,352.004862,56.250000,21.541667
503.241130,351.572744,64.437500,23.604167
510.561340,350.620483,50.382812,32.773438
506.871684,351.262807,58.750000,70.380208
508.055725,352.453766,64.703125,63.859375
505.567383,354.738983,63.864583,78.473958
503.971903,355.556193,63.114583,80.265625
503.985596,358.080892,36.062500,82.325521
497.562113,354.325083,59.697917,80.114583
494.372823,351.655548,40.697917,76.640625
488.878235,351.935516,54.804688,70.335938
494.060201,350.061208,40.666667,68.083333
497.729309,346.711243,43.156250,64.789062
486.871134,346.644877,55.708333,63.833333
484.500427,344.781738,53.335938,66.552083
496.546366,340.889211,38.369792,72.002604
495.896322,339.833872,33.723958,72.348958
493.289734,343.213623,41.218750,68.546875
485.332306,342.203583,47.718750,72.093750
489.997681,342.557861,40.312500,70.593750
489.935933,341.739207,42.843750,66.447917
491.827942,338.983978,40.351562,66.765625
491.231852,336.142955,38.552083,66.447917
492.985687,336.210632,36.062500,68.031250
493.222473,334.914673,36.578125,72.671875
456.758748,331.891103,67.731771,81.078125
488.281403,330.198985,40.752604,72.666667
476.102681,330.844645,52.101563,70.234375
478.789337,331.000397,47.828125,73.265625
435.409739,334.146993,92.622396,76.239583
436.486318,335.676158,84.875000,74.708333
478.464569,335.223877,45.171875,63.242188
483.425273,335.411021,40.395833,60.729167
484.198944,335.542328,40.270833,58.395833
475.617198,335.278544,46.833333,64.020833
481.860260,335.564982,43.510417,65.041667
488.075907,336.557627,36.406250,64.302083
476.373464,336.259288,51.531250,66.843750
476.541005,336.335531,53.036458,69.666667
479.228851,335.546936,47.687500,71.875000
483.818309,348.445221,36.601562,54.119792
480.404297,337.273041,48.208333,65.375000
483.214030,328.294607,36.377604,71.210938
470.055389,333.720581,55.140625,58.750000
482.067322,336.209880,35.125000,59.500000
478.468323,330.677216,42.765625,62.359375
476.765076,333.534475,43.916667,58.401042
477.863434,328.220947,40.609375,73.617188
479.333415,329.125763,55.453125,66.130208
486.319845,326.858378,39.072917,67.067708
485.329183,334.524180,38.903646,58.122396
487.837189,334.541168,39.593750,56.351562
473.950317,316.281403,54.765625,69.296875
484.849274,321.004852,38.578125,65.492188
473.463298,327.600118,49.958333,63.500000
478.457540,322.329580,48.513021,58.656250
478.740540,321.209686,43.656250,59.398438
478.740245,316.305369,42.031250,66.229167
481.872131,309.742737,40.843750,74.843750
474.310669,319.591644,47.255208,66.203125
479.447968,304.910706,43.773438,76.281250
477.666565,309.111694,44.937500,71.062500
480.805369,324.983459,42.250000,51.989583
487.841207,312.558553,35.833333,65.223958
482.268412,292.947154,41.421875,80.289062
478.985769,301.942200,44.541667,63.591146
481.694875,312.893168,40.562500,56.497396
476.903595,312.374908,52.041667,50.479167
478.756429,305.007853,46.658854,57.945312
476.366516,293.564148,53.593750,75.250000
479.188293,294.456645,49.750000,79.000000
469.938772,306.494436,54.932292,65.718750
476.121490,302.040059,54.666667,70.416667
465.364421,300.045298,65.257812,62.809896
480.467560,301.884125,40.703125,61.757812
471.121765,285.639008,54.039062,67.156250
478.432383,272.533071,46.520833,78.265625
486.798330,281.991048,49.325521,63.132812
484.911407,276.084615,47.515625,68.388021
478.338236,278.205658,49.781250,74.752604
479.678040,284.781199,42.687500,56.583333
473.476176,301.871104,51.416667,63.447917
486.209096,279.413096,41.820313,82.640625
487.393677,297.081970,41.492188,76.281250
488.201263,285.406525,43.710938,70.890625
480.768860,283.712280,49.125000,74.906250
478.231049,282.013123,55.742188,85.820312
481.091146,286.616180,56.458333,71.583333
477.318176,295.049001,64.250000,51.072917
480.516093,282.628489,55.601562,79.450521
483.128459,281.384786,54.367187,81.380208
488.830363,279.136007,53.447917,94.854167
477.820709,262.363281,68.570312,114.343750
483.358704,279.666382,75.520833,94.531250
484.231995,274.025665,64.492188,73.898438
485.235494,275.407715,58.348958,90.375000
485.429281,270.136078,64.307292,103.781250
482.583476,287.319722,73.114583,84.088542
501.972432,276.726359,46.161458,94.437500
481.839600,267.730204,52.770833,72.739583
488.794861,264.078064,59.359375,90.296875
494.629517,264.154755,63.484375,88.187500
489.454834,261.104675,56.812500,79.578125
493.202108,260.135061,63.114583,79.864583
494.628174,258.037140,51.494792,71.692708
484.902740,248.806295,61.270833,76.338542
483.417440,247.611043,58.796875,93.046875
489.221558,270.583221,52.000000,58.750000
491.464661,272.880737,62.851562,69.960938
494.249084,265.211060,55.375000,67.609375
500.183309,256.209778,44.916667,66.875000
488.896383,256.155009,56.312500,56.312500
487.574544,261.717529,51.166667,56.416667
488.616150,255.096863,52.510417,60.908854
482.655660,255.898987,71.114583,60.625000
494.553345,257.494476,52.453125,54.765625
487.250092,250.779612,51.552083,84.520833
488.533569,248.026520,55.921875,48.984375
486.646627,239.194092,57.046875,77.377604
485.633952,247.071370,51.070312,50.494792
493.906769,241.025726,49.671875,57.328125
493.793437,248.805064,56.171875,74.005208
494.729065,250.698364,67.796875,57.835938
485.947611,253.957062,78.437500,66.145833
494.664591,244.559021,64.291667,72.041667
492.898254,260.374980,70.468750,45.382812
484.720011,253.200765,59.750000,71.377604
485.487915,246.508799,56.703125,75.270833
484.291239,241.855591,74.419271,78.666667
482.100698,257.100596,58.187500,42.937500
483.373881,245.380371,68.666667,75.312500
512.573669,257.772776,48.020833,49.291667
489.844543,254.207306,70.781250,53.335938
487.743713,249.935303,71.875000,68.078125
491.073181,258.129486,48.148438,55.453125
486.506449,272.923889,63.390625,55.828125
502.975993,271.891490,67.484375,51.911458
490.561035,259.609283,34.085938,43.109375
487.024963,245.743530,55.750000,73.429688
495.766764,255.101054,43.526042,51.911458
488.864197,252.380615,46.054688,54.609375
489.094320,250.839640,58.416667,53.000000
493.202230,248.419393,58.458333,68.718750
490.548096,249.979065,56.523438,55.445312
488.539368,250.995443,48.119792,56.635417
489.250427,254.323822,40.890625,37.117188
494.911458,247.013133,43.364583,57.656250
491.279836,240.254801,42.041667,66.153646
484.964111,246.406423,54.645833,61.416667
492.627686,246.278839,46.937500,67.171875
493.122864,247.954661,40.171875,66.854167
491.469116,250.482910,40.351562,51.671875
492.754395,240.043610,48.710938,47.684896
506.530640,247.035472,32.653646,41.906250
496.142802,267.005686,39.010417,42.718750
500.946106,237.342560,34.007812,63.934896
499.329163,240.414307,38.335938,60.921875
501.488444,247.484894,30.869792,43.395833
501.907918,245.799632,42.250000,38.125000
504.127970,245.435486,35.791667,38.401042
505.219299,245.498230,41.164062,52.757812
500.735209,244.715383,30.138021,48.838542
503.983154,244.513367,27.500000,39.921875
502.314290,236.300293,34.424479,39.536458
495.063009,238.145493,39.138021,30.075521
497.160299,240.329173,34.536458,50.591146
508.880371,235.044769,35.500000,61.750000
503.268412,251.693197,43.075521,52.906250
493.697388,242.841644,45.718750,55.242188
498.216512,233.686005,31.877604,64.494792
505.105367,245.844991,31.635417,42.447917
504.053202,239.803263,33.458333,47.125000
498.182251,239.735413,35.937500,50.968750
509.405192,241.588908,30.768229,34.122396
510.047852,225.876678,36.859375,40.843750
508.945312,234.489410,28.734375,48.265625
507.628784,241.909932,44.046875,59.151042
507.401245,235.239685,28.312500,50.875000
508.059814,242.503387,25.500000,48.085938
508.452026,237.607646,25.252604,37.559896
508.019897,238.434418,26.781250,56.687500
505.589783,236.437729,26.700521,47.695312
505.344849,240.186310,29.125000,54.085938
503.250000,248.551849,28.906250,39.554688
502.023356,251.197601,29.963542,36.593750
511.978434,253.701986,21.468750,41.255208
503.015645,255.530863,27.479167,32.322917
510.869019,254.004822,24.750000,42.562500
511.336182,254.387665,24.296875,38.078125
509.552104,255.411051,25.481771,41.906250
511.850606,251.663442,21.182292,52.106771
508.070740,254.258392,25.750000,48.781250
512.777608,267.872314,24.729167,38.895833
513.708984,269.245168,25.713542,41.625000
512.645182,266.292450,21.505208,39.364583
510.111776,259.834229,26.523438,48.580729
507.091471,269.051605,30.104167,40.687500
507.834045,263.812937,30.440104,49.835938
510.322734,272.178009,26.885417,38.916667
508.283834,276.759298,29.054688,43.255208
513.061157,269.019440,25.257812,51.976562
511.210938,272.899139,30.682292,35.026042
510.917847,270.598206,29.875000,53.937500
510.545715,272.575328,28.872396,57.468750
503.913106,274.744395,31.208333,47.445312
508.802531,278.161133,29.895833,53.088542
510.682739,280.964966,28.549479,55.710938
510.846130,280.940430,27.812500,62.343750
511.258118,285.041992,26.997396,60.755208
512.218587,286.149261,31.447917,58.427083
512.096558,287.465037,25.057292,59.979167
510.147502,289.956899,36.005208,55.369792
510.379883,292.346802,30.687500,63.109375
512.895182,292.748647,26.348958,67.643229
515.167257,294.675517,26.221354,65.411458
516.483704,297.098022,29.619792,66.825521
511.303467,297.213654,27.640625,66.312500
513.547099,301.520528,26.505208,63.682292
516.082906,306.620839,25.687500,64.776042
516.643962,309.643412,23.020833,59.197917
517.581624,310.968211,22.226562,59.093750
513.439250,312.875671,29.302083,57.976562
513.684143,315.466919,27.562500,61.156250
512.871867,317.463216,27.236979,57.914062
515.724854,316.596985,27.562500,64.281250
516.144511,325.331726,25.687500,63.130208
517.957520,322.672729,25.375000,61.937500
515.329895,324.316345,27.562500,63.890625
511.197693,327.377655,30.625000,63.130208
512.664795,331.240021,29.789062,61.156250
517.209229,334.566691,26.000000,60.583333
517.927877,336.416046,25.937500,60.375000
520.203715,338.777913,24.411458,58.395833
522.927490,341.290588,22.562500,59.937500
522.939433,343.890238,27.757812,68.786458
521.532654,345.880310,23.500000,67.750000
523.548299,345.959524,21.054688,64.703125
522.541158,346.887075,21.041667,61.895833
522.711202,347.452423,23.343750,67.658854
525.075134,348.362976,19.750000,69.359375
522.703308,352.517822,19.757812,63.781250
523.479167,355.828583,23.080729,61.450521
523.472758,357.583872,27.994792,57.651042
521.698364,351.652069,24.906250,61.960938
522.149109,351.874695,23.895833,63.145833
511.729411,347.939952,35.088542,64.364583
521.651917,345.753906,24.625000,63.437500
523.260193,343.981018,22.945312,68.078125
523.186523,344.514557,22.117188,66.421875
523.492737,339.966309,22.515625,62.757812
522.183858,338.615804,24.200521,63.523438
517.305054,336.818492,28.393229,64.781250
518.184631,338.321167,28.070312,59.437500
524.709106,337.002065,23.078125,59.875000
525.647624,335.843536,22.729167,56.098958
527.245605,334.476725,21.708333,57.947917
526.516357,333.854543,21.239583,58.229167
528.180929,329.769094,19.416667,61.562500
527.941101,329.329905,23.333333,60.322917
528.261434,328.363098,19.703125,56.763021
528.079773,329.190186,18.132812,55.085938
528.505859,325.161794,17.520833,45.161458
527.802673,324.704987,18.218750,55.375000
526.719828,323.788625,18.791667,55.963542
527.942871,324.179240,18.859375,58.216146
526.543823,321.669128,22.656250,60.125000
525.736084,321.764038,20.765625,53.828125
525.494812,320.645477,21.281250,59.781250
524.823914,318.601776,21.125000,58.140625
523.359599,314.455587,22.763021,64.505208
522.518372,315.306641,27.250000,67.375000
520.956360,313.137502,24.200521,61.164062
522.130676,312.863434,23.585938,61.484375
521.312703,312.048014,22.770833,59.187500
520.643372,312.171417,24.250000,59.875000
520.130147,308.312826,21.841146,67.062500
519.717834,310.258209,20.523438,62.359375
520.303467,307.946136,21.768229,61.039062
518.371948,306.693848,19.687500,62.812500
519.592977,305.115702,18.736979,59.278646
518.271667,305.124451,18.531250,57.375000
517.569702,301.308899,19.046875,56.781250
514.487386,299.710622,20.786458,61.041667
515.649536,302.002899,20.406250,62.093750
512.381287,299.749115,22.562500,60.656250
513.094543,299.712158,23.656250,59.906250
512.411662,299.684733,23.117187,56.098958
512.073364,295.430237,21.929688,57.179688
510.559652,297.485992,24.528646,56.744792
510.436869,295.918691,22.291667,59.171875
510.492798,295.086670,22.000000,59.125000
509.086792,290.473083,23.125000,61.375000
509.963257,287.427094,23.505208,66.575521
510.547180,291.458130,22.125000,57.062500
509.088175,288.561391,23.739583,62.281250
499.464905,291.774933,32.476562,62.359375
504.474548,291.807139,27.833333,60.117188
507.727437,286.337392,22.260417,50.880208
506.594686,286.975433,23.117188,51.442708
511.380758,283.841431,19.859375,61.645833
508.286255,282.976206,22.145833,61.156250
493.408691,281.046509,38.640625,57.651042
487.698771,279.623169,45.114583,59.151042
510.139364,275.632436,21.125000,62.213542
509.927063,275.965851,22.117188,58.375000
501.840434,273.923686,32.557292,63.354167
503.947449,272.718964,31.281250,63.554688
508.659932,271.527150,29.929688,60.536458
495.554789,273.646281,42.067708,56.333333
505.255432,272.997559,31.359375,57.187500
510.607666,272.829620,25.492188,50.843750
505.216492,270.979390,32.890625,52.515625
484.270020,268.390656,48.015625,55.187500
484.259176,267.932861,46.281250,55.085938
487.169352,265.817108,43.690104,56.893229
483.187256,264.351929,47.554688,56.312500
509.518311,264.784180,20.859375,57.187500
484.377563,264.369568,46.171875,53.085938
510.191101,264.335663,19.890625,53.312500
507.405619,263.790151,22.083333,58.291667
509.375163,262.250336,20.135417,51.447917
508.874390,261.713776,20.460938,54.828125
508.102722,259.418722,21.841146,56.445312
507.902527,258.399750,20.875000,54.250000
506.778198,258.314443,25.260417,54.872396
508.677389,257.638723,22.817708,49.442708
507.115845,256.341583,22.796875,55.492188
508.254232,256.387410,20.546875,56.744792
508.569214,255.600739,21.039062,56.898438
507.231913,256.263173,22.763021,52.375000
508.060710,256.553050,22.286458,51.250000
506.628988,256.347127,23.515625,48.760417
507.727844,253.707764,21.390625,51.625000
507.629985,255.597178,21.468750,48.419271
507.114950,254.202372,22.333333,50.000000
506.087219,254.611084,23.343750,52.218750
510.104004,253.737305,17.890625,54.906250
509.960734,255.058553,18.739583,55.583333
504.738261,256.601217,25.000000,56.000000
509.759115,256.490112,18.098958,56.484375
504.364400,256.772654,24.666667,56.333333
505.978821,257.239410,19.984375,48.812500
505.528402,258.396586,20.333333,55.666667
505.280741,259.314962,22.820312,55.031250
505.237793,261.556305,20.265625,52.375000
503.611877,261.903198,25.036458,52.796875
491.924357,264.697683,38.104167,49.164062
505.562439,264.108307,17.500000,49.375000
505.274475,266.344940,23.833333,50.234375
500.720256,266.532694,29.747396,53.992188
505.216024,266.536001,22.356771,52.763021
501.638733,270.872447,28.625000,52.000000
497.419474,271.748474,33.770833,54.625000
498.959473,273.334015,31.468750,54.125000
498.757507,274.466624,31.447917,51.875000
501.513245,272.410797,28.364583,52.031250
503.334595,272.846893,24.718750,55.984375
497.324219,266.537659,32.125000,63.625000
504.036906,280.057973,25.773437,51.726562
503.137939,275.869588,24.572917,56.510417
505.878845,272.470886,18.609375,64.164062
501.493652,272.654958,23.968750,65.166667
504.696289,274.869934,23.203125,64.164062
484.177734,278.142731,42.835938,61.960938
