451.000000,293.000000,61.000000,76.000000
454.062500,286.464111,57.164062,85.601562
453.769155,284.375936,65.432292,89.322917
452.688304,279.122060,65.635417,91.489583
454.448283,277.196320,59.752604,88.747396
455.732107,269.811666,56.416667,89.229167
456.026479,269.303040,64.750000,98.750000
457.068024,267.901093,61.328125,92.609375
457.702545,265.022491,63.500000,94.750000
457.701050,261.106720,68.859375,106.734375
459.455200,256.678497,71.007812,104.804688
460.078379,253.073456,71.781250,115.822917
460.795329,251.625641,79.424479,108.317708
461.005859,248.676819,61.317708,103.703125
462.741882,247.942566,56.687500,93.812500
462.990356,243.833740,69.296875,105.281250
463.823507,240.736328,72.687500,111.229167
465.903992,239.571930,73.515625,102.203125
467.013336,238.888855,66.984375,92.734375
469.064280,236.450470,65.093750,101.718750
471.171326,232.756866,69.281250,98.226562
471.709401,230.039246,69.372396,107.783854
473.303925,228.985830,56.598958,105.843750
475.215546,226.927216,64.656250,118.460938
476.193268,228.077911,64.914062,106.734375
477.228099,224.446116,64.437500,108.239583
478.196503,224.161560,48.250000,76.750000
479.441335,221.547434,48.807292,97.328125
480.867828,220.222051,53.088542,90.192708
480.683411,216.284286,56.833333,96.614583
480.733887,215.924688,49.125000,79.750000
480.997742,212.730352,47.411458,70.963542
481.509054,209.072713,47.778646,74.791667
480.557556,208.040497,49.750000,79.125000
479.784129,206.340754,51.403646,79.476563
479.528961,200.735331,51.781250,87.588542
479.790436,202.335546,53.872396,81.312500
480.146454,200.042079,56.343750,84.674479
480.022858,196.797501,57.885417,90.296875
480.064270,194.833801,58.278646,91.403646
481.838186,194.665090,60.322917,93.125000
480.096842,192.509954,58.796875,90.906250
480.976501,191.377833,57.588542,84.502604
480.001770,191.509857,58.750000,86.312500
481.876841,189.858521,57.002604,84.674479
484.553538,190.985326,53.955729,83.304688
482.347473,190.862228,56.161458,83.432292
483.637238,188.310867,60.250000,86.789062
481.970144,189.321798,61.877604,90.747396
480.768697,191.217407,66.885417,88.627604
483.425293,192.140488,65.195312,89.187500
483.850484,192.839152,66.229167,91.416667
484.240275,192.338099,68.057292,89.541667
487.476766,194.235504,67.406250,92.796875
484.852926,196.039027,66.750000,92.091146
483.345581,195.969533,68.031250,89.020833
488.043091,199.510239,60.765625,83.343750
488.559652,201.805227,59.125000,85.604167
488.323405,202.450328,59.208333,89.635417
488.743449,205.020727,60.565104,83.989583
488.236796,204.491776,60.177083,82.690104
488.554932,207.256236,62.130208,81.036458
486.380941,207.806183,61.611979,79.476562
485.610291,208.331060,57.783854,78.200521
483.418152,208.982208,64.914062,84.531250
482.398071,210.826614,64.421875,80.437500
481.341614,212.313385,65.546875,81.367188
480.542908,214.701050,66.492188,84.000000
480.976888,217.875951,65.919271,79.973958
480.558065,219.917160,69.796875,79.239583
480.159200,223.070669,66.065104,79.078125
478.932699,225.334686,69.229167,84.921875
480.501953,227.063324,67.601562,79.059896
480.179138,230.013590,68.192708,72.348958
484.066630,232.549123,64.580729,71.942708
483.926880,234.759949,67.406250,69.398438
484.882019,236.101990,63.484375,84.984375
486.730164,239.949961,62.398438,80.041667
488.000712,240.802612,63.052083,81.937500
488.741882,244.080414,63.000000,70.333333
490.908386,246.835632,65.546875,83.898438
490.933431,248.577515,66.333333,75.666667
494.947652,251.888774,60.729167,73.437500
496.005229,253.706980,59.260417,72.276042
496.685608,255.957489,62.101562,68.890625
498.622742,258.833527,63.562500,55.140625
501.461792,260.609975,62.875000,61.729167
504.406677,262.843994,60.882812,69.437500
507.380493,265.279205,56.104167,72.875000
510.864014,267.921326,52.796875,64.375000
513.035339,271.617493,51.296875,64.593750
516.687541,273.201121,47.552083,67.421875
518.657817,275.799500,50.270833,65.388021
522.497925,275.160126,56.572917,72.614583
527.716064,279.517049,47.718750,66.286458
530.436646,280.730682,48.906250,70.578125
530.936829,282.046722,51.523438,67.783854
539.633870,282.722738,48.039062,69.526042
545.222717,283.343964,47.903646,71.072917
545.114197,283.255615,53.312500,71.312500
555.804626,283.280304,47.041667,74.091146
560.357056,282.276530,49.255208,67.421875
566.702779,281.723073,48.125000,73.041667
575.026611,280.592489,46.606771,76.828125
578.684021,280.801514,47.039062,67.007812
584.648193,277.890798,46.992188,69.723958
589.128906,275.143616,45.958333,70.875000
593.161357,275.080933,46.500000,77.916667
599.352193,273.744720,42.958333,74.427083
601.852600,273.462799,43.046875,70.539062
608.564901,272.813588,41.276042,86.994792
611.811768,271.673767,36.929688,96.812500
613.203573,269.998474,36.338542,75.270833
615.267944,268.725891,36.359375,74.000000
617.444295,267.004791,36.750000,84.416667
617.805745,265.825490,37.901042,77.640625
619.110982,264.115133,37.393229,70.986979
618.828613,262.258270,39.273438,73.773438
621.791870,260.180359,38.687500,76.375000
620.581604,258.293833,39.992188,80.114583
620.449402,256.975220,41.429688,74.242188
622.338928,254.852295,42.046875,75.578125
622.987915,252.652191,42.601562,71.312500
625.457499,250.913595,41.677083,70.322917
625.147868,248.668060,43.354167,66.760417
625.484985,245.760712,44.203125,66.078125
624.687866,241.723623,45.416667,67.083333
624.169291,239.565491,45.718750,68.354167
622.800110,236.720917,46.270833,69.458333
619.716349,233.032257,47.812500,70.104167
618.750549,229.356700,46.260417,72.041667
617.412313,225.736776,46.877604,71.848958
616.912903,220.862493,45.135417,74.171875
615.847046,217.559326,43.187500,70.726562
613.638021,214.099803,43.578125,69.125000
610.107076,209.022975,45.281250,66.286458
610.891520,205.365112,43.968750,73.760417
607.867269,201.353882,45.140625,69.859375
608.505981,197.665970,43.773438,76.585938
605.758545,192.498113,45.708333,84.375000
602.411641,188.687912,46.750000,96.312500
601.108358,183.334417,48.333333,83.000000
599.973389,178.223694,48.406250,87.484375
597.916870,173.406113,49.375000,80.953125
597.352966,166.196075,49.562500,85.656250
594.905701,159.928162,49.937500,90.039062
592.691142,153.997284,50.182292,86.895833
592.947896,149.266505,48.942708,93.460937
591.993429,144.952586,49.335938,93.468750
589.705424,140.662226,51.291667,95.208333
589.057190,137.313843,50.593750,96.593750
586.939107,133.117350,52.562500,119.164062
586.473083,129.866898,52.177083,101.096354
586.293823,127.571208,50.760417,98.325521
584.697510,126.300298,50.947917,99.468750
583.748108,124.066360,50.773438,102.710938
581.092082,123.148239,51.312500,103.812500
578.849670,121.572678,49.679688,107.078125
576.748535,122.797791,48.250000,101.500000
576.198181,121.199310,47.000000,110.968750
573.263367,122.956207,49.984375,138.304688
568.283000,124.900564,53.169271,136.484375
569.653178,127.027491,48.427083,136.739583
564.700012,128.793864,51.088542,139.380208
563.228617,132.116257,50.291667,137.432292
562.180054,136.610062,48.695312,109.398438
560.222738,140.386281,48.729167,132.666667
556.071533,145.188568,49.484375,113.015625
553.797689,150.485998,50.244792,107.432292
551.568400,156.471527,49.833333,100.955729
548.895304,162.306742,52.770833,101.583333
544.860982,166.358688,53.880208,105.270833
543.211365,172.375183,53.289062,101.789062
542.736938,178.735153,52.953125,104.906250
538.759908,181.729080,56.468750,108.979167
535.757324,192.734736,57.651042,104.213542
533.997620,198.399124,57.835938,106.335938
531.701660,206.899780,59.351562,104.820312
529.111186,212.756958,59.906250,108.239583
527.374939,219.714600,59.187500,110.484375
525.217021,226.560608,57.763021,135.312500
523.468323,234.277384,55.674479,110.348958
520.689067,241.575185,55.364583,110.528646
520.639771,248.977814,52.531250,129.828125
513.085876,256.862457,55.187500,134.875000
514.533081,264.292206,51.992188,138.093750
512.558228,272.955139,50.875000,127.875000
514.406006,280.642995,47.666667,125.166667
513.900146,286.599945,47.671875,99.171875
513.018982,293.376648,47.703125,100.531250
512.025696,297.781128,47.500000,101.992188
511.566467,304.224213,47.500000,102.718750
511.043030,308.314026,47.500000,104.898438
509.506429,313.367238,48.903646,106.388021
508.050415,317.327637,49.000000,124.750000
507.963725,321.450551,47.401042,107.958333
507.525655,324.854197,47.338542,111.614583
506.726990,328.348206,47.226562,111.640625
500.564880,331.618713,52.531250,127.554688
505.292460,333.890879,47.067708,116.963542
505.411377,335.608795,47.406250,120.109375
504.527751,336.625153,48.187500,122.901042
504.609660,337.323781,47.520833,123.718750
503.634562,336.185577,48.169271,125.718750
503.399597,333.976685,48.125000,125.312500
503.577372,332.959290,47.822917,123.708333
503.224182,330.009664,49.125000,123.718750
504.682536,324.488373,48.322917,122.916667
493.433472,321.584198,58.601562,137.507812
502.341370,318.304962,51.515625,111.140625
504.691711,312.351166,48.973958,111.104167
505.580322,306.288208,48.468750,115.078125
506.244995,302.547709,48.497396,115.460938
505.814819,294.360413,49.437500,119.750000
506.810669,289.688873,49.609375,120.531250
506.206787,284.992859,49.609375,122.125000
506.847412,279.729858,52.500000,124.117188
507.303345,274.330139,48.500000,126.833333
507.387248,267.342438,47.609375,128.562500
506.594157,260.619222,49.091146,131.416667
505.340149,256.231323,49.484375,133.078125
506.731079,249.079071,48.648438,135.585938
506.062154,244.859904,50.088542,135.570312
505.573344,238.822856,47.125000,136.812500
504.359701,230.562663,50.473958,139.359375
502.543030,225.265055,57.705729,140.583333
501.686137,219.095520,49.583333,139.416667
499.062378,210.200226,54.927083,141.036458
498.176860,207.012238,54.750000,135.375000
498.577596,199.991750,54.125000,137.354167
497.244446,192.406108,54.593750,136.770833
499.262431,190.893153,51.914062,128.731771
500.585938,181.873123,50.390625,129.585938
499.854919,180.094045,49.786458,124.648438
499.663513,175.521662,49.906250,122.450521
499.494812,175.714432,49.593750,124.914062
499.164205,169.474513,48.427083,128.562500
500.484802,167.304001,46.937500,129.789062
498.742228,164.859990,47.460937,131.416667
499.496379,162.281423,47.083333,133.489583
496.038025,161.448074,49.031250,132.671875
497.609619,160.152069,47.812500,135.585938
496.355632,160.727539,48.104167,135.583333
496.858582,160.787109,49.093750,136.843750
496.613953,161.476852,47.835938,139.804688
496.376180,163.334254,48.104167,140.630208
496.346802,167.289673,46.984375,139.804688
496.771220,169.371836,46.281250,141.875000
497.489299,171.837789,46.833333,141.833333
498.229431,171.260376,46.421875,146.518229
498.620667,176.503169,45.416667,143.645833
499.821391,175.277028,45.580729,147.359375
499.316976,180.658788,45.416667,146.208333
499.452413,184.126963,45.145833,145.322917
500.431580,186.731934,44.031250,144.437500
501.178975,190.798345,45.028646,144.716146
500.482361,194.735738,45.580729,143.994792
499.652507,198.443807,47.549479,144.033854
499.155212,200.518494,48.265625,145.375000
500.116821,204.637878,48.695312,144.953125
501.078308,207.556915,47.968750,145.385417
500.901489,211.700439,47.828125,144.953125
499.409465,215.239421,50.578125,146.255208
500.861593,220.917826,50.127604,145.703125
502.487427,227.528229,49.125000,143.625000
501.883097,232.159078,49.854167,144.072917
502.576111,239.634216,58.750000,141.875000
504.535156,243.308248,52.804688,142.781250
505.154460,251.747437,52.010417,139.333333
506.589722,258.559285,49.786458,138.947917
508.926941,265.550964,46.976562,135.585938
510.890076,272.691895,52.515625,133.468750
512.186869,282.079651,46.403646,132.257812
513.072042,288.880157,49.125000,130.937500
513.491821,297.188141,53.593750,127.703125
515.638672,304.602966,45.296875,127.328125
516.572327,313.109528,44.750000,122.093750
516.860697,320.985087,44.020833,120.843750
517.884013,329.331065,44.343750,120.385417
514.120260,336.243876,48.414062,119.158854
516.506327,345.145325,48.338542,118.182292
520.604370,351.826843,43.539062,116.242188
521.875488,360.077179,45.531250,114.554688
523.263916,368.932098,44.046875,111.585938
525.298950,374.078684,44.906250,112.229167
526.496297,388.589366,44.174479,104.911458
528.920654,400.192566,51.476562,99.820312
529.896383,405.353658,56.859375,100.057292
532.752279,415.006836,44.789062,95.492188
532.908915,421.780426,50.583333,92.145833
534.255330,430.636607,45.132812,89.966146
534.721680,436.456980,46.333333,91.000000
532.533752,442.541107,49.096354,90.604167
534.990417,447.330841,48.148438,89.984375
538.214193,458.028188,45.447917,85.973958
539.744039,464.764231,45.479167,83.604167
541.759969,470.748637,45.190104,82.533854
535.762899,475.664124,53.718750,83.843750
498.464172,481.763163,95.937500,82.375000
500.373779,485.963643,91.729167,84.281250
499.937439,490.560303,92.710938,83.468750
501.405131,493.420492,91.434896,83.960938
501.821838,499.635640,92.710938,84.088542
503.703125,502.543722,93.166667,84.114583
503.957458,508.069580,96.104167,84.000000
505.900716,509.518555,92.466146,86.250000
504.892334,515.630432,98.078125,86.156250
505.988525,518.796570,96.390625,85.984375
508.992249,522.305359,92.812500,86.632812
507.580017,527.194702,97.250000,85.875000
510.621277,529.470846,94.937500,87.109375
512.821899,532.691589,92.054688,86.851562
515.785014,538.990295,90.427083,85.114583
519.542480,536.194377,98.403646,88.921875
518.748901,545.333415,89.302083,82.994792
520.746908,548.757629,87.533854,81.536458
519.427226,551.496379,89.885417,80.661458
522.319255,555.909241,87.593750,76.557292
521.168477,559.663900,87.270833,74.458333
516.912923,561.629903,91.833333,76.000000
518.539673,565.719340,97.781250,74.859375
513.573608,564.430664,93.789062,79.046875
508.297913,568.990479,101.625000,78.875000
497.792603,577.162048,98.395833,73.604167
486.517619,580.282369,100.989583,75.130208
473.815796,582.390015,102.523438,76.921875
464.172607,579.884705,102.531250,82.937500
443.437897,583.116475,104.541667,86.052083
425.715627,593.493184,105.640625,81.130208
409.288676,599.257121,101.687500,83.973958
395.465027,604.191650,96.625000,83.500000
377.822235,606.209595,99.640625,85.812500
353.944702,612.522847,97.145833,103.617188
337.564545,621.800334,102.020833,96.192708
316.715424,630.394735,110.229167,90.833333
289.632904,640.299988,123.812500,82.875000
