745.000000,352.000000,46.000000,42.000000
742.875000,353.519023,51.875000,43.625000
742.049683,353.905121,52.468750,44.843750
742.395711,351.781891,55.054688,55.541667
743.553040,354.892029,52.302083,53.841146
741.248840,347.484314,53.851562,61.859375
739.054932,349.532074,56.687500,69.062500
745.208903,347.676005,51.614583,76.921875
742.864278,347.003052,53.682292,72.895833
733.484497,349.500244,63.250000,71.031250
733.669535,349.762797,64.453125,69.911458
734.836711,341.377452,63.812500,79.864583
738.692891,349.939219,60.791667,69.541667
732.947652,350.446248,64.729167,70.963542
737.596619,348.175435,61.692708,88.510417
734.880005,351.572083,64.828125,87.093750
731.006205,348.176188,68.742188,99.888021
730.083577,349.868317,68.869792,99.125000
729.784119,346.621948,69.750000,103.265625
731.828410,343.014455,68.776042,107.505208
732.256165,339.802399,66.015625,90.953125
733.577006,346.538900,67.015625,105.947917
735.034607,357.924683,65.750000,91.125000
733.917908,359.177968,67.458333,90.718750
732.789164,355.893595,67.838542,93.921875
731.778239,347.796244,68.500000,106.000000
736.563477,352.251282,64.875000,99.875000
733.858602,345.664388,67.244792,101.625000
733.254720,343.138916,67.828125,107.239583
732.640157,342.538767,67.601562,108.450521
735.571126,340.504150,66.205729,108.187500
734.905090,340.197357,67.210938,106.054688
735.127075,335.784851,66.625000,109.500000
735.463867,335.878174,65.125000,100.750000
745.254537,339.736969,55.166667,100.023438
742.268982,335.762177,60.546875,99.171875
735.902832,333.739380,66.984375,101.585938
735.988770,325.708649,65.968750,102.250000
736.143433,330.601746,66.770833,98.375000
736.588257,319.548187,65.125000,106.468750
735.590942,321.449880,66.971354,102.098958
736.091797,318.184784,66.510417,96.679688
735.301147,317.474060,66.203125,97.968750
735.672526,305.621358,64.927083,107.825521
735.629272,306.739919,64.684896,97.835938
736.061340,307.644623,63.937500,97.062500
735.998189,304.314545,64.364583,96.458333
737.521871,295.982859,62.328125,102.395833
737.871440,295.019969,63.500000,100.166667
740.045715,285.846283,61.453125,111.140625
736.326599,288.151184,67.171875,104.125000
737.021200,290.895213,63.304688,90.718750
737.384644,281.956421,61.757812,102.789062
737.567037,284.142975,63.968750,93.031250
737.578125,274.371684,63.747396,105.843750
741.037842,269.862061,57.328125,105.609375
739.260437,271.587626,57.393229,104.255208
744.611145,270.223816,57.328125,89.515625
741.535034,270.794708,59.953125,86.750000
736.356873,265.354370,70.023438,91.546875
738.635742,254.982361,61.937500,99.437500
737.866109,251.080404,66.187500,112.750000
736.875854,256.894816,62.132812,110.223958
737.708862,255.208984,64.531250,111.343750
737.335978,255.213918,62.973958,104.572917
736.730530,253.171173,65.593750,96.234375
736.263346,253.357229,70.994792,107.171875
736.626709,253.334686,66.421875,107.828125
736.035828,246.065125,72.718750,114.062500
736.179321,251.526499,69.177083,112.562500
735.533346,248.327749,72.093750,113.109375
737.213989,248.247101,68.296875,110.703125
736.995544,247.331248,67.291667,112.083333
737.075175,246.530792,65.312500,110.867188
738.203369,249.221497,65.445312,107.820312
736.919902,255.690481,69.919271,103.070312
737.395467,250.925069,67.015625,107.505208
736.150838,241.215108,73.604167,116.989583
738.001160,243.181427,65.148438,112.562500
736.224731,246.883545,71.153646,108.450521
736.636739,257.950653,66.437500,98.247396
736.021790,253.996521,73.406250,102.713542
737.684245,254.663523,68.578125,98.312500
736.615906,252.407745,71.255208,88.390625
738.985148,242.266561,67.838542,97.997396
737.779907,254.299795,61.546875,100.296875
736.839457,250.000387,70.505208,104.031250
735.520284,250.929850,65.257812,102.098958
736.992920,249.755646,64.867188,99.781250
736.076782,251.274048,65.367188,101.312500
735.351685,253.532939,71.247396,98.330729
733.272115,256.387716,68.174479,97.835937
738.273071,256.201009,62.403646,83.432292
735.337646,247.178609,71.354167,100.934896
739.227030,245.426666,65.768229,94.367188
732.766968,244.436218,66.343750,107.781250
731.230123,248.327738,71.437500,106.656250
729.279867,249.247274,73.177083,103.104167
730.080424,250.666890,70.536458,103.984375
736.218384,247.934021,64.234375,90.953125
731.442342,246.939494,72.940104,105.947917
736.405986,250.470591,64.937500,88.026042
731.623108,243.164398,75.250000,112.375000
730.815898,239.360901,69.177083,112.562500
736.093079,245.111013,64.255208,94.979167
735.677327,237.374725,66.114583,103.812500
735.109578,239.160624,69.119792,104.010417
734.599792,240.956299,62.859375,101.312500
735.495097,247.411580,57.393229,92.341146
734.164998,238.352417,65.947917,101.442708
734.671122,243.503184,54.833333,99.166667
732.543355,241.392080,52.708333,96.812500
732.010498,247.790527,49.640625,94.596354
731.493408,246.735830,52.562500,94.098958
731.156637,245.859538,48.609375,96.218750
730.984253,239.125580,65.687500,81.156250
730.411804,251.467723,64.604167,93.447917
730.521871,245.154134,60.755208,99.557292
729.630880,252.789195,59.979167,90.244792
728.676636,249.181824,58.549479,72.002604
729.488749,239.855367,54.833333,80.333333
728.350037,250.124674,55.632812,71.145833
727.648682,254.651184,53.531250,50.968750
726.831543,256.376556,51.578125,51.578125
727.681030,262.195496,32.796875,43.781250
726.704671,259.740224,49.903646,43.859375
727.053345,259.569753,47.875000,44.750000
728.009379,251.212382,48.005208,50.479167
726.580668,254.174723,47.171875,48.197917
723.344238,259.166626,47.510417,44.046875
723.584819,259.620158,45.778646,42.479167
720.737264,267.411489,49.763021,38.825521
715.632996,269.753866,43.166667,35.833333
710.219381,270.925781,48.403646,35.356771
705.751099,271.148651,52.992188,36.664062
698.379313,271.366414,56.414062,37.942708
703.713562,270.915721,40.195312,37.492188
698.097534,272.485596,56.520833,42.427083
696.960388,273.368215,56.414062,44.250000
696.845154,273.169922,52.848958,42.950521
691.587097,273.955322,62.000000,41.984375
692.568827,271.684153,58.200521,46.263021
693.133728,274.226990,53.078125,42.250000
693.459106,273.108927,59.750000,46.041667
689.425659,273.801331,63.390625,44.828125
690.548930,277.860240,48.666667,48.666667
691.084269,275.693868,43.580729,52.815104
690.374878,279.082865,43.593750,48.000000
689.898926,279.827423,58.187500,46.750000
689.846944,279.761414,55.713542,48.252604
714.615743,303.335317,32.755208,49.343750
689.428955,286.524546,52.359375,42.447917
689.479858,285.934174,33.885417,33.031250
689.600708,284.313629,37.968750,37.156250
688.635050,287.029378,32.817708,33.593750
688.133484,286.489553,32.432292,33.171875
687.222656,286.254272,27.015625,35.453125
684.847310,285.873769,30.333333,36.666667
676.531576,287.061462,34.854167,34.203125
679.417196,288.300873,31.020833,35.455729
673.091553,288.860453,34.515625,35.531250
670.818583,289.256042,36.770833,35.000000
669.307861,287.826782,36.617188,37.351562
663.145040,288.625020,48.703125,36.869792
666.044189,289.006063,37.085938,37.861979
664.300069,289.579834,36.843750,38.385417
658.304077,289.790222,47.174479,37.861979
657.846354,289.944255,43.786458,37.731771
657.328979,289.230957,46.093750,38.781250
655.518799,288.606628,42.765625,38.968750
653.201111,287.577911,42.598958,40.901042
653.131368,289.270182,41.880208,39.270833
651.534668,287.412282,41.250000,43.346354
652.308533,286.070190,40.101562,44.828125
647.329366,292.275991,41.445312,39.705729
650.092529,293.845795,42.765625,37.281250
650.273438,293.127279,38.083333,39.750000
644.479797,289.365082,42.039062,42.437500
646.171956,291.311035,46.000000,41.416667
643.621094,292.457367,50.437500,42.125000
639.322388,288.734070,58.617188,42.945312
640.229574,288.595408,56.403646,45.322917
640.534973,288.138855,58.382812,47.210938
637.007385,287.158264,65.812500,47.750000
636.616801,287.050079,63.708333,50.270833
635.403442,283.012939,67.484375,54.187500
633.050151,287.372345,65.924479,50.755208
632.678650,288.321167,62.281250,48.984375
626.483521,287.227590,72.364583,49.919271
625.885885,293.843465,72.895833,44.500000
625.053914,287.912455,67.458333,51.416667
622.580994,296.592590,68.640625,42.625000
624.954976,293.763163,65.041667,45.718750
625.516642,289.813141,62.927083,51.182292
623.865540,297.278992,62.796875,43.109375
622.926514,297.108246,62.322917,43.291667
623.647583,287.783234,58.375000,53.062500
610.276672,290.563711,74.562500,48.927083
606.319824,291.585815,76.000000,49.046875
599.972087,295.790731,79.666667,46.479167
595.091125,296.322561,82.968750,47.385417
593.596781,287.826090,82.028646,57.145833
593.810059,285.543335,79.609375,58.781250
595.146200,280.850260,77.601562,63.109375
596.145203,285.035156,121.031250,60.656250
594.449829,260.578613,106.729167,86.338542
594.128235,276.761210,122.916667,71.458333
594.816203,273.423798,118.963542,79.919271
594.392822,254.872152,118.773438,101.325521
592.175028,260.771159,120.166667,96.333333
592.462097,266.062439,109.585938,90.367188
592.802795,261.458700,106.083333,94.968750
593.237895,261.449076,109.604167,98.117188
590.838318,272.715393,110.171875,91.976562
589.862935,275.626607,109.096354,86.007812
586.296916,268.435893,110.713542,94.755208
590.992594,269.845052,105.125000,93.895833
592.064473,265.625397,100.778646,96.664062
589.398173,269.849955,101.804688,95.695312
591.011617,271.173726,97.979167,99.000000
590.777995,284.286336,94.916667,89.812500
590.381897,285.156006,91.093750,93.031250
599.674581,287.116618,92.041667,94.916667
591.283081,278.460602,102.031250,107.750000
587.589722,264.608093,102.000000,118.000000
592.308858,270.330770,101.750000,112.244792
592.243225,276.685964,101.364583,106.703125
592.033752,279.251770,101.546875,105.609375
588.595764,272.328430,101.585938,115.257812
592.231649,270.074351,101.041667,114.312500
593.239990,272.811646,64.750000,110.437500
592.207113,271.206909,83.854167,114.166667
592.148987,279.947998,60.570312,105.492188
589.154622,285.363790,61.260417,101.125000
581.265686,302.245585,66.135417,86.380208
573.748820,300.877268,72.276042,97.432292
591.625854,310.185425,50.406250,91.843750
593.200419,311.920593,47.822917,90.869792
575.572327,314.834015,66.406250,87.250000
592.264425,311.875722,49.442708,91.062500
572.019897,306.840729,71.031250,97.617188
588.471985,318.153229,53.335938,85.960938
573.701213,303.308492,68.812500,103.041667
574.197021,312.457214,68.968750,95.476562
568.249451,309.912354,74.494792,95.187500
570.385844,333.973419,73.395833,76.291667
565.497742,308.894165,79.046875,100.843750
554.792379,317.994456,90.489583,92.708333
547.511576,315.033681,98.565104,100.869792
543.947062,319.773844,103.526042,97.067708
548.648539,318.557220,98.330729,95.791667
548.137553,324.217082,99.281250,100.166667
553.251506,336.641459,95.208333,96.049479
547.674255,324.063599,98.109375,101.640625
551.430379,326.617615,95.562500,98.343750
554.560079,318.925832,93.421875,91.661458
573.079854,309.203969,74.791667,70.598958
571.322205,316.494161,74.072917,63.747396
549.805013,325.821259,95.401042,71.234375
564.744263,314.827759,81.390625,66.843750
558.593892,321.305003,84.539062,62.713542
578.882426,324.933472,64.307292,59.093750
574.294840,320.728841,68.291667,63.333333
579.385742,325.183685,63.484375,59.453125
581.130798,325.411825,60.335938,58.421875
575.406779,328.547302,65.458333,54.302083
575.818420,330.146545,66.421875,53.460938
581.491272,330.361908,59.593750,53.734375
581.791626,331.702362,59.742188,52.898438
579.940552,328.810455,61.351562,54.320312
564.273112,334.905629,76.333333,48.083333
577.474487,334.018250,62.101562,48.523438
570.180481,318.603638,68.382812,65.453125
581.368693,328.804871,56.312500,54.468750
568.660970,324.693827,68.083333,59.333333
565.898966,333.634379,70.447917,50.781250
569.600708,312.304138,66.625000,72.250000
558.488464,317.076447,75.812500,68.593750
563.179443,321.177429,72.500000,64.250000
561.708557,326.223877,73.515625,58.585938
573.789714,329.753632,61.028646,56.307292
582.767212,328.800018,53.531250,58.656250
573.950562,326.125549,61.328125,60.718750
563.542847,324.752075,71.625000,62.250000
562.967651,330.239990,72.531250,58.093750
557.291870,317.997253,78.695312,71.390625
564.438151,323.628001,70.791667,67.302083
552.593384,323.617889,81.156250,69.906250
554.342977,327.040497,79.395833,76.437500
553.660929,325.125000,79.203125,68.776042
555.464539,328.463074,77.375000,66.359375
556.833435,326.573201,73.067708,75.921875
557.781474,328.110301,71.640625,69.500000
557.207825,333.714844,71.437500,87.250000
557.960144,325.588552,68.968750,82.562500
559.353455,330.390422,69.437500,64.114583
554.688375,332.713979,74.843750,63.984375
549.747131,329.764018,78.757812,68.250000
550.157776,329.736115,76.640625,71.500000
562.743306,330.502238,64.736979,71.898438
563.227478,328.138336,64.250000,70.437500
561.968892,326.457479,66.148438,71.752604
566.333008,330.429749,64.273438,69.835938
557.222738,325.925283,67.434896,74.283854
575.196533,326.706573,51.312500,75.031250
570.883036,329.875387,54.901042,72.640625
572.553507,335.911560,51.731771,64.908854
573.542969,335.401550,52.875000,66.625000
573.261963,334.426117,55.697917,69.218750
574.487813,335.872294,58.247396,69.182292
577.661499,337.420624,58.093750,73.187500
575.971558,335.376862,57.375000,67.625000
575.986735,332.260610,59.593750,68.057292
579.330770,335.506897,62.932292,68.203125
586.026062,336.241455,53.406250,67.515625
583.434306,343.613770,61.611979,60.335938
584.251099,336.786153,58.739583,66.898438
587.254049,327.043742,58.291667,79.125000
585.695719,332.805033,65.135417,71.958333
591.975321,337.606618,61.692708,65.927083
590.387207,335.083649,62.140625,67.515625
584.331726,333.579753,69.796875,73.169271
594.584371,336.509074,61.208333,70.416667
601.008158,338.342407,53.736979,71.544271
601.886292,334.253764,58.291667,75.218750
600.764648,327.443359,60.812500,79.843750
602.858215,330.833862,60.937500,77.348958
608.777669,332.637665,57.742188,73.854167
606.662313,338.642832,58.994792,70.593750
606.176331,339.770365,60.296875,67.544271
613.604431,341.927877,53.916667,68.468750
612.773560,341.802002,54.567708,69.692708
614.987122,343.337952,56.000000,68.500000
618.185384,333.817118,52.020833,78.500000
619.062805,347.334310,47.312500,67.895833
617.397217,349.096202,46.286458,66.481771
615.866150,347.192637,51.523438,70.106771
621.879089,343.288452,55.843750,72.906250
623.309631,349.920898,49.046875,65.703125
622.013672,352.825745,46.093750,68.640625
624.743591,352.807678,47.289062,67.796875
625.310364,352.672729,44.359375,70.375000
622.045227,354.422343,50.583333,69.250000
624.101034,352.323781,59.138021,69.541667
626.089620,342.915690,53.101562,80.760417
624.011658,351.377533,58.109375,73.382812
625.183594,352.909922,57.197917,72.770833
625.506999,354.226349,59.593750,73.265625
625.634644,356.000153,54.750000,69.531250
626.281006,356.849854,58.015625,71.468750
627.102661,354.634796,64.828125,76.250000
629.387817,355.358612,62.875000,77.640625
631.947428,356.115417,69.708333,75.375000
633.253438,352.140004,69.054688,77.104167
633.244100,357.726888,62.979167,74.645833
632.175476,353.900299,71.382812,79.914062
639.423096,348.480489,70.265625,90.375000
635.124227,357.675140,76.276042,83.260417
646.306864,352.569926,69.437500,81.604167
642.921265,357.985657,64.479167,86.119792
636.632507,353.582692,78.208333,83.166667
637.332621,360.254293,71.755208,82.927083
646.698730,358.761790,70.518229,88.080729
646.197876,357.134644,68.562500,77.906250
655.954163,359.690887,67.828125,96.468750
652.848551,362.701324,68.145833,96.377604
660.846191,357.855469,63.156250,78.296875
658.938293,361.486938,66.171875,81.328125
647.021545,358.463826,74.734375,87.395833
664.349202,360.474141,60.354167,59.583333
667.556274,365.883514,58.078125,66.127604
669.571655,364.519196,52.453125,58.015625
674.052043,362.155426,58.546875,58.546875
674.696330,362.962626,53.718750,56.856771
672.199788,368.322001,58.250000,50.497396
675.877014,369.671936,52.661458,50.390625
680.326477,369.304596,47.898438,48.976562
680.694438,371.340658,45.632812,51.276042
683.265076,373.914886,42.500000,49.000000
686.453308,372.204193,41.984375,47.703125
684.242330,373.323751,43.419271,50.877604
684.480570,375.987213,46.289062,48.723958
687.477804,378.250926,44.341146,42.880208
688.786743,375.961955,45.963542,50.135417
688.071411,374.676666,47.015625,51.375000
688.923035,374.274740,46.427083,51.531250
689.241862,375.484395,43.104167,57.791667
690.843750,370.041809,48.734375,60.414062
689.250203,372.249400,49.580729,54.385417
693.194906,371.261322,44.135417,55.708333
688.874898,373.599355,48.677083,60.078125
689.389954,373.704010,49.440104,54.882812
693.382690,375.564097,42.166667,51.375000
691.820129,374.291504,47.406250,51.531250
692.094340,373.504761,47.958333,55.104167
693.632874,374.541189,48.158854,52.822917
695.418416,373.422760,50.479167,52.562500
698.062541,371.140594,43.187500,59.333333
694.709208,370.131582,45.187500,63.072917
689.271952,376.791921,50.833333,54.625000
694.791504,374.261383,46.015625,55.960938
696.294454,375.155752,43.494792,56.450521
695.425069,377.584544,43.875000,52.552083
696.777588,376.381124,42.213542,56.789062
697.392924,374.493479,42.781250,57.703125
696.888163,374.562764,41.833333,63.270833
692.399963,380.912699,44.776042,53.851562
697.021261,370.432861,49.489583,67.864583
698.008525,375.722911,43.380208,60.010417
697.228943,376.246094,43.500000,64.750000
698.184082,376.237579,43.309896,64.739583
694.716614,375.560333,51.375000,67.625000
699.058309,374.473765,50.390625,67.421875
698.759359,372.144989,48.708333,70.177083
697.469055,362.962952,50.328125,82.812500
696.948669,364.438843,44.125000,79.750000
695.707479,366.853119,56.078125,80.557292
697.190674,374.621368,43.921875,68.906250
697.844910,365.530884,46.093750,77.781250
696.493205,367.982330,46.322917,77.929688
698.188171,369.030975,44.914062,68.375000
693.842651,375.640574,57.145833,62.302083
696.259216,377.131226,44.937500,66.312500
694.093811,378.184967,47.765625,60.882812
692.800354,375.936717,48.031250,54.190104
697.408813,377.290100,41.906250,60.500000
701.999613,377.246979,38.963542,52.815104
700.570007,374.870534,38.497396,55.541667
702.256836,374.431254,36.169271,54.958333
701.999817,377.022278,38.291667,50.877604
698.695923,376.339650,41.791667,58.750000
698.928182,377.017751,39.541667,51.585938
700.480916,379.134430,38.757812,51.809896
698.444214,377.457682,40.622396,53.208333
700.110718,371.542236,40.234375,69.296875
693.419189,375.410004,46.195312,52.289062
693.585347,367.945669,52.041667,60.718750
685.757711,369.554718,53.036458,61.083333
691.512939,350.416626,48.812500,86.500000
675.895813,372.710246,66.026042,70.164062
676.215963,372.483754,70.416667,71.036458
675.152629,367.027578,72.614583,76.520833
675.031942,375.845907,75.653646,68.119792
679.151123,369.535614,73.593750,72.156250
677.734965,372.808451,64.736979,69.033854
674.779114,372.812439,63.812500,68.697917
682.106812,371.642578,64.828125,70.875000
680.187602,375.538808,66.588542,67.927083
680.630839,374.093496,61.041667,68.546875
680.039551,372.883301,67.515625,70.875000
679.699727,372.167847,61.718750,73.583333
679.700826,371.638814,60.544271,73.854167
679.423950,375.394541,63.109375,68.630208
682.495382,371.607676,60.585938,72.229167
678.560262,373.484599,64.489583,74.841146
678.515076,375.212189,70.270833,70.963542
678.640706,373.442932,64.510417,69.395833
690.720337,369.922923,48.078125,76.052083
679.810669,369.572021,63.250000,71.679688
693.241638,373.871999,51.104167,71.416667
677.616862,373.957865,70.468750,74.971354
676.343160,373.572845,73.843750,75.867188
677.262105,374.926788,65.458333,77.500000
677.044169,377.707113,65.895833,97.250000
673.843994,374.853668,72.968750,92.109375
677.239705,375.398814,77.000000,95.208333
676.366130,375.406189,68.500000,91.833333
678.076416,377.782542,72.153646,74.552083
679.546387,376.820587,72.992188,88.148438
678.236511,374.097941,73.981771,89.346354
674.699646,375.672943,75.171875,89.375000
671.678202,372.832652,80.947917,91.341146
677.779907,375.559764,69.841146,88.468750
686.464823,376.255778,59.979167,87.916667
689.889486,375.766602,58.484375,85.015625
694.229757,375.421529,55.640625,85.763021
692.711975,377.736145,57.320312,85.132812
679.500122,376.346466,60.796875,80.960938
690.109497,376.300700,57.346354,82.226562
690.183350,372.141296,56.625000,85.828125
696.590820,373.822205,51.390625,81.625000
688.705688,373.166168,59.869792,85.666667
697.595825,378.365143,55.421875,81.625000
698.095601,377.279714,56.265625,81.510417
701.699036,378.265930,44.445312,85.945312
691.812012,377.521973,49.140625,73.828125
683.391357,374.173960,62.979167,78.473958
683.936808,375.031881,68.057292,77.171875
674.007528,376.312907,79.463542,78.781250
673.900370,381.018911,73.330729,73.330729
674.641622,379.329508,70.992188,85.291667
673.815572,379.660777,77.791667,106.291667
682.661255,379.538310,69.119792,87.395833
700.515015,379.714874,52.289062,69.648438
678.291260,377.293304,67.750000,84.250000
678.595947,380.100413,67.848958,87.510417
681.558594,381.315308,63.898438,81.328125
678.304789,383.431081,69.013021,87.697917
677.768636,383.748240,69.421875,75.713542
679.907023,381.530507,73.497396,83.960938
679.607239,382.456868,66.843750,74.682292
678.321940,381.374451,73.989583,78.458333
677.506042,381.872772,73.656250,79.906250
677.801392,384.588949,69.437500,77.041667
677.628784,384.407776,64.890625,75.171875
681.689616,383.548889,60.500000,75.375000
681.973145,383.278625,65.906250,75.677083
683.107422,385.908997,62.031250,70.023438
683.863363,386.225382,63.799479,74.841146
684.022237,385.524597,67.338542,74.395833
682.404663,385.146149,69.052083,73.395833
684.557800,386.392761,67.093750,72.234375
689.765930,385.184662,67.843750,75.835938
682.978963,385.515259,73.916667,75.375000
682.971842,383.608551,78.828125,76.539062
682.983602,384.709534,78.802083,79.604167
689.226481,385.716380,77.773438,80.250000
696.514079,390.595846,67.838542,75.174479
692.326660,386.422974,72.929688,76.023438
699.368713,391.064240,65.968750,71.382812
702.401306,387.627991,63.421875,75.171875
701.775879,394.114624,52.645833,64.510417
699.638916,394.561798,65.414062,71.390625
699.858093,390.767548,56.054688,69.648438
699.053263,388.076040,59.125000,71.395833
696.474345,391.798472,56.989583,69.359375
699.608907,393.137604,65.812500,70.895833
695.666036,392.906860,59.000000,71.000000
696.510864,393.911530,56.125000,70.562500
698.384908,395.521586,52.666667,72.687500
697.100545,397.402852,57.484375,68.153646
697.520142,391.842804,59.359375,78.812500
701.164673,390.662201,61.041667,76.734375
700.953023,399.985311,55.518229,70.010417
696.545024,396.278717,61.789062,75.515625
696.704468,398.700073,66.312500,75.937500
699.886536,400.755391,66.643229,73.856771
697.032043,398.250956,69.528646,77.463542
703.760579,401.848592,64.971354,86.044271
697.973816,391.984955,78.343750,88.398438
693.455973,399.864451,77.250000,77.250000
695.997396,403.891164,78.802083,78.802083
700.647868,397.823354,81.200521,85.093750
694.854207,406.271261,86.859375,78.682292
698.834574,407.128937,83.291667,70.125000
692.622131,412.510071,91.625000,79.906250
692.532166,413.647888,90.414062,69.906250
694.053650,411.888519,64.164062,82.210938
695.170288,414.667511,60.375000,54.125000
695.161560,412.948212,61.117188,64.828125
692.667847,414.720886,65.687500,57.953125
699.530640,410.790822,57.218750,67.257812
701.000814,412.762848,53.104167,62.000000
698.104614,413.621145,62.020833,55.375000
698.737671,413.620249,55.734375,58.088542
699.005066,410.291931,48.406250,55.921875
698.441935,406.264984,48.255208,63.640625
696.828267,401.096517,47.617188,64.307292
698.425069,400.683187,44.541667,62.302083
698.297384,396.913157,45.085938,55.427083
700.328898,394.320597,41.625000,50.479167
700.039917,384.559906,43.057292,57.406250
699.209717,383.946838,42.640625,63.460938
700.269714,375.592265,40.119792,69.195312
698.647278,369.194916,50.218750,71.000000
693.621602,367.109039,48.768229,68.335938
699.447998,364.023041,49.125000,70.781250
697.678406,361.915293,48.250000,59.333333
702.179688,350.720490,43.710938,74.773438
695.936300,340.159536,55.833333,79.750000
699.978149,342.964274,43.226562,70.153646
697.597392,335.148234,49.781250,70.687500
698.600098,328.412659,53.335938,74.390625
698.603963,323.555959,43.223958,64.020833
698.784770,317.833852,45.921875,66.286458
700.778076,304.881195,44.914062,64.875000
700.364197,302.455139,44.203125,98.890625
701.329997,292.348124,44.541667,58.291667
702.016256,286.611949,44.541667,48.895833
703.164490,282.560527,42.976562,45.049479
702.541077,271.598114,42.343750,52.679688
703.039307,270.943848,44.312500,42.835938
702.908997,257.022278,41.312500,49.750000
703.008016,255.954539,39.864583,44.604167
703.766174,244.088287,39.744792,50.557292
708.458862,238.460266,37.414062,49.859375
703.080912,239.627167,40.609375,45.010417
712.900045,227.013636,32.177083,52.250000
704.632324,228.789658,39.812500,43.609375
705.740479,219.599609,39.242188,46.976562
702.972738,220.481771,40.052083,50.239583
703.783264,214.065704,41.968750,54.437500
701.973083,220.452591,42.718750,46.000000
700.750305,215.455770,44.572917,50.135417
701.334595,213.350886,43.885417,52.742188
700.625041,210.990697,44.604167,52.270833
698.530579,213.146113,47.510417,55.427083
702.555054,209.081757,43.708333,53.604167
701.318258,214.484350,44.541667,50.479167
702.884644,216.482941,40.375000,46.281250
702.114563,215.217316,43.656250,50.218750
699.344930,211.335505,46.041667,51.427083
701.000020,211.704280,47.257812,55.216146
701.888306,210.855789,46.015625,51.773438
700.323547,211.358505,46.760417,62.677083
699.375326,210.748561,51.000000,52.041667
702.081848,212.164871,47.406250,57.203125
702.761292,210.200409,44.664062,53.289062
700.479757,206.964320,45.916667,66.843750
699.068156,212.972193,47.671875,59.473958
699.802368,213.470963,46.156250,61.562500
699.061076,215.089945,47.812500,55.057292
700.205465,210.789948,48.049479,58.093750
700.815226,210.496119,44.875000,56.791667
699.511108,211.114899,52.296875,52.820312
701.440674,209.823598,46.463542,59.679687
699.171224,213.058609,47.354167,47.875000
703.860372,211.919662,43.057292,48.500000
702.914958,212.218323,45.778646,50.963542
700.018331,210.145579,47.015625,53.942708
700.335754,212.035385,44.804688,56.125000
698.363403,213.718160,47.479167,49.500000
701.425110,213.243423,44.447917,56.572917
701.251465,212.634221,48.244792,53.773437
701.386963,212.824844,48.742188,53.664062
702.197449,210.242233,48.953125,53.796875
698.715210,211.164612,49.247396,49.744792
702.576192,217.685262,41.786458,45.765625
699.421265,213.783920,44.835938,53.791667
700.882975,213.889252,46.026042,55.427083
699.182739,212.017349,46.703125,54.828125
701.501587,211.960236,46.195312,50.257812
701.023397,213.155660,46.531250,53.875000
700.476868,212.312174,45.406250,51.020833
701.248657,209.740982,46.531250,53.312500
701.654175,212.254232,46.026042,54.557292
700.230977,211.382731,47.257812,55.216146
703.060913,212.316315,46.015625,54.390625
704.140076,214.109573,42.132812,53.304688
701.946065,214.037944,44.046875,56.416667
701.781372,215.016805,48.395833,60.895833
700.597107,214.185679,46.911458,60.791667
702.637024,216.747772,45.507812,53.750000
699.560242,217.051392,48.109375,66.429688
704.255595,215.061610,44.958333,64.190104
702.494141,224.465342,47.875000,52.562500
700.002808,229.533788,45.049479,50.231771
698.174154,226.634308,50.242188,55.216146
702.373596,227.866526,42.666667,62.979167
702.020996,229.173950,45.203125,60.296875
702.263428,232.986247,44.875000,57.875000
703.686646,239.618896,43.796875,51.531250
706.257955,242.510050,40.166667,50.937500
702.673686,249.310903,42.486979,49.945312
700.694824,249.681651,43.182292,54.557292
702.759827,249.874451,46.000000,56.500000
702.363770,257.716614,42.875000,46.539062
704.482564,255.664775,42.781250,53.723958
702.146973,259.568451,42.000000,54.000000
704.110067,258.554016,42.283854,53.723958
702.502502,258.735392,45.036458,65.322917
702.014832,263.657817,46.833333,57.250000
704.693258,270.255778,48.869792,50.973958
702.514893,272.168437,44.223958,56.286458
702.079631,270.909617,43.494792,54.377604
704.216431,272.047028,41.625000,53.812500
702.111938,271.760925,45.315104,63.333333
703.112976,274.812215,43.875000,52.041667
700.284241,272.845652,46.520833,51.468750
701.066711,272.224274,46.195312,57.875000
702.436971,272.001383,51.182292,53.317708
699.479350,273.140188,54.393229,53.335938
699.316182,273.341014,48.343750,50.973958
701.195597,272.524038,47.958333,53.572917
701.904460,274.756602,44.750000,51.000000
702.053040,273.194580,49.489583,52.953125
701.945923,273.849731,52.046875,51.531250
701.153646,272.515625,45.934896,48.049479
703.164429,266.978577,47.239583,56.789062
702.117025,273.463969,44.093750,52.815104
701.649943,272.994202,46.736979,54.778646
701.737386,271.882477,48.158854,52.822917
703.008260,272.441162,43.580729,52.815104
702.154297,267.216125,43.820312,59.078125
701.289185,272.300639,47.684896,52.815104
702.979187,266.096741,44.828125,54.625000
696.306946,272.436432,52.458333,55.921875
701.663310,271.347890,52.041667,56.208333
700.808533,272.258575,49.671875,52.953125
699.930929,267.485616,52.500000,60.546875
701.222575,269.955190,51.156250,60.630208
701.167175,274.834198,48.906250,50.617188
700.981954,273.662557,47.583333,48.666667
700.734497,273.468689,47.406250,61.328125
699.688660,271.301839,47.041667,57.333333
700.603577,273.270549,47.520833,49.635417
702.292948,264.193756,46.973958,63.140625
699.911072,271.934987,47.684896,54.354167
697.450439,274.412628,50.937500,51.468750
695.340210,273.938263,53.335938,61.265625
699.204956,273.085683,52.828125,51.713542
701.778381,272.017456,46.937500,54.046875
702.041687,272.536469,44.968750,48.632812
703.205607,267.134593,45.765625,58.697917
702.166728,271.119863,47.354167,55.687500
702.905660,270.999705,48.197917,52.815104
702.244975,270.625580,45.406250,54.593750
698.667684,271.768097,50.231771,51.268229
697.780558,273.413656,52.552083,51.500000
701.076314,272.103149,52.458333,53.000000
702.186707,271.290344,51.250000,62.242188
703.049561,271.553731,57.596354,52.651042
699.267883,271.839966,65.388021,56.429688
703.906718,268.401204,61.619792,62.796875
703.925781,264.596985,53.460938,63.953125
700.830221,265.359100,53.182292,66.531250
701.788635,270.067780,48.523438,62.101562
701.288208,272.299896,46.117188,70.726562
700.996541,274.303772,47.515625,68.984375
703.260071,271.197194,58.088542,69.270833
698.445862,261.732117,52.226562,82.468750
696.108195,264.428772,53.955729,81.390625
693.074829,264.049744,56.781250,86.312500
689.809062,272.811686,60.348958,80.361979
697.091309,270.886556,53.447917,81.052083
696.599976,271.323944,61.375000,75.156250
702.933350,267.614624,55.453125,54.789062
702.661235,272.037811,59.609375,67.171875
702.842306,266.153992,52.020833,66.875000
699.956706,272.399424,48.122396,58.526042
700.392375,271.083445,48.619792,57.911458
702.821594,272.532837,45.718750,58.968750
703.079875,268.652517,43.083333,52.552083
703.679321,271.800934,44.500000,55.000000
702.291707,272.340271,46.937500,57.656250
703.104146,273.297892,44.877604,52.278646
704.025289,270.800629,45.731771,53.773438
703.691427,271.606750,43.437500,56.572917
703.104065,271.918182,44.385417,56.635417
702.977030,273.341756,47.171875,53.328125
698.718730,272.209910,49.223958,52.815104
703.309509,270.779368,49.106771,58.093750
704.767660,274.913147,45.270833,53.604167
703.500936,272.374674,49.250000,55.783854
704.666829,274.779541,41.208333,61.312500
703.034749,275.477458,45.187500,54.656250
701.008057,272.585805,46.468750,60.109375
703.052734,273.018921,43.500000,61.562500
702.061890,273.323364,44.031250,57.843750
702.701579,273.872182,43.609375,66.755208
703.357503,274.648753,45.718750,62.833333
702.685750,276.910817,46.606771,57.596354
703.415833,280.327820,43.500000,49.875000
703.128153,275.808980,44.447917,56.067708
705.790466,277.192078,43.796875,61.328125
701.530823,280.043121,45.742188,58.679688
705.934875,282.961273,41.304688,53.343750
702.790202,284.438324,45.268229,57.205729
701.629211,287.226308,46.833333,49.437500
702.774536,284.304443,45.229167,54.276042
703.670776,285.273895,45.562500,53.312500
705.276164,284.505269,44.726562,58.296875
702.302612,286.093658,48.953125,56.171875
704.231262,288.247620,49.343750,57.312500
703.446431,288.752452,45.630208,59.781250
702.133931,290.231649,46.062500,61.083333
701.351135,288.060852,45.843750,61.156250
700.412069,289.257233,50.135417,58.968750
703.169088,290.700836,43.947917,64.856771
701.529419,293.663452,47.359375,56.523438
704.012288,292.155304,43.708333,55.986979
704.045715,293.275035,44.895833,57.145833
706.510783,294.441823,43.875000,60.718750
705.133626,296.529572,46.604167,58.005208
707.645243,296.819824,46.145833,53.328125
712.326660,300.429352,42.765625,53.593750
708.086934,302.766958,45.531250,51.468750
710.740906,296.125397,45.000000,64.500000
712.457642,302.603770,47.817708,52.552083
712.839010,301.074585,41.710938,54.276042
713.976562,304.854523,44.770833,52.231771
713.817281,303.028768,54.552083,55.057292
714.740173,302.417847,52.531250,62.625000
715.732768,303.425873,50.598958,61.187500
717.024434,304.403890,56.635417,56.635417
721.376851,303.208913,45.958333,62.208333
721.024373,301.408569,50.687500,61.729167
721.562520,305.874298,53.796875,60.041667
723.211914,295.020142,60.968750,78.187500
724.635132,302.287150,58.260417,64.484375
724.484456,305.405334,58.111979,66.898438
731.687500,294.259857,55.375000,79.750000
730.406250,303.322510,57.437500,60.718750
734.625793,305.624817,47.875000,59.750000
736.120728,305.273041,58.000000,66.906250
738.913676,303.313914,60.127604,68.841146
742.729980,304.338399,52.638021,70.286458
743.170959,301.474803,56.393229,71.330729
743.822083,306.299377,53.523438,65.195312
745.002136,303.532074,51.609375,70.125000
744.708781,305.397420,55.601562,68.153646
745.183105,304.761963,50.359375,65.546875
744.655701,303.449677,50.929688,72.585938
743.617350,293.834808,54.567708,83.557292
739.768005,301.683899,58.773438,75.375000
737.415670,300.532186,58.552083,65.322917
739.047689,292.549235,51.171875,86.549479
736.714274,295.771708,52.458333,84.281250
733.323242,304.352051,56.054688,77.804688
735.278076,300.533234,55.312500,65.625000
730.147827,294.253713,60.481771,72.901042
730.189738,300.732249,60.244792,57.640625
726.286296,296.880473,58.020833,64.218750
724.323181,296.535431,58.585938,68.078125
724.206665,293.252441,49.750000,72.906250
721.163635,285.780151,53.718750,78.822917
718.177917,295.879344,56.343750,70.838542
716.175008,294.633891,53.317708,76.924479
710.204895,299.596924,60.101562,80.023438
706.592285,286.956299,69.835938,92.781250
700.359741,290.276774,68.322917,73.445312
700.265116,293.990601,67.364583,62.315104
695.736104,294.852997,60.585938,69.489583
696.463257,292.170288,56.765625,74.906250
689.428589,295.899261,63.531250,77.804688
687.423360,298.233500,78.208333,73.250000
683.231506,294.334961,64.984375,79.203125
677.729065,293.795593,73.989583,73.244792
678.402893,289.587402,72.234375,86.632812
674.246704,293.978546,64.968750,75.750000
665.019674,295.497274,67.864583,78.098958
662.755269,295.119375,73.330729,83.356771
654.622579,291.376149,88.302083,88.302083
652.600260,286.503642,92.041667,88.083333
657.981160,300.981659,75.765625,74.934896
641.745300,287.472870,87.007812,80.695312
639.184021,291.806305,81.468750,81.468750
640.341675,287.904053,95.359375,83.757812
631.712830,297.117279,92.000000,82.250000
625.928101,294.210175,97.062500,69.734375
626.204976,292.041290,90.833333,80.406250
617.507690,265.403605,96.367188,98.812500
612.719218,288.756053,87.270833,74.458333
607.700439,285.310303,98.500000,78.187500
602.281128,295.891144,95.635417,64.364583
596.658813,294.720367,107.330729,76.950521
594.273743,289.800446,114.203125,76.468750
585.259867,291.316345,103.104167,92.541667
578.081909,280.605408,94.625000,93.750000
573.698751,286.542531,105.687500,112.666667
558.237915,273.022756,135.750000,98.166667
566.163737,287.810445,105.062500,117.588542
551.072937,279.002594,123.062500,83.687500
556.757019,293.343964,114.111979,77.041667
545.520487,293.132517,106.390625,73.109375
541.083516,296.161214,126.497396,75.596354
530.512024,287.918091,121.765625,84.890625
522.432922,268.201477,134.208333,99.708333
511.314168,264.900380,130.671875,110.567708
508.681946,292.520111,117.302083,79.203125
493.069214,277.464020,129.953125,94.515625
496.910604,295.795156,122.718750,77.197917
494.620321,298.519613,113.125000,71.916667
475.307027,294.639984,129.148438,79.161458
467.899516,289.472249,130.979167,85.104167
458.419942,297.485728,133.005208,80.973958
445.353190,291.412944,153.502604,83.565104
447.671590,295.431600,145.588542,85.513021
423.096619,295.529480,163.687500,88.765625
424.000682,293.303619,144.622396,88.708333
404.294902,283.302094,159.333333,102.041667
397.392792,292.036224,154.125000,96.156250
384.251760,284.701711,169.401042,106.109375
383.192200,283.934082,150.625000,109.062500
378.449493,291.495565,151.065104,98.242188
360.923065,295.795746,145.666667,97.833333
347.995168,296.195933,160.359375,99.328125
337.774780,302.276184,167.250000,98.375000
321.691193,301.835968,179.984375,98.515625
323.948792,303.065481,174.536458,102.937500
301.728190,299.417440,210.270833,109.463542
296.795400,301.166300,185.718750,105.406250
287.987701,305.833567,181.270833,105.716146
284.440460,312.375010,181.239583,100.572917
285.443776,316.416117,179.377604,102.039062
279.493266,319.026143,174.177083,105.166667
270.158447,318.192790,191.690104,103.578125
258.321574,320.287130,199.820312,103.658854
279.719788,328.651235,170.208333,103.343750
274.739746,315.923218,176.078125,116.421875
256.821106,318.258453,181.796875,113.828125
250.857961,330.624725,189.375000,103.750000
250.161621,301.294006,202.640625,133.109375
221.197540,300.928284,215.757812,132.484375
204.759450,293.020081,221.875000,149.783854
196.305908,306.089752,240.796875,137.796875
188.485524,295.226074,274.796875,153.109375
194.230896,303.114197,270.562500,144.648438
145.270966,295.003001,359.000000,153.895833
156.134796,295.464834,315.872396,153.546875
177.076508,314.014709,311.257812,132.500000
150.127289,310.562134,341.867188,144.968750
191.629669,303.355418,300.882812,143.166667
173.474620,300.251760,345.252604,159.398438
182.327250,306.269663,320.125000,156.130208
167.353495,302.331889,364.088542,156.609375
175.990051,302.729838,335.140625,152.666667
201.302256,301.070282,324.796875,158.205729
195.584188,304.580983,319.395833,160.197917
202.989258,309.711884,341.976562,158.554688
187.935852,313.533590,331.369792,136.041667
221.036031,313.288534,335.583333,152.250000
220.024892,301.262838,318.333333,169.000000
199.771027,299.781128,359.984375,161.346354
209.953013,312.299154,335.687500,144.791667
247.955587,316.858643,328.229167,137.541667
242.426270,298.400177,332.072917,164.299479
220.933594,314.795654,368.968750,155.687500
242.544301,309.732819,345.752604,167.432292
214.402568,307.036692,365.239583,170.645833
249.725647,298.368073,335.335938,171.882812
256.013804,302.695811,341.369792,169.994792
273.068909,306.578634,329.854167,165.427083
273.049286,322.098145,308.312500,147.671875
259.010529,298.851379,345.906250,166.820312
267.704803,307.631470,349.046875,158.781250
267.546936,325.966736,337.375000,142.375000
282.231628,319.517843,304.278646,153.796875
294.070343,310.725250,288.226562,163.539062
273.322917,316.659841,309.776042,153.213542
295.493683,302.006388,324.229167,168.187500
279.294729,306.481669,336.625000,154.828125
281.624552,301.584290,335.661458,168.330729
273.502584,315.288462,345.895833,138.958333
288.691091,309.389893,347.104167,160.020833
294.283966,304.616943,354.213542,155.833333
285.074361,305.233816,344.348958,164.270833
279.095103,304.190450,350.125000,161.015625
303.427734,302.576721,314.000000,164.835938
289.828461,305.878235,352.546875,166.296875
285.370616,306.262166,377.177083,162.218750
285.564575,301.059204,364.875000,167.562500
264.322245,310.774831,365.875000,158.098958
293.063934,307.840973,367.351562,155.515625
300.850739,307.503815,351.296875,157.515625
305.308319,307.797618,358.666667,155.666667
282.979685,314.050140,295.062500,150.481771
326.089996,311.395721,343.234375,159.312500
297.347778,307.569214,376.375000,164.625000
287.262909,310.942159,387.882812,155.247396
294.851786,310.109304,382.825521,155.247396
297.318899,310.524821,369.041667,157.291667
307.454926,311.911530,365.054688,154.546875
303.779622,309.135132,386.958333,160.791667
285.566874,310.186564,398.432292,155.843750
285.651520,304.867401,399.234375,158.742188
301.357381,318.178294,383.489583,147.708333
312.963715,313.209686,374.437500,155.354167
317.191823,311.851674,366.354167,157.236979
295.683299,313.178090,410.505208,152.757813
331.742167,313.512238,355.010417,155.247396
303.093516,312.644725,383.179688,152.429688
313.030111,313.536133,389.411458,149.437500
292.289998,312.128072,408.075521,153.341146
300.435109,310.353109,403.721354,154.906250
314.182994,310.499542,427.250000,156.000000
313.925598,312.487305,384.195312,151.062500
310.081675,315.511261,443.703125,148.567708
316.198059,316.153320,405.015625,148.875000
320.633626,316.525848,433.239583,151.781250
332.522766,310.734924,426.807292,154.906250
301.392822,314.958466,452.992188,149.020833
325.365356,293.093719,424.164062,170.804688
317.658732,320.959747,440.968750,150.229167
325.580546,312.423299,406.026042,156.572917
316.304647,314.156108,425.406250,155.567708
318.722616,312.502991,433.119792,152.109375
333.395894,313.618174,399.604167,153.098958
319.011678,314.566691,388.723958,152.494792
329.612528,311.683879,411.906250,155.723958
335.878967,314.240601,404.046875,150.179688
350.630595,311.354299,404.338542,158.828125
346.507629,315.312195,349.398438,150.682292
337.543579,309.287262,376.328125,153.093750
343.228760,315.910858,397.250000,154.546875
327.800293,312.368378,448.890625,160.960938
326.912598,309.766276,411.750000,156.000000
320.267090,314.480672,429.833333,156.000000
323.761169,310.092316,426.833333,160.687500
325.183472,310.975250,442.000000,153.250000
343.113464,289.382202,419.031250,175.179688
343.549093,311.064891,425.893229,161.289063
324.993652,316.563477,441.984375,148.875000
328.303955,313.520233,389.500000,158.500000
318.664246,314.563497,417.630208,158.171875
322.247965,314.175975,451.604167,160.807292
345.225647,320.712921,427.250000,149.500000
323.920227,321.929077,448.578125,156.335938
332.760620,302.147715,455.664062,176.484375
344.757751,294.942118,439.291667,193.625000
333.689433,293.106242,460.166667,193.276042
339.113627,299.820943,454.786458,193.333333
325.736613,308.784668,463.729167,186.700521
325.886861,307.859233,460.994792,192.166667
313.229614,310.657237,469.666667,195.250000
299.131266,320.697133,491.216146,191.466146
339.087036,330.518463,449.500000,194.104167
320.130514,336.231384,469.229167,188.291667
314.707235,319.442454,474.072917,208.541667
326.650431,348.861521,465.830729,186.932292
320.414815,356.859873,470.359375,188.130208
326.764526,359.902659,462.145833,189.098958
309.661804,398.254211,414.312500,152.953125
316.750814,401.610229,445.354167,159.697917
338.993408,380.031433,450.718750,195.695312
373.612813,389.161062,415.750000,188.213542
369.926188,391.878377,419.757812,200.799479
336.596090,433.607880,408.880208,156.109375
320.137349,403.866211,445.854167,186.583333
347.941101,408.174377,451.148438,187.367188
357.760132,412.065552,438.619792,192.833333
345.043518,415.487345,434.500000,196.677083
343.836609,455.409729,427.765625,156.187500
324.460510,420.952637,449.078125,182.500000
373.263916,422.291890,422.494792,184.377604
363.623556,449.961161,415.544271,156.119792
377.696940,462.145955,373.000000,158.583333
341.272827,460.385315,438.005208,157.614583
328.142456,462.641724,438.421875,141.505208
351.793945,461.714172,430.265625,145.812500
357.289327,451.676778,424.588542,155.723958
386.931091,452.777100,389.953125,152.851562
388.611633,459.872864,398.406250,150.343750
354.752441,455.803670,419.026042,152.093750
365.499125,466.014160,415.062500,146.833333
371.980469,466.633972,421.677083,147.210938
393.905680,458.279744,422.052083,150.651042
377.573466,455.696798,420.166667,152.947917
413.079163,471.536112,399.208333,147.708333
404.120361,463.728394,427.460938,159.976562
409.579468,429.319336,427.398438,175.796875
422.812093,456.295512,379.354167,154.458333
433.943197,473.361511,405.596354,134.190104
458.684102,475.048360,336.656250,134.776042
468.129537,474.949422,349.794271,134.973958
480.217712,473.179260,338.500000,145.000000
476.837565,475.873352,343.502604,130.289062
496.148458,487.580383,345.093750,131.138021
501.490540,477.202820,245.546875,137.593750
515.567790,474.307495,343.947917,149.471354
519.560364,475.669210,390.031250,154.854167
547.966532,482.726908,250.187500,134.822917
545.442566,494.169312,338.677083,134.755208
556.021240,502.343811,361.093750,126.062500
574.840312,484.498657,360.859375,143.166667
582.098511,494.891032,351.000000,136.333333
608.439433,488.437785,334.812500,155.416667
616.441040,503.819153,315.854167,128.330729
631.499003,508.593363,350.468750,124.083333
633.145467,515.594686,313.000000,133.166667
