1004.000000,889.000000,63.000000,188.000000
1010.027669,887.069784,56.635417,194.020833
1010.378011,871.270732,56.515625,210.000000
1009.408447,877.196065,61.177083,203.104167
1011.115356,876.162537,58.812500,202.187500
1014.468343,864.666667,57.119792,215.377604
1016.474365,858.428406,53.947917,219.697917
1016.119507,854.043660,54.364583,225.812500
1017.425903,844.067444,62.281250,235.718750
1018.033244,849.943319,65.317708,229.145833
1018.531413,845.501689,55.726563,224.770833
1019.579712,840.173523,54.546875,219.843750
1021.747314,841.111938,53.468750,209.734375
1021.785034,838.755188,56.078125,214.703125
1024.347127,834.546875,51.859375,205.567708
1023.984375,833.984782,53.700521,207.500000
1026.473755,808.856669,53.750000,241.671875
1025.992106,818.965251,57.528646,231.729167
1028.610718,829.748718,55.984375,222.132812
1032.446289,831.307800,53.031250,220.687500
1032.173421,824.807638,56.252604,222.010417
1031.708333,824.663778,56.625000,223.500000
1034.896729,828.147034,54.307292,214.229167
1040.136637,807.419535,52.630208,224.356771
1042.333496,815.427185,52.869792,216.372396
1044.285278,799.703674,53.875000,216.906250
1043.305339,821.666484,56.252604,206.223958
1044.702840,814.858988,56.729167,217.229167
1048.316406,819.984436,55.343750,201.031250
1046.033081,811.079305,60.343750,213.098958
1052.775757,819.102702,52.914062,215.578125
1055.385824,819.213806,54.500000,207.197917
1055.123983,818.762207,56.208333,201.958333
1058.851278,815.041931,56.208333,213.000000
1059.705444,816.569397,56.507812,211.703125
1064.084961,816.420695,54.486979,197.877604
1065.570353,816.158142,55.166667,201.416667
1068.796021,815.665019,54.466146,202.861979
1069.132324,815.929159,55.851562,206.424479
1071.406128,812.586812,55.947917,204.307292
1075.681356,811.784465,54.500000,213.885417
1077.427368,805.685364,54.625000,219.968750
1080.371826,812.444458,54.242188,202.640625
1081.147461,811.426025,55.687500,214.281250
1085.382161,810.207031,51.507812,204.153646
1081.061523,801.035339,58.796875,204.359375
1085.333252,805.770833,59.364583,206.398438
1081.536051,799.559937,64.307292,222.000000
1091.512573,804.938639,55.375000,207.625000
1096.157104,804.762939,52.679688,207.718750
1098.698242,800.469462,55.557292,203.953125
1100.320190,805.158997,53.500000,203.343750
1100.727417,801.456970,55.984375,197.218750
1102.617269,802.465719,56.515625,198.026042
1105.044393,801.541016,54.645833,205.927083
1107.887370,801.721700,52.161458,203.468750
1110.366292,801.569580,52.250000,207.067708
1110.327881,799.045410,56.382812,201.898438
1112.971313,798.570089,55.486979,208.940104
1106.190877,797.607015,60.486979,191.807292
1114.706909,795.792989,54.750000,205.921875
1117.992635,795.540344,54.125000,203.539062
1112.060181,795.951233,61.156250,203.343750
1115.361938,795.575317,58.421875,203.125000
1113.754639,796.365662,62.171875,217.367188
1115.489299,795.434998,61.695312,205.697917
1116.474935,793.555745,60.898438,218.278646
1120.399414,794.164673,58.750000,215.156250
1121.160563,793.871948,59.463542,213.807292
1123.681274,794.561930,58.166667,204.000000
1122.129761,794.388794,60.625000,200.125000
1122.852173,793.283997,59.906250,217.367188
1123.368449,792.218058,60.505208,216.408854
1127.514486,792.788330,57.057292,227.614583
1124.296265,793.066711,61.562500,219.500000
1126.946493,793.883219,59.697917,210.635417
1124.357747,793.332418,61.802083,206.791667
1127.171672,793.633626,58.677083,182.270833
1126.662964,793.612203,60.348958,200.322917
1126.571086,793.498088,60.447917,203.351562
1128.175700,792.277568,60.854167,205.885417
1127.867310,789.828613,60.854167,220.848958
1129.245361,791.837341,61.156250,217.562500
1130.707723,791.107402,61.026042,209.890625
1131.911947,792.013407,59.723958,213.580729
1132.398031,790.099609,58.294271,210.299479
1134.656982,790.316956,56.890625,190.343750
1131.561401,788.716187,59.500000,193.833333
1135.104574,790.421977,57.710938,196.708333
1137.287109,791.307983,54.721354,191.765625
1130.790771,791.029236,62.611979,194.190104
1131.148071,791.468526,64.588542,191.765625
1128.795166,794.221252,67.562500,195.140625
1130.049805,792.368408,66.460938,207.718750
1129.679077,795.214966,66.169271,191.768229
1131.225952,795.914998,66.164062,188.489583
1123.615031,795.148458,71.880208,190.776042
1124.254517,793.540527,71.531250,192.937500
1127.251709,796.093506,67.937500,194.640625
1114.104248,795.956197,79.523438,191.049479
1123.525513,796.182983,67.937500,193.445312
1120.820190,794.283264,68.968750,196.703125
1119.686361,797.173421,67.744792,203.661458
1113.554810,796.244141,74.390625,189.890625
1116.001099,799.302226,70.320312,201.664062
1116.499227,803.711873,68.747396,190.692708
1107.429199,801.881958,78.859375,198.007812
1110.093140,801.751628,76.614583,198.093750
1116.723429,806.156352,70.752604,197.575521
1108.178589,802.977580,79.833333,201.778646
1109.084432,805.758708,77.361979,209.377604
1106.900635,807.182129,78.591146,204.841146
1102.887939,804.908630,80.921875,203.382812
1107.591715,807.986145,78.187500,191.395833
1108.999674,808.725179,74.281250,198.859375
1103.657593,811.374268,73.367188,189.890625
1096.725586,809.642944,78.992188,200.054688
1102.182007,812.484802,65.869792,193.161458
1099.527791,815.008138,68.364583,207.739583
1087.945028,813.013123,73.119792,209.083333
1091.158203,813.829102,69.320312,212.171875
1089.927124,812.523499,63.156250,219.156250
1083.305461,811.085205,63.421875,201.729167
1083.426270,811.469360,65.453125,189.671875
1075.086466,807.493306,70.736979,194.205729
1073.179891,809.028341,77.833333,205.088542
1071.717896,811.955668,85.447917,201.406250
1072.428467,809.781555,89.635417,219.281250
1069.293945,809.809570,98.343750,241.578125
1072.767171,807.698201,94.333333,244.541667
1065.163086,804.319153,100.343750,261.046875
1060.493937,809.021505,99.166667,223.408854
1054.110148,803.534119,108.369792,228.010417
1054.171387,812.217448,100.942708,199.273438
1053.330688,806.675659,95.937500,203.125000
1051.912476,805.001343,92.546875,200.078125
1042.169067,791.279236,100.843750,211.937500
1033.120036,804.675639,116.593750,202.218750
1021.513265,807.955933,117.796875,191.169271
1028.992757,804.161926,114.140625,192.468750
1026.167643,804.993673,112.796875,179.046875
1032.935791,799.683655,109.265625,175.281250
1037.878255,799.714030,98.895833,172.979167
1032.290527,801.576843,102.765625,162.781250
1024.322469,795.422729,114.104167,175.104167
1024.416097,796.062276,106.333333,161.000000
1014.174438,795.857992,112.604167,170.942708
1018.948486,791.955872,108.640625,176.078125
1019.484172,788.547933,107.130208,177.020833
1012.299561,782.814331,120.552083,177.729167
1016.600138,779.166667,116.989583,194.770833
1017.778687,778.647156,114.125000,169.273438
1013.215902,777.552063,92.093750,188.708333
1009.930339,777.105530,95.111979,186.572917
1012.864624,772.950256,115.666667,189.000000
1013.050659,772.805054,108.250000,189.375000
1011.056641,771.006470,93.125000,179.750000
1015.979614,769.935669,87.109375,181.046875
1013.022054,768.894043,70.750000,171.500000
1015.564575,769.508057,67.234375,150.640625
1014.480306,766.286296,104.833333,169.000000
1019.163778,764.491130,68.317708,178.473958
1017.746826,762.117371,62.695312,161.640625
1016.227620,760.795369,65.041667,143.437500
1016.003052,760.573120,63.968750,175.213542
1016.442871,758.049255,69.906250,166.156250
1014.073364,757.452393,66.453125,171.843750
1012.481323,753.616150,83.531250,182.351562
1010.192383,751.288574,67.156250,175.515625
1008.145426,748.056396,67.682292,175.052083
1008.559489,745.384542,67.989583,182.666667
1005.376709,743.621887,69.218750,179.062500
1009.485392,742.636230,66.757813,172.893229
1009.225830,740.228699,75.851562,174.164062
1006.025513,741.740601,105.296875,176.781250
1002.859375,739.844238,72.442708,166.057292
1004.810913,739.690206,69.986979,163.528646
1003.289103,736.594869,71.218750,171.531250
1005.407756,736.364950,79.523438,171.703125
1008.045207,735.552327,91.635417,165.791667
1009.027140,736.879639,60.973958,160.114583
1008.813965,735.318787,92.960938,155.820312
1010.312988,732.072754,91.835938,160.257812
1009.290080,730.129293,78.864583,177.093750
1009.751261,731.395976,99.442708,171.473958
1009.240031,725.746562,93.692708,186.385417
1008.493490,726.560465,98.070312,179.609375
1008.788330,727.402039,97.093750,156.031250
1013.426066,724.820740,81.265625,168.828125
1012.848022,719.255432,94.750000,163.890625
1013.944092,717.739441,78.859375,164.976562
1017.604289,717.628906,89.028646,166.768229
1018.966960,717.168864,77.656250,163.604167
1022.428670,708.734884,72.833333,164.869792
1024.983032,712.037537,75.851562,159.640625
1023.022583,712.775635,77.367188,174.763021
1025.509155,710.836995,70.895833,174.020833
1026.621704,709.812744,79.765625,159.640625
1026.213867,708.281128,79.703125,162.718750
1029.382690,706.936401,79.046875,150.765625
1026.788249,705.361450,82.421875,163.843750
1028.558228,706.111857,75.697917,151.447917
1027.757446,705.977844,71.000000,151.000000
1026.274821,703.454834,74.427083,150.752604
1027.430298,701.395447,76.195312,153.343750
1026.867513,698.295308,68.822917,139.638021
1025.602539,694.939453,71.718750,145.343750
1025.841309,695.787109,70.453125,160.742188
1025.256755,696.607463,77.041667,160.375000
1023.548462,696.217773,85.375000,158.148438
1022.711060,695.359863,67.559896,145.031250
1023.299967,695.344666,66.296875,160.614583
1022.707275,693.248983,76.541667,151.062500
1021.709351,692.066895,68.921875,148.656250
1017.819946,693.507324,78.203125,149.687500
1021.871094,704.795349,76.195312,124.046875
1021.050903,690.591492,77.234375,139.523438
1021.192749,691.412577,74.328125,145.776042
1021.098999,684.097270,72.645833,145.234375
1019.616577,690.621562,74.856771,138.429688
1018.967082,687.255046,73.622396,136.132812
1018.486857,683.324951,74.195313,138.354167
1021.206665,682.844157,69.247396,134.690104
1017.769735,679.213786,72.182292,152.375000
1018.461670,678.716614,74.734375,158.867188
1017.449219,676.953613,73.429688,152.804688
1020.693156,676.060364,72.276042,146.606771
1019.834595,673.617126,71.000000,150.000000
1022.165120,671.761190,67.343750,152.786458
1022.259033,671.587402,69.531250,151.164062
1023.684896,671.663778,68.114583,148.059896
1023.746948,669.513733,60.570312,153.343750
1025.163249,669.432271,63.166667,140.875000
1026.113241,665.942403,62.940104,146.143229
1025.869141,668.942383,60.414062,141.765625
1026.439575,666.391561,59.437500,143.552083
1028.021932,669.626872,58.166667,150.169271
1026.406616,662.148926,62.447917,147.390625
1026.211670,665.631531,59.906250,151.437500
1024.960612,663.720235,63.333333,156.833333
1025.006836,664.323995,59.447917,151.833333
1024.219808,662.485107,61.598958,157.625000
1023.838664,662.652323,62.666667,149.385417
1024.524414,658.496338,65.208333,157.208333
1023.827393,643.278564,62.515625,165.703125
1022.530518,658.433472,61.937500,148.265625
1022.083293,658.196248,61.703125,147.458333
1020.803426,658.073364,63.291667,143.791667
1019.075765,658.516927,63.734375,143.578125
1020.392822,656.857463,63.562500,144.135417
1020.073201,657.143087,63.114583,147.479167
1020.627645,656.663798,59.333333,147.744792
1019.958618,654.771566,60.125000,160.458333
1018.106852,656.464213,64.395833,153.895833
1018.346924,655.996399,62.765625,146.656250
1018.489909,655.257284,60.497396,147.523438
1019.416382,654.144104,58.166667,150.169271
1015.899902,653.031921,62.093750,157.328125
1016.027629,650.585836,65.104167,151.833333
1013.001261,648.536540,63.864583,153.539062
1011.859456,647.067301,67.536458,153.083333
1009.778198,646.057821,67.229167,149.041667
1010.073730,643.989868,68.468750,150.820312
1011.659587,642.494446,65.166667,154.398438
1012.110596,641.556742,64.328125,150.776042
1013.516724,640.489319,60.218750,144.111979
1015.283407,640.446981,58.505208,146.177083
1016.339600,639.009033,53.992188,148.820312
1015.817627,640.045593,54.015625,142.679688
1015.014771,640.149190,52.359375,144.265625
1013.867513,636.559875,53.239583,144.437500
1013.699382,639.293294,48.953125,144.859375
1012.289510,640.336812,51.447917,140.166667
1009.040934,638.190470,49.708333,148.864583
1007.108724,632.856689,53.656250,143.171875
1006.016276,634.911662,53.812500,143.593750
1003.220093,630.710632,55.632812,141.484375
999.717041,625.198120,57.109375,139.937500
995.913066,629.580587,65.825521,149.299479
993.756409,621.360921,61.598958,152.963542
991.874451,619.254517,61.429688,151.609375
987.925578,621.777507,67.536458,149.567708
985.850728,613.698873,64.078125,161.562500
979.859558,613.875854,57.338542,147.674479
973.942159,622.499512,65.328125,147.369792
972.295329,623.367045,65.109375,144.760417
966.895365,622.153320,66.046875,138.635417
964.045044,605.686279,68.867188,155.328125
957.764954,619.821899,70.335938,149.437500
953.170919,620.308024,72.625000,149.223958
948.436483,607.695211,82.041667,161.057292
942.101990,598.494873,71.125000,171.000000
938.129089,601.745850,71.382812,164.109375
931.722229,626.483398,67.093750,144.203125
925.837341,625.248840,81.609375,143.375000
922.696106,597.655945,86.312500,170.531250
921.725342,620.932434,67.609375,144.554688
920.611308,611.463928,70.833333,158.125000
920.648132,611.261556,60.968750,145.135417
921.310120,621.956787,58.000000,135.000000
920.812398,614.849915,61.833333,148.330729
921.644348,614.022156,53.562500,148.718750
918.083252,619.954773,52.164062,137.148438
915.791972,621.532674,46.260417,139.250000
913.290934,620.992188,49.593750,141.921875
906.764669,622.462972,47.460938,144.458333
900.530884,622.331116,50.562500,144.000000
897.724060,621.537659,50.320312,139.765625
892.363953,622.204712,50.403646,144.351562
891.630920,623.396179,45.281250,148.320312
888.095662,623.547119,46.270833,147.062500
887.743469,624.659607,42.250000,145.375000
882.384949,623.931641,43.520833,143.281250
879.966919,622.859192,42.437500,143.187500
875.146912,622.198181,44.062500,137.500000
871.849731,622.224060,43.250000,144.000000
867.870463,621.363790,45.437500,140.895833
863.017497,621.665751,45.166667,141.000000
855.892456,621.665771,50.166667,142.666667
848.776103,621.063314,54.057292,138.427083
839.455729,622.722575,58.213542,140.072917
834.661336,622.527791,61.091146,142.445312
827.852132,622.490743,64.593750,138.786458
823.759867,625.202962,65.796875,145.320312
818.669678,623.771301,67.000000,148.000000
815.424154,624.200134,67.354167,143.916667
811.760661,627.108500,68.114583,143.125000
808.536784,627.049337,66.520833,140.713542
808.660950,625.648071,65.453125,143.578125
805.775472,627.089783,64.250000,145.708333
804.586792,627.204773,63.015625,143.734375
803.990397,626.686605,61.703125,144.567708
799.778809,627.131592,62.833333,139.158854
801.354696,627.339091,59.437500,137.354167
800.358826,625.002563,57.562500,133.921875
800.973755,624.922485,54.468750,134.218750
801.384521,624.985352,53.031250,141.484375
802.375570,626.095500,49.854167,140.583333
801.829041,624.628906,49.708333,141.906250
801.992635,625.254395,48.122396,143.223958
800.322571,626.859802,47.687500,144.520833
799.163147,627.229858,47.406250,145.375000
797.217834,627.081970,47.828125,145.820312
795.332418,628.744100,48.109375,144.945312
793.600505,627.588379,48.838542,146.255208
793.301432,628.692729,49.268229,145.804688
792.191223,628.705648,48.390625,146.682292
789.899821,629.593750,49.268229,143.171875
789.807617,630.298035,49.125000,145.375000
787.665894,628.847168,50.437500,139.601562
786.409607,628.697937,50.875000,147.125000
785.427856,628.520976,51.604167,145.583333
783.904215,627.281067,51.604167,142.872396
782.331299,629.802775,52.062500,138.958333
783.324137,626.806986,50.729167,139.531250
783.339478,626.091939,49.268229,137.028646
783.214783,627.816610,49.835938,138.940104
784.292867,628.971191,48.552083,138.468750
785.120911,630.864278,47.979167,139.375000
786.267273,631.352519,47.263021,138.947917
789.461182,630.383118,45.718750,141.781250
791.777852,633.655538,47.083333,139.250000
794.093892,633.429484,49.244792,139.192708
798.946859,634.279317,49.091146,139.567708
802.033508,633.810913,47.609375,143.281250
805.117920,632.294861,46.937500,142.093750
809.688293,631.632507,41.625000,144.000000
813.885986,631.015259,42.039062,136.187500
817.631958,633.364868,41.242188,132.773438
821.281494,632.231262,40.812500,134.218750
823.709778,632.834167,40.812500,135.750000
826.675090,631.517904,40.578125,136.031250
829.349915,631.517822,40.812500,138.046875
832.511434,632.091654,41.489583,138.041667
835.554484,630.127909,41.083333,138.979167
840.486694,631.074056,41.083333,139.750000
844.710795,631.347636,41.354167,139.135417
847.340027,629.650024,41.992188,144.859375
851.349487,629.146220,44.971354,143.307292
854.782532,629.741475,42.968750,143.364583
858.200968,631.158691,47.015625,143.083333
860.799723,630.494629,52.627604,144.880208
862.752380,629.328613,54.437500,147.062500
865.027364,630.127482,52.770833,144.294271
868.912740,627.776103,55.062500,132.552083
872.648600,622.727661,51.856771,132.882812
873.660156,621.743103,50.880208,152.276042
875.510071,619.557251,54.281250,147.953125
878.876648,624.075867,50.414062,138.460938
883.402669,610.658529,48.833333,150.479167
886.829366,614.144775,61.562500,147.359375
890.579956,620.618022,39.958333,140.895833
894.088704,623.188782,38.851562,139.789062
897.473612,625.031148,40.973958,138.510417
901.246826,625.085083,38.500000,138.500000
903.086589,624.872721,40.888021,136.468750
907.154968,623.304565,44.046875,139.046875
909.567688,622.479289,43.046875,146.606771
913.260925,623.235657,43.250000,147.250000
915.699219,624.674988,42.015625,145.375000
919.971619,625.082418,39.065104,143.541667
923.290019,618.618368,39.026042,138.359375
927.763733,619.287659,35.453125,151.062500
931.629761,617.596761,35.218750,136.354167
935.952128,618.122538,37.067708,140.221354
937.299683,621.429016,51.250000,136.750000
938.981812,618.020020,41.895833,141.776042
942.247131,623.387268,47.554688,136.718750
940.718119,614.459880,59.057292,146.552083
940.970520,618.304016,63.734375,141.078125
935.530518,615.503703,98.593750,145.583333
925.611755,617.443746,98.635417,144.135417
926.437541,618.292521,95.505208,145.244792
927.473145,618.011759,109.604167,141.976562
928.575826,617.130432,107.346354,143.526042
929.009298,621.660014,116.645833,145.557292
930.937622,620.501628,120.000000,145.666667
936.159607,631.591736,113.843750,135.921875
936.166178,616.086690,117.273438,151.333333
942.906311,618.599121,114.562500,146.656250
945.982056,619.741577,116.187500,148.250000
946.606995,617.141337,123.244792,156.924479
949.132589,628.006490,122.820312,141.158854
956.729757,617.184062,120.854167,164.437500
957.441142,617.642354,123.109375,162.455729
967.448486,617.025208,111.859375,155.687500
974.673177,614.530558,102.588542,157.666667
982.310913,616.965861,98.916667,151.546875
989.800049,617.331787,95.289062,160.476562
999.985474,614.704041,85.312500,160.125000
1006.729980,614.129150,78.695312,143.242188
1013.236532,611.937236,54.364583,146.333333
1014.109497,619.982056,75.390625,147.625000
1016.375285,629.809875,81.744792,160.307292
1015.890137,618.809509,73.500000,156.195312
1018.119019,618.112183,73.617188,155.171875
1021.025309,621.658793,73.278646,154.453125
1021.992920,627.966064,74.804688,160.726562
1022.870850,622.230998,73.531250,158.151042
1023.143433,633.105855,67.083333,134.250000
1023.432821,619.727824,67.861979,145.010417
1024.807536,618.151794,64.614583,140.541667
1024.736410,615.827148,48.979167,140.041667
1024.560913,616.081991,63.463542,145.505208
1024.294800,612.508728,66.429688,157.250000
1021.360311,617.724915,75.901042,171.322917
1015.744670,616.975403,76.562500,143.729167
1011.363525,615.440857,87.041667,179.536458
1010.145874,618.163249,81.244792,164.880208
1003.996663,618.263652,97.510417,176.989583
1006.017782,620.909729,88.067708,170.364583
1006.967163,619.644307,94.945312,201.416667
1004.021118,620.036865,95.861979,205.018229
1003.458984,620.682251,74.476562,150.625000
1003.813924,622.728007,89.958333,163.666667
999.353271,620.522278,89.312500,182.531250
1000.425618,620.049825,85.906250,181.104167
998.488973,618.881755,92.153646,191.010417
997.798462,622.085429,77.890625,158.828125
996.844238,621.173584,83.000000,182.937500
997.101156,620.617086,83.697917,157.882812
996.825643,619.620829,84.854167,199.854167
994.478760,620.906860,73.953125,168.289062
993.921753,622.022156,82.281250,171.929688
992.974874,626.941711,71.536458,151.802083
990.211629,622.962199,74.833333,170.585938
987.803874,624.775309,72.770833,164.416667
986.331482,625.476257,75.375000,151.875000
985.751587,625.220439,77.687500,194.848958
983.957581,626.455261,73.617188,183.101562
982.591125,626.723206,78.445312,188.440104
981.133545,630.913147,71.781250,181.492188
979.046773,632.979757,65.947917,167.848958
977.998983,632.400614,69.166667,196.979167
977.923747,631.725159,70.333333,174.333333
973.068054,631.261597,79.132812,199.007812
972.139262,636.240173,68.343750,142.421875
970.239360,634.531291,58.656250,141.937500
969.736471,636.432699,47.598958,139.783854
969.001160,634.825806,48.213542,145.531250
966.359843,634.339498,51.416667,145.833333
963.182129,635.908691,56.945312,147.523438
961.611450,637.166077,57.710938,153.468750
957.474792,637.477844,62.500000,154.750000
957.415283,641.218486,65.666667,149.531250
954.903198,640.499329,67.523438,156.562500
955.422791,643.098979,72.536458,152.614583
952.971008,646.378540,67.117188,153.174479
951.078512,645.494832,63.380208,157.479167
949.937866,647.540914,65.583333,156.208333
945.251343,645.190796,80.101562,191.898438
943.113831,643.864746,73.109375,220.656250
941.294617,647.351257,73.171875,214.023438
941.347249,646.861430,77.945312,231.835938
942.655518,652.856405,75.463542,196.145833
943.957397,649.150452,71.687500,188.687500
942.072367,650.677002,63.578125,236.247396
938.871155,654.914693,43.859375,152.656250
937.411987,649.370138,43.815104,156.596354
934.723511,653.993408,51.601562,155.781250
933.118144,656.428772,56.619792,154.661458
931.222839,658.779399,46.653646,154.473958
930.428650,658.749573,45.250000,154.953125
929.779907,659.990560,43.125000,158.091146
923.719828,658.211751,48.541667,150.416667
920.216512,661.111572,48.109375,144.072917
916.156169,660.744019,51.856771,153.570312
915.329224,665.734802,65.343750,148.718750
910.349813,658.994120,67.536458,147.380208
907.222168,657.464661,76.937500,154.750000
909.114685,659.153320,75.812500,148.656250
908.945435,653.207540,73.239583,157.354167
909.981852,655.903931,55.104167,156.166667
911.470785,654.299052,62.195312,146.703125
913.559774,658.949402,63.122396,139.580729
913.519775,657.768372,51.375000,137.593750
913.448629,656.131226,43.286458,131.536458
909.494629,647.941162,41.250000,145.375000
907.452779,649.380432,39.213542,145.546875
903.757202,650.948425,41.242188,148.554688
889.308167,650.129395,58.687500,146.437500
882.425517,650.209941,66.770833,147.916667
876.041484,648.634725,73.562500,153.291667
872.020386,648.348022,78.302083,154.661458
871.294067,648.573527,74.229167,154.385417
890.785889,649.356262,57.109375,150.625000
866.790955,650.817342,78.971354,152.994792
866.111125,650.002096,74.588542,152.322917
865.044434,647.141968,76.651042,153.382812
868.087240,645.697449,68.973958,152.296875
870.735921,641.725932,61.416667,155.166667
876.634094,645.361043,52.531250,145.489583
885.579020,644.568359,42.208333,145.708333
886.131083,642.806966,42.015625,145.921875
885.888916,641.560872,42.500000,144.520833
883.533427,635.040426,44.614583,140.895833
876.780314,641.124369,59.611979,144.640625
869.830566,642.366089,73.843750,132.812500
865.485718,641.472900,80.070312,133.692708
860.342265,641.499207,71.723958,132.890625
861.547506,639.961304,75.192708,140.361979
861.125875,642.481873,87.270833,136.718750
857.790588,640.145813,85.554688,141.210938
858.419678,642.832316,72.500000,144.000000
859.535319,643.526876,80.606771,139.536458
858.797729,640.645528,88.106771,141.630208
858.724935,638.578837,81.354167,141.619792
865.702881,642.044250,55.242188,145.304688
875.904114,644.166321,63.333333,149.041667
877.561666,639.118083,63.864583,123.031250
880.938517,641.150777,56.289062,131.763021
887.165405,643.024841,45.281250,123.625000
888.321737,637.948161,35.015625,124.914062
886.709696,638.205790,35.570312,127.757812
890.413595,629.942932,38.916667,138.083333
882.002075,643.833252,53.648438,132.239583
872.689718,646.052144,71.354167,117.723958
863.221476,645.375326,85.114583,123.807292
866.704651,642.754639,86.632812,125.476562
855.581584,629.083903,102.052083,140.989583
850.210775,647.307149,105.906250,122.419271
850.437561,646.475769,106.328125,128.968750
850.861938,626.648804,109.281250,148.468750
857.542114,642.369100,100.666667,124.500000
859.582214,644.365438,97.692708,120.322917
877.858459,646.977295,77.171875,128.929688
867.210693,646.846171,85.432292,134.520833
867.338074,641.356262,84.531250,141.250000
871.748962,639.756287,74.773438,127.765625
873.570109,638.834900,72.062500,120.424479
878.997253,641.674377,67.562500,128.500000
880.724792,637.707031,62.875000,122.875000
884.823222,636.310364,57.026042,116.666667
889.633118,637.742371,53.421875,129.906250
891.762675,637.792582,51.856771,136.330729
893.161764,631.990845,47.546875,136.330729
892.082825,639.049194,48.648438,126.390625
895.478638,642.372803,47.067708,129.671875
896.413350,643.741028,47.093750,120.843750
898.704041,645.140096,46.208333,122.770833
900.807434,644.973714,44.942708,123.890625
902.843465,643.618551,44.197917,126.869792
904.953918,644.448486,42.679688,119.976562
907.266602,641.195862,39.507812,117.250000
909.171102,636.754415,38.403646,137.911458
911.351624,645.969055,39.593750,110.843750
913.337118,636.866252,40.520833,120.268229
909.123352,643.452026,45.320312,111.437500
914.220581,643.146444,41.677083,106.760417
918.303589,643.329834,38.968750,109.984375
918.866089,639.827230,39.890625,115.625000
919.934489,640.473043,42.791667,114.333333
913.569845,631.794779,50.583333,126.416667
918.155151,640.541260,49.234375,120.437500
922.985168,640.320801,47.406250,120.882812
923.630269,644.241943,49.760417,110.317708
923.361938,643.732971,51.531250,124.265625
925.842957,638.830078,52.500000,128.945312
926.596863,636.093750,54.156250,122.500000
927.353109,643.524251,56.182292,126.645833
931.045410,646.322164,55.960938,121.390625
932.986247,645.598979,57.031250,119.854167
933.401103,642.535706,58.403646,115.807292
934.406962,649.427246,59.697917,113.364583
936.441528,625.397949,59.757812,130.437500
940.559692,644.829692,54.750000,115.666667
941.529480,644.553040,55.500000,115.960938
942.873454,640.049316,54.658854,117.398438
944.785828,649.397034,53.007812,103.364583
946.702352,642.842834,51.166667,115.442708
949.701396,642.137939,48.031250,115.442708
952.477600,638.907247,47.861979,125.453125
955.218201,647.628174,43.825521,113.125000
954.950724,644.524007,43.895833,116.375000
959.012817,642.937541,41.247396,123.205729
958.181824,644.147644,44.481771,117.442708
958.925985,643.408529,45.218750,121.864583
962.792155,642.981140,41.716146,128.526042
962.892476,644.942139,43.898438,120.664062
964.948181,646.670349,42.250000,113.500000
965.975993,640.596252,42.536458,122.028646
970.401428,648.138733,39.921875,115.562500
971.000244,647.519165,42.791667,110.083333
971.747314,644.303385,44.526042,113.026042
971.618530,647.061666,47.833333,123.937500
980.542521,649.274556,39.411458,102.406250
978.165181,641.698486,46.208333,114.750000
980.367737,644.888550,44.953125,119.976562
982.723022,648.396912,44.640625,109.718750
981.210002,646.793783,49.854167,108.916667
982.185974,643.705872,52.296875,117.375000
982.479492,638.504089,52.500000,124.117188
980.786133,649.279480,55.674479,109.507812
987.345601,626.759766,51.367187,142.507812
988.242208,622.872945,54.833333,143.153646
987.791687,628.621643,53.968750,135.187500
983.498657,632.936768,63.343750,136.375000
991.565877,632.787130,58.257812,137.328125
993.887329,632.967550,55.697917,135.427083
995.083496,648.474609,57.187500,121.531250
995.223897,638.864868,58.752604,132.882812
995.774658,650.683044,57.187500,108.843750
999.224731,655.090698,56.859375,107.562500
1000.178630,653.319580,54.151042,113.026042
1003.981323,634.342997,53.981771,132.231771
1005.893677,647.734823,51.549479,118.377604
1007.870199,654.583354,49.906250,111.854167
1006.384115,655.749166,52.390625,108.453125
1001.510620,657.748759,57.651042,113.526042
1008.186890,651.887716,53.166667,120.820312
1018.699585,666.069132,44.593750,107.562500
1021.608276,663.185303,44.640625,112.015625
1020.829997,662.364848,46.937500,112.562500
1026.475545,676.137573,41.671875,99.468750
1025.291260,687.178731,45.687500,89.020833
1029.505737,672.142822,41.031250,102.718750
1032.555094,669.959798,37.666667,104.333333
1032.380981,674.115682,51.330729,94.471354
1037.738525,667.690491,42.250000,100.687500
1038.329102,666.636047,39.968750,106.484375
1032.919556,676.216431,46.539062,96.835938
1039.172689,664.848674,41.630208,108.880208
1032.065918,660.909729,53.031250,112.796875
1038.314046,678.121195,51.114583,103.440104
1038.976888,669.373617,48.903646,107.861979
1038.439697,652.089111,49.500000,124.523438
1045.485962,660.281189,50.406250,120.531250
1043.974731,663.048706,44.828125,122.125000
1041.028809,665.268941,58.041667,118.166667
1040.441935,671.740092,58.502604,107.096354
1041.314209,670.694397,59.968750,114.953125
1040.751343,676.051025,59.515625,114.687500
1037.300863,665.388713,64.786458,128.572917
1039.262695,669.013652,64.255208,126.606771
1042.981608,669.234619,59.898438,119.731771
1041.712809,680.788472,58.721354,106.674479
1043.609497,670.437744,56.687500,119.125000
1043.498535,669.575928,59.260417,119.234375
1043.294271,663.986084,57.182292,137.682292
1044.238647,676.944845,62.614583,118.067708
1043.731730,687.794902,53.104167,105.208333
1041.923096,680.682556,48.937500,116.375000
1037.889771,679.024719,48.791667,115.083333
1030.173218,699.552551,50.500000,91.492188
1025.117310,693.258728,49.468750,97.937500
1027.146077,694.003479,36.593750,82.656250
1017.738688,699.942708,40.687500,75.744792
1011.100138,714.285604,40.703125,83.557292
1004.280904,703.459900,45.104167,103.104167
1006.414917,702.906494,40.234375,72.507812
1001.968079,698.276245,39.500000,110.484375
1001.047607,704.264099,37.703125,88.328125
996.513550,706.311768,42.927083,87.250000
991.384277,690.248006,48.723958,99.546875
996.605387,706.376953,38.760417,87.588542
992.254089,703.078857,45.437500,86.171875
997.480957,707.887085,40.554688,81.406250
997.613647,718.781128,43.585938,74.445312
992.465576,718.836060,50.804688,81.859375
986.936483,723.505880,47.093750,83.354167
985.291443,704.929138,44.820312,103.453125
989.081238,720.900024,41.851562,85.945312
993.533122,721.821513,38.807292,86.531250
991.996887,719.731934,36.338542,88.447917
991.001526,721.427002,34.682292,85.205729
982.724955,713.115906,41.122396,93.111979
981.660828,718.953369,56.812500,92.437500
978.563965,702.684977,46.434896,99.960938
987.599101,705.107422,42.179688,99.700521
979.717143,703.290568,50.427083,101.208333
976.853577,694.768005,58.585938,104.085938
974.644409,728.854065,56.114583,68.031250
972.728027,710.056559,51.291667,76.791667
976.100667,705.357259,52.260417,96.776042
980.621480,713.134501,39.958333,85.291667
972.373474,724.019531,41.984375,71.546875
975.863729,716.650716,49.489583,73.096354
977.995239,718.500854,58.036458,69.565104
971.915833,710.938965,58.187500,90.593750
968.477743,716.517660,57.218750,77.966146
966.819397,722.750020,37.604167,68.325521
960.797567,724.571452,55.541667,71.036458
962.418050,723.684509,40.557292,71.182292
959.133647,726.981222,39.062500,71.687500
953.390767,723.265544,37.257812,76.393229
957.038696,723.193909,33.265625,72.640625
952.220317,732.805990,37.794271,63.705729
951.274536,737.969666,34.468750,59.570312
952.748901,741.117696,35.408854,57.091146
948.649597,740.137451,30.062500,47.875000
952.701965,735.711853,50.875000,58.000000
957.640259,735.503906,40.843750,59.125000
967.736572,738.925903,42.343750,55.632812
974.096802,725.212280,39.882812,72.859375
985.250366,720.413574,47.406250,71.125000
996.809143,728.926554,37.291667,70.333333
1009.455750,738.646586,42.640625,61.859375
1012.190837,728.458740,37.794271,66.815104
1020.541382,726.913574,46.375000,62.359375
1026.213745,734.944519,47.041667,70.333333
1028.470093,737.475769,43.773438,57.460938
1033.792887,735.147725,41.625000,65.458333
1034.903361,738.888733,38.963542,62.562500
1040.227498,748.895203,49.744792,34.822917
1046.481527,745.785238,42.479167,59.919271
1047.157756,750.704346,48.500000,47.510417
1049.825602,752.497884,38.236979,49.078125
1045.694255,754.704976,41.760417,48.479167
1049.368734,750.047343,34.286458,55.468750
1042.653687,752.336548,33.507812,46.421875
1045.031860,750.651672,35.593750,46.984375
1041.813843,750.462830,31.375000,49.093750
1041.376099,747.788269,33.093750,52.187500
1045.937012,755.174906,39.333333,42.250000
1041.810628,753.622294,35.166667,51.000000
1040.381551,767.377686,41.250000,50.054688
1036.942220,756.947713,43.690104,58.213542
1034.327596,763.578105,40.401042,44.572917
1039.467326,751.972677,32.247396,52.932292
1036.856120,753.274740,33.885417,46.697917
1029.872925,751.970337,38.679688,49.031250
1026.869222,753.925883,37.531250,39.705729
1029.389648,760.931396,32.054688,46.960938
1032.807414,770.272644,42.307292,48.723958
1016.570312,747.069031,36.859375,45.718750
1015.520081,742.907979,35.799479,42.507812
1008.247192,732.968669,51.130208,51.130208
1029.246338,755.881348,33.484375,41.500000
1007.372925,759.762838,49.526042,52.333333
1019.421997,763.637838,28.671875,41.250000
1019.755737,756.058899,39.250000,50.007812
1019.676514,737.229248,37.476562,65.567708
1028.834554,783.097351,37.968750,38.408854
1027.665853,766.776611,28.671875,45.442708
1019.357666,761.902344,40.046875,50.406250
1024.546590,783.224609,31.416667,33.083333
1019.471069,772.803975,32.270833,47.312500
1015.392171,768.203084,42.958333,42.958333
1007.722046,763.018962,46.260417,47.494792
1003.839010,768.150859,39.041667,40.770833
973.553813,752.237935,39.677083,53.255208
966.972371,769.920044,38.609375,40.770833
976.117432,759.526143,26.757812,45.156250
977.806274,756.162252,31.265625,44.846354
973.438558,771.791361,44.458333,38.250000
967.012553,774.136780,28.708333,40.979167
967.131531,763.089417,33.250000,47.875000
964.842550,771.807210,35.533854,28.549479
966.897563,763.291484,35.760417,46.114583
970.597677,752.401062,35.145833,46.010417
968.721191,773.818298,25.781250,33.906250
967.952189,761.703389,35.921875,48.338542
956.406616,738.220988,26.729167,42.958333
954.979492,727.064941,44.500000,45.250000
941.401428,718.531087,51.333333,48.973958
940.888977,731.294189,37.437500,37.437500
950.063680,739.055705,31.278646,49.760417
937.598246,740.806763,28.567708,53.666667
941.858154,724.805054,26.500000,48.812500
930.263346,722.633789,35.218750,35.979167
930.080343,716.675842,36.869792,54.250000
912.035970,726.517354,43.682292,48.726562
916.066467,736.970764,37.156250,55.031250
920.722249,739.458639,44.135417,51.822917
896.285970,729.805847,51.166667,50.270833
917.425395,733.701375,33.052083,41.536458
918.266927,714.682434,47.135417,52.958333
922.293823,718.756714,44.593750,50.218750
930.970276,738.712280,47.757812,38.406250
949.096049,745.907349,34.533854,34.533854
940.727681,732.023478,40.557292,50.244792
939.961304,732.467041,41.078125,38.546875
955.487671,747.159098,30.276042,45.515625
950.179688,740.853821,40.429688,36.218750
959.688660,720.910828,41.023438,40.289062
956.508993,720.600342,40.312500,42.239583
960.289530,725.209819,40.153646,42.171875
953.589844,714.709656,37.703125,49.515625
986.742167,722.717794,33.458333,72.322917
989.898763,733.570903,45.791667,50.718750
1001.688395,742.795858,32.580729,43.893229
1001.793783,732.230855,36.385417,43.104167
1012.017700,734.506165,44.721354,37.929688
1019.242228,745.032694,27.575521,51.289062
1021.031901,742.376078,40.578125,34.757812
1028.615601,733.795410,38.515625,40.046875
1022.820231,718.527751,54.997396,47.067708
1030.140137,733.709473,35.833333,37.416667
1037.352702,732.195312,24.572917,43.203125
1037.308431,730.835876,28.510417,40.817708
1015.315063,737.669088,56.484375,38.687500
1033.466187,743.389201,39.645833,45.114583
1036.820312,741.607910,33.921875,30.093750
1049.222819,737.662191,42.927083,34.906250
1041.609375,733.759460,49.234375,36.218750
1055.426880,735.392314,29.473958,35.890625
1046.278971,739.634237,34.078125,41.302083
1028.182495,735.152690,42.265625,38.283854
1040.763021,739.900696,31.796875,29.135417
1041.950317,722.105062,41.541667,48.781250
1038.134644,725.097473,38.640625,42.442708
1039.587280,733.967163,37.570312,44.255208
1035.667887,740.371908,33.093750,32.682292
1038.991699,742.831543,34.984375,33.031250
1039.907959,735.088603,33.398438,41.963542
1038.324382,733.870789,32.718750,47.067708
1037.663615,735.354085,33.458333,65.916667
1022.487752,741.455139,43.916667,42.250000
1032.241455,743.351624,44.453125,46.140625
1036.843506,749.470642,34.250000,35.562500
1039.384033,745.323730,36.195312,47.789062
1036.740601,743.593201,39.093750,37.851562
1038.018351,745.495565,40.322917,27.739583
1049.736165,740.078125,40.473958,45.315104
1053.637085,742.734558,29.312500,42.682292
1053.021281,744.708822,37.867188,37.494792
1051.759440,739.654419,38.895833,41.020833
1058.031128,740.497620,27.440104,42.335938
1080.854370,735.709513,30.750000,37.833333
1097.753092,728.601990,26.729167,40.609375
1106.082397,737.108398,25.859375,39.296875
1085.373047,746.071126,30.622396,36.481771
1070.799438,738.295369,37.901042,36.208333
1065.889404,743.452474,37.833333,36.416667
1056.801310,739.793111,43.080729,48.294271
1082.157593,749.094360,27.953125,31.468750
1075.259806,748.095622,33.026042,33.770833
1078.230957,734.989014,22.093750,38.968750
1074.146606,741.540161,34.593750,39.296875
1076.754598,732.363200,40.432292,41.479167
1083.018677,748.956604,30.375000,28.906250
1096.564697,735.520874,35.546875,39.385417
1101.284302,728.685669,32.945312,42.125000
1100.653809,732.551819,30.677083,42.239583
1086.619995,736.782756,37.494792,44.570312
1074.658325,723.315063,33.812500,52.171875
1077.475179,730.512390,35.562500,52.020833
1084.201538,731.058675,39.346354,40.960938
1078.257568,722.915344,36.937500,33.031250
1079.041829,731.411418,34.651042,35.390625
1091.922974,742.409485,39.671875,44.945312
1078.295532,747.387960,56.838542,43.526042
1070.829915,743.288696,43.294271,33.205729
1079.777303,736.658508,35.979167,42.442708
1079.613281,748.290833,36.546875,49.046875
1122.608358,749.087036,27.744792,32.682292
1115.048462,746.091125,44.359375,50.609375
1115.138143,747.129801,48.018229,42.703125
1119.631592,744.813171,33.656250,32.367188
1108.919800,743.767293,38.614583,30.028646
1118.558553,744.520833,30.489583,26.997396
1103.552043,742.978434,38.348958,34.281250
1115.646240,752.899679,31.164062,43.453125
1128.297241,747.587565,32.937500,53.088542
1115.645752,744.527466,52.796875,22.914062
1127.779012,737.693319,44.046875,36.494792
1138.018188,738.603149,39.250000,36.062500
1136.487549,740.718445,33.421875,35.765625
1144.254110,740.249634,29.473958,27.625000
1137.647095,734.538879,37.562500,38.265625
1140.397542,730.640198,41.677083,37.979167
1155.266357,740.494710,37.229167,38.770833
1136.265177,740.495890,40.716146,42.682292
1144.507812,752.901367,42.820312,27.914062
1181.682739,739.744202,35.604167,39.536458
1184.958862,735.407349,35.765625,32.640625
1196.661051,734.317749,37.609375,47.223958
1216.573324,736.042806,37.085938,35.145833
1234.661621,738.895935,34.000000,40.750000
1240.306519,726.756632,46.059896,55.369792
1261.694458,754.300293,25.609375,29.906250
1261.295125,736.395752,38.239583,40.846354
1272.156250,742.803467,49.046875,42.015625
1318.397909,755.185323,34.117188,39.023438
1318.005493,746.567688,34.203125,54.125000
1362.927450,732.495219,31.664062,57.013021
1380.847778,740.746582,37.093750,50.843750
1383.324219,745.601868,45.187500,45.187500
1436.267090,750.110474,39.968750,51.166667
1444.298584,761.576721,30.283854,33.437500
1452.574829,766.947144,49.554688,49.554688
1473.890869,780.208008,43.799479,41.997396
1476.119385,762.089417,41.250000,44.750000
1478.586385,771.601237,31.877604,39.705729
1486.811727,779.565348,37.096354,49.273438
1536.012695,782.266602,27.914062,37.437500
1581.161540,776.812541,39.143229,44.648438
1588.929321,772.103882,40.812500,39.281250
1607.234009,772.285767,41.500000,59.500000
1599.006185,779.841899,47.401042,34.031250
1607.512166,785.828491,36.385417,35.562500
1616.387085,786.038818,31.078125,43.578125
1612.887329,780.541504,34.687500,38.132812
1603.731893,769.418844,54.609375,41.682292
1612.337524,779.884521,46.023438,31.281250
1614.259277,783.989807,29.895833,40.979167
1609.674927,771.139709,46.750000,43.000000
1621.031494,768.623657,44.541667,43.750000
1612.561890,765.278748,49.859375,53.585938
1624.234090,769.192647,46.664062,51.882812
1618.257080,775.617635,36.091146,45.205729
