1429.000000,362.000000,400.000000,228.000000
1416.674032,373.187500,375.354167,192.895833
1384.099325,372.575612,371.708333,207.281250
1363.713338,364.473592,364.666667,231.132813
1346.352865,372.883799,339.716146,197.398437
1325.671021,375.763143,347.333333,179.578125
1312.979126,376.635620,337.710938,188.632812
1304.046672,380.130727,322.828125,188.109375
1291.659139,379.509023,324.354167,186.453125
1286.962036,382.648132,320.645833,172.750000
1283.644165,384.275859,291.062500,171.354167
1272.254069,382.686941,324.364583,175.791667
1275.844238,385.084290,296.218750,168.437500
1274.688232,382.135681,300.406250,170.593750
1275.184814,381.310099,282.239583,172.281250
1272.638021,381.594279,289.807292,169.809896
1264.973958,384.740092,304.130208,166.343750
1248.086589,382.108500,312.802083,167.434896
1246.118123,384.894246,319.026042,168.273438
1242.693848,381.391337,307.927083,160.947917
1262.998617,382.650604,286.239583,163.114583
1238.860148,380.010773,302.875000,160.322917
1251.698975,380.315948,274.583333,160.250000
1252.828451,395.899963,275.570312,147.437500
1244.695475,378.845774,272.328125,166.156250
1222.849365,377.017792,285.203125,156.203125
1242.834839,375.827148,275.742188,165.054688
1229.203369,389.136902,284.429688,139.656250
1234.599609,388.282074,250.666667,143.388021
1212.850464,372.450572,275.416667,190.125000
1222.191284,373.554382,255.835938,144.953125
1220.781860,369.311737,250.609375,147.067708
1207.264893,374.604034,256.937500,145.421875
1206.371908,368.117411,259.031250,146.843750
1201.737793,363.231852,256.919271,142.768229
1205.446615,361.840892,243.604167,145.492188
1196.815430,375.039480,253.856771,126.544271
1176.241211,356.968414,253.062500,145.765625
1171.860840,359.212158,258.625000,133.390625
1172.641683,364.540782,254.979167,126.250000
1166.430216,364.101227,251.994792,132.640625
1164.133423,363.771149,260.223958,119.658854
1184.675090,362.008616,228.333333,119.994792
1179.622721,361.187154,214.216146,116.989583
1154.796956,363.047312,237.869792,117.812500
1151.451172,359.443817,253.062500,127.031250
1151.948893,350.567200,242.171875,120.692708
1149.741821,349.581970,230.250000,128.750000
1143.416992,351.738464,208.968750,107.562500
1141.482666,342.354004,208.367188,118.562500
1141.717163,342.129547,196.562500,114.302083
1145.576050,338.126007,188.687500,117.187500
1149.810913,347.032776,176.710938,110.265625
1148.944214,336.484344,168.109375,117.250000
1142.141642,338.731293,170.513021,109.260417
1128.365479,332.600983,178.736979,108.184896
1128.596680,334.381042,167.875000,112.250000
1135.982015,331.799103,157.453125,106.674479
1120.916178,325.199636,168.015625,113.669271
1118.835938,327.767069,169.885417,105.872396
1114.741659,330.123769,171.333333,110.119792
1114.001831,326.281850,168.500000,104.291667
1109.099691,323.829580,158.736979,103.065104
1106.217611,320.977285,173.385417,107.776042
1103.842448,317.284678,171.986979,110.054688
1110.550415,323.493927,147.554688,103.984375
1100.954956,313.579376,163.838542,113.734375
1098.669352,312.565531,150.921875,128.565104
1095.680420,325.225220,160.023438,107.476562
1094.131388,322.577169,152.703125,102.135417
1093.954590,307.661224,159.203125,118.703125
1089.967082,321.558390,164.395833,103.781250
1100.154582,321.577148,131.453125,101.145833
1099.261353,327.043640,130.018229,92.440104
1096.953654,323.854838,131.911458,97.398438
1081.931396,320.673981,141.625000,102.953125
1090.698039,309.740295,144.812500,107.937500
1078.634969,314.765788,158.427083,105.125000
1092.479411,322.322093,141.625000,96.052083
1102.042521,319.341237,122.223958,113.565104
1084.083293,320.964315,145.460938,102.005208
1093.143717,321.084696,135.263021,97.078125
1115.118652,321.311249,121.726562,95.429688
1114.708130,318.509684,131.572917,102.052083
1132.792806,315.887278,131.052083,107.406250
1170.088135,291.978607,114.343750,133.843750
1176.587524,316.212738,138.385417,109.395833
1198.391968,304.381561,135.585938,121.750000
1231.382812,317.923370,132.164062,110.515625
1259.805298,315.710266,130.729167,102.039062
1298.236654,315.856496,111.921875,99.994792
1308.570435,310.747009,116.546875,112.015625
1305.846842,307.020152,138.145833,115.682292
1323.905640,316.565053,132.119792,104.906250
1347.927816,316.297078,111.927083,99.869792
1403.553019,344.327555,65.166667,74.333333
1366.004517,318.745097,108.765625,97.880208
1379.388794,334.437785,91.755208,81.078125
1380.806641,369.545807,92.406250,45.687500
1408.529338,333.142476,59.776042,80.973958
1414.209188,326.875865,59.666667,94.500000
1402.465373,372.200419,67.104167,42.750000
1417.564657,343.390289,54.658854,73.645833
1404.828979,343.528707,70.994792,69.421875
1407.231689,369.569712,67.286458,41.963542
1411.219604,368.785614,59.083333,44.916667
1413.509196,372.008087,61.703125,41.468750
1411.203369,366.209869,59.296875,50.968750
1426.486979,363.017588,52.575521,45.294271
1435.570190,368.226990,44.937500,36.843750
1442.976888,352.691111,48.804688,53.200521
1444.277059,359.671834,46.833333,47.875000
1445.169637,353.870026,46.026042,49.489583
1446.873861,354.546997,53.942708,53.447917
1452.359863,361.946289,51.520833,38.500000
1463.222656,356.078501,40.088542,51.963542
1461.456055,357.775543,41.781250,47.406250
1465.311239,358.958303,40.195312,41.997396
1464.426473,367.777344,33.885417,33.031250
1467.769531,362.286224,33.500000,38.781250
1471.664998,360.932434,34.531250,42.625000
1467.532593,365.690959,41.354167,31.653646
1465.742676,366.247701,38.239583,32.653646
1471.066772,364.719574,32.578125,42.125000
1461.344401,367.893514,38.005208,28.187500
1460.960938,356.604431,42.328125,38.734375
1461.627808,355.052979,41.125000,40.000000
1459.243896,357.543193,42.958333,38.208333
1461.538452,359.427612,38.125000,40.375000
1453.658447,355.718740,43.963542,42.062500
1460.784465,359.120260,33.083333,41.505208
1463.736532,367.502330,33.317708,33.317708
1456.291707,366.791097,41.179688,32.854167
1471.316243,370.021851,14.778646,30.419271
1452.302124,370.324432,32.992188,34.046875
1463.937866,368.963013,28.882812,32.914062
1458.653768,369.695363,37.218750,31.817708
1460.414144,373.742676,31.333333,26.000000
1456.306844,368.538920,38.171875,37.536458
1456.183431,368.912445,31.333333,32.000000
1456.021688,368.702494,32.088542,32.750000
1451.709717,368.399933,37.901042,35.531250
1454.863770,367.820923,31.812500,31.104167
1455.719157,368.415527,36.546875,35.192708
1454.505249,373.776143,29.333333,31.812500
1445.020020,361.967834,39.296875,37.281250
1439.846842,367.142588,37.479167,28.979167
1437.211548,368.174805,37.953125,26.867188
1441.669189,363.657410,36.765625,29.546875
1436.953247,366.243347,37.437500,26.781250
1438.488403,364.573334,33.812500,32.500000
1433.847290,361.337036,36.765625,29.546875
1436.099854,359.726685,33.585938,32.242188
1431.034139,365.437358,32.822917,26.390625
1430.793294,359.365896,31.354167,30.385417
1426.390747,356.031138,30.619792,29.674479
1429.523438,361.422913,27.812500,22.632812
1431.535645,354.222412,23.257812,30.773438
1429.755697,354.704386,21.427083,28.604167
1425.154948,354.045115,17.044271,29.143229
1411.400757,355.329132,22.000000,18.500000
1408.359782,354.373942,24.934896,22.802083
1405.678304,353.170044,25.244792,25.244792
1402.856893,353.669403,24.934896,19.958333
1410.437785,354.810954,21.380208,20.932292
1400.942179,357.323964,31.536458,17.015625
1403.004069,352.914439,22.947917,18.692708
1404.806559,352.756124,21.500000,22.567708
1402.519816,350.924581,23.135417,24.684896
1397.363281,359.295197,20.218750,14.359375
1392.175903,352.642690,24.242188,22.471354
1389.369263,350.160909,18.291667,21.533854
1386.466105,352.788442,22.666667,23.291667
1380.890381,351.936584,25.937500,18.937500
1383.219360,351.557994,19.958333,18.083333
1383.373739,351.252533,19.406250,17.822917
1383.542725,352.158447,18.062500,17.500000
1376.125326,351.749125,20.598958,15.976562
1375.114136,351.595256,19.046875,17.041667
1373.199707,350.048737,19.375000,18.437500
1372.868937,351.405599,12.976562,17.539062
1370.454956,352.808655,15.015625,15.554688
1368.863403,353.221527,16.125000,10.625000
1366.178833,352.300995,17.898438,14.289062
1364.533610,353.810333,14.502604,11.960938
1357.742635,351.388143,19.578125,16.406250
1360.091878,352.193685,16.250000,17.838542
1358.637939,351.807841,18.166667,13.166667
1356.563314,350.822489,15.455729,10.848958
1352.914876,351.606567,17.463542,15.802083
1351.314087,351.247498,18.656250,13.187500
1351.220825,351.384735,14.281250,12.562500
1346.402466,351.678162,19.109375,13.765625
1344.333618,346.414703,17.875000,13.187500
1340.387126,349.207316,18.473958,15.614583
1341.814209,348.749990,16.255208,11.119792
1342.849528,350.961904,14.033854,8.591146
1343.253743,350.713938,11.312500,12.888021
1341.587036,349.549327,11.627604,11.903646
1337.765828,350.803762,16.458333,11.627604
1332.635498,351.281952,12.869792,10.247396
1328.769165,351.572144,17.148438,12.179688
1329.032715,350.334025,20.479167,12.888021
1330.419922,350.008148,15.695312,13.765625
1328.272746,350.772085,16.039062,13.031250
1327.523315,351.038493,17.614583,13.838542
1328.197266,351.216522,11.937500,17.093750
1319.651855,354.007019,19.851562,12.578125
1318.116089,354.210693,17.875000,13.500000
1320.227458,353.111928,16.822917,16.338542
1316.056193,351.636556,21.651042,18.096354
1314.910807,354.481791,21.895833,13.572917
1313.393595,354.933177,17.750000,15.132812
1312.800944,354.450663,18.833333,15.833333
1310.495768,353.480906,18.177083,20.479167
1309.227417,354.254995,14.085938,16.005208
1311.934408,360.026764,15.000000,10.000000
1307.241211,359.493256,17.875000,12.718750
1303.955444,362.444305,16.937500,14.593750
1304.321533,360.292786,14.945312,15.273438
1291.421265,360.547546,23.187500,16.468750
1289.461304,360.479523,24.953125,17.898438
1296.652954,360.395111,18.187500,18.015625
1290.099487,361.205933,25.976562,17.351562
1290.270101,363.923319,21.341146,15.828125
1291.628174,360.739522,20.580729,19.820312
1288.158122,363.171814,24.260417,17.041667
1284.400391,361.312388,25.791667,17.250000
1283.648397,363.356303,21.101562,19.372396
1287.872803,362.452728,18.671875,18.671875
1282.085205,362.190491,19.359375,22.875000
1280.077148,363.723297,20.703125,20.296875
1278.516317,364.214701,21.234375,20.656250
1277.682861,365.595917,21.515625,17.859375
1278.462077,370.431264,19.447917,14.033854
1274.302531,367.872019,21.341146,17.158854
1278.516846,366.640828,14.125000,18.500000
1274.972046,370.781494,17.671875,14.578125
1272.605021,368.783915,17.500000,16.833333
1272.019328,369.997355,17.757812,15.726562
1271.915934,372.206889,18.921875,13.109375
1270.831055,369.164185,15.208333,16.822917
1268.913371,369.583384,15.854167,15.046875
1267.370931,369.488169,15.138021,17.044271
1265.429525,369.941538,16.500000,15.833333
1265.381063,370.222748,18.265625,16.234375
1265.178263,367.570180,19.947917,17.645833
1260.219360,368.092194,22.263021,18.010417
1258.387817,367.934204,18.968750,20.140625
1258.717896,367.529816,20.989583,17.822917
1262.119954,365.746063,18.614583,19.604167
1258.930216,366.796570,16.778646,15.067708
1258.056152,367.788605,13.039062,15.914062
1255.239380,366.200684,16.640625,15.953125
1255.407715,364.690521,19.046875,16.257812
1256.775146,366.386536,18.359375,15.093750
1253.841919,363.140137,14.453125,19.210938
1249.917725,363.715159,20.804688,16.742188
1249.658244,362.078827,17.291667,22.781250
1248.608195,361.372508,17.455729,19.304688
1247.373006,359.045431,19.250000,20.200521
1251.113281,363.531830,15.648438,15.453125
1242.454142,358.849874,24.666667,18.750000
1242.711426,358.588745,22.679688,19.750000
1242.979004,359.830373,23.218750,17.458333
1242.341919,362.681946,22.125000,14.812500
1240.120809,361.269582,21.041667,16.609375
1241.016927,361.191498,20.783854,14.497396
1241.380941,360.611247,15.166667,16.229167
1241.057821,359.310791,15.666667,16.666667
1243.165975,361.224538,16.885417,15.614583
1241.920980,358.695374,16.091146,17.997396
1238.847046,354.210368,18.166667,20.666667
1239.518473,359.059570,17.052083,16.354167
1239.531209,361.496185,14.333333,11.833333
1238.937052,359.497030,13.072917,12.596354
1239.640991,360.666412,11.119792,14.291667
1240.496704,358.704295,17.312500,14.442708
1239.537842,358.112406,10.062500,13.687500
1239.886271,356.908641,10.515625,13.385417
1233.159871,358.294881,16.755208,10.882812
1236.065063,356.983734,13.375000,13.093750
1234.164632,359.675557,13.145833,10.109375
1234.063192,356.699453,10.523438,12.593750
1234.529541,354.421387,11.489583,15.354167
1228.853719,355.618968,13.973958,11.627604
1229.501180,356.939952,12.179688,11.213542
1227.200684,349.608663,7.625000,11.765625
1227.684530,353.865865,14.664062,14.111979
1228.979248,353.781677,9.015625,15.203125
1227.547526,356.037333,13.559896,12.317708
1226.271444,354.033305,10.247396,15.078125
1228.480550,352.797852,11.351562,10.247396
1225.083130,350.833120,9.281250,11.489583
1226.006022,352.436452,9.281250,12.731771
1225.159993,353.901296,9.695312,12.593750
1225.169556,353.390808,10.247396,16.044271
1223.260661,352.977356,10.661458,9.005208
1223.330119,352.990184,9.833333,11.213542
1226.331502,350.708099,8.453125,10.247396
1225.924072,347.712433,7.901042,13.007812
1223.871908,352.792104,8.729167,10.109375
1223.668254,353.259847,8.729167,13.421875
1220.285970,349.954875,13.835938,15.630208
1224.673584,338.647186,9.296875,15.906250
1225.440837,346.556559,9.005208,10.661458
1226.880371,345.570964,13.835938,10.385417
1224.624227,345.949453,13.145833,14.802083
1224.358927,354.911275,10.661458,11.903646
1217.420573,343.714203,16.182292,16.044271
1214.050537,343.866333,15.000000,12.375000
1224.367635,339.030080,10.385417,16.044271
1224.364136,338.947774,10.937500,14.388021
1229.228434,343.631632,7.625000,13.973958
1218.251261,342.782359,12.455729,14.250000
1218.049316,348.778198,12.109375,9.437500
1216.763550,349.050323,6.343750,8.734375
1215.283325,345.587036,8.875000,12.109375
1211.649414,350.980957,12.390625,10.421875
1213.547119,348.913574,10.281250,12.531250
1212.106689,347.492767,14.218750,13.515625
1209.716105,346.308665,13.007812,13.145833
1207.663615,347.133067,12.317708,14.111979
1208.099976,346.598572,9.833333,15.216146
1207.627482,347.823649,11.075521,15.768229
1206.261678,347.591604,14.526042,13.283854
1205.448853,346.871582,12.593750,10.799479
1205.472168,345.570536,11.903646,10.661458
1209.057861,350.040609,10.385417,11.351562
1208.083374,346.409526,11.351562,13.835938
1206.488118,345.159353,12.731771,14.250000
1206.103882,346.907277,12.317708,14.111979
1206.943685,346.495565,13.145833,14.111979
1207.247030,346.673930,11.903646,11.213542
1205.684285,344.845367,11.903646,10.523438
1203.324951,350.409749,12.731771,11.627604
1202.108398,346.009755,16.044271,13.835938
1204.005168,345.900472,14.125000,13.833333
1207.923340,347.375773,10.247396,11.213542
1204.235718,347.008789,13.283854,9.419271
1206.822225,347.761983,10.523438,11.765625
1208.527507,346.328827,8.453125,8.039062
1203.825277,344.812246,12.593750,16.872396
1203.100220,345.861298,13.515625,9.015625
1205.709717,341.309143,11.406250,12.812500
1212.404297,349.888245,10.703125,12.531250
1211.678182,348.461812,8.867188,11.627604
1216.216227,347.309336,11.075521,9.281250
1227.753825,347.322713,8.867188,6.382812
1231.842692,346.330129,11.765625,10.799479
1224.045532,343.606771,9.419271,16.734375
1225.343750,344.419800,15.768229,13.973958
1226.219116,351.583272,13.979167,10.187500
1228.557007,355.265472,10.109375,11.765625
1225.256551,358.354624,11.765625,12.317708
1225.716064,356.792714,16.182292,10.523438
1231.689372,360.078664,11.627604,11.075521
1234.845133,361.157043,14.111979,8.867188
1242.589111,362.542440,13.973958,8.867188
1240.379842,359.755300,10.247396,9.833333
1240.270345,359.393453,10.523438,12.041667
1245.840780,358.099650,11.765625,11.627604
1241.009969,356.896454,12.179688,13.697917
1240.323568,358.329569,13.421875,9.833333
1244.943929,356.123311,11.627604,13.145833
1247.633748,359.198730,11.903646,11.075521
1239.995646,362.293752,15.492188,10.661458
1245.444214,359.268005,12.041667,10.385417
1240.619425,363.655192,14.526042,8.315104
1243.943726,359.723429,12.317708,11.075521
1246.272583,363.567464,11.903646,6.796875
1246.670898,358.768107,11.765625,10.661458
1244.953451,361.199575,16.596354,11.765625
1244.003866,364.530680,10.596354,6.299479
1243.337931,368.459686,14.606771,10.596354
1248.026286,359.472961,13.145833,10.937500
1249.234253,358.719564,14.802083,11.351562
1249.539144,356.696116,13.835938,13.697917
1250.598755,355.891266,15.062500,13.375000
1257.034058,358.880005,13.604167,11.742188
1259.915365,365.196269,13.697917,10.799479
1258.023397,358.303457,12.041667,12.869792
1259.150187,363.041433,15.354167,15.354167
1256.598104,360.754008,16.312500,10.333333
1256.395020,359.368581,13.421875,10.799479
1255.067871,361.927266,13.007812,13.559896
1258.400675,362.665120,15.768229,14.940104
1257.259399,364.022207,14.562500,11.937500
1263.335938,363.722229,12.179688,13.283854
1262.315633,365.006561,12.455729,13.973958
1259.745361,359.440755,13.283854,13.835938
1264.520752,362.916321,11.687500,7.328125
1261.516846,359.726532,11.546875,11.125000
1263.311523,358.460907,9.015625,11.687500
1263.157349,363.377899,10.421875,8.453125
1265.173218,365.672272,10.843750,10.562500
1265.297607,365.166016,15.765625,12.812500
1265.028564,366.444061,13.023438,9.906250
1269.651123,366.062958,13.765625,10.796875
1263.742432,362.372253,16.890625,9.156250
1265.528239,359.836324,16.182292,12.179688
1267.128296,366.657888,15.145833,10.479167
1269.959717,370.372772,13.835938,10.661458
1268.820882,359.926483,13.007812,11.351562
1274.538289,363.981730,8.453125,13.145833
1273.289714,361.263245,12.593750,14.940104
1274.639933,372.841309,13.283854,12.731771
1280.988200,374.050120,11.489583,12.041667
1284.554077,372.738037,12.041667,11.627604
1284.132080,377.391642,15.354167,8.867188
1285.788371,374.562205,13.283854,10.799479
1283.427531,372.969177,13.973958,12.455729
1287.603678,373.781555,12.179688,12.041667
1283.248739,372.918894,13.973958,13.145833
1286.064250,372.023966,13.697917,14.388021
1289.341431,375.904317,12.375000,11.062500
1288.181681,371.230011,10.523438,11.351562
1291.639933,373.903341,10.799479,12.041667
1287.451497,367.108480,12.455729,15.630208
1282.410604,367.388824,14.893229,13.317708
1288.910156,369.447449,11.546875,16.328125
1288.003540,371.827922,15.752604,13.317708
1286.862671,371.696777,12.328125,12.932292
1288.240926,372.945201,13.317708,12.028646
1286.626180,370.978973,12.179688,12.041667
1286.588989,372.230418,11.903646,12.455729
1283.154622,369.050944,15.216146,12.869792
1282.025513,368.513489,17.453125,9.296875
1278.788167,365.920817,13.145833,12.041667
1285.006144,364.954671,12.179688,12.731771
1283.091309,368.426737,16.044271,9.971354
1287.541707,369.269135,13.973958,10.109375
1287.121297,366.380910,12.593750,10.799479
1284.305745,364.475332,13.835938,13.007812
1285.043009,361.535400,13.145833,16.182292
1283.485474,362.714122,15.000000,15.000000
1282.976969,366.058492,15.442708,12.677083
1287.526367,367.458903,11.062500,9.750000
1286.423747,364.561849,12.520833,12.666667
1284.316610,363.369822,13.421875,13.559896
1280.049316,360.531769,13.093750,12.953125
1280.584351,361.354970,11.765625,8.729167
1283.740479,360.165507,13.145833,9.971354
1279.958171,360.990428,11.075521,11.903646
1279.477132,359.520152,10.523438,12.179688
1274.863200,359.968374,13.283854,11.903646
1272.687785,353.689677,13.283854,13.973958
1281.642741,362.039785,9.593750,16.039062
1281.582520,359.084320,12.041667,12.455729
1281.201009,357.913188,12.179688,12.041667
1278.458049,359.025218,14.111979,10.799479
1280.037191,357.746328,11.765625,11.903646
1282.792236,358.244080,14.526042,11.903646
1288.478719,357.571635,8.867188,11.351562
1285.471151,359.473877,10.661458,11.075521
1280.908691,360.904327,13.559896,9.419271
1285.664876,361.852061,12.317708,12.041667
1280.731079,361.929972,11.213542,8.867188
1282.742472,361.361298,12.731771,9.005208
1279.533895,364.250031,13.145833,9.143229
1277.652059,361.605794,14.940104,13.145833
1279.923462,361.749786,11.903646,8.177083
1280.276164,360.814362,14.940104,9.971354
1277.046143,359.475800,15.078125,10.937500
1279.329793,360.802979,12.041667,9.833333
1276.241659,358.310211,14.526042,11.627604
1279.280070,360.892446,14.526042,11.213542
1275.797078,362.301900,15.492188,11.903646
1280.121541,361.624481,12.041667,12.731771
1279.802043,367.428243,17.838542,10.385417
1280.783773,365.781576,13.007812,11.075521
1285.830404,366.845052,13.145833,9.971354
1281.761108,366.486165,14.664062,10.937500
1284.594808,369.964661,12.731771,12.731771
1284.100505,363.656504,11.213542,12.731771
1282.082723,367.874217,11.489583,16.182292
1281.844442,364.705404,13.460938,13.031250
1281.616414,366.890533,14.111979,14.940104
1279.944336,364.639353,13.835938,12.731771
1280.925618,367.033885,15.078125,12.593750
1279.277669,371.754140,11.765625,11.903646
1278.975586,369.765574,13.697917,13.007812
1278.130290,368.899150,13.697917,12.179688
1282.933716,374.318461,12.731771,9.695312
1280.791829,373.147817,14.250000,13.835938
1280.384521,375.608398,11.765625,9.833333
1281.971151,373.158854,12.455729,12.041667
1283.392497,377.454793,12.593750,7.901042
1282.482137,376.450450,13.559896,8.177083
1280.944214,373.191152,12.455729,12.455729
1280.218506,373.956797,13.559896,11.351562
1280.990316,377.267924,11.903646,8.453125
1281.327148,377.612010,10.799479,9.971354
1283.197062,376.538940,11.765625,10.661458
1279.698853,375.655121,15.768229,11.213542
1279.987590,374.749491,15.630208,13.835938
1280.647217,377.864695,11.791667,10.333333
1278.163859,378.684021,15.437500,6.979167
1278.973674,376.980570,14.125000,8.437500
1275.364136,378.731099,16.312500,7.562500
1277.653931,375.834971,14.854167,12.666667
1277.646322,375.600128,12.744792,12.315104
1279.818644,375.904175,10.661458,11.489583
1277.929647,375.584900,13.007812,10.523438
1277.661865,374.037679,12.455729,12.869792
1279.416423,374.871023,10.799479,11.903646
1279.850667,376.427409,12.455729,11.765625
1276.481527,377.482819,13.697917,9.419271
1275.939046,376.673615,15.216146,10.661458
1276.634155,374.172658,13.145833,11.627604
1275.633097,376.822266,15.216146,9.695312
1275.090739,377.694031,13.421875,12.869792
1277.919840,377.364522,12.041667,10.799479
1274.792318,376.253967,15.906250,10.385417
1277.197957,378.355815,12.593750,10.937500
1279.736369,377.885935,11.351562,10.385417
1279.251465,376.748698,12.317708,15.768229
1277.497233,382.015839,14.802083,10.937500
1278.299561,379.438375,12.041667,11.213542
1275.753540,377.891408,14.664062,12.317708
1274.335083,379.514537,15.906250,7.072917
1277.479818,377.619527,12.731771,13.697917
1279.759725,379.417002,12.731771,12.731771
1279.275757,380.124044,11.213542,13.145833
1278.668132,381.109151,14.526042,11.489583
1279.950033,379.957184,11.489583,11.903646
1276.389608,380.139364,14.388021,12.041667
1276.835653,377.330322,12.455729,12.731771
1277.890177,380.262502,10.247396,12.593750
1274.529419,379.647603,14.526042,11.075521
1271.787476,375.720011,14.526042,10.799479
1272.166300,377.572571,12.455729,10.799479
1274.098022,377.589345,13.283854,14.664062
1271.284709,379.170441,14.111979,13.835938
1274.885620,376.872681,13.656250,13.937500
1273.116333,376.022441,12.869792,17.010417
1270.709839,378.053558,14.359375,11.265625
1275.878988,382.563761,15.354167,11.765625
1276.032918,382.536021,13.283854,11.489583
1274.249878,380.612610,13.421875,12.455729
1279.707316,379.198944,9.971354,11.489583
1278.780111,381.107707,9.005208,11.627604
1272.892090,379.849426,14.664062,13.559896
1269.984823,377.127930,13.145833,10.937500
1270.687826,377.478139,14.250000,11.765625
1269.947957,380.645671,16.320312,10.247396
1269.841024,377.794088,14.526042,15.906250
1269.474976,377.872426,17.041667,14.416667
1271.544027,378.999695,13.906250,13.752604
1273.585246,379.913259,11.791667,12.812500
1270.565877,378.614848,12.731771,11.075521
1268.607422,378.831207,13.559896,11.765625
1269.690186,377.314911,12.179688,13.283854
1272.679321,379.514058,12.179688,12.317708
1269.887533,378.074219,13.007812,11.903646
1268.214478,378.281260,15.078125,13.145833
1271.377889,379.710612,14.125000,13.104167
