1305.000000,309.000000,25.000000,57.000000
1304.614095,305.616180,24.200521,65.096354
1305.165609,305.295298,22.260417,66.007812
1303.306071,306.948944,23.117188,65.799479
1301.781372,307.989624,24.156250,65.187500
1295.380249,307.062439,30.398438,67.250000
1297.528483,308.311198,28.398438,69.713542
1296.137614,308.116638,26.520833,68.447917
1295.619466,308.381083,26.234375,70.947917
1296.299316,308.741516,23.265625,70.468750
1293.758423,309.964783,23.359375,69.765625
1289.345907,311.081757,24.260417,69.177083
1292.212524,322.548096,19.750000,58.083333
1274.005452,313.499980,36.229167,67.895833
1282.611125,319.918274,28.916667,63.916667
1282.291138,324.431641,25.062500,60.062500
1278.412476,325.427765,26.671875,59.382812
1280.234253,325.107391,24.750000,58.791667
1275.501221,335.150330,28.093750,49.609375
1273.564697,325.350535,30.101562,57.651042
1260.362549,309.922241,42.703125,73.776042
1270.529704,304.879618,31.322917,78.729167
1264.777100,305.220754,36.140625,79.841146
1265.356934,304.783305,32.109375,80.187500
1258.397909,304.891378,35.140625,80.166667
1263.878459,335.729279,27.041667,49.958333
1262.787069,308.094635,24.750000,77.692708
1262.217773,304.750580,21.625000,80.687500
1261.931396,302.300018,20.148438,85.164062
1257.324504,305.169352,24.489583,84.281250
1256.837402,306.576223,23.395833,78.937500
1256.454468,306.713135,23.750000,79.312500
1255.211222,313.679301,23.445312,74.057292
1251.921997,311.273356,27.093750,75.367188
1250.297485,331.095357,27.125000,56.916667
1249.722778,330.648733,28.398438,57.101562
1249.757853,332.180206,27.414062,58.020833
1249.564941,331.232697,26.257812,58.140625
1249.594849,334.761444,27.000000,57.062500
1249.466715,335.991659,25.940104,56.604167
1247.866211,337.586273,25.304688,54.789062
1247.109049,334.697601,23.432292,55.750000
1247.124430,337.023682,22.356771,53.848958
1246.532227,328.470601,18.447917,59.276042
1246.702271,326.489197,17.500000,60.812500
1245.307454,326.350301,18.057292,62.065104
1244.216349,326.177032,18.317708,62.304688
1244.072266,335.094391,18.226562,54.789062
1242.560547,336.983124,19.140625,52.734375
1241.969686,335.394063,18.859375,53.916667
1242.005534,332.533966,18.666667,60.000000
1241.526652,336.191010,19.494792,54.390625
1240.759481,334.681122,18.739583,58.312500
1239.350301,336.891378,19.703125,56.416667
1239.325724,337.383097,18.664062,56.070312
1239.233927,333.095327,18.265625,60.583333
1239.255941,338.337290,18.796875,54.390625
1238.115438,336.555654,18.333333,56.666667
1237.796997,333.923950,18.468750,59.117188
1236.822795,335.977641,19.010417,58.148438
1235.852661,335.088593,18.531250,59.093750
1235.153239,336.995565,19.010417,57.455729
1234.572306,336.364248,19.010417,57.802083
1233.757487,337.217763,19.703125,55.723958
1231.819214,337.689911,21.281250,56.343750
1229.859375,336.651428,22.796875,58.656250
1228.105509,336.532430,24.333333,57.875000
1227.630615,334.853638,24.250000,59.500000
1226.961426,332.416178,25.333333,64.875000
1226.339966,333.423279,24.906250,63.156250
1226.853190,335.265137,23.057292,61.156250
1225.424927,335.092804,22.627604,61.557292
1225.301270,336.745636,22.875000,60.375000
1224.843709,334.880666,22.729167,60.755208
1224.840291,335.353648,21.953125,60.755208
1223.956177,337.038635,22.054688,59.187500
1223.741781,334.311798,21.390625,61.794271
1223.671509,332.666300,20.010417,63.734375
1222.749674,337.263529,19.992188,59.838542
1222.240316,335.218740,19.822917,61.450521
1221.576701,334.738556,20.687500,62.250000
1221.926270,336.113556,20.125000,62.125000
1221.252604,337.210754,19.859375,59.796875
1221.584839,337.007050,20.046875,61.734375
1220.827026,336.511261,20.093750,60.484375
1220.836670,336.708995,19.958333,61.885417
1221.637329,335.824158,20.093750,60.851562
1221.373983,336.494832,20.322917,61.520833
1222.178711,333.776886,19.726562,64.523438
1221.722616,335.884023,19.992188,61.700521
1222.640259,337.258820,19.726562,60.117188
1221.675903,337.613770,20.046875,60.656250
1221.978760,335.444611,19.328125,63.531250
1221.955444,335.554993,19.328125,62.093750
1222.667562,336.199310,19.770833,62.979167
1222.289307,336.571930,19.328125,61.734375
1222.344727,336.631836,19.328125,63.171875
1221.925903,335.844798,19.460938,62.898438
1221.475545,335.818298,20.322917,61.156250
1222.090535,336.280874,20.687500,62.979167
1221.304240,337.095256,19.859375,63.125000
1221.606242,334.623912,19.859375,63.494792
1221.222371,336.090251,20.364583,62.072917
1220.684204,335.461721,20.229167,63.494792
1219.388590,334.228210,20.598958,63.864583
1219.548136,336.390442,19.859375,61.276042
1219.979207,334.693746,19.958333,61.885417
1219.634725,335.854258,19.460938,63.622396
1218.707764,335.559408,19.958333,61.520833
1219.123250,342.988790,19.229167,55.322917
1218.431274,334.889709,19.703125,62.651042
1217.939087,335.338969,19.593750,62.614583
1217.689087,334.449463,19.359375,64.523438
1217.623983,337.870372,19.489583,62.385417
1217.505859,334.773051,19.593750,63.343750
1216.636597,335.490234,19.726562,64.890625
1217.363322,336.043386,19.247396,62.072917
1217.799561,333.652588,19.460938,68.328125
1219.177775,335.138713,17.236979,66.325521
1217.709595,334.389801,18.968750,69.281250
1218.214478,334.975769,17.875000,73.000000
1218.481771,334.468394,18.747396,68.968750
1218.355469,334.863129,19.000000,68.500000
1217.235718,341.165924,19.750000,63.250000
1216.309285,339.138163,20.229167,61.645833
1217.550700,341.356923,19.119792,62.385417
1216.230103,337.521973,19.822917,66.156250
1216.853353,338.472768,19.880208,64.437500
1217.205160,338.541097,19.619792,63.934896
1216.277873,339.063070,20.229167,63.864583
1216.800415,338.593170,19.375000,65.125000
1216.930013,337.019674,19.247396,64.307292
1216.139648,338.351379,19.359375,64.156250
1216.139648,339.085754,19.726562,63.054688
1216.263184,337.290192,19.359375,64.156250
1217.364746,337.290192,18.257812,61.585938
1217.318237,335.477295,18.929688,65.335938
1217.486084,337.989746,18.257812,61.953125
1217.437866,337.289185,18.929688,62.523438
1218.650960,337.178843,18.838542,63.434896
1218.920329,338.162028,18.125000,61.294271
1218.054972,339.489136,19.356771,61.265625
1219.497314,338.782379,18.929688,60.765625
1219.082479,339.692301,19.843750,61.369792
1219.733602,339.179148,19.195312,60.223958
1218.883667,338.835754,19.010417,59.880208
1220.353882,340.315328,17.971354,60.572917
1220.239624,340.583272,18.265625,59.906250
1220.084025,339.780294,18.265625,59.906250
1219.505005,339.534973,17.000000,59.333333
1219.630615,339.259572,17.601562,59.593750
1219.811768,338.814453,18.804688,60.796875
1219.619751,339.215302,18.354167,61.208333
1219.260498,338.381958,20.335938,62.171875
1218.794800,337.017090,13.395833,64.437500
1217.652832,336.886495,13.815104,63.690104
1217.073975,336.665466,13.468750,64.000000
1215.708618,338.518036,14.125000,61.937500
1214.551880,332.203064,15.015625,68.335938
1214.653646,336.465434,13.390625,63.588542
1212.396403,338.037333,15.500000,62.020833
1212.513590,341.254771,13.877604,58.200521
1211.912882,335.433472,14.177083,62.588542
1209.700195,334.954274,15.419271,64.856771
1208.907715,330.748840,17.148438,69.554688
1207.735718,336.761078,15.734375,62.500000
1206.889404,337.198374,15.296875,62.000000
1206.420410,339.145426,15.296875,60.729167
1205.043416,340.671143,15.614583,60.411458
1204.252970,340.926290,14.979167,60.729167
1202.864583,341.492167,15.179688,58.664062
1200.467896,340.848755,15.375000,60.687500
1198.983683,339.985565,14.979167,60.411458
1196.835246,337.336985,16.125000,62.130208
1193.254272,336.039815,17.203125,64.859375
1190.926392,337.465332,18.468750,62.812500
1188.889242,335.857971,19.843750,63.812500
1186.267944,338.224487,21.781250,60.427083
1184.043701,331.956726,22.562500,62.453125
1183.124430,334.366007,21.481771,59.093750
1180.633667,328.894928,22.203125,63.531250
1178.214478,333.140259,23.125000,58.375000
1175.664307,328.886566,23.125000,61.750000
1173.582886,332.552551,23.505208,59.979167
1171.806396,337.763794,23.585938,53.062500
1168.286174,342.277313,23.604167,50.947917
1165.328328,340.667603,25.260417,52.731771
1161.409871,342.644216,26.515625,50.921875
1156.232747,344.797302,27.424479,50.229167
1149.167236,341.463308,32.039062,54.872396
1146.261963,341.594086,32.500000,55.750000
1137.878906,342.918640,37.328125,51.000000
1135.681600,342.907023,37.328125,54.281250
1136.412720,343.468282,35.489583,51.531250
1130.468384,339.720306,38.132812,56.890625
1129.996908,339.640767,37.093750,56.343750
1130.040039,338.262604,36.692708,57.145833
1129.401774,334.213318,35.489583,61.156250
1129.393555,337.471436,32.640625,59.640625
1128.733521,332.034943,31.281250,61.164062
1129.507528,336.254852,27.833333,58.020833
1128.379883,334.132629,26.500000,59.968750
1130.219198,333.095256,25.281250,59.968750
1128.913411,335.712321,24.666667,57.947917
1128.961019,329.409068,23.557292,63.864583
1130.130127,333.064097,22.671875,62.213542
1129.047526,333.859497,23.739583,63.822917
1129.755330,331.892904,22.255208,61.156250
1127.837646,329.829163,23.585938,67.226562
1128.432902,331.284302,21.052083,67.572917
1128.667847,335.306753,19.630208,63.354167
1127.973633,334.662964,18.375000,62.898438
1127.667603,335.504028,16.468750,63.906250
1126.675415,335.637258,15.666667,65.666667
1126.054321,329.542145,16.117188,70.539062
1125.186483,334.720846,17.278646,57.109375
1123.841797,330.631012,19.375000,64.984375
1120.780151,333.822815,22.312500,64.593750
1117.499512,332.902974,24.890625,67.966146
1115.842773,336.787811,26.473958,61.833333
1115.180908,336.337097,26.898438,64.750000
1114.801066,335.916575,25.317708,60.117188
1115.449707,336.373352,23.750000,58.687500
1113.121460,336.451508,24.046875,57.640625
1113.971517,336.083872,21.911458,59.171875
1110.647502,334.367757,18.010417,60.166667
1110.331665,336.246765,20.687500,58.656250
1108.632406,338.317454,18.265625,55.505208
1107.579915,336.195669,17.276042,56.664062
1106.733521,336.415710,18.252604,58.291667
1105.750122,336.760834,18.468750,60.796875
1105.983073,336.896423,18.664062,58.148438
1103.649251,328.350871,19.421875,65.476562
1102.342896,328.698537,20.979167,64.861979
1101.713257,330.752777,20.500000,64.375000
1101.202433,330.593241,19.992188,65.424479
1100.207764,337.823181,20.875000,59.125000
1099.402344,334.766439,20.184896,61.450521
1098.771932,333.626597,19.958333,56.781250
1097.787069,329.131266,20.395833,63.690104
1097.980265,336.294352,19.098958,56.744792
1096.941772,327.754517,19.906250,63.218750
1095.064901,334.492310,20.622396,56.299479
1094.722087,326.735921,19.958333,59.906250
1094.245768,327.021077,20.049479,64.729167
1094.086060,331.801158,18.481771,59.153646
1092.889038,326.348846,18.265625,67.015625
1092.357544,332.560608,20.593750,61.843750
1091.425781,334.683960,18.250000,58.859375
1089.604655,335.690013,19.763021,56.947917
1089.222819,331.016663,17.278646,60.572917
1088.849650,333.162008,18.000000,63.333333
1087.111369,333.025543,17.750000,62.765625
1085.700155,335.404958,17.052083,61.369792
1083.448242,331.383911,18.265625,63.291667
1081.995850,327.781830,18.000000,61.916667
1080.843465,327.281850,19.145833,63.463542
1079.856445,326.714050,19.687500,64.250000
1077.838135,327.337351,19.119792,66.083333
1076.312174,326.662038,19.958333,64.072917
1075.325968,326.186696,19.992188,63.934896
1073.773722,325.560699,19.859375,66.822917
1071.156738,326.674744,20.390625,62.973958
1069.824219,324.433441,21.854167,66.169271
1068.795817,330.109619,21.812500,61.895833
1070.114624,329.007507,21.481771,59.466146
1068.332153,325.364543,21.708333,64.234375
1066.610352,323.878510,21.565104,62.695312
1063.225220,322.600932,23.656250,67.835938
1062.048096,323.244476,21.718750,60.765625
1061.897095,322.459371,22.145833,59.906250
1060.677083,322.725718,21.481771,58.348958
1059.767700,322.621613,21.195312,61.953125
1060.802856,320.883575,21.013021,57.263021
1060.182129,321.011536,21.125000,65.687500
1060.876750,320.995361,21.013021,65.192708
1060.877197,320.614024,22.197917,66.520833
1060.654053,320.686615,20.523438,63.953125
1062.190918,320.803640,20.390625,66.015625
1062.698730,325.386871,20.523438,62.250000
1063.263265,321.748067,19.247396,64.679688
1062.021159,319.459412,23.557292,65.713542
1062.224447,319.485311,24.281250,67.351562
1063.175415,320.967072,20.093750,66.000000
1063.059326,310.016510,19.885417,78.854167
1063.264404,318.543243,18.875000,68.437500
1062.385824,320.069316,19.114583,64.593750
1062.129639,317.618073,18.992188,66.726562
1061.071045,319.990824,21.854167,66.541667
1060.799438,320.810669,20.140625,64.546875
1060.808228,322.766724,22.145833,68.213542
1061.679077,320.997406,20.010417,62.593750
1058.829427,325.231181,22.875000,57.510417
1059.387655,323.866028,23.187500,57.947917
1062.003743,315.090230,21.338542,68.671875
1062.908895,321.221751,20.401042,61.919271
1062.687012,318.815104,23.343750,66.914062
1062.604004,320.914917,22.484375,65.062500
1059.650065,318.780162,27.994792,74.380208
1061.867554,318.546112,26.500000,68.335938
1063.764242,320.741669,25.463542,66.369792
1063.172974,318.875000,25.218750,67.406250
1066.391357,321.578990,23.414062,65.882812
1066.385457,321.406565,24.593750,66.669271
1067.347697,323.860647,23.486979,62.736979
1068.291016,322.277089,19.088542,61.164062
1068.271118,321.030762,19.000000,62.500000
1068.517944,321.254496,19.195312,64.505208
1069.811808,320.439107,19.552083,64.505208
1070.812744,323.002747,19.359375,63.421875
1071.244100,321.763000,19.552083,64.861979
1072.073934,320.651113,18.500000,67.354167
1072.688558,324.376475,18.750000,64.234375
1073.522990,321.945363,19.098958,66.156250
1073.385864,322.711233,20.229167,64.604167
1073.215088,322.976471,19.000000,63.625000
1074.044230,325.659983,20.546875,61.450521
1074.055542,324.126099,19.359375,60.851562
1075.961222,332.727000,19.770833,49.166667
1075.110107,337.520966,17.460938,45.343750
1076.675659,331.195831,19.578125,54.492188
1077.459595,336.276215,16.789062,44.335938
1078.197754,341.932739,17.656250,49.046875
1079.337769,342.912231,16.234375,42.742188
1079.755005,336.650085,18.054688,48.695312
1078.845215,332.688599,20.804688,56.757812
1077.466146,335.922689,21.968750,52.468750
1077.214478,327.913666,22.164062,63.484375
1076.434326,326.093811,22.445312,58.304688
1071.841553,325.856283,25.406250,60.166667
1071.659465,331.640564,23.117188,51.442708
1064.313354,324.797821,29.640625,63.421875
1062.618490,325.816437,27.208333,62.666667
1062.680054,332.102661,20.906250,54.625000
1056.287679,334.781565,23.354167,51.489583
1048.283203,330.634338,24.132812,56.445312
1033.933919,335.604543,31.692708,51.661458
1035.028890,333.965576,23.117188,49.502604
1026.467163,320.936707,24.500000,63.421875
1017.173706,332.475698,26.822917,53.031250
1009.413879,332.693909,27.031250,51.531250
1001.406433,317.170278,27.614583,66.395833
993.311096,319.325409,27.296875,61.562500
986.162659,326.364309,25.583333,54.750000
976.716003,332.464864,27.125000,50.479167
971.421285,319.807393,24.411458,62.549479
963.000875,329.367991,18.812500,50.875000
957.034851,334.056834,16.481771,43.291667
949.197286,334.014638,14.200521,43.812500
941.707825,331.702281,18.942708,49.072917
935.841960,330.866221,13.270833,46.854167
927.478841,329.569295,10.833333,47.401042
918.996806,318.453807,12.083333,58.750000
909.342590,318.619303,13.697917,55.656250
901.455933,317.911174,14.750000,57.718750
893.041585,318.585785,15.375000,57.601562
882.477356,319.101440,16.625000,57.562500
873.074748,331.389191,16.822917,44.270833
865.862366,320.255686,16.057292,56.005208
856.024231,318.914276,15.687500,56.937500
846.776408,318.197001,15.565104,57.091146
839.333435,318.550079,15.375000,56.000000
829.347717,318.957703,14.953125,55.921875
822.814270,318.485260,14.062500,55.625000
814.265971,331.577861,14.708333,44.166667
804.317769,318.645508,15.354167,58.692708
796.848389,319.327881,15.453125,58.523438
787.914307,318.536835,16.234375,59.500000
780.806844,319.230011,15.875000,58.640625
771.148438,330.888306,16.494792,47.794271
762.459452,336.568899,16.890625,41.315104
753.634420,332.798431,20.505208,48.648438
743.836609,321.619914,23.364583,59.265625
735.678426,321.159973,23.739583,58.156250
728.154683,337.387614,22.312500,41.364583
718.027995,334.594462,24.947917,44.799479
711.784973,335.943319,25.473958,44.986979
706.120565,330.936178,25.244792,49.835938
699.844137,334.523590,24.333333,45.843750
697.408468,332.566884,24.729167,50.552083
695.231812,334.571676,26.700521,49.505208
694.957825,333.373505,23.398438,49.101562
693.634399,336.708730,21.588542,45.666667
694.748454,319.186534,18.333333,60.666667
693.619364,315.856466,18.057292,63.770833
693.691671,315.184163,17.401042,63.812500
693.041992,330.795532,18.187500,48.781250
693.613892,331.551025,19.046875,47.921875
693.927470,332.362651,17.114583,47.794271
693.732910,330.733887,18.369792,48.317708
694.156962,330.223704,19.283854,49.963542
693.792948,313.345835,19.427083,66.765625
694.670756,312.822571,19.000000,66.666667
694.594116,312.625315,22.635417,66.255208
693.528564,329.895966,20.460938,52.039062
694.589193,328.359853,19.494792,52.994792
695.697245,328.926208,16.875000,51.270833
695.185567,328.136861,16.755208,50.786458
696.077169,329.769012,16.273438,50.114583
696.196025,329.531555,16.890625,49.848958
695.452718,330.613088,17.901042,49.125000
696.660156,331.667786,17.187500,48.695312
696.169922,331.569031,18.343750,48.406250
695.679199,332.491465,19.083333,47.666667
695.135437,330.581777,18.760417,50.270833
693.999858,327.976034,19.539062,54.263021
695.507935,330.599162,21.143229,52.752604
689.217957,312.155233,26.416667,71.213542
690.146322,314.460327,25.666667,68.000000
692.034322,318.589691,24.380208,64.510417
691.823364,315.461497,23.476562,67.359375
692.513875,332.639943,22.356771,52.763021
691.237366,315.828644,22.312500,67.687500
694.852356,318.571625,18.609375,70.359375
696.755615,322.258209,16.812500,64.937500
692.310059,320.058919,20.182292,65.492188
696.086243,316.275014,16.585938,71.309896
692.665853,334.893361,19.416667,49.875000
691.689087,318.647125,21.492188,67.851562
693.904175,315.752502,19.984375,70.960938
692.976420,327.301015,18.380208,59.796875
691.583130,328.776489,22.445312,57.953125
693.279683,327.828288,19.119792,57.947917
691.629089,326.572418,20.687500,59.359375
692.046041,326.811646,17.770833,59.333333
694.272481,325.929698,15.893229,58.841146
692.015096,325.697968,21.174479,58.546875
691.706360,326.010213,15.893229,58.148438
690.499817,323.534454,15.437500,61.046875
689.157532,323.104034,15.734375,59.296875
687.325256,323.685944,21.796875,59.294271
685.506104,322.896678,20.182292,58.546875
682.634359,322.378845,22.635417,58.229167
681.105164,322.702006,21.781250,58.239583
679.362488,321.745239,20.460938,59.750000
676.269735,322.130920,20.322917,60.062500
673.131816,322.899099,18.135417,59.697917
671.181580,322.980652,20.049479,59.533854
668.397400,323.689880,18.609375,59.578125
663.196838,321.366302,20.250000,62.875000
659.622803,323.977478,21.843750,59.578125
654.022847,324.119985,23.119792,60.580729
649.038879,324.020111,26.515625,60.296875
644.861938,323.450114,33.398438,65.796875
641.597534,325.243195,24.046875,61.546875
635.799784,324.262909,24.088542,59.838542
631.670451,325.314097,24.033854,58.773438
626.817932,324.675090,23.927083,60.166667
621.891398,323.980021,25.776042,61.645833
615.675883,323.838094,26.221354,61.143229
612.670959,323.298431,26.703125,62.320312
604.519877,322.526347,27.593750,62.666667
599.905212,323.529572,28.218750,61.937500
596.405579,323.964783,29.255208,65.583333
589.980977,324.343547,28.447917,63.161458
583.912537,328.356191,35.343750,65.190104
578.611532,333.364187,30.041667,56.093750
573.697937,323.671356,27.812500,65.593750
567.874512,324.851257,27.406250,66.812500
561.571309,325.137380,25.445312,63.859375
555.606425,325.744680,27.385417,65.799479
549.588684,325.154856,24.304688,63.963542
542.462463,326.151489,26.098958,64.776042
538.204569,327.467306,25.343750,66.343750
531.704610,328.051361,25.343750,65.916667
525.044840,328.207041,24.916667,64.635417
519.398315,326.655548,25.015625,66.421875
512.134644,335.534882,24.625000,60.062500
506.869792,327.675710,25.463542,65.968750
498.595327,317.238271,24.059896,76.049479
491.738464,335.450714,23.445312,59.533854
484.323802,327.536102,23.221354,65.567708
476.178050,329.050934,25.531250,66.416667
469.711873,328.634054,25.343750,66.343750
460.773346,328.663605,28.929688,65.882812
453.587514,335.058187,27.580729,59.567708
446.805695,329.928833,26.197917,65.916667
436.583018,330.656708,27.528646,65.799479
427.652924,330.121155,26.382812,66.015625
420.418437,333.323547,26.937500,64.114583
410.467611,331.080037,29.531250,66.708333
401.543213,331.926819,29.546875,67.156250
392.596059,331.833069,29.276042,67.750000
382.761464,333.884471,34.375000,70.067708
373.795258,332.255127,33.937500,71.234375
363.233541,332.547455,47.263021,75.994792
354.358856,333.650991,49.489583,76.031250
342.438772,333.487783,35.869792,69.666667
332.031799,337.317932,39.281250,69.906250
322.696136,335.308594,46.046875,75.109375
312.294067,334.887909,40.101562,75.648438
300.018361,334.689107,40.294271,73.122396
290.526703,339.702057,38.898438,66.460938
277.825714,337.301239,41.312500,70.843750
268.113373,338.001190,42.835938,72.367188
257.334829,335.682495,37.807292,71.630208
241.575053,335.606323,40.812500,71.145833
231.695811,343.356893,41.950521,64.111979
216.751963,336.739532,45.000000,71.583333
203.230321,337.011983,47.731771,70.856771
193.078496,338.612783,47.984375,70.213542
180.976944,349.414124,48.281250,61.031250
169.440542,339.043772,48.994792,71.729167
157.596822,339.128876,50.164062,75.539062
144.188665,339.719889,48.369792,72.333333
137.344126,338.876149,54.281250,81.208333
128.976384,341.472432,40.432292,73.390625
113.174037,341.095723,51.950521,79.385417
98.918958,347.064067,45.333333,69.250000
87.830030,340.519511,54.500000,82.364583
78.302684,352.577423,49.416667,67.500000
63.743894,343.235118,40.010417,74.562500
49.139056,341.025645,38.005208,77.125000
38.955589,349.410095,35.531250,70.062500
24.327845,342.962026,34.171875,74.882812
10.727867,343.613892,34.515625,76.156250
