924.5,643.5,78,75
922.7952755905512,640.5905511811023,78.0,75.0
920.3858267716536,635.771653543307,78.0,75.0
919.7834645669292,632.759842519685,78.0,75.0
917.9763779527559,629.7480314960629,78.0,75.0
916.1692913385826,625.5314960629921,78.0,75.0
914.3622047244094,621.3149606299213,78.0,75.0
913.1574803149606,617.0984251968505,78.0,75.0
911.3503937007873,613.484251968504,78.0,75.0
910.1456692913385,610.472440944882,78.0,75.0
908.3385826771653,606.2559055118112,78.0,75.0
907.1338582677165,602.6417322834648,78.0,75.0
905.9291338582677,599.6299212598427,78.0,75.0
903.5196850393701,595.4133858267719,78.0,75.0
902.5228836692484,591.9759708206738,76.37942951189692,73.44175914605474
901.3431892703668,589.6165820229107,76.37942951189692,73.44175914605474
898.9838004726038,584.3079572279439,76.37942951189692,73.44175914605474
896.6244116748408,580.7688740312993,76.37942951189692,73.44175914605474
894.8548700765185,577.2297908346548,76.37942951189692,73.44175914605474
891.9056340793147,573.6907076380102,76.37942951189692,73.44175914605474
889.5462452815517,568.9719300424841,76.37942951189692,73.44175914605474
889.749848398554,566.1957798424195,74.79252887901065,71.91589315289485
888.216444708119,562.8997162384098,73.23859855808857,70.42172938277749
884.8228936543977,558.3749815001148,73.23859855808857,70.42172938277749
884.4525324788833,554.5818068666847,71.71695353996977,68.95860917304786
882.2371692865523,551.812602876271,71.71695353996977,68.95860917304786
880.0218060942213,547.381876491609,71.71695353996977,68.95860917304786
880.2129805423151,545.3290333148265,70.22692304761676,67.52588754578535
877.6885135460687,540.6071716262379,68.76785024042121,66.12293292348193
876.0953153197235,539.0139733998926,68.76785024042121,66.12293292348193
873.0922319494684,533.3280835309383,67.33909192465302,64.7491268506279
871.0121025199364,530.7279217440233,67.33909192465302,64.7491268506279
866.8518436608724,525.0075658128104,67.33909192465302,64.7491268506279
864.2516818739574,522.9274363832784,67.33909192465302,64.7491268506279
860.0914230148934,517.7271128094485,67.33909192465302,64.7491268506279
856.4511965132124,513.5668539503845,67.33909192465302,64.7491268506279
853.3310023689144,511.4867245208524,67.33909192465302,64.7491268506279
848.6507111524674,506.2864009470225,67.33909192465302,64.7491268506279
848.8302156224481,504.3588707248804,65.94001826992542,63.40386372108213
846.7933040950306,499.77581978819114,65.94001826992542,63.40386372108213
845.2656204494676,497.2296803789194,65.94001826992542,63.40386372108213
843.7379368039044,494.1743130877933,65.94001826992542,63.40386372108213
844.4229396730917,491.2683745198006,64.57001253155082,62.08655051110656
843.924291787097,487.7778393178376,64.57001253155082,62.08655051110655
842.4283481291128,484.78595200186936,64.57001253155082,62.08655051110655
841.9297002431181,481.7940646859011,64.57001253155082,62.08655051110655
841.4310523571233,478.80217736993285,64.57001253155082,62.08655051110655
840.9324044711286,475.31164216796986,64.57001253155082,62.08655051110655
839.9351086991392,471.8211069660069,64.57001253155082,62.08655051110655
838.9378129271497,469.3278675360333,64.57001253155082,62.08655051110655
839.6085838035925,464.9863606726658,63.22847077866521,60.796606517947325
838.6320083918082,463.0332098490971,63.22847077866521,60.796606517947325
838.8005552612481,460.24676761490184,61.914801628001214,59.533463103847325
837.3661269376436,456.89976819315797,61.914801628001214,59.533463103847325
838.4874575345829,454.1712186006491,60.6284259831923,58.296563445377224
838.6490735166346,451.49935884076785,59.368776779493544,57.085362287974576
837.8903699520674,448.8830110946713,58.135298733806025,55.89932570558273
836.5435043090826,445.7403245943732,58.135298733806025,55.899325705582726
833.4008178087844,442.14868287974684,58.135298733806025,55.899325705582726
831.6049969514712,439.90390680810526,58.135298733806025,55.899325705582726
825.7685791652033,434.9653994504939,58.135298733806025,55.899325705582726
821.2790270219202,431.82271295019586,58.135298733806025,55.899325705582726
815.4426092356523,427.7821160212411,58.135298733806025,55.899325705582726
808.2593258063995,423.74151909228647,58.135298733806025,55.899325705582726
801.524997591475,420.14987737766,58.135298733806025,55.899325705582726
792.0969380905806,417.00719087736195,58.135298733806025,55.899325705582726
783.1178338040146,412.5176387340789,58.135298733806025,55.899325705582726
774.1387295174486,410.27286266243743,58.135298733806025,55.899325705582726
762.4658939449128,405.3343553048261,58.135298733806025,55.899325705582726
751.3969836893324,403.2213214390058,56.927448099894974,54.73793086528364
742.6044341645152,400.1439291053198,56.927448099894974,54.73793086528364
729.5673602366492,396.3162868771426,55.74469242869357,53.60066579682075
718.8050218286261,393.7333256592171,55.74469242869357,53.60066579682075
704.1682415937147,388.99789675968697,55.74469242869357,53.60066579682075
689.1009678224824,386.41493554176145,55.74469242869357,53.60066579682075
674.464187587571,383.40148078751497,55.74469242869357,53.60066579682075
656.3834590620922,379.9575324969476,55.74469242869357,53.60066579682075
645.6211206540692,387.27592261440327,55.74469242869357,53.60066579682075
624.5269373743439,386.41493554176145,55.74469242869357,53.60066579682075
600.8497928766932,384.69296139647776,55.74469242869357,53.60066579682075
576.9873944044998,382.37892233690224,56.97618745042054,54.78479562540437
532.5470034963962,366.978786873698,56.97618745042054,54.78479562540437
517.2987483160633,368.8679178629535,55.79241914392336,53.64655686915708
487.13840059592303,367.1444694218026,55.79241914392336,53.64655686915708
458.7015013169336,367.57533153209033,55.79241914392336,53.64655686915708
434.57322314082137,368.00619364237804,55.79241914392336,53.64655686915708
410.8758070749969,368.43705575266574,55.79241914392336,53.64655686915708
385.8858046783092,368.86791786295345,55.79241914392336,53.64655686915708
362.18838861248474,370.1605041938166,55.79241914392336,53.64655686915708
333.75148933349533,372.3148147452552,55.79241914392336,53.64655686915708
310.48493537795855,374.0382631864061,55.79241914392336,53.64655686915708
279.89372554753055,376.6234358481324,55.79241914392336,53.64655686915708
262.2283790257341,380.93205695100954,55.79241914392336,53.64655686915708
243.27044617307448,383.9480917230236,55.79241914392336,53.64655686915708
231.20630708501838,385.24067805388677,55.79241914392336,53.64655686915708
225.60509965127804,386.53326438474994,55.79241914392336,53.64655686915708
220.86561643811314,384.37895383331136,55.79241914392336,53.64655686915708
217.41871955581138,383.0863675024482,55.79241914392336,53.64655686915708
214.40268478379735,384.80981594359906,55.79241914392336,53.64655686915708
213.54096056322192,381.3629190612973,55.79241914392336,53.64655686915708
210.9557879014956,378.777746399571,55.79241914392336,53.64655686915708
211.63209953935785,380.3394851308164,57.02496852992517,54.83170050954344
208.54943543197092,377.69720161019904,57.02496852992516,54.83170050954344
205.02639073781444,374.61453750281214,57.02496852992516,54.83170050954344
202.38410721719706,375.93567926312085,57.02496852992516,54.83170050954344
201.50334604365793,373.2933957425035,57.02496852992516,54.83170050954344
199.74182369657967,371.53187339542524,57.02496852992516,54.83170050954344
197.53992076273187,369.32997046157743,57.02496852992516,54.83170050954344
195.93040873327254,368.5784353401038,55.8401867211482,53.69248723187328
196.3616397330876,369.4408973397339,55.8401867211482,53.69248723187327
194.20548473401237,366.8535113408436,55.8401867211482,53.69248723187327
196.07926080172967,363.9614355233542,54.68002058460387,52.57694286981142
199.4574328790341,361.4278064653759,54.68002058460387,52.57694286981142
206.3595364704432,360.2849040290923,53.54395869167723,51.484575665074274
212.56200897182617,357.39041686178024,53.54395869167723,51.484575665074274
220.4184741402446,353.2554351941916,53.54395869167723,51.484575665074274
228.68843747542186,350.36094802687956,53.54395869167723,51.484575665074274
236.95840081059916,347.05296269280865,53.54395869167723,51.484575665074274
243.57437147874097,348.70695535984413,53.54395869167723,51.484575665074274
247.70935314632962,344.5719736922555,53.54395869167723,51.484575665074274
249.7768439801239,342.0909846917023,53.54395869167723,51.484575665074274
251.8443348139182,343.7449773587378,53.54395869167723,51.484575665074274
253.22756037353815,340.97182781899596,52.43150023947284,50.41490407641621
250.12806914579727,337.85138764107387,51.342154830049004,49.36745656735482
249.335080079676,339.43736577331646,51.342154830049,49.36745656735482
250.2649309006418,337.57124115947676,50.27544225423879,48.34177139830654
247.54713367399683,335.24170067949535,50.27544225423879,48.34177139830654
247.93539042066038,337.9594979061403,50.27544225423879,48.34177139830654
245.99410668734254,335.6299574261589,50.27544225423879,48.34177139830654
246.77062018066965,334.0769304395047,50.27544225423879,48.34177139830654
243.27630946069758,330.97087646619616,50.27544225423879,48.34177139830654
244.44107970068825,333.6886736928411,50.27544225423879,48.34177139830654
240.94676898071617,330.97087646619616,50.27544225423879,48.34177139830654
241.7232824740433,330.19436297286904,50.27544225423879,48.34177139830654
238.61722850073477,328.6413359862148,50.27544225423879,48.34177139830654
237.06420151408054,327.0883089995606,50.27544225423879,48.34177139830654
235.5111745274263,324.7587685195792,50.27544225423879,48.34177139830654
234.34640428743563,323.5939982795885,50.27544225423879,48.34177139830654
235.5111745274263,325.9235387595699,50.27544225423879,48.34177139830654
233.56989079410846,323.98225502625206,50.27544225423879,48.34177139830654
234.73466103409913,322.42922803959783,50.27544225423879,48.34177139830654
233.1816340474449,318.93491731962575,50.27544225423879,48.34177139830654
236.28768802075342,316.2171200929808,50.27544225423879,48.34177139830654
238.61722850073483,314.66409310632656,50.27544225423879,48.34177139830654
240.30427372786363,313.2249968606415,49.23089227996251,47.337396423040886
242.20522429288337,310.9438561826178,49.23089227996251,47.337396423040886
243.72598474489916,309.42309573060203,49.23089227996251,47.337396423040886
244.866555083911,307.90233527858624,49.23089227996251,47.337396423040886
247.27892956644286,306.11294836740115,48.208044444938295,46.35388888936375
248.02351171868145,307.22982159575906,48.208044444938295,46.35388888936375
247.27892956644286,304.9960751390433,48.208044444938295,46.35388888936375
245.6295575103528,302.62260165485816,49.273042100402535,47.377925096540906
244.10749503481037,299.95899232265896,49.273042100402535,47.377925096540906
244.86852627258156,301.86157041708697,49.273042100402535,47.377925096540906
243.72697941592475,299.57847670377333,49.273042100402535,47.377925096540906
242.96594817815355,297.2953829904597,49.273042100402535,47.377925096540906
241.06337008372554,295.01228927714607,49.273042100402535,47.377925096540906
242.96594817815355,297.67589860934527,49.273042100402535,47.377925096540906
240.05316938950986,290.93827664025605,48.24931853774903,46.39357551706639
240.79838902773676,291.68349627848295,48.24931853774903,46.39357551706639
242.661438123304,293.5465453740502,48.24931853774903,46.39357551706639
241.9162184850771,290.5656668211426,48.24931853774903,46.39357551706639
239.6805595703964,287.21217844912155,48.24931853774903,46.39357551706639
240.05316938950986,284.23129989621395,48.24931853774903,46.39357551706639
238.9353399321695,282.74086061976016,48.24931853774903,46.39357551706639
239.6805595703964,284.23129989621395,48.24931853774903,46.39357551706639
236.53933610143207,279.99274522895433,49.31522800808942,47.41848846931676
236.92017750488645,276.9460140013195,49.31522800808942,47.41848846931676
235.39681189106904,277.7076968082282,49.31522800808942,47.41848846931676
234.09040047286717,274.5180294731889,50.404685230675724,48.46604349103437
234.09040047286717,272.9610101232407,50.404685230675724,48.46604349103437
234.86891014784126,274.12877463570186,50.404685230675724,48.46604349103437
234.09040047286717,271.0147359358055,50.404685230675724,48.46604349103437
234.09040047286717,271.40399077329255,50.404685230675724,48.46604349103437
234.47965531035422,269.0684617483703,50.404685230675724,48.46604349103437
234.86891014784126,271.40399077329255,50.404685230675724,48.46604349103437
232.533381122919,267.122187560935,50.404685230675724,48.46604349103437
232.6677438838099,266.45790150845266,49.357450033919854,47.4590865710768
233.94281745163693,265.4262495578973,48.33197276606097,46.47305073659711
233.3251587763306,266.28227239035834,47.327801372516355,45.50750131972729
234.4216387293886,263.7238191665564,47.327801372516355,45.50750131972729
231.4976921879006,261.89635257812637,47.327801372516355,45.50750131972729
232.9596654586446,264.0893124842424,47.327801372516355,45.50750131972729
233.6906520940166,262.26184589581237,47.327801372516355,45.50750131972729
232.22867882327262,260.43437930738236,47.327801372516355,45.50750131972729
234.4216387293886,263.3583258488703,47.327801372516355,45.50750131972729
233.45131954948502,262.3690968962421,46.34449319083553,44.56201268349573
231.303921772926,260.5795987491096,46.34449319083553,44.56201268349573
229.5144236257935,257.3585020842711,46.34449319083553,44.56201268349573
232.14326061998818,260.6846214443327,45.38161475556422,43.636168034196395
232.4937243317589,261.03508515610343,45.38161475556422,43.636168034196395
232.8441880435296,262.0864762914156,45.38161475556422,43.636168034196395
231.09186948467607,262.0864762914156,45.38161475556422,43.636168034196395
231.7927969082175,263.1378674267277,45.38161475556422,43.636168034196395
228.9890872140518,259.63323030902063,45.38161475556422,43.636168034196395
231.09186948467607,258.9323028854792,45.38161475556422,43.636168034196395
231.44233319644678,257.17998432662563,45.38161475556422,43.636168034196395
230.74140577290535,256.4790569030842,45.38161475556422,43.636168034196395
231.44233319644678,255.07720205600137,45.38161475556422,43.636168034196395
231.44233319644678,254.02581092068922,45.38161475556422,43.636168034196395
233.89557917884179,252.97441978537708,45.38161475556422,43.636168034196395
231.2128423471062,246.41844994823288,44.43874160716255,42.729559237656325
228.4673840527812,239.89798649921102,44.43874160716255,42.729559237656325
227.78101947919995,239.55480421242038,44.43874160716255,42.729559237656325
225.03556118487495,240.58435107279223,44.43874160716255,42.729559237656325
220.57419145659682,240.2411687860016,44.43874160716255,42.729559237656325
214.39691029436557,240.92753335958287,44.43874160716255,42.729559237656325
220.2310091698062,244.70253851427975,44.43874160716255,42.729559237656325
218.85828002264373,240.92753335958287,44.43874160716255,42.729559237656325
222.75174464168464,245.14642481344768,43.51545810489324,41.84178663932045
215.02254531445269,236.40906905222894,43.51545810489324,41.84178663932045
213.67833673580364,237.08117334155347,43.51545810489324,41.84178663932045
217.71096247175075,239.76959049885156,43.51545810489324,41.84178663932045
216.3667538931017,238.08932977554028,43.51545810489324,41.84178663932045
215.47459574510057,235.16347220454068,42.611357243597396,40.972458888074456
211.3102721382513,236.57631569346603,41.726040474277,40.12119276372792
210.343572533078,235.93184929001717,41.726040474277,40.12119276372792
216.78823656756657,239.79864771071033,41.726040474277,40.12119276372792
214.6438324267071,236.3486391678402,40.85911752840511,39.28761300808187
218.74583044629105,240.45063718742415,40.85911752840511,39.28761300808187
215.59044735430336,239.18848395062906,40.85911752840511,39.28761300808187
212.11952595311692,237.61079240463522,40.85911752840511,39.28761300808187
213.69721749911076,236.9797157862377,40.85911752840511,39.28761300808187
213.69721749911076,236.34863916784016,40.85911752840511,39.28761300808187
216.33044130476156,238.64999944732068,40.01020624588628,38.471352159506075
213.54959868409804,239.26796447413477,40.01020624588628,38.471352159506075
211.49337549648905,238.74066781818996,39.1789324065914,37.6720503909533
211.19081257208927,238.1355419693904,39.1789324065914,37.6720503909533
211.49337549648905,237.8329790449906,39.1789324065914,37.6720503909533
210.8882496476895,236.92529027179125,39.1789324065914,37.6720503909533
211.2952510682889,236.40894901839903,38.36492956539259,36.88935535133906
201.6203881884721,228.49641774538338,37.567838890625566,36.12292201021692
199.6896842835602,229.16179360356023,36.78730900590814,35.372412505680934
201.11015124244977,230.01407377889396,36.78730900590814,35.372412505680934
206.79201907800797,235.69594161445215,36.78730900590814,35.372412505680934
207.7423624468952,236.06339986957852,36.02299583524528,34.63749599542818
204.96045331970333,235.22882713142096,36.02299583524528,34.63749599542818
201.90035327979228,236.34159078229771,36.02299583524528,34.63749599542818
201.06578054163472,235.50701804414015,36.02299583524528,34.63749599542818
200.78758962891553,233.55968165510583,36.02299583524528,34.63749599542818
200.23120780347716,232.44691800422908,36.02299583524528,34.63749599542818
199.1184441526004,230.77777252791395,36.02299583524528,34.63749599542818
196.89291685084692,228.55224522616047,36.02299583524528,34.63749599542818
189.65995312014806,224.93576336081102,36.02299583524528,34.63749599542818
187.53045159762192,224.46101436490974,35.274562451352224,33.917848510915626
188.89250693152482,225.55065863203208,35.274562451352224,33.917848510915626
189.98215119864716,225.00583649847093,35.274562451352224,33.917848510915626
190.7993843989889,221.73690369710394,35.274562451352224,33.917848510915626
187.89689335973353,223.99612901275225,34.54167892712901,33.21315281454716
185.22938029903762,222.92912378847387,34.54167892712901,33.21315281454716
183.89562376868966,223.72937770668267,34.54167892712901,33.21315281454716
191.6314116447078,230.39816035842244,34.54167892712901,33.21315281454716
191.09790903256862,230.13140905235286,34.54167892712901,33.21315281454716
190.65648348281394,229.6761824115038,33.824022190220845,32.52309825982776
179.4244906507191,222.62353574949074,33.824022190220845,32.52309825982776
176.6999933545382,222.52549962020754,34.571252341240545,33.2415887896544
176.58510417635642,222.42529770616704,35.33499007658753,33.975951996718806
177.67661507514865,222.42529770616704,35.33499007658753,33.975951996718806
185.68426086743483,226.87141501965766,34.60085107510634,33.2700491106792
184.50044025124294,225.96950251079252,35.36524269680227,34.00504105461759
182.0424380710745,228.42750469096094,35.36524269680227,34.00504105461759
170.57176123028856,220.78038679710363,35.36524269680227,34.00504105461759
178.3131515439928,228.2345356123328,34.630475150404315,33.29853379846571
171.09235138013653,220.74629840537074,34.630475150404315,33.29853379846571
172.78928740347146,219.7550274281168,33.91097353479236,32.60670532191576
175.14621303225243,225.51640118735924,33.91097353479236,32.60670532191576
165.34393499010918,221.48990365549759,34.66012458883093,33.327042873875925
163.73793890831294,219.34857554643594,34.66012458883093,33.327042873875925
161.86427681288401,220.15157358733404,34.66012458883093,33.327042873875925
165.34393499010918,219.61624156006863,34.66012458883093,33.327042873875925
165.34393499010918,219.61624156006863,34.66012458883093,33.327042873875925
163.20260688104753,218.0102454782724,34.66012458883093,33.327042873875925
158.65228464929154,218.5455775055378,34.66012458883093,33.327042873875925
157.0462885674953,218.0102454782724,34.66012458883093,33.327042873875925
159.8754301938982,218.71278401627484,35.425825663210006,34.06329390693273
159.32827177208605,217.0713087508384,35.425825663210006,34.06329390693273
158.50753413936783,215.70341269630802,35.425825663210006,34.06329390693273
157.13963808483746,215.97699190721409,35.425825663210006,34.06329390693273
154.95100439758886,217.07130875083834,35.425825663210006,34.06329390693273
153.30952913215242,215.15625427449584,35.425825663210006,34.06329390693273
151.94163307762204,215.70341269630802,35.425825663210006,34.06329390693273
157.13963808483746,218.43920480536872,35.425825663210006,34.06329390693273
155.22458360849495,215.97699190721409,35.425825663210006,34.06329390693273
158.50753413936783,218.9863632271809,35.425825663210006,34.06329390693273
157.96037571755568,219.53352164899303,35.425825663210006,34.06329390693273
155.22458360849495,221.72215533624166,35.425825663210006,34.06329390693273
154.40384597577673,221.17499691442947,35.425825663210006,34.06329390693273
153.85668755396458,220.35425928171128,35.425825663210006,34.06329390693273
153.30952913215242,219.25994243808697,35.425825663210006,34.06329390693273
152.76237071034026,219.25994243808697,35.425825663210006,34.06329390693273
155.04543831223714,219.34022200175244,34.68979941210125,33.355576357789694
153.53053913525622,219.68672881366976,33.96906524331322,32.66256273395504
150.64491745120128,220.21138730167974,33.96906524331322,32.66256273395504
149.5956004751813,220.21138730167974,33.96906524331322,32.66256273395504
148.02162501115134,219.16207032565976,33.96906524331322,32.66256273395504
146.5970908358135,217.75196758106492,34.71949964194892,33.384134271104756
146.5970908358135,216.9475939521706,34.71949964194892,33.384134271104756
141.11921813436268,209.07135060961832,35.486512412188965,34.12164655018172
142.21540961408505,209.07135060961832,35.486512412188965,34.12164655018172
135.6382607357508,210.44158995927128,35.486512412188965,34.12164655018172
137.00850008540377,210.98968569913248,35.486512412188965,34.12164655018172
136.186356475612,210.98968569913248,35.486512412188965,34.12164655018172
136.06842565241442,208.694448020072,36.27046979844532,34.87545172927437
135.2281194926382,205.89342748748462,36.27046979844532,34.87545172927437
138.0291400252256,214.57659113850553,36.27046979844532,34.87545172927437
133.98717516403883,214.19136213002173,37.07174613609163,35.645909746241976
134.55975513161627,213.3324921786556,37.07174613609163,35.645909746241976
133.70088518025014,211.6147522759233,37.07174613609163,35.645909746241976
133.5776862169815,209.7895629848092,37.89072403020633,36.43338849058303
132.1146131358636,206.27818759012624,37.89072403020633,36.43338849058303
129.48108158985139,205.98557297390266,37.89072403020633,36.43338849058303
127.14016466006274,204.52249989278477,37.89072403020633,36.43338849058303
126.26232081139199,201.59635373054897,37.89072403020633,36.43338849058303
126.55493542761556,200.13328064943107,37.89072403020633,36.43338849058303
125.96970619516841,199.25543680076032,37.89072403020633,36.43338849058303
125.09186234649766,197.20713448719525,37.89072403020633,36.43338849058303
125.09186234649766,197.20713448719525,37.89072403020633,36.43338849058303
120.99525771936754,197.7923637196424,37.89072403020633,36.43338849058303
120.70264310314397,197.20713448719525,37.89072403020633,36.43338849058303
119.53218463824965,196.03667602230092,37.89072403020633,36.43338849058303
119.40626400044417,194.46377981314788,38.72779453826443,37.23826397910044
118.80810605936256,192.66930598990305,38.72779453826443,37.23826397910044
117.31271120665852,193.56654290152548,38.72779453826443,37.23826397910044
114.32192150125044,194.4637798131479,38.72779453826443,37.23826397910044
114.12607843772032,193.65430515939957,37.923164783161475,36.46458152227067
112.66175272304646,192.1899794447257,37.923164783161475,36.46458152227067
107.39018015022056,188.0898674436389,37.923164783161475,36.46458152227067
109.83419231527077,185.54002001862466,37.13525245414787,35.70697351360374
103.33723341920731,188.2051971221892,36.363710220872875,34.96510598160856
103.05641130817392,189.04766345528935,36.363710220872875,34.96510598160856
103.995811656022,189.9725347213766,35.608197969310325,34.23865189356765
104.91569451053368,190.60320276035907,34.86838265182833,33.527291011373414
107.60843756814006,193.8344944294867,34.86838265182833,33.527291011373414
107.16283690658531,193.3749621427117,34.14393814037399,32.83070975035963
106.63547747437481,192.3202432782907,34.14393814037399,32.83070975035963
100.57084400395405,187.0466489561857,34.14393814037399,32.83070975035963
101.09820343616455,187.57400838839618,34.14393814037399,32.83070975035963
99.6663357526357,186.68400586088967,34.89823577858969,33.555995940951654
102.63088909482056,188.84004465520593,34.89823577858969,33.555995940951654
97.93333082851309,191.70344834891597,35.669197133939555,34.29730493648037
99.03516550678742,191.1525310097788,35.669197133939555,34.29730493648037
98.20878949808167,189.7752376619359,35.669197133939555,34.29730493648037
100.9633761937675,192.25436568805316,35.669197133939555,34.29730493648037
102.06521087204183,191.4279896793474,35.669197133939555,34.29730493648037
103.16704555031616,190.87707234021025,35.669197133939555,34.29730493648037
103.99342155902191,191.15253100977884,35.669197133939555,34.29730493648037
103.44250421988474,190.60161367064168,35.669197133939555,34.29730493648037
104.81979756772765,190.3261550010731,35.669197133939555,34.29730493648037
103.44250421988474,190.0506963315045,35.669197133939555,34.29730493648037
105.6461735764334,189.22432032279875,35.669197133939555,34.29730493648037
104.81979756772765,188.397944314093,35.669197133939555,34.29730493648037
101.51429353290466,187.84702697495584,35.669197133939555,34.29730493648037
100.13700018506175,185.91881628797577,35.669197133939555,34.29730493648037
102.89158688074758,188.94886165323018,35.669197133939555,34.29730493648037
104.26888022859049,188.39794431409302,35.669197133939555,34.29730493648037
104.81979756772766,187.29610963581868,35.669197133939555,34.29730493648037
105.37071490686483,188.6734029836616,35.669197133939555,34.29730493648037
104.15034229699715,187.46818408922323,36.45719033626341,35.05499070794561
103.18455360140317,186.2363398605346,37.26259164801503,35.829415046168336
101.90966518580011,184.68951829281642,38.08578564392548,36.620947734543776
102.49790718090617,184.3953972952634,38.08578564392548,36.620947734543776
100.14493920048194,184.10127629771037,38.08578564392548,36.620947734543776
98.6743342127168,187.33660727079368,38.08578564392548,36.620947734543776
98.96845521026982,185.86600228302854,38.08578564392548,36.620947734543776
100.01837032268,185.1673717899419,38.927165394635395,37.429966725610996
101.52146347465336,184.56613452915258,38.927165394635395,37.429966725610996
101.82208210504803,184.2655158987579,38.927165394635395,37.429966725610996
102.42331936583739,183.66427863796858,38.927165394635395,37.429966725610996
101.09147984477903,182.64959557922316,39.78713265438406,38.256858321523175
101.70599945876255,181.7278161582479,39.78713265438406,38.256858321523175
101.26651675953212,180.69071702577355,40.666098052844916,39.10201735850477
103.46485064882128,180.0626216288338,40.666098052844916,39.10201735850477
103.1508029503514,181.6328601211832,40.666098052844916,39.10201735850477
102.83675525188153,180.69071702577355,40.666098052844916,39.10201735850477
104.72104144270081,180.0626216288338,40.666098052844916,39.10201735850477
106.91937533198997,180.3766693273037,40.666098052844916,39.10201735850477
108.80366152280925,179.43452623189404,40.666098052844916,39.10201735850477
109.7458046182189,178.4923831364844,40.666098052844916,39.10201735850477
111.00199541209841,177.23619234260488,40.666098052844916,39.10201735850477
109.11770922127911,175.66595385025548,40.666098052844916,39.10201735850477
113.20032930138757,176.29404924719523,40.666098052844916,39.10201735850477
114.45652009526708,177.23619234260488,40.666098052844916,39.10201735850477
116.96890168302613,176.922144644135,40.666098052844916,39.10201735850477
115.08461549220684,176.6080969456651,40.666098052844916,39.10201735850477
115.08461549220684,174.7238107548458,40.666098052844916,39.10201735850477
117.70539988387257,175.44406085944703,39.821197048091754,38.28961254624211
118.93549137354712,175.44406085944703,39.821197048091754,38.28961254624211
120.78062860805893,174.82901511460977,39.821197048091754,38.28961254624211
123.34696215561166,174.30420942102913,38.99385016684721,37.49408669889158
124.25036298473455,173.70194220161386,38.99385016684721,37.49408669889158
124.85263020414982,173.0996749821986,38.99385016684721,37.49408669889158
123.64809576531928,172.1962741530757,38.99385016684721,37.49408669889158
126.65943186239562,171.29287332395282,38.99385016684721,37.49408669889158
125.45489742356509,173.40080859190624,38.99385016684721,37.49408669889158
126.96056547210324,173.09967498219862,38.99385016684721,37.49408669889158
127.26169908181086,171.59400693366047,38.99385016684721,37.49408669889158
128.4662335206414,172.19627415307573,38.99385016684721,37.49408669889158
128.76736713034902,171.29287332395285,38.99385016684721,37.49408669889158
129.06850074005663,170.69060610453758,38.99385016684721,37.49408669889158
126.65943186239556,169.48607166570704,38.99385016684721,37.49408669889158
128.16509991093372,171.59400693366047,38.99385016684721,37.49408669889158
128.16509991093372,170.69060610453758,38.99385016684721,37.49408669889158
126.96056547210318,169.48607166570704,38.99385016684721,37.49408669889158
128.46623352064134,169.18493805599942,38.99385016684721,37.49408669889158
124.85263020414973,171.29287332395285,38.99385016684721,37.49408669889158
123.6480957653192,169.18493805599942,38.99385016684721,37.49408669889158
125.454897423565,170.38947249482996,38.99385016684721,37.49408669889158
124.85263020414973,169.7872052754147,38.99385016684721,37.49408669889158
125.454897423565,169.18493805599942,38.99385016684721,37.49408669889158
125.454897423565,169.18493805599942,38.99385016684721,37.49408669889158
125.25770894003375,168.0687687919651,38.18369269507919,36.715089129883864
125.8474631276319,169.83803135475955,38.18369269507919,36.715089129883864
125.55258603383282,168.0687687919651,38.18369269507919,36.715089129883864
125.25770894003375,167.77389169816604,38.18369269507919,36.715089129883864
122.30893800204308,170.13290844855857,38.18369269507919,36.715089129883864
120.83455253304774,168.65852297956326,38.18369269507919,36.715089129883864
122.30893800204308,167.77389169816604,38.18369269507919,36.715089129883864
124.07820056483749,168.0687687919651,38.18369269507919,36.715089129883864
124.37307765863656,167.77389169816604,38.18369269507919,36.715089129883864
123.48844637723937,167.47901460436697,38.18369269507919,36.715089129883864
123.88510897665245,169.6296835127509,37.390367496253006,35.95227643870484
122.15260557661406,168.1859306793856,37.390367496253006,35.95227643870484
120.42010217657568,169.34093294607783,37.390367496253006,35.95227643870484
123.3076078433063,167.60842954603942,37.390367496253006,35.95227643870484
120.13135160990262,167.0309284126933,37.390367496253006,35.95227643870484
120.13135160990262,168.18593067938554,37.390367496253006,35.95227643870484
120.9976033099218,168.4746812460586,37.390367496253006,35.95227643870484
122.15260557661404,168.18593067938554,37.390367496253006,35.95227643870484
122.4413561432871,167.60842954603942,37.390367496253006,35.95227643870484
121.57510444326792,167.0309284126933,37.390367496253006,35.95227643870484
120.9976033099218,165.87592614600106,37.390367496253006,35.95227643870484
119.84260104322956,165.587175579328,37.390367496253006,35.95227643870484
119.26509990988345,164.72092387930883,37.390367496253006,35.95227643870484
120.42010217657568,164.72092387930883,37.390367496253006,35.95227643870484
117.921017831023,165.094405918903,36.61352485389716,35.205312359516526
117.921017831023,166.5081625569623,36.61352485389716,35.205312359516526
119.05202314147044,166.22541122935044,36.61352485389716,35.205312359516526
120.18302845191789,165.094405918903,36.61352485389716,35.205312359516526
119.3347744690823,165.94265990173858,36.61352485389716,35.205312359516526
118.76927181385858,166.22541122935044,36.61352485389716,35.205312359516526
117.921017831023,165.37715724651486,36.61352485389716,35.205312359516526
118.76927181385858,165.094405918903,36.61352485389716,35.205312359516526
118.76927181385858,163.96340060845554,36.61352485389716,35.205312359516526
117.63826650341113,163.96340060845554,36.61352485389716,35.205312359516526
117.0727638481874,163.11514662561996,36.61352485389716,35.205312359516526
117.35551517579927,163.68064928084368,36.61352485389716,35.205312359516526
117.35551517579927,163.39789795323182,36.61352485389716,35.205312359516526
117.73586644402782,163.48086899891666,35.85282231744006,34.47386761292316
118.93894552315092,164.9464998530069,35.10792455124972,33.757619760817065
118.76140782496084,163.94156225027035,34.378503186809915,33.05625306424033
118.49591665861813,163.41057991758493,34.378503186809915,33.05625306424033
117.69944315958999,164.20705341661306,34.378503186809915,33.05625306424033
119.2923901576463,163.67607108392764,34.378503186809915,33.05625306424033
117.9649343259327,163.1450887512422,34.378503186809915,33.05625306424033
117.69944315958999,162.8795975848995,34.378503186809915,33.05625306424033
116.10649616153368,163.1450887512422,34.378503186809915,33.05625306424033
116.10649616153368,162.6141064185568,34.378503186809915,33.05625306424033
115.57551382884826,162.08312408587136,34.378503186809915,33.05625306424033
116.3719873278764,162.08312408587136,34.378503186809915,33.05625306424033
117.5255940813257,162.16103027954898,33.66423667796759,32.36945834419963
117.2656189040731,162.94095581130685,33.66423667796759,32.36945834419963
116.74566854956784,162.4210054568016,33.66423667796759,32.36945834419963
116.22571819506258,161.90105510229634,33.66423667796759,32.36945834419963
117.5255940813257,162.16103027954895,33.66423667796759,32.36945834419963
115.18581748605207,161.6410799250437,33.66423667796759,32.36945834419963
114.4058919542942,161.6410799250437,33.66423667796759,32.36945834419963
116.22571819506258,160.34120403878057,33.66423667796759,32.36945834419963
116.22571819506258,159.82125368427532,33.66423667796759,32.36945834419963
116.74566854956784,161.38110474779108,33.66423667796759,32.36945834419963
115.44579266330472,160.34120403878057,33.66423667796759,32.36945834419963
114.66586713154685,159.30130332977006,33.66423667796759,32.36945834419963
117.26561890407312,160.34120403878057,33.66423667796759,32.36945834419963
118.91520804972619,160.15751643368873,32.9648101591877,31.69693284537281
116.87861771887388,159.1392212682626,32.9648101591877,31.69693284537281
113.82373222259544,160.92123780775836,32.9648101591877,31.69693284537281
114.67532723152581,160.48679280505155,32.27991530675308,31.038380102647217
116.42031962469827,160.23750817745548,32.27991530675308,31.038380102647217
115.17389648671795,159.9882235498594,32.27991530675308,31.038380102647217
116.9188888798904,159.73893892226334,32.27991530675308,31.038380102647217
117.41745813508254,160.7360774326476,32.27991530675308,31.038380102647217
116.17103499710223,159.98822354985938,32.27991530675308,31.038380102647217
115.92175036950616,158.492515784283,32.27991530675308,31.038380102647217
114.67532723152584,157.49537727389875,32.27991530675308,31.038380102647217
111.18534244518094,156.74752339111055,32.27991530675308,31.038380102647217
110.93605781758487,158.99108503947514,32.27991530675308,31.038380102647217
112.18248095556518,157.74466190149482,32.27991530675308,31.038380102647217
112.43176558316125,158.24323115668696,32.27991530675308,31.038380102647217
109.9389193072006,157.2460926463027,32.27991530675308,31.038380102647217
108.69249616922029,157.74466190149485,32.27991530675308,31.038380102647217
108.94178079681636,158.49251578428306,32.27991530675308,31.038380102647217
108.19392691402817,157.74466190149485,32.27991530675308,31.038380102647217
106.94750377604785,157.2460926463027,32.27991530675308,31.038380102647217
105.70108063806754,157.49537727389878,32.27991530675308,31.038380102647217
103.79285154165547,156.32210465443058,31.609250202848074,30.39350981043086
104.52516760480442,157.29852607196253,31.609250202848074,30.39350981043086
105.50158902233638,157.5426314263455,31.609250202848074,30.39350981043086
110.87190681876211,159.7395796157924,31.609250202848074,30.39350981043086
113.06885500820901,160.47189567894137,31.609250202848074,30.39350981043086
112.58064429944305,160.71600103332435,31.609250202848074,30.39350981043086
112.09243359067708,161.6924224508563,31.609250202848074,30.39350981043086
112.82474965382603,163.1570545771542,31.609250202848074,30.39350981043086
122.83306918352854,165.59810812098408,31.609250202848074,30.39350981043086
125.16907704538829,167.45933416009143,32.30755227555433,31.064954111109955
126.30920100892781,168.8626817332061,33.02128102816019,31.751231757846362
127.47451224903267,168.0019426041771,33.75077726225,32.45267044447118
129.55966020829948,170.34773405835227,33.75077726225,32.45267044447118
132.0539326292691,169.4679797387065,34.49638930829445,33.1696051041293
133.53770155706178,168.03598704494777,35.25847319197649,33.9023780692082
134.35456200502853,169.9419947568702,35.25847319197649,33.9023780692082
135.71599608497314,168.85284749291452,35.25847319197649,33.9023780692082
140.61715877277362,170.75885520483695,35.25847319197649,33.9023780692082
141.97859285271818,172.1202892847815,35.25847319197649,33.9023780692082
147.1520423565076,171.03114202082588,35.25847319197649,33.9023780692082
147.42432917249653,171.84800246879263,35.25847319197649,33.9023780692082
149.05805006843002,172.93714973274825,35.25847319197649,33.9023780692082
151.7809182283192,173.48172336472612,35.25847319197649,33.9023780692082
152.59777867628594,173.2094365487372,35.25847319197649,33.9023780692082
153.29746613413397,172.0180955179747,36.03739280419168,34.65133923479972
155.4041213506031,171.91364411712968,36.83352007480404,35.41684622577314
155.56616433493662,173.2291365124021,37.64723515024059,36.19926456753905
165.1603946132308,175.2642762684039,37.64723515024059,36.19926456753905
197.72263070925962,179.6252900312649,37.64723515024059,36.19926456753905
195.9782252041152,181.0789612855519,37.64723515024059,36.19926456753905
194.5245539498282,179.6252900312649,37.64723515024059,36.19926456753905
194.81528820068561,181.0789612855519,37.64723515024059,36.19926456753905
193.0708826955412,179.04382152955012,37.64723515024059,36.19926456753905
193.9430854481134,179.33455578040753,37.64723515024059,36.19926456753905
193.0708826955412,179.62529003126494,37.64723515024059,36.19926456753905
194.5245539498282,180.78822703469453,37.64723515024059,36.19926456753905
192.4894141938264,179.04382152955012,37.64723515024059,36.19926456753905
189.29133743439502,177.5901502752631,37.64723515024059,36.19926456753905
188.12840043096543,179.91602428212232,37.64723515024059,36.19926456753905
189.97316141758034,179.4198693490962,36.865055685584736,35.447168928446885
188.07857527505104,178.93402280122376,36.0991272075548,34.710699238033484
185.38701555341456,181.2460589086196,35.34911207680042,33.98953084307735
183.7490948545198,180.15411177602311,35.34911207680042,33.98953084307735
181.01922702302855,180.97307212547048,35.34911207680042,33.98953084307735
175.44201715356164,180.8706156493566,36.130034056067466,34.740417361603356
173.20987695143026,181.70766822515586,36.130034056067466,34.740417361603356
169.8616666482332,180.31258059882376,36.130034056067466,34.740417361603356
167.071491395569,179.7545455482909,36.130034056067466,34.740417361603356
164.2813161429048,182.5447208009551,36.130034056067466,34.740417361603356
160.25500137776314,181.881965836575,36.92820792942389,35.50789223983069
157.1180049137403,182.16714733330434,36.92820792942389,35.50789223983069
150.84401198569464,179.0301508692815,36.92820792942389,35.50789223983069
153.22390274452417,181.3952870018909,36.16096736597571,34.77016092882282
151.26910787025807,181.9537998231098,36.16096736597571,34.77016092882282
150.98985145964863,183.350081876157,36.16096736597571,34.77016092882282
151.70744848070694,184.641554357718,36.959824608734635,35.538292893014095
151.70744848070694,186.35410831445222,36.959824608734635,35.538292893014095
151.99287414016266,187.78123661173075,36.959824608734635,35.538292893014095
160.43281690463508,190.24294255373547,37.77632996604342,36.32339419811869
162.93285720524668,192.17556936990582,38.61087331475426,37.12583972572527
161.61183918346558,192.06365894876384,39.46385314476181,37.94601263919408
170.3188249147446,192.558802738407,40.33567674927995,38.78430456661536
173.2997389634828,194.62236504327112,41.22676041932202,39.64111578780966
176.02812900572914,195.45800508597597,42.13752964247756,40.51685542545921
166.26580006069725,193.18012833213518,42.13752964247756,40.51685542545921
166.59121102553163,175.60793623107776,42.13752964247756,40.51685542545921
167.42741005306786,169.62840672139168,43.06841930608028,41.41194164046183
171.75120805426883,166.96760795142188,43.06841930608028,41.41194164046183
171.608080601123,167.175377548345,44.01987390486441,42.32680183160042
173.64776585474027,166.49548246380596,44.01987390486441,42.32680183160042
175.20121418418552,166.02794695979435,44.992347753208506,43.261872839623585
176.78898082809033,166.5924554858561,45.98630520206806,44.2176011558347
179.63004874487467,167.3027224650522,45.98630520206806,44.2176011558347
186.02245155763944,167.65785595465024,45.98630520206806,44.2176011558347
188.86351947442378,165.88218850666004,45.98630520206806,44.2176011558347
196.44390752963702,167.05179996975266,45.03086867556328,43.29891218804165
204.56231139897187,168.19711094797816,44.09528281877786,42.39931040267105
210.80939341440325,167.2754469540113,43.17913520338466,41.51839923402373
215.59286321101686,167.3732965332006,42.28202196989213,40.65579035566553
216.8989704917343,166.72024289284187,42.28202196989213,40.65579035566553
222.44992643478344,166.06718925248313,42.28202196989213,40.65579035566553
223.4295068953215,169.00593063409738,42.28202196989213,40.65579035566553
