439.5,42.5,14,38
440.40551181102364,44.00787401574803,14.0,38.0
441.20866141732284,48.625984251968504,14.0,38.0
441.81102362204723,50.63385826771653,14.0,38.0
442.21259842519686,54.44881889763779,14.0,38.0
443.01574803149606,58.46456692913385,14.0,38.0
442.86110613149606,62.66293486535433,14.3092838,38.8394846
443.0663292681102,66.15172818779527,14.3092838,38.8394846
443.6819986779527,68.40918269055118,14.3092838,38.8394846
444.50289122440944,70.4614140566929,14.3092838,38.8394846
445.11856063425193,72.71886855944881,14.3092838,38.8394846
447.17079200039365,73.33453796929133,14.3092838,38.8394846
447.99168454685037,74.77109992559055,14.3092838,38.8394846
449.01780022992125,75.59199247204724,14.3092838,38.8394846
449.63346963976375,76.00243874527558,14.3092838,38.8394846
449.8386927763779,76.20766188188976,14.3092838,38.8394846
450.65958532283463,76.20766188188976,14.3092838,38.8394846
451.2752547326771,75.79721560866142,14.3092838,38.8394846
452.5065935523622,75.18154619881889,14.3092838,38.8394846
452.301370415748,74.3606536523622,14.3092838,38.8394846
453.53270923543306,75.59199247204724,14.3092838,38.8394846
453.3274860988189,74.77109992559055,14.3092838,38.8394846
454.55882491850394,74.97632306220473,14.3092838,38.8394846
454.55882491850394,75.38676933543307,14.3092838,38.8394846
454.55882491850394,74.77109992559055,14.3092838,38.8394846
455.17449432834644,74.97632306220473,14.3092838,38.8394846
455.79016373818894,75.1815461988189,14.3092838,38.8394846
457.021502557874,74.15543051574804,14.3092838,38.8394846
457.8423951043307,74.36065365236222,14.3092838,38.8394846
458.25284137755904,73.74498424251969,14.3092838,38.8394846
459.2789570606299,74.36065365236222,14.3092838,38.8394846
459.68940333385825,73.12931483267718,14.3092838,38.8394846
459.68940333385825,72.71886855944884,14.3092838,38.8394846
460.0998496070866,72.71886855944884,14.3092838,38.8394846
461.12596529015747,72.10319914960631,14.3092838,38.8394846
462.15208097322835,70.87186032992128,14.3092838,38.8394846
462.3573041098425,71.4875297397638,14.3092838,38.8394846
460.9207421535433,71.4875297397638,14.3092838,38.8394846
462.5625272464567,71.89797601299215,14.3092838,38.8394846
463.79386606614173,71.89797601299215,14.3092838,38.8394846
462.3573041098425,72.30842228622049,14.3092838,38.8394846
464.6147586125984,71.69275287637797,14.3092838,38.8394846
466.0513205688976,71.48752973976379,14.3092838,38.8394846
467.693105661811,71.48752973976379,14.3092838,38.8394846
466.6669899787401,71.48752973976379,14.3092838,38.8394846
466.0513205688976,72.10319914960631,14.3092838,38.8394846
467.4878825251968,70.6666371933071,14.3092838,38.8394846
467.89832879842515,71.07708346653544,14.3092838,38.8394846
468.1035519350393,71.89797601299213,14.3092838,38.8394846
468.7192213448818,70.87186032992126,14.3092838,38.8394846
468.924444481496,71.2823066031496,14.3092838,38.8394846
469.3348907547243,70.25619092007874,14.3092838,38.8394846
469.5401138913385,71.07708346653543,14.3092838,38.8394846
470.155783301181,71.69275287637795,14.3092838,38.8394846
470.9766758476377,72.1031991496063,14.3092838,38.8394846
471.5923452574802,71.2823066031496,14.3092838,38.8394846
472.0027915307085,71.69275287637795,14.3092838,38.8394846
473.43935348700774,72.1031991496063,14.3092838,38.8394846
473.6445766236219,71.48752973976377,14.3092838,38.8394846
474.05502289685023,72.30842228622046,14.3092838,38.8394846
475.49158485314945,71.89797601299212,14.3092838,38.8394846
475.49158485314945,71.89797601299212,14.3092838,38.8394846
476.10725426299194,71.28230660314959,14.3092838,38.8394846
477.338593082677,71.28230660314959,14.3092838,38.8394846
478.3647087657479,70.4614140566929,14.3092838,38.8394846
476.92814680944866,71.69275287637794,14.3092838,38.8394846
477.7490393559054,72.30842228622046,14.3092838,38.8394846
479.1856013122046,71.28230660314959,14.3092838,38.8394846
480.4641050660416,70.44284520895233,14.62540020492446,39.69751484193782
482.1421599826921,71.70138639644021,14.62540020492446,39.69751484193782
481.93240311811076,72.75017071934677,14.62540020492446,39.69751484193782
484.1819044046213,73.79182990926941,14.321534923529624,38.8727376495804
482.538713670988,73.99722875097359,14.321534923529626,38.8727376495804
483.36030903780465,74.20262759267774,14.321534923529626,38.8727376495804
483.1549101961005,73.38103222586108,14.321534923529626,38.8727376495804
484.5927020880297,73.58643106756526,14.321534923529626,38.8727376495804
483.56570787950886,74.61342527608608,14.321534923529626,38.8727376495804
484.1819044046214,74.81882411779023,14.321534923529626,38.8727376495804
485.2088986131422,75.43502064290274,14.321534923529626,38.8727376495804
485.8250951382547,74.81882411779023,14.321534923529626,38.8727376495804
485.8250951382547,76.05121716801523,14.321534923529626,38.8727376495804
486.03049397995886,76.05121716801523,14.321534923529626,38.8727376495804
486.85208934677553,76.66741369312771,14.321534923529626,38.8727376495804
487.0574881884797,76.8728125348319,14.321534923529626,38.8727376495804
488.28988123870465,77.28361021824023,14.321534923529626,38.8727376495804
489.1114766055213,77.69440790164856,14.321534923529626,38.8727376495804
489.31687544722547,78.1052055850569,14.321534923529626,38.8727376495804
489.933071972338,77.28361021824023,14.321534923529626,38.8727376495804
490.3438696557463,77.69440790164856,14.321534923529626,38.8727376495804
490.59647381261954,77.67582315589027,14.637921976599763,39.73150250791363
491.06459487604064,77.65682784150411,14.961298557530212,40.60923894186771
491.4937434848337,78.08597645029715,14.961298557530212,40.60923894186771
491.9228920936268,78.30055075469367,14.961298557530212,40.60923894186771
491.64916552910313,79.5807078067254,14.650454468991333,39.76551927297646
493.3300950632281,77.89977827260041,14.650454468991333,39.76551927297646
493.3300950632281,78.95035923142854,14.650454468991333,39.76551927297646
492.2795141044,80.00094019025666,14.650454468991333,39.76551927297646
493.0620555909132,81.46461619381478,14.346068646558702,38.93932918351646
493.4735569975355,82.08186830374827,14.346068646558702,38.93932918351646
491.82755137104624,81.67036689712594,14.346068646558702,38.93932918351646
492.0333020743574,81.25886549050362,14.346068646558702,38.93932918351646
494.090809107469,81.67036689712594,14.346068646558702,38.93932918351646
493.4735569975355,82.28761900705943,14.346068646558702,38.93932918351646
493.0620555909132,83.72787393023756,14.346068646558702,38.93932918351646
493.0620555909132,83.93362463354873,14.346068646558702,38.93932918351646
493.0620555909132,84.75662744679339,14.346068646558702,38.93932918351646
492.85630488760205,84.96237815010456,14.346068646558702,38.93932918351646
492.2390527776686,85.99113166666037,14.346068646558702,38.93932918351646
492.2390527776686,86.81413447990502,14.346068646558702,38.93932918351646
491.6218006677351,87.01988518321619,14.346068646558702,38.93932918351646
491.82755137104624,87.22563588652736,14.346068646558702,38.93932918351646
490.5930471511793,88.04863869977201,14.346068646558702,38.93932918351646
491.21029926111277,89.28314291963899,14.346068646558702,38.93932918351646
490.5930471511793,89.69464432626131,14.346068646558702,38.93932918351646
490.5930471511793,90.51764713950597,14.346068646558702,38.93932918351646
490.18154574455696,91.13489924943946,14.346068646558702,38.93932918351646
488.94704152469,91.95790206268411,14.346068646558702,38.93932918351646
488.12403871144534,92.36940346930643,14.346068646558702,38.93932918351646
487.712537304823,92.98665557923992,14.346068646558702,38.93932918351646
488.3297894147565,91.95790206268411,14.346068646558702,38.93932918351646
487.712537304823,92.5751541726176,14.346068646558702,38.93932918351646
488.12403871144534,91.34064995275062,14.346068646558702,38.93932918351646
487.9182880081342,91.95790206268411,14.346068646558702,38.93932918351646
487.3010358982007,92.16365276599528,14.346068646558702,38.93932918351646
487.71253730482306,93.19240628255109,14.346068646558702,38.93932918351646
486.0665316783338,94.01540909579575,14.346068646558702,38.93932918351646
485.4492795684003,95.04416261235156,14.346068646558702,38.93932918351646
484.62627675515563,95.86716542559621,14.346068646558702,38.93932918351646
484.4205260518445,96.69016823884087,14.346068646558702,38.93932918351646
484.4205260518445,97.71892175539668,14.346068646558702,38.93932918351646
471.45823174324124,89.07739221632785,14.346068646558702,38.93932918351646
469.4007247101296,88.87164151301668,14.346068646558702,38.93932918351646
466.93171627039567,88.2543894030832,14.346068646558702,38.93932918351646
463.4339543141059,87.01988518321622,14.346068646558702,38.93932918351646
462.19945009423895,89.48889362295017,14.346068646558702,38.93932918351646
459.1131895445715,90.9291485461283,14.346068646558702,38.93932918351646
456.64418110483757,92.16365276599528,14.346068646558702,38.93932918351646
454.7924247750371,92.98665557923994,14.346068646558702,38.93932918351646
452.73491774192547,95.04416261235156,14.346068646558702,38.93932918351646
450.2659093021915,96.07291612890737,14.346068646558702,38.93932918351646
447.1796487525241,97.30742034877434,14.346068646558702,38.93932918351646
444.71064031279013,98.54192456864132,14.346068646558702,38.93932918351646
442.85888398298965,99.98217949181945,14.346068646558702,38.93932918351646
439.3611220266999,101.01093300837526,14.346068646558702,38.93932918351646
437.30361499358827,102.03968652493107,14.346068646558702,38.93932918351646
435.0403572571655,103.89144285473154,14.346068646558702,38.93932918351646
432.1598474108092,102.86268933817573,14.346068646558702,38.93932918351646
430.1023403776976,105.12594707459851,14.346068646558702,38.93932918351646
427.63333193796365,106.36045129446549,14.346068646558702,38.93932918351646
425.3700742015409,108.82945973419945,14.346068646558702,38.93932918351646
422.4895643551846,108.21220762426596,14.346068646558702,38.93932918351646
420.02055591545064,109.85821325075526,14.346068646558702,38.93932918351646
417.5515474757167,112.12147098717804,14.346068646558702,38.93932918351646
414.8767883326716,112.32722169048921,14.346068646558702,38.93932918351646
411.9962784863153,113.97322731697852,14.346068646558702,38.93932918351646
409.7330207498925,115.82498364677897,14.346068646558702,38.93932918351646
407.67551371678087,117.8824906798906,14.346068646558702,38.93932918351646
405.04804075468735,118.48112620718466,14.662997691277882,39.799565162039954
401.8935994628348,120.16349489617268,14.662997691277884,39.799565162039954
399.1597503432293,120.37379098229617,14.662997691277884,39.799565162039954
396.4259012236238,121.00467924066668,14.662997691277884,39.799565162039954
393.6920521040183,123.3179361880252,14.662997691277884,39.799565162039954
390.95820298441276,126.26208139375423,14.662997691277884,39.799565162039954
388.22435386480726,127.10326573824823,14.662997691277884,39.799565162039954
385.49050474520175,128.36504225498925,14.662997691277884,39.799565162039954
382.75665562559624,128.99593051335972,14.662997691277884,39.799565162039954
379.1816221614967,130.46800311622422,14.662997691277884,39.799565162039954
376.6580691280147,130.88859528847127,14.662997691277884,39.799565162039954
374.76540435290315,132.15037180521227,14.662997691277884,39.799565162039954
372.4521474055446,133.83274049420027,14.662997691277884,39.799565162039954
372.4521474055446,136.35629352768228,14.662997691277884,39.799565162039954
370.1388904581861,136.56658961380577,14.662997691277884,39.799565162039954
368.03592959695106,137.6180700444233,14.662997691277884,39.799565162039954
366.77415308021006,139.30043873341134,14.662997691277884,39.799565162039954
365.09178439122206,141.19310350852282,14.662997691277884,39.799565162039954
364.25060004672804,143.08576828363437,14.662997691277884,39.799565162039954
362.3579352716165,144.97843305874585,14.662997691277884,39.799565162039954
361.0961587548755,146.24020957548686,14.662997691277884,39.799565162039954
359.624086152011,146.6608017477339,14.662997691277884,39.799565162039954
357.73142137689945,145.3990252309929,14.662997691277884,39.799565162039954
355.6284605156644,147.08139391998088,14.662997691277884,39.799565162039954
356.0490526879114,151.49761172857444,14.662997691277884,39.799565162039954
353.5254996544294,151.70790781469793,14.662997691277884,39.799565162039954
351.8431309654414,153.17998041756243,14.662997691277884,39.799565162039954
349.95046619032985,152.96968433143894,14.662997691277884,39.799565162039954
347.8475053290948,154.23146084817995,14.662997691277884,39.799565162039954
346.1651366401068,155.28294127879747,14.662997691277884,39.799565162039954
345.3239522956128,156.75501388166197,14.662997691277884,39.799565162039954
343.8518796927483,158.64767865677345,14.662997691277884,39.799565162039954
341.95921491763676,160.3300473457615,14.662997691277884,39.799565162039954
340.69743840089575,161.5918238625025,14.662997691277884,39.799565162039954
339.01506971190776,163.063896465367,14.662997691277884,39.799565162039954
337.54299710904326,163.484488637614,14.662997691277884,39.799565162039954
338.1738853674138,167.4801142739605,14.662997691277884,39.799565162039954
336.28122059230225,169.16248296294856,14.662997691277884,39.799565162039954
333.9679636449437,170.00366730744253,14.662997691277884,39.799565162039954
331.8650027837087,171.05514773806004,14.662997691277884,39.799565162039954
332.4958910420792,175.6816616327771,14.662997691277884,39.799565162039954
330.1826340947207,174.41988511603608,14.662997691277884,39.799565162039954
327.4487849751152,172.52722034092454,14.662997691277884,39.799565162039954
328.0796732334857,177.1537342356416,14.662997691277884,39.799565162039954
325.3458241138802,176.52284597727106,14.662997691277884,39.799565162039954
326.6076006306212,182.41113638872912,14.662997691277884,39.799565162039954
324.2943436832627,181.1493598719881,14.662997691277884,39.799565162039954
322.19138282202766,179.8875833552471,14.662997691277884,39.799565162039954
323.45315933876867,184.51409724996415,14.662997691277884,39.799565162039954
321.7707906497807,183.46261681934664,14.662997691277884,39.799565162039954
318.8266454440517,181.7802481303586,14.662997691277884,39.799565162039954
319.03694153017517,182.6214324748526,14.662997691277884,39.799565162039954
318.6163493579282,184.3038011638406,14.662997691277884,39.799565162039954
319.2472376162987,185.35528159445812,14.662997691277884,39.799565162039954
319.6678297885457,187.66853854181664,14.662997691277884,39.799565162039954
319.8781258746692,189.77149940305168,14.662997691277884,39.799565162039954
318.8266454440517,191.45386809203967,14.662997691277884,39.799565162039954
319.03694153017517,192.5053485226572,14.662997691277884,39.799565162039954
319.24723761629866,193.5568289532747,14.662997691277884,39.799565162039954
319.45753370242215,195.65978981450974,14.662997691277884,39.799565162039954
320.0884219607927,197.97304676186826,14.662997691277884,39.799565162039954
318.6163493579282,199.86571153697975,14.662997691277884,39.799565162039954
319.03694153017517,199.86571153697975,14.662997691277884,39.799565162039954
317.98546109955765,201.33778413984425,14.662997691277884,39.799565162039954
317.56486892731067,201.12748805372075,14.662997691277884,39.799565162039954
318.1957571856812,202.38926457046176,14.662997691277884,39.799565162039954
316.09279632444617,201.7583763120913,14.662997691277884,39.799565162039954
316.30309241056966,204.7025215178203,14.662997691277884,39.799565162039954
316.51338849669315,206.1745941206848,14.662997691277884,39.799565162039954
316.72368458281665,206.80548237905532,14.662997691277884,39.799565162039954
316.0927963244461,208.6981471541668,14.662997691277884,39.799565162039954
314.6207237215816,208.4878510680433,14.662997691277884,39.799565162039954
315.0413158938286,209.32903541253734,14.662997691277884,39.799565162039954
313.3589472048406,208.9084432402903,14.662997691277884,39.799565162039954
311.25598634360557,207.2260745513023,14.662997691277884,39.799565162039954
311.25598634360557,208.27755498191982,14.662997691277884,39.799565162039954
311.25598634360557,209.9599236709078,14.662997691277884,39.799565162039954
310.20450591298805,211.22170018764882,14.662997691277884,39.799565162039954
310.8353941713586,213.53495713500735,14.662997691277884,39.799565162039954
310.6250980852351,215.84821408236587,14.662997691277884,39.799565162039954
311.2559863436056,217.53058277135392,14.662997691277884,39.799565162039954
310.6250980852351,219.00265537421842,14.662997691277884,39.799565162039954
308.9427293962471,217.7408788574774,14.662997691277884,39.799565162039954
309.3633215684941,219.6335436325889,14.662997691277884,39.799565162039954
309.5736176546176,221.52620840770044,14.662997691277884,39.799565162039954
310.2045059129881,223.83946535505896,14.662997691277884,39.799565162039954
307.8912489656296,223.41887318281192,14.662997691277884,39.799565162039954
308.31184113787657,225.10124187179997,14.662997691277884,39.799565162039954
308.9427293962471,226.78361056078796,14.662997691277884,39.799565162039954
307.6809528795061,227.4144988191585,14.662997691277884,39.799565162039954
307.8912489656296,228.886571422023,14.662997691277884,39.799565162039954
308.1015450517531,231.19982836938152,14.662997691277884,39.799565162039954
308.31184113787657,231.19982836938152,14.662997691277884,39.799565162039954
308.31184113787657,233.092493144493,14.662997691277884,39.799565162039954
307.26036070725905,234.354269661234,14.662997691277884,39.799565162039954
306.20888027664154,233.72338140286354,14.662997691277884,39.799565162039954
306.6294724488885,235.40575009185153,14.662997691277884,39.799565162039954
306.839768535012,236.45723052246905,14.662997691277884,39.799565162039954
304.736807673777,236.036638350222,14.662997691277884,39.799565162039954
304.31621550153,237.71900703921006,14.662997691277884,39.799565162039954
304.94710375990053,238.56019138370408,14.662997691277884,39.799565162039954
303.895623329283,239.6116718143216,14.662997691277884,39.799565162039954
304.1059194154065,241.50433658943314,14.662997691277884,39.799565162039954
303.47503115703597,242.55581702005065,14.662997691277884,39.799565162039954
303.89562332928296,242.97640919229764,14.662997691277884,39.799565162039954
302.84414289866544,244.02788962291515,14.662997691277884,39.799565162039954
302.0029585541714,243.18670527842113,14.662997691277884,39.799565162039954
301.3720702958009,241.50433658943314,14.662997691277884,39.799565162039954
300.1102937790599,239.82196790044515,14.662997691277884,39.799565162039954
297.79703683170135,237.9293031253336,14.662997691277884,39.799565162039954
298.4279250900719,239.1910796420746,14.662997691277884,39.799565162039954
296.9558524872074,235.1954540057281,14.662997691277884,39.799565162039954
295.2734837982194,233.51308531674005,14.662997691277884,39.799565162039954
295.4837798843429,233.09249314449306,14.662997691277884,39.799565162039954
295.6940759704664,232.46160488612253,14.662997691277884,39.799565162039954
294.22200336760187,231.410124455505,14.662997691277884,39.799565162039954
294.64259553984886,229.72775576651702,14.662997691277884,39.799565162039954
294.43229945372536,228.25568316365252,14.662997691277884,39.799565162039954
294.43229945372536,226.9939066469115,14.662997691277884,39.799565162039954
294.85289162597235,228.6762753358995,14.662997691277884,39.799565162039954
292.5396346786138,225.31153795792352,14.662997691277884,39.799565162039954
293.38081902310785,223.83946535505902,14.662997691277884,39.799565162039954
293.80141119535483,225.10124187180003,14.662997691277884,39.799565162039954
294.64259553984886,226.36301838854104,14.662997691277884,39.799565162039954
295.2734837982194,225.31153795792352,14.662997691277884,39.799565162039954
295.2734837982194,224.260057527306,14.662997691277884,39.799565162039954
294.43229945372536,223.2085770966885,14.662997691277884,39.799565162039954
292.74993076473737,218.58206320197144,14.662997691277884,39.799565162039954
291.48815424799636,217.53058277135392,14.662997691277884,39.799565162039954
292.5396346786139,218.1614710297244,14.662997691277884,39.799565162039954
292.5396346786139,217.32028668523043,14.662997691277884,39.799565162039954
291.90874642024335,216.4791023407364,14.662997691277884,39.799565162039954
291.0675620757493,215.63791799624244,14.662997691277884,39.799565162039954
291.4881542479963,217.10999059910694,14.662997691277884,39.799565162039954
291.9087464202433,216.6893984268599,14.662997691277884,39.799565162039954
290.8572659896258,217.7408788574774,14.662997691277884,39.799565162039954
290.6469699035023,218.58206320197144,14.662997691277884,39.799565162039954
291.06756207574927,219.4232475464654,14.662997691277884,39.799565162039954
290.22637773125524,220.47472797708292,14.662997691277884,39.799565162039954
290.01608164513175,221.10561623545345,14.662997691277884,39.799565162039954
289.1748973006377,221.94680057994742,14.662997691277884,39.799565162039954
287.49252861164973,220.6850240632064,14.662997691277884,39.799565162039954
285.5998638365382,219.2129514603419,14.662997691277884,39.799565162039954
286.6513442671557,220.89532014932996,14.662997691277884,39.799565162039954
284.3380873197972,219.84383971871245,14.662997691277884,39.799565162039954
285.5998638365382,223.83946535505896,14.662997691277884,39.799565162039954
286.4410481810322,225.31153795792346,14.662997691277884,39.799565162039954
285.1792716642912,225.31153795792346,14.662997691277884,39.799565162039954
282.8660147169327,224.26005752730595,14.662997691277884,39.799565162039954
283.0763108030562,226.15272230241743,14.662997691277884,39.799565162039954
283.7071990614267,227.62479490528193,14.662997691277884,39.799565162039954
282.4454225446857,228.46597924977596,14.662997691277884,39.799565162039954
282.4454225446857,229.51745968039347,14.662997691277884,39.799565162039954
280.55275776957416,229.09686750814643,14.662997691277884,39.799565162039954
281.6042382001917,232.67190097224596,14.662997691277884,39.799565162039954
282.02483037243866,233.72338140286348,14.662997691277884,39.799565162039954
280.1321655973271,233.51308531674,14.662997691277884,39.799565162039954
280.76305385569765,235.61604617797502,14.662997691277884,39.799565162039954
280.76305385569765,237.71900703921006,14.662997691277884,39.799565162039954
280.97334994182114,239.40137572819805,14.662997691277884,39.799565162039954
279.29098125283315,238.98078355595106,14.662997691277884,39.799565162039954
279.9218695112037,241.0837444171861,14.662997691277884,39.799565162039954
279.08068516670966,242.1352248478036,14.662997691277884,39.799565162039954
279.29098125283315,242.97640919229764,14.662997691277884,39.799565162039954
277.1880203915981,242.1352248478036,14.662997691277884,39.799565162039954
277.81890864996865,243.6072974506681,14.662997691277884,39.799565162039954
276.9777243054746,245.49996222577965,14.662997691277884,39.799565162039954
275.29535561648663,244.23818570903865,14.662997691277884,39.799565162039954
276.76742821935113,246.1308504841502,14.662997691277884,39.799565162039954
275.5056517026101,247.6029230870147,14.662997691277884,39.799565162039954
276.13653996098066,249.28529177600268,14.662997691277884,39.799565162039954
276.13653996098066,251.5985487233612,14.662997691277884,39.799565162039954
274.2438751858691,250.3367722066202,14.662997691277884,39.799565162039954
272.3512104107576,249.49558786212617,14.662997691277884,39.799565162039954
272.56150649688107,250.96766046499067,14.662997691277884,39.799565162039954
274.4541712719926,254.9632861013372,14.662997691277884,39.799565162039954
272.3512104107576,253.91180567071967,14.662997691277884,39.799565162039954
270.03795346339905,252.65002915397866,14.662997691277884,39.799565162039954
270.6688417217696,254.9632861013372,14.662997691277884,39.799565162039954
272.1409143246341,259.1692078238072,14.662997691277884,39.799565162039954
272.56150649688107,260.4309843405482,14.662997691277884,39.799565162039954
272.56150649688107,261.6927608572892,14.662997691277884,39.799565162039954
271.29972998014006,261.0618725989187,14.662997691277884,39.799565162039954
269.196769118905,260.43098434054815,14.662997691277884,39.799565162039954
267.3041043437935,259.16920782380714,14.662997691277884,39.799565162039954
269.617361291152,263.7957217185242,14.662997691277884,39.799565162039954
269.8276573772755,265.68838649363573,14.662997691277884,39.799565162039954
268.355584774411,265.8986825797592,14.662997691277884,39.799565162039954
266.673216085423,265.0574982352652,14.662997691277884,39.799565162039954
267.7246965160405,269.2634199577352,14.662997691277884,39.799565162039954
268.1452886882875,271.36638081897024,14.662997691277884,39.799565162039954
268.355584774411,272.20756516346427,14.662997691277884,39.799565162039954
266.8835121715465,271.57667690509373,14.662997691277884,39.799565162039954
265.832031740929,272.83845342183474,14.662997691277884,39.799565162039954
266.0423278270525,274.31052602469924,14.662997691277884,39.799565162039954
265.6217356548055,275.15171036919327,14.662997691277884,39.799565162039954
263.9393669658175,273.4693416802053,14.662997691277884,39.799565162039954
264.990847396435,277.4649673165518,14.662997691277884,39.799565162039954
264.7805513103115,278.5164477471693,14.662997691277884,39.799565162039954
263.9393669658175,279.35763209166333,14.662997691277884,39.799565162039954
263.5187747935705,279.5679281777868,14.662997691277884,39.799565162039954
263.9393669658175,281.46059295289837,14.662997691277884,39.799565162039954
263.30847870744697,282.93266555576287,14.662997691277884,39.799565162039954
263.30847870744697,284.1944420725039,14.662997691277884,39.799565162039954
262.25699827682945,283.14296164188636,14.662997691277884,39.799565162039954
261.4158139323354,283.56355381413334,14.662997691277884,39.799565162039954
259.1025569849769,282.09148121126884,14.662997691277884,39.799565162039954
259.5231491572239,283.9841459863804,14.662997691277884,39.799565162039954
259.94374132947087,285.8768107614919,14.662997691277884,39.799565162039954
259.31285307110034,287.76947553660347,14.662997691277884,39.799565162039954
258.6819648127298,288.400363794974,14.662997691277884,39.799565162039954
257.8407804682358,289.8724363978385,14.662997691277884,39.799565162039954
258.05107655435927,291.5548050868265,14.662997691277884,39.799565162039954
258.26137264048276,292.8165816035675,14.662997691277884,39.799565162039954
256.15841177924773,291.1342129145795,14.662997691277884,39.799565162039954
256.99959612374175,293.02687768969105,14.662997691277884,39.799565162039954
256.99959612374175,296.1813189815436,14.662997691277884,39.799565162039954
255.73781960700072,295.55043072317306,14.662997691277884,39.799565162039954
254.6863391763832,296.1813189815436,14.662997691277884,39.799565162039954
254.8966352625067,298.07398375665514,14.662997691277884,39.799565162039954
255.10693134863018,299.75635244564313,14.662997691277884,39.799565162039954
255.10693134863018,300.80783287626065,14.662997691277884,39.799565162039954
254.26574700413616,301.22842504850763,14.662997691277884,39.799565162039954
254.47604309025965,303.33138590974266,14.662997691277884,39.799565162039954
253.42456265964213,302.70049765137213,14.662997691277884,39.799565162039954
253.42456265964213,304.5931624264837,14.662997691277884,39.799565162039954
253.63485874576563,306.0652350293482,14.662997691277884,39.799565162039954
253.63485874576563,307.3270115460892,14.662997691277884,39.799565162039954
251.3216017984071,305.8549389432247,14.662997691277884,39.799565162039954
251.95249005677763,310.0608606656947,14.662997691277884,39.799565162039954
250.27012136778964,309.42997240732416,14.662997691277884,39.799565162039954
250.27012136778964,310.2711567518182,14.662997691277884,39.799565162039954
248.79804876492514,309.0093802350772,14.662997691277884,39.799565162039954
248.79804876492514,311.7432293546827,14.662997691277884,39.799565162039954
248.79804876492514,313.4255980436707,14.662997691277884,39.799565162039954
248.37745659267813,314.6873745604117,14.662997691277884,39.799565162039954
249.00834485104863,315.7388549910292,14.662997691277884,39.799565162039954
247.53627224818413,316.36974324939973,14.662997691277884,39.799565162039954
248.16716050655464,318.0521119383877,14.662997691277884,39.799565162039954
247.32597616206064,319.7344806273757,14.662997691277884,39.799565162039954
247.11568007593715,320.9962571441167,14.662997691277884,39.799565162039954
245.64360747307265,320.1550727996227,14.662997691277884,39.799565162039954
246.27449573144315,321.4168493163637,14.662997691277884,39.799565162039954
245.01271921470214,321.6271454024872,14.662997691277884,39.799565162039954
244.38183095633164,323.51981017759874,14.662997691277884,39.799565162039954
244.59212704245513,324.57129060821626,14.662997691277884,39.799565162039954
244.38183095633164,325.4124749527103,14.662997691277884,39.799565162039954
244.17153487020815,327.5154358139453,14.662997691277884,39.799565162039954
243.75094269796114,328.35662015843934,14.662997691277884,39.799565162039954
242.69946226734362,329.40810058905686,14.662997691277884,39.799565162039954
241.6479818367261,329.82869276130384,14.662997691277884,39.799565162039954
242.06857400897312,330.88017319192136,14.662997691277884,39.799565162039954
241.85827792284962,331.7213575364154,14.662997691277884,39.799565162039954
240.8067974922321,333.4037262254034,14.662997691277884,39.799565162039954
240.8067974922321,334.8757988282679,14.662997691277884,39.799565162039954
240.1759092338616,336.3478714311324,14.662997691277884,39.799565162039954
239.9656131477381,335.29639100051486,14.662997691277884,39.799565162039954
239.75531706161462,337.1890557756264,14.662997691277884,39.799565162039954
239.3347248893676,338.4508322923674,14.662997691277884,39.799565162039954
239.5450209754911,339.7126088091084,14.662997691277884,39.799565162039954
239.5450209754911,340.55379315360244,14.662997691277884,39.799565162039954
238.7038366309971,340.55379315360244,14.662997691277884,39.799565162039954
236.8111718558856,339.29201663686143,14.662997691277884,39.799565162039954
236.8111718558856,341.60527358421996,14.662997691277884,39.799565162039954
235.75969142526807,340.55379315360244,14.662997691277884,39.799565162039954
235.96998751139157,342.446457928714,14.662997691277884,39.799565162039954
236.39057968363858,344.3391227038255,14.662997691277884,39.799565162039954
236.8111718558856,344.97001096219606,14.662997691277884,39.799565162039954
236.39057968363858,347.0729718234311,14.662997691277884,39.799565162039954
235.75969142526807,346.44208356506056,14.662997691277884,39.799565162039954
235.54939533914458,348.12445225404855,14.662997691277884,39.799565162039954
235.9699875113916,348.9656365985426,14.662997691277884,39.799565162039954
235.54939533914458,350.8583013736541,14.662997691277884,39.799565162039954
235.75969142526807,351.90978180427163,14.662997691277884,39.799565162039954
234.28761882240357,352.54067006264216,14.662997691277884,39.799565162039954
234.28761882240357,353.8024465793832,14.662997691277884,39.799565162039954
234.28761882240357,355.0642230961242,14.662997691277884,39.799565162039954
233.02584230566256,354.01274266550666,14.662997691277884,39.799565162039954
233.44643447790958,357.1671839573592,14.662997691277884,39.799565162039954
233.8670266501566,358.6392565602237,14.662997691277884,39.799565162039954
232.60525013341558,359.69073699084123,14.662997691277884,39.799565162039954
231.76406578892158,358.4289604741002,14.662997691277884,39.799565162039954
230.9228814444276,359.48044090471774,14.662997691277884,39.799565162039954
231.13317753055108,361.5834017659528,14.662997691277884,39.799565162039954
230.50228927218058,362.2142900243233,14.662997691277884,39.799565162039954
230.08169709993356,362.0039939381998,14.662997691277884,39.799565162039954
229.24051275543957,363.2657704549408,14.662997691277884,39.799565162039954
229.24051275543957,364.31725088555834,14.662997691277884,39.799565162039954
228.81992058319256,365.78932348842284,14.662997691277884,39.799565162039954
228.81992058319256,368.52317260802835,14.662997691277884,39.799565162039954
227.55814406645155,368.10258043578136,14.662997691277884,39.799565162039954
227.97873623869856,368.52317260802835,14.662997691277884,39.799565162039954
226.50666363583406,369.36435695252237,14.662997691277884,39.799565162039954
226.71695972195755,370.4158373831399,14.662997691277884,39.799565162039954
225.66547929134003,371.6776138998809,14.662997691277884,39.799565162039954
225.87577537746353,372.9393904166219,14.662997691277884,39.799565162039954
225.4551832052165,374.6217591056099,14.662997691277884,39.799565162039954
224.824294946846,374.4114630194864,14.662997691277884,39.799565162039954
224.61399886072252,375.8835356223509,14.662997691277884,39.799565162039954
224.40370277459903,376.9350160529684,14.662997691277884,39.799565162039954
223.77281451622852,378.4070886558329,14.662997691277884,39.799565162039954
222.721334085611,378.4070886558329,14.662997691277884,39.799565162039954
221.880149741117,379.24827300032695,14.662997691277884,39.799565162039954
221.880149741117,379.66886517257393,14.662997691277884,39.799565162039954
221.038965396623,380.93064168931494,14.662997691277884,39.799565162039954
221.038965396623,383.24389863667346,14.662997691277884,39.799565162039954
221.038965396623,384.0850829811675,14.662997691277884,39.799565162039954
220.618373224376,384.9262673256615,14.662997691277884,39.799565162039954
220.197781052129,385.76745167015554,14.662997691277884,39.799565162039954
220.197781052129,386.60863601464956,14.662997691277884,39.799565162039954
219.56689279375848,387.4498203591436,14.662997691277884,39.799565162039954
219.50891992126068,388.70445342633593,14.358351264026492,38.97266771664332
219.09706620108895,389.94001458685113,14.358351264026492,38.97266771664332
218.89113934100308,391.17557574736634,14.358351264026492,38.97266771664332
216.83187074014438,390.55779516710874,14.358351264026492,38.97266771664332
216.83187074014438,391.9992831877098,14.358351264026492,38.97266771664332
216.83187074014438,393.234844348225,14.358351264026492,38.97266771664332
216.0081632998009,395.0881860889978,14.358351264026492,38.97266771664332
215.3903827195433,395.50003980916955,14.358351264026492,38.97266771664332
215.59630957962918,396.9415278297706,14.358351264026492,38.97266771664332
214.7726021392857,396.5296741095989,14.358351264026492,38.97266771664332
214.97852899937158,397.35338154994236,14.358351264026492,38.97266771664332
213.74296783885637,399.20672329071516,14.358351264026492,38.97266771664332
213.94889469894224,400.64821131131623,14.358351264026492,38.97266771664332
214.1548215590281,401.88377247183143,14.358351264026492,38.97266771664332
212.50740667834114,401.67784561174557,14.358351264026492,38.97266771664332
212.713333538427,401.88377247183143,14.358351264026492,38.97266771664332
212.713333538427,403.3252604924325,14.358351264026492,38.97266771664332
212.55473334411727,403.92440855116394,14.675551652645986,39.83364020003909
212.55473334411727,405.39774149266975,14.675551652645986,39.83364020003909
212.34425720961644,406.45012216517387,14.675551652645986,39.83364020003909
212.7652094786181,408.1339312411805,14.675551652645986,39.83364020003909
214.23854242012388,412.7644062001987,14.675551652645986,39.83364020003909
211.50235267161312,409.1863119136846,14.675551652645986,39.83364020003909
211.08140040261148,407.9234551066796,14.675551652645986,39.83364020003909
210.87092426811066,409.1863119136846,14.675551652645986,39.83364020003909
210.02901973010734,408.9758357791838,14.675551652645986,39.83364020003909
210.66044813360983,410.0282164516879,14.675551652645986,39.83364020003909
211.08140040261148,410.0282164516879,14.675551652645986,39.83364020003909
211.2918765371123,411.2910732586929,14.675551652645986,39.83364020003909
211.50235267161312,411.71202552769455,14.675551652645986,39.83364020003909
211.71282880611395,412.343453931197,14.675551652645986,39.83364020003909
211.92330494061477,412.55393006569784,14.675551652645986,39.83364020003909
212.55473334411727,413.60631073820196,14.675551652645986,39.83364020003909
213.18616174761976,411.9225016621953,14.675551652645986,39.83364020003909
214.02806628562308,412.97488233469943,14.675551652645986,39.83364020003909
215.92235149613055,414.02726300720354,14.675551652645986,39.83364020003909
218.23758897563965,414.658691410706,14.675551652645986,39.83364020003909
218.6585412446413,414.4482152762052,14.675551652645986,39.83364020003909
220.34235032064794,414.86916754520684,14.675551652645986,39.83364020003909
219.07949351364297,414.658691410706,14.675551652645986,39.83364020003909
219.9213980516463,415.2901198142085,14.675551652645986,39.83364020003909
221.60520712765293,420.34154704222834,14.675551652645986,39.83364020003909
222.65758780015707,421.60440384923334,14.675551652645986,39.83364020003909
222.23663553115543,421.1834515802317,14.675551652645986,39.83364020003909
221.81568326215378,420.1310709077276,14.675551652645986,39.83364020003909
218.65854124464136,413.8167868727027,14.675551652645986,39.83364020003909
219.28996964814385,413.18535846920025,14.675551652645986,39.83364020003909
219.28996964814385,413.6063107382019,14.675551652645986,39.83364020003909
218.8690173791422,412.5539300656978,14.675551652645986,39.83364020003909
218.0271128411389,412.13297779669614,14.675551652645986,39.83364020003909
218.44806511014053,412.13297779669614,14.675551652645986,39.83364020003909
217.81663670663804,411.080597124192,14.675551652645986,39.83364020003909
217.6061605721372,413.1853584692003,14.675551652645986,39.83364020003909
218.65854124464136,412.55393006569784,14.675551652645986,39.83364020003909
217.6061605721372,412.9748823346995,14.675551652645986,39.83364020003909
218.86901737914218,415.0796436797078,14.675551652645986,39.83364020003909
215.71187536162975,413.39583460370113,14.675551652645986,39.83364020003909
214.6594946891256,415.0796436797078,14.675551652645986,39.83364020003909
215.2909230926281,416.97392889021523,14.675551652645986,39.83364020003909
213.60711401662147,418.44726183172105,14.675551652645986,39.83364020003909
212.55473334411732,419.49964250422516,14.675551652645986,39.83364020003909
211.29187653711236,420.34154704222846,14.675551652645986,39.83364020003909
210.0290197301074,421.18345158023175,14.675551652645986,39.83364020003909
208.13473451959993,421.8148799837342,14.675551652645986,39.83364020003909
205.81949704009082,421.6044038492334,14.675551652645986,39.83364020003909
203.71473569508254,422.23583225273586,14.675551652645986,39.83364020003909
202.24140275357675,422.86726065623833,14.675551652645986,39.83364020003909
200.76806981207096,423.4986890597408,14.675551652645986,39.83364020003909
198.66330846706268,423.07773679073915,14.675551652645986,39.83364020003909
197.4004516600577,423.7091651942416,14.675551652645986,39.83364020003909
196.5585471220544,424.13011746324327,14.675551652645986,39.83364020003909
195.9271187185519,423.91964132874244,14.675551652645986,39.83364020003909
194.87473804604775,424.76154586674573,14.675551652645986,39.83364020003909
193.6118812390428,425.1824981357474,14.675551652645986,39.83364020003909
192.55950056653865,424.76154586674573,14.675551652645986,39.83364020003909
191.71759602853533,425.81392653924985,14.675551652645986,39.83364020003909
190.45473922153036,425.1824981357474,14.675551652645986,39.83364020003909
190.875691490532,424.3405935977441,14.675551652645986,39.83364020003909
190.2442630870295,425.3929742702482,14.675551652645986,39.83364020003909
189.82331081802786,425.603450404749,14.675551652645986,39.83364020003909
188.34997787652208,424.5510697322449,14.675551652645986,39.83364020003909
189.61283468352704,424.3405935977441,14.675551652645986,39.83364020003909
187.50807333851876,426.4453549427524,14.675551652645986,39.83364020003909
187.71854947301958,425.8139265392499,14.675551652645986,39.83364020003909
189.82331081802786,425.18249813574744,14.675551652645986,39.83364020003909
184.98235972450883,426.65583107725325,14.675551652645986,39.83364020003909
190.03378695252871,422.4463083872367,14.675551652645986,39.83364020003909
188.77093014552375,423.07773679073915,14.675551652645986,39.83364020003909
187.50807333851878,422.6567845217375,14.675551652645986,39.83364020003909
189.40235854902625,422.4463083872367,14.675551652645986,39.83364020003909
187.29759720401796,424.9720220012466,14.675551652645986,39.83364020003909
185.61378812801132,425.8139265392499,14.675551652645986,39.83364020003909
186.8766449350163,424.7615458667458,14.675551652645986,39.83364020003909
183.71950291750386,425.6034504047491,14.675551652645986,39.83364020003909
184.771883590008,424.7615458667458,14.675551652645986,39.83364020003909
182.87759837950054,425.18249813574744,14.675551652645986,39.83364020003909
182.4566461104989,424.55106973224497,14.675551652645986,39.83364020003909
182.66712224499972,425.18249813574744,14.675551652645986,39.83364020003909
184.771883590008,424.34059359774415,14.675551652645986,39.83364020003909
183.92997905200468,425.60345040474914,14.675551652645986,39.83364020003909
182.66712224499972,426.86630721175413,14.675551652645986,39.83364020003909
183.34692284078065,426.0053585281489,14.999759537090746,40.713633029246296
184.47199320762618,424.2648863840245,15.331129724856293,41.61306639603849
185.57138524357623,423.8251295696445,15.331129724856293,41.61306639603849
187.1105340939063,422.94561594088447,15.331129724856293,41.61306639603849
188.42980453704635,421.6263454977444,15.331129724856293,41.61306639603849
189.7490749801864,420.9667102761744,15.331129724856293,41.61306639603849
190.84846701613645,419.64743983303435,15.331129724856293,41.61306639603849
192.38761586646652,419.20768301865434,15.331129724856293,41.61306639603849
197.0050624174567,414.15047965328415,15.331129724856293,41.61306639603849
196.5653056030767,412.3914523957641,15.331129724856293,41.61306639603849
198.9839680821668,410.192668323864,15.331129724856293,41.61306639603849
200.90225929084957,412.16410504163565,15.012601822530883,40.74849066115524
203.27067032078202,410.0110041053334,15.012601822530883,40.74849066115524
204.77784097619357,411.518174760745,15.012601822530883,40.74849066115524
207.36156209975624,408.7191435435521,15.012601822530883,40.74849066115524
208.65342266153758,406.9966627945103,15.012601822530883,40.74849066115524
210.37590341057935,405.704802232729,15.012601822530883,40.74849066115524
212.7443144405118,402.90577101553606,15.012601822530883,40.74849066115524
214.6821052831838,401.1832902664943,15.012601822530883,40.74849066115524
217.48113650037672,398.38425904930136,15.012601822530883,40.74849066115524
222.64857874750209,400.75267007923384,15.012601822530883,40.74849066115524
224.37105949654386,399.4608095174525,15.012601822530883,40.74849066115524
225.6629200583252,396.4464682066294,15.012601822530883,40.74849066115524
228.03133108825764,393.00150670854583,15.012601822530883,40.74849066115524
228.03133108825764,388.47999474231113,15.012601822530883,40.74849066115524
229.5385017436692,384.1737928697067,15.012601822530883,40.74849066115524
231.90691277360165,380.08290109073243,15.012601822530883,40.74849066115524
234.06001370990387,377.9298001544302,15.012601822530883,40.74849066115524
236.2131146462061,376.20731940538843,15.012601822530883,40.74849066115524
240.30400642518035,375.34607903086754,15.012601822530883,40.74849066115524
243.96427801689416,374.70014874997685,15.012601822530883,40.74849066115524
247.8398597022382,373.4082881881955,15.012601822530883,40.74849066115524
251.93075148121244,372.5470478136746,15.012601822530883,40.74849066115524
255.1604028856658,370.3939468773724,15.012601822530883,40.74849066115524
257.74412400922847,368.8867762219608,15.012601822530883,40.74849066115524
258.8206744773796,363.7193339748355,15.012601822530883,40.74849066115524
262.91156625635386,361.78154313216345,15.012601822530883,40.74849066115524
269.80148925252104,363.7193339748355,15.012601822530883,40.74849066115524
273.67707093786504,362.64278350668434,15.012601822530883,40.74849066115524
277.33734252957885,361.78154313216345,15.012601822530883,40.74849066115524
281.4282343085531,360.7049926640123,15.012601822530883,40.74849066115524
285.0885059002669,359.62844219586117,15.012601822530883,40.74849066115524
288.9640875856109,358.33658163407983,15.012601822530883,40.74849066115524
293.91621973910605,357.69065135318914,15.012601822530883,40.74849066115524
298.0071115180803,356.3987907914078,15.012601822530883,40.74849066115524
300.8061427352732,354.676310042366,15.012601822530883,40.74849066115524
304.8970345142475,352.95382929332425,15.012601822530883,40.74849066115524
308.7726161995915,352.30789901243355,15.012601822530883,40.74849066115524
312.86350797856574,350.1547980761313,15.012601822530883,40.74849066115524
316.73908966390974,348.86293751435,15.012601822530883,40.74849066115524
320.829981442884,347.57107695256866,15.012601822530883,40.74849066115524
324.92087322185824,346.0639062971571,15.012601822530883,40.74849066115524
329.2270750944627,344.77204573537574,15.012601822530883,40.74849066115524
333.1026567798067,343.4801851735944,15.012601822530883,40.74849066115524
337.6241687460414,341.5423943309224,15.012601822530883,40.74849066115524
342.3609908059063,339.60460348825035,15.012601822530883,40.74849066115524
346.45188258488054,338.5280530200992,15.012601822530883,40.74849066115524
351.1887046447454,336.80557227105743,15.012601822530883,40.74849066115524
355.4949065173499,335.5137117092761,15.012601822530883,40.74849066115524
360.23172857721477,334.22185114749476,15.012601822530883,40.74849066115524
364.96855063707966,332.28406030482273,15.012601822530883,40.74849066115524
370.35130297783525,331.2075098366716,15.012601822530883,40.74849066115524
374.22688466317925,330.3462694621507,15.012601822530883,40.74849066115524
378.3177764421535,329.05440890036937,15.012601822530883,40.74849066115524
382.8392884083882,328.1931685258485,15.012601822530883,40.74849066115524
388.00673065551354,326.90130796406714,15.012601822530883,40.74849066115524
392.0976224344878,326.25537768317645,15.012601822530883,40.74849066115524
396.6191344007225,324.9635171213951,15.012601822530883,40.74849066115524
401.1406463669572,323.45634646598353,15.012601822530883,40.74849066115524
405.23153814593144,322.1644859042022,15.012601822530883,40.74849066115524
409.5377400185359,321.3032455296813,15.012601822530883,40.74849066115524
413.84394189114033,320.4420051551604,15.012601822530883,40.74849066115524
418.1501437637448,319.3654546870093,15.012601822530883,40.74849066115524
422.0257254490888,318.5042143124884,15.012601822530883,40.74849066115524
425.9013071344328,317.8582840315977,15.012601822530883,40.74849066115524
430.20750900703723,316.78173356344655,15.012601822530883,40.74849066115524
433.00654022423015,315.92049318892566,15.012601822530883,40.74849066115524
434.9443310669022,315.0592528144048,15.012601822530883,40.74849066115524
438.604602658616,314.8439427207745,15.012601822530883,40.74849066115524
439.8964632203973,314.1980124398838,15.012601822530883,40.74849066115524
443.3414247184809,313.55208215899313,15.012601822530883,40.74849066115524
443.7720449057413,312.69084178447224,15.012601822530883,40.74849066115524
445.06390546752266,312.475531690842,15.012601822530883,40.74849066115524
445.70983574841335,312.26022159721174,15.012601822530883,40.74849066115524
447.43231649745513,311.1836711290606,15.012601822530883,40.74849066115524
448.293556871976,310.5377408481699,15.012601822530883,40.74849066115524
449.58541743375736,310.10712066090946,15.012601822530883,40.74849066115524
450.8772779955387,309.676500473649,15.012601822530883,40.74849066115524
452.59975874458047,308.8152600991281,15.012601822530883,40.74849066115524
453.6763092127316,307.95401972460724,15.012601822530883,40.74849066115524
454.75285968088275,307.09277935008635,15.012601822530883,40.74849066115524
456.26003033629434,305.800918788305,15.012601822530883,40.74849066115524
457.1212707108152,305.1549885074143,15.012601822530883,40.74849066115524
458.19782117896636,304.0784380392632,15.012601822530883,40.74849066115524
459.70499183437795,303.64781785200273,15.012601822530883,40.74849066115524
461.4274725834197,302.3559572902214,15.012601822530883,40.74849066115524
462.2887129579406,300.8487866348098,15.012601822530883,40.74849066115524
463.1499533324615,300.41816644754937,15.012601822530883,40.74849066115524
464.44181389424284,299.3416159793982,15.012601822530883,40.74849066115524
466.37960473691487,297.83444532398664,15.012601822530883,40.74849066115524
467.6714652986962,296.97320494946575,15.012601822530883,40.74849066115524
469.393946047738,296.11196457494486,15.012601822530883,40.74849066115524
470.6858066095193,293.7435535450124,15.012601822530883,40.74849066115524
472.62359745219135,291.59045260871017,15.012601822530883,40.74849066115524
473.9154580139727,289.0067314851475,15.012601822530883,40.74849066115524
475.63793876301446,286.42301036158483,15.012601822530883,40.74849066115524
476.49917913753535,283.83928923802216,15.012601822530883,40.74849066115524
478.22165988657713,281.4708782080897,15.012601822530883,40.74849066115524
479.29821035472827,279.31777727178746,15.012601822530883,40.74849066115524
480.5900709165096,275.44219558644346,15.012601822530883,40.74849066115524
481.88193147829094,273.073784556511,15.012601822530883,40.74849066115524
483.81972232096297,270.4900634329483,15.012601822530883,40.74849066115524
485.1115828827443,266.6144817476043,15.012601822530883,40.74849066115524
485.9728232572652,264.24607071767184,15.012601822530883,40.74849066115524
488.1259241935674,260.37048903232784,15.012601822530883,40.74849066115524
489.20247466171855,257.78676790876517,15.012601822530883,40.74849066115524
490.2790251298697,254.98773669157222,15.012601822530883,40.74849066115524
491.35557559802083,251.9733953807491,15.012601822530883,40.74849066115524
493.29336644069286,248.74374397629575,15.012601822530883,40.74849066115524
494.5852270024742,246.37533294636327,15.012601822530883,40.74849066115524
495.66177747062534,242.71506135464946,15.012601822530883,40.74849066115524
496.9536380324067,239.70072004382635,15.012601822530883,40.74849066115524
498.245498594188,235.82513835848235,15.012601822530883,40.74849066115524
499.53735915596934,234.3179677030708,15.012601822530883,40.74849066115524
500.6139096241205,232.595486954029,15.012601822530883,40.74849066115524
502.98232065405296,230.657696111357,15.012601822530883,40.74849066115524
504.2741812158343,229.15052545594546,15.012601822530883,40.74849066115524
505.5660417776157,227.42804470690368,15.012601822530883,40.74849066115524
506.6425922457668,227.21273461327345,15.012601822530883,40.74849066115524
507.5038326202877,226.5668043323828,15.012601822530883,40.74849066115524
507.9344528075482,225.7055639578619,15.012601822530883,40.74849066115524
508.7956931820691,224.6290134897108,15.012601822530883,40.74849066115524
509.2263133693296,223.98308320882012,15.012601822530883,40.74849066115524
509.44162346295985,223.33715292792945,15.012601822530883,40.74849066115524
510.73348402474124,222.69122264703878,15.012601822530883,40.74849066115524
511.59472439926213,222.47591255340856,15.012601822530883,40.74849066115524
513.5325152419341,223.33715292792945,15.012601822530883,40.74849066115524
514.8243758037156,222.69122264703878,15.012601822530883,40.74849066115524
516.1162363654969,223.55246302155967,15.012601822530883,40.74849066115524
516.9774767400179,222.906532740669,15.012601822530883,40.74849066115524
519.1305776763202,223.33715292792945,15.012601822530883,40.74849066115524
519.7765079572107,222.47591255340856,15.012601822530883,40.74849066115524
521.929608893513,222.47591255340856,15.012601822530883,40.74849066115524
523.0061593616642,221.39936208525745,15.012601822530883,40.74849066115524
523.2214694552945,221.61467217888767,15.012601822530883,40.74849066115524
524.0827098298153,221.8299822725179,15.012601822530883,40.74849066115524
525.5898804852268,221.8299822725179,15.012601822530883,40.74849066115524
527.0970511406383,221.18405199162723,15.012601822530883,40.74849066115524
528.3889117024198,220.10750152347612,15.012601822530883,40.74849066115524
529.6807722642011,220.968741897997,15.012601822530883,40.74849066115524
531.6185631068731,220.32281161710634,15.012601822530883,40.74849066115524
532.6951135750244,219.67688133621567,15.012601822530883,40.74849066115524
535.0635246049567,219.67688133621567,15.012601822530883,40.74849066115524
535.7094548858474,220.10750152347612,15.012601822530883,40.74849066115524
537.216625541259,220.10750152347612,15.012601822530883,40.74849066115524
538.29317600941,219.67688133621567,15.012601822530883,40.74849066115524
539.8003466648215,219.24626114895523,15.012601822530883,40.74849066115524
543.4606182565353,219.24626114895523,15.012601822530883,40.74849066115524
544.3218586310563,219.24626114895523,15.012601822530883,40.74849066115524
545.3984090992074,218.81564096169478,15.012601822530883,40.74849066115524
546.6902696609889,218.60033086806456,15.012601822530883,40.74849066115524
550.1352311590724,219.030951055325,15.012601822530883,40.74849066115524
550.781161439963,219.030951055325,15.012601822530883,40.74849066115524
554.2261229380465,219.030951055325,15.012601822530883,40.74849066115524
554.8720532189373,218.81564096169478,15.012601822530883,40.74849066115524
558.1017046233906,217.9544005871739,15.012601822530883,40.74849066115524
559.3935651851718,217.9544005871739,15.012601822530883,40.74849066115524
563.0538367768856,217.52378039991345,15.012601822530883,40.74849066115524
564.5610074322972,216.87785011902278,15.012601822530883,40.74849066115524
567.7906588367505,216.87785011902278,15.012601822530883,40.74849066115524
570.159069866683,217.30847030628323,15.012601822530883,40.74849066115524
572.7427909902456,216.87785011902278,15.012601822530883,40.74849066115524
575.9724423946989,217.52378039991345,15.012601822530883,40.74849066115524
578.7714736118919,216.66254002539256,15.012601822530883,40.74849066115524
582.2164351099755,217.30847030628323,15.012601822530883,40.74849066115524
582.862365390866,217.093160212653,15.012601822530883,40.74849066115524
586.3073268889495,217.9544005871739,15.012601822530883,40.74849066115524
588.4604278252518,217.9544005871739,15.012601822530883,40.74849066115524
591.9053893233354,218.16971068080412,15.012601822530883,40.74849066115524
593.6278700723772,216.66254002539256,15.012601822530883,40.74849066115524
595.9962811023097,217.30847030628323,15.012601822530883,40.74849066115524
597.5034517577212,217.30847030628323,15.012601822530883,40.74849066115524
601.5943435366953,217.093160212653,15.012601822530883,40.74849066115524
603.3168242857371,217.30847030628323,15.012601822530883,40.74849066115524
606.9770958774509,216.66254002539256,15.012601822530883,40.74849066115524
611.929228030946,217.73909049354367,15.012601822530883,40.74849066115524
617.3119803717016,218.38502077443434,15.012601822530883,40.74849066115524
619.2497712143736,217.9544005871739,15.012601822530883,40.74849066115524
620.1110115888946,217.9544005871739,15.012601822530883,40.74849066115524
622.6947327124572,219.24626114895523,15.012601822530883,40.74849066115524
624.2019033678687,218.60033086806456,15.012601822530883,40.74849066115524
623.7712831806082,218.16971068080412,15.012601822530883,40.74849066115524
621.6181822443059,217.30847030628323,15.012601822530883,40.74849066115524
622.9100428060874,217.30847030628323,15.012601822530883,40.74849066115524
623.9865932742384,218.38502077443434,15.012601822530883,40.74849066115524
625.0631437423897,220.10750152347612,15.012601822530883,40.74849066115524
630.230585989515,223.12184283429926,15.012601822530883,40.74849066115524
632.8143071130776,225.4902538642317,15.012601822530883,40.74849066115524
633.6755474875986,226.78211442601304,15.012601822530883,40.74849066115524
634.9674080493799,228.50459517505482,15.012601822530883,40.74849066115524
635.3980282366404,231.30362639224774,15.012601822530883,40.74849066115524
636.0439585175311,233.45672732854996,15.012601822530883,40.74849066115524
635.8286484239009,235.39451817122196,15.012601822530883,40.74849066115524
638.4123695474634,238.40885948204507,15.012601822530883,40.74849066115524
638.1970594538332,240.77727051197755,15.012601822530883,40.74849066115524
638.1970594538332,243.14568154191002,15.012601822530883,40.74849066115524
639.0582998283542,245.08347238458205,15.012601822530883,40.74849066115524
639.9195402028749,249.1743641635563,15.012601822530883,40.74849066115524
642.0726411391772,250.6815348189679,15.012601822530883,40.74849066115524
642.2879512328075,255.2030467852026,15.012601822530883,40.74849066115524
643.1491916073285,257.14083762787465,15.012601822530883,40.74849066115524
642.9338815136982,260.15517893869776,15.012601822530883,40.74849066115524
644.4410521691098,263.3848303431511,15.012601822530883,40.74849066115524
645.3022925436305,265.9685514667138,15.012601822530883,40.74849066115524
645.732912730891,271.3513038074694,15.012601822530883,40.74849066115524
646.3788430117818,274.1503350246623,15.012601822530883,40.74849066115524
647.2400833863026,277.8106066163761,15.012601822530883,40.74849066115524
647.6707035735631,282.97804886350144,15.012601822530883,40.74849066115524
648.3166338544538,287.49956082973614,15.012601822530883,40.74849066115524
648.9625641353443,289.65266176603836,15.012601822530883,40.74849066115524
650.9003549780164,294.17417373227306,15.012601822530883,40.74849066115524
651.1156650716466,297.1885150430962,15.012601822530883,40.74849066115524
650.9003549780164,300.84878663481,15.012601822530883,40.74849066115524
651.9769054461676,304.07843803926335,15.012601822530883,40.74849066115524
653.0534559143186,309.2458802863887,15.012601822530883,40.74849066115524
652.4075256334281,312.47553169084205,15.012601822530883,40.74849066115524
651.7615953525374,314.8439427207745,15.012601822530883,40.74849066115524
653.0534559143189,316.3511133761861,15.012601822530883,40.74849066115524
653.6993861952094,316.78173356344655,15.012601822530883,40.74849066115524
654.9912467569909,320.44200515516036,15.012601822530883,40.74849066115524
656.7137275060327,324.31758684050436,15.012601822530883,40.74849066115524
657.3596577869232,328.19316852584836,15.012601822530883,40.74849066115524
657.5749678805535,331.8534401175622,15.012601822530883,40.74849066115524
659.082138535965,336.1596419901666,15.012601822530883,40.74849066115524
659.7280688168557,337.6668126455782,15.012601822530883,40.74849066115524
660.3739990977463,342.61894479907335,15.012601822530883,40.74849066115524
661.2352394722673,346.7098365780476,15.012601822530883,40.74849066115524
662.096479846788,349.5088677952405,15.012601822530883,40.74849066115524
661.019929378637,353.3844494805845,15.012601822530883,40.74849066115524
662.5271000340485,357.4753412595588,15.012601822530883,40.74849066115524
663.6036505021996,361.3509229449028,15.012601822530883,40.74849066115524
664.8955110639811,365.6571248175072,15.012601822530883,40.74849066115524
666.6179918130229,369.7480165964815,15.012601822530883,40.74849066115524
665.3261312512413,372.11642762641395,15.012601822530883,40.74849066115524
666.4026817193926,376.4226294990184,15.012601822530883,40.74849066115524
667.2639220939134,379.86759099710196,15.012601822530883,40.74849066115524
667.9098523748041,384.1737928697064,15.012601822530883,40.74849066115524
669.6323331238459,388.0493745550504,15.012601822530883,40.74849066115524
670.0629533111064,392.5708865212851,15.012601822530883,40.74849066115524
670.4935734983669,396.4464682066291,15.012601822530883,40.74849066115524
671.7854340601482,400.53735998560336,15.012601822530883,40.74849066115524
670.0629533111064,404.8435618582078,15.012601822530883,40.74849066115524
670.7088835919972,408.5038334499216,15.012601822530883,40.74849066115524
672.0007441537784,412.1641050416354,15.012601822530883,40.74849066115524
672.8619845282994,414.96313625882834,15.012601822530883,40.74849066115524
673.7232249028202,419.2693381314328,15.012601822530883,40.74849066115524
674.1538450900807,422.9296097231466,15.012601822530883,40.74849066115524
674.7997753709715,426.8051914084906,15.012601822530883,40.74849066115524
676.0916359327528,430.25015290657416,15.012601822530883,40.74849066115524
677.5988065881643,433.6951144046577,15.012601822530883,40.74849066115524
678.8906671499458,437.1400759027413,15.012601822530883,40.74849066115524
679.9672176180968,438.4319364645226,15.012601822530883,40.74849066115524
678.0294267754248,440.58503740082483,15.012601822530883,40.74849066115524
678.6753570563155,442.0922080562364,15.012601822530883,40.74849066115524
679.9672176180968,444.6759291797991,15.012601822530883,40.74849066115524
681.0437680862481,445.7524796479502,15.012601822530883,40.74849066115524
682.7662488352898,446.6137200224711,15.012601822530883,40.74849066115524
684.7040396779619,447.04434020973156,15.012601822530883,40.74849066115524
685.7805901461129,448.3362007715129,15.012601822530883,40.74849066115524
685.1346598652224,450.05868152055467,15.012601822530883,40.74849066115524
684.0581093970711,450.05868152055467,15.012601822530883,40.74849066115524
682.3356286480293,451.350542082336,15.012601822530883,40.74849066115524
680.8284579926178,455.8720540485707,15.012601822530883,40.74849066115524
680.6131478989876,457.5945347976125,15.012601822530883,40.74849066115524
679.967217618097,456.9486045167218,15.012601822530883,40.74849066115524
680.8284579926178,457.8098448912427,15.012601822530883,40.74849066115524
680.1825277117273,457.163914610352,15.012601822530883,40.74849066115524
679.967217618097,456.94860451672173,15.012601822530883,40.74849066115524
681.4743882735086,457.8098448912426,15.012601822530883,40.74849066115524
680.6131478989876,458.02515498487287,15.012601822530883,40.74849066115524
679.967217618097,457.5945347976124,15.012601822530883,40.74849066115524
678.6753570563155,457.3792247039822,15.012601822530883,40.74849066115524
680.8284579926178,457.3792247039822,15.012601822530883,40.74849066115524
680.1825277117273,457.1639146103519,15.012601822530883,40.74849066115524
679.7519075244668,456.9486045167217,15.012601822530883,40.74849066115524
678.6753570563155,458.45577517213326,15.012601822530883,40.74849066115524
681.2590781798783,458.0251549848728,15.012601822530883,40.74849066115524
681.2590781798783,457.59453479761237,15.012601822530883,40.74849066115524
681.6896983671388,456.9486045167217,15.012601822530883,40.74849066115524
681.9050084607691,457.3792247039821,15.012601822530883,40.74849066115524
681.9050084607691,457.59453479761237,15.012601822530883,40.74849066115524
681.9050084607691,457.3792247039821,15.012601822530883,40.74849066115524
682.1203185543993,456.5179843294612,15.012601822530883,40.74849066115524
681.4743882735086,457.80984489124256,15.012601822530883,40.74849066115524
681.4743882735086,458.8863953593937,15.012601822530883,40.74849066115524
681.4743882735086,457.80984489124256,15.012601822530883,40.74849066115524
681.6896983671388,457.5945347976123,15.012601822530883,40.74849066115524
681.2590781798783,458.67108526576345,15.012601822530883,40.74849066115524
680.6131478989878,458.4557751721332,15.012601822530883,40.74849066115524
678.890667149946,458.02515498487276,15.012601822530883,40.74849066115524
676.3069460263832,458.88639535939365,15.012601822530883,40.74849066115524
677.1681864009042,458.4557751721332,15.012601822530883,40.74849066115524
674.7997753709717,459.1017054530239,15.012601822530883,40.74849066115524
675.4457056518625,459.9629458275448,15.012601822530883,40.74849066115524
675.6610157454927,459.3170155466541,15.012601822530883,40.74849066115524
676.3069460263832,459.10170545302384,15.012601822530883,40.74849066115524
677.5988065881647,458.8863953593936,15.012601822530883,40.74849066115524
679.751907524467,458.67108526576334,15.012601822530883,40.74849066115524
681.4743882735088,458.4557751721331,15.012601822530883,40.74849066115524
681.0437680862483,458.02515498487264,15.012601822530883,40.74849066115524
680.1825277117273,459.9629458275447,15.012601822530883,40.74849066115524
680.828457992618,458.2404650785029,15.012601822530883,40.74849066115524
679.5365974308365,457.379224703982,15.012601822530883,40.74849066115524
681.2590781798783,458.67108526576334,15.012601822530883,40.74849066115524
681.0437680862481,459.1017054530238,15.012601822530883,40.74849066115524
680.3978378053575,460.82418620206556,15.012601822530883,40.74849066115524
678.890667149946,459.7476357339144,15.012601822530883,40.74849066115524
676.3069460263832,460.82418620206556,15.012601822530883,40.74849066115524
674.3691551837112,461.254806389326,15.012601822530883,40.74849066115524
675.2303955582322,460.6088761084353,15.012601822530883,40.74849066115524
675.6610157454927,460.39356601480506,15.012601822530883,40.74849066115524
676.0916359327532,461.03949629569576,15.012601822530883,40.74849066115524
673.9385349964509,461.90073667021665,15.012601822530883,40.74849066115524
674.5844652773415,462.76197704473753,15.012601822530883,40.74849066115524
675.015085464602,462.11604676384684,15.012601822530883,40.74849066115524
675.4457056518625,463.4079073256282,15.012601822530883,40.74849066115524
675.6610157454927,463.1925972319979,15.012601822530883,40.74849066115524
676.737566213644,463.1925972319979,15.012601822530883,40.74849066115524
677.5988065881647,464.26914770014906,15.012601822530883,40.74849066115524
679.5365974308368,465.13038807466995,15.012601822530883,40.74849066115524
678.4600469626857,465.5610082619304,15.012601822530883,40.74849066115524
680.1825277117275,467.2834890109722,15.012601822530883,40.74849066115524
679.3212873372065,467.7141091982326,15.012601822530883,40.74849066115524
677.814116681795,468.3600394791233,15.012601822530883,40.74849066115524
679.9672176180973,469.2212798536442,15.012601822530883,40.74849066115524
677.598806588165,469.2212798536442,15.012601822530883,40.74849066115524
675.2303955582324,469.65190004090465,15.012601822530883,40.74849066115524
676.3069460263837,470.7284505090558,15.012601822530883,40.74849066115524
674.5844652773419,472.2356211644674,15.012601822530883,40.74849066115524
675.2303955582324,472.6662413517278,15.012601822530883,40.74849066115524
675.6610157454929,473.5274817262487,15.012601822530883,40.74849066115524
675.8763258391232,473.95810191350915,15.012601822530883,40.74849066115524
676.5222561200139,475.0346523816603,15.012601822530883,40.74849066115524
676.9528763072744,476.11120284981143,15.012601822530883,40.74849066115524
675.2303955582327,477.1877533179626,15.012601822530883,40.74849066115524
676.0916359327534,477.83368359885327,15.012601822530883,40.74849066115524
676.5222561200139,478.69492397337416,15.012601822530883,40.74849066115524
677.5988065881652,479.9867845351555,15.012601822530883,40.74849066115524
675.6610157454932,481.06333500330663,15.012601822530883,40.74849066115524
676.7375662136442,482.1398854714578,15.012601822530883,40.74849066115524
677.8141166817954,483.00112584597866,15.012601822530883,40.74849066115524
679.5365974308372,485.8001570631716,15.012601822530883,40.74849066115524
677.5988065881652,486.6613974376925,15.012601822530883,40.74849066115524
679.7519075244675,488.38387818673425,15.012601822530883,40.74849066115524
677.8141166817954,488.8144983739947,15.012601822530883,40.74849066115524
678.6753570563162,490.3216690294063,15.012601822530883,40.74849066115524
676.7375662136442,490.7522892166667,15.012601822530883,40.74849066115524
677.3834964945349,492.0441497784481,15.012601822530883,40.74849066115524
676.0916359327534,493.3360103402295,15.012601822530883,40.74849066115524
675.8763258391232,493.98194062112015,15.012601822530883,40.74849066115524
676.3069460263837,496.1350415574224,15.012601822530883,40.74849066115524
676.0916359327534,496.3503516510527,15.012601822530883,40.74849066115524
675.8763258391232,497.21159202557357,15.012601822530883,40.74849066115524
676.0916359327534,498.50345258735496,15.012601822530883,40.74849066115524
676.3069460263837,501.0871737109176,15.012601822530883,40.74849066115524
676.5222561200139,504.1015150217408,15.012601822530883,40.74849066115524
676.9528763072744,505.3933755835222,15.012601822530883,40.74849066115524
677.3834964945349,506.9005462389337,15.012601822530883,40.74849066115524
677.8141166817954,508.83833708160574,15.012601822530883,40.74849066115524
678.2447368690559,510.5608178306475,15.012601822530883,40.74849066115524
678.6753570563164,511.63736829879866,15.012601822530883,40.74849066115524
679.3212873372072,513.5751591414706,15.012601822530883,40.74849066115524
677.8141166817957,515.0823297968822,15.012601822530883,40.74849066115524
679.105977243577,517.0201206395542,15.012601822530883,40.74849066115524
677.3834964945352,518.0966711077053,15.012601822530883,40.74849066115524
678.0294267754259,519.3885316694867,15.012601822530883,40.74849066115524
678.2447368690562,519.3885316694867,15.012601822530883,40.74849066115524
678.4600469626864,519.8191518567472,15.012601822530883,40.74849066115524
678.4600469626864,520.8957023248984,15.012601822530883,40.74849066115524
678.4600469626864,521.3263225121589,15.012601822530883,40.74849066115524
678.6753570563167,521.1110124185286,15.012601822530883,40.74849066115524
679.1059772435772,521.3263225121589,15.012601822530883,40.74849066115524
677.8141166817957,520.2497720440077,15.012601822530883,40.74849066115524
678.4600469626864,519.1732215758566,15.012601822530883,40.74849066115524
678.6753570563167,517.6660509204451,15.012601822530883,40.74849066115524
679.3212873372072,516.1588802650335,15.012601822530883,40.74849066115524
679.5365974308374,513.7904692351011,15.012601822530883,40.74849066115524
679.967217618098,511.2067481115385,15.012601822530883,40.74849066115524
680.3978378053584,507.5464765198247,15.012601822530883,40.74849066115524
681.2590781798795,504.3168251153714,15.012601822530883,40.74849066115524
682.766248835291,500.01062324276694,15.012601822530883,40.74849066115524
685.780590146114,498.28814249372516,15.012601822530883,40.74849066115524
685.9959002397443,493.1207002465998,15.012601822530883,40.74849066115524
685.9959002397443,490.75228921666735,15.012601822530883,40.74849066115524
685.9959002397443,486.01546715680246,15.012601822530883,40.74849066115524
685.9959002397443,481.0633350033073,15.012601822530883,40.74849066115524
687.0724507078955,476.1112028498122,15.012601822530883,40.74849066115524
687.503070895156,472.23562116446817,15.012601822530883,40.74849066115524
687.503070895156,467.283489010973,15.012601822530883,40.74849066115524
687.2877608015258,462.76197704473833,15.012601822530883,40.74849066115524
686.8571406142653,458.8863953593943,15.012601822530883,40.74849066115524
685.9959002397443,454.36488339315963,15.012601822530883,40.74849066115524
685.3499699588538,449.84337142692493,15.012601822530883,40.74849066115524
687.503070895156,445.7524796479507,15.012601822530883,40.74849066115524
687.0724507078955,442.73813833712757,15.012601822530883,40.74849066115524
686.4265204270048,438.86255665178356,15.012601822530883,40.74849066115524
685.7805901461143,434.5563547791791,15.012601822530883,40.74849066115524
687.503070895156,430.46546300020486,15.012601822530883,40.74849066115524
687.0724507078955,426.58988131486086,15.012601822530883,40.74849066115524
686.641830520635,422.71429962951686,15.012601822530883,40.74849066115524
687.9336910824163,418.6234078505426,15.012601822530883,40.74849066115524
687.5030708951558,414.53251607156835,15.012601822530883,40.74849066115524
687.0724507078953,410.4416242925941,15.012601822530883,40.74849066115524
688.3643112696768,406.35073251361985,15.012601822530883,40.74849066115524
688.3643112696768,403.1210811091665,15.012601822530883,40.74849066115524
686.641830520635,400.10673979834337,15.012601822530883,40.74849066115524
689.4408617378278,397.09239848752026,15.012601822530883,40.74849066115524
687.2877608015256,393.43212689580645,15.012601822530883,40.74849066115524
688.1490011760466,388.91061492957175,15.012601822530883,40.74849066115524
689.0102415505673,385.6809635251184,15.012601822530883,40.74849066115524
689.6561718314581,382.88193230792547,15.012601822530883,40.74849066115524
693.3164434231719,379.6522809034721,15.012601822530883,40.74849066115524
694.8236140785834,376.8532496862792,15.012601822530883,40.74849066115524
699.345126044818,372.9776680009352,15.012601822530883,40.74849066115524
703.6513279174226,369.3173964092214,15.012601822530883,40.74849066115524
708.1728398836572,365.44181472387737,15.012601822530883,40.74849066115524
715.9240032543453,362.212163319424,15.012601822530883,40.74849066115524
720.8761354078404,360.0590623831218,15.012601822530883,40.74849066115524
728.6272987785283,358.98251191497064,15.012601822530883,40.74849066115524
732.9335006511328,355.96817060414753,15.012601822530883,40.74849066115524
740.4693539281907,353.38444948058486,15.012601822530883,40.74849066115524
745.4214860816858,350.8007283570222,15.012601822530883,40.74849066115524
753.1726494523737,348.4323173270897,15.012601822530883,40.74849066115524
763.7228440402546,346.2792163907875,15.012601822530883,40.74849066115524
771.689317504573,344.98735582900616,15.012601822530883,40.74849066115524
779.4404808752608,343.910805360855,15.012601822530883,40.74849066115524
786.9763341523187,343.4801851735946,15.012601822530883,40.74849066115524
794.2968773357463,340.035223675511,15.012601822530883,40.74849066115524
806.1389324854088,335.7290218029066,15.012601822530883,40.74849066115524
814.1054059497269,333.3606107729741,15.012601822530883,40.74849066115524
819.2728481968522,335.0830915220159,15.012601822530883,40.74849066115524
811.0910646389038,342.83425489270394,15.012601822530883,40.74849066115524
815.1819564178779,345.63328610989686,15.012601822530883,40.74849066115524
822.7178096949358,344.3414255481155,15.012601822530883,40.74849066115524
833.0526941891865,342.61894479907374,15.012601822530883,40.74849066115524
841.2344777471351,343.26487507996444,15.012601822530883,40.74849066115524
849.4162613050835,342.40363470544355,15.012601822530883,40.74849066115524
858.0286650502924,341.3270842372924,15.012601822530883,40.74849066115524
865.5645183273502,340.4658438627715,15.012601822530883,40.74849066115524
873.3156816980384,340.89646405003197,15.012601822530883,40.74849066115524
881.2821551623565,340.89646405003197,15.012601822530883,40.74849066115524
889.0333185330446,341.3270842372924,15.012601822530883,40.74849066115524
896.7844819037325,339.3892933946204,15.012601822530883,40.74849066115524
904.3203351807904,340.89646405003197,15.012601822530883,40.74849066115524
911.8561884578482,340.25053376914127,15.012601822530883,40.74849066115524
918.9614215476456,340.89646405003197,15.012601822530883,40.74849066115524
928.6503757610058,342.61894479907374,15.012601822530883,40.74849066115524
933.3871978208706,341.5423943309226,15.012601822530883,40.74849066115524
941.7842914724495,342.61894479907374,15.012601822530883,40.74849066115524
949.3201447495073,343.9108053608551,15.012601822530883,40.74849066115524
957.9325484947162,344.5567356417458,15.012601822530883,40.74849066115524
964.8224714908833,343.6954952672249,15.012601822530883,40.74849066115524
972.7889449552015,344.772045735376,15.012601822530883,40.74849066115524
978.8176275768478,346.06390629715736,15.012601822530883,40.74849066115524
987.2147212284265,346.92514667167825,15.012601822530883,40.74849066115524
992.5974735691821,348.64762742072,15.012601822530883,40.74849066115524
997.3342956290471,348.2170072334596,15.012601822530883,40.74849066115524
1004.870148906105,350.1547980761316,15.012601822530883,40.74849066115524
1010.4682113404908,350.37010816976186,15.012601822530883,40.74849066115524
1015.8509636812464,350.8007283570223,15.012601822530883,40.74849066115524
1022.9561967710438,351.446658637913,15.012601822530883,40.74849066115524
1028.1236390181691,352.3078990124339,15.012601822530883,40.74849066115524
1032.860461078034,352.9538292933246,15.012601822530883,40.74849066115524
1038.67383360605,352.0925889188037,15.012601822530883,40.74849066115524
1043.8412758531754,351.66196873154325,15.012601822530883,40.74849066115524
1051.5924392238635,352.7385191996944,15.012601822530883,40.74849066115524
1055.6833310028378,353.81506966784553,15.012601822530883,40.74849066115524
1059.9895328754424,352.5232091060642,15.012601822530883,40.74849066115524
1066.0182154970887,354.0303797614758,15.012601822530883,40.74849066115524
1069.6784870888025,355.1069302296269,15.012601822530883,40.74849066115524
1074.6306192422976,356.39879079140826,15.012601822530883,40.74849066115524
1079.1521312085322,356.6141008850385,15.012601822530883,40.74849066115524
1083.888953268397,357.04472107229896,15.012601822530883,40.74849066115524
1089.2717056091526,358.1212715404501,15.012601822530883,40.74849066115524
1093.7932175753872,357.90596144681984,15.012601822530883,40.74849066115524
1101.329070852445,358.982511914971,15.012601822530883,40.74849066115524
1106.2812030059401,359.19782200860124,15.012601822530883,40.74849066115524
1109.080234223133,358.55189172771054,15.012601822530883,40.74849066115524
1113.6017461893675,359.41313210223143,15.012601822530883,40.74849066115524
1118.7691884364929,359.6284421958617,15.012601822530883,40.74849066115524
1123.0753903090974,360.920302757643,15.012601822530883,40.74849066115524
1128.8887628371135,361.7815431321639,15.012601822530883,40.74849066115524
1132.333724335197,362.6427835066848,15.012601822530883,40.74849066115524
1136.4246161141714,363.2887137875755,15.012601822530883,40.74849066115524
1140.946128080406,362.85809360031504,15.012601822530883,40.74849066115524
1145.4676400466406,365.4418147238777,15.012601822530883,40.74849066115524
1151.0657024810264,366.51836519202885,15.012601822530883,40.74849066115524
1155.371904353631,367.59491566018,15.012601822530883,40.74849066115524
1162.4771374434283,368.8867762219613,15.012601822530883,40.74849066115524
1168.0751998778142,371.03987715826355,15.012601822530883,40.74849066115524
1171.5201613758977,370.39394687737285,15.012601822530883,40.74849066115524
1178.625394465695,372.5470478136751,15.012601822530883,40.74849066115524
1184.0081468064507,374.91545884360755,15.012601822530883,40.74849066115524
1188.099038585425,378.3604203416911,15.012601822530883,40.74849066115524
1195.850201956113,379.8675909971027,15.012601822530883,40.74849066115524
1207.261636918515,387.4034442741605,15.012601822530883,40.74849066115524
1217.5965214127657,391.70964614676495,15.012601822530883,40.74849066115524
1229.0079563751676,399.6761196110832,15.012601822530883,40.74849066115524
1240.8500115248298,407.64259307540146,15.012601822530883,40.74849066115524
1248.8164849891482,412.37941513526636,15.012601822530883,40.74849066115524
1259.1513694833989,419.91526841232417,15.012601822530883,40.74849066115524
1260.0126098579199,418.4080977569126,15.012601822530883,40.74849066115524
1267.763773228608,423.5755400040379,15.012601822530883,40.74849066115524
1269.2709438840195,421.6377491613659,15.012601822530883,40.74849066115524
1267.763773228608,422.71429962951703,15.012601822530883,40.74849066115524
1269.2709438840195,421.4224390677357,15.012601822530883,40.74849066115524
1268.6250136031288,421.85305925499614,15.012601822530883,40.74849066115524
1267.979083322238,422.9296097231473,15.012601822530883,40.74849066115524
1267.7637732286078,421.85305925499614,15.012601822530883,40.74849066115524
1266.6872227604567,421.6377491613659,15.012601822530883,40.74849066115524
1268.840323696759,419.0540280378032,15.012601822530883,40.74849066115524
1268.6250136031288,414.31720597793833,15.012601822530883,40.74849066115524
1267.979083322238,415.1784463524592,15.012601822530883,40.74849066115524
1269.4862539776495,411.3028646671152,15.012601822530883,40.74849066115524
1269.4862539776495,410.4416242925943,15.012601822530883,40.74849066115524
1268.1943934158683,410.6569343862246,15.012601822530883,40.74849066115524
1266.6872227604567,414.74782616519883,15.012601822530883,40.74849066115524
1266.4719126668265,416.90092710150105,15.012601822530883,40.74849066115524
1269.0556337903893,413.24065550978725,15.012601822530883,40.74849066115524
1267.9790833222382,408.9344536371828,15.012601822530883,40.74849066115524
1269.70156407128,408.9344536371828,15.012601822530883,40.74849066115524
1270.3474943521708,404.62825176457835,15.012601822530883,40.74849066115524
1269.0556337903895,405.7048022327295,15.012601822530883,40.74849066115524
1268.8403236967592,404.1976315773179,15.012601822530883,40.74849066115524
1267.9790833222382,407.64259307540146,15.012601822530883,40.74849066115524
1269.0556337903893,407.64259307540146,15.012601822530883,40.74849066115524
1268.4097035094985,408.0732132626619,15.012601822530883,40.74849066115524
1269.0556337903893,409.36507382444324,15.012601822530883,40.74849066115524
1268.4097035094985,416.4703069142406,15.012601822530883,40.74849066115524
1268.1943934158683,424.43678037855886,15.012601822530883,40.74849066115524
1269.0556337903893,428.7429822511633,15.012601822530883,40.74849066115524
1269.0556337903893,430.4654630002051,15.012601822530883,40.74849066115524
1268.4097035094985,425.7286409403402,15.012601822530883,40.74849066115524
1267.1178429477172,427.2358115957518,15.012601822530883,40.74849066115524
1268.1943934158683,431.9726336556167,15.012601822530883,40.74849066115524
1267.979083322238,439.2931768390443,15.012601822530883,40.74849066115524
1268.840323696759,446.39840992884166,15.012601822530883,40.74849066115524
1267.3331530413475,454.58019348679017,15.012601822530883,40.74849066115524
1267.9790833222382,462.116046763848,15.012601822530883,40.74849066115524
1267.763773228608,470.5131404154267,15.012601822530883,40.74849066115524
1269.0556337903893,475.4652725689218,15.012601822530883,40.74849066115524
1268.4097035094985,483.00112584597963,15.012601822530883,40.74849066115524
1269.0556337903893,490.7522892166677,15.012601822530883,40.74849066115524
1269.4862539776498,498.2881424937255,15.012601822530883,40.74849066115524
1270.1321842585405,506.0393058644135,15.012601822530883,40.74849066115524
1269.4862539776498,513.1445389542108,15.012601822530883,40.74849066115524
1270.778114539431,520.4650821376384,15.012601822530883,40.74849066115524
1272.4936990887345,524.9865941038731,15.012601822530883,40.74849066115524
1272.327872140893,523.6752520137827,15.344255718213688,41.64869409229428
1272.327872140893,519.2739188212693,15.344255718213688,41.64869409229428
1272.327872140893,517.7334522038896,15.344255718213688,41.64869409229428
1269.687072225385,516.4130522461355,15.344255718213688,41.64869409229428
1268.366672267631,521.0344520982746,15.344255718213688,41.64869409229428
1267.4864056291283,521.2545187579003,15.344255718213688,41.64869409229428
1262.6449391173635,526.3160519292908,15.344255718213688,41.64869409229428
1265.5058056924972,534.6785849950664,15.344255718213688,41.64869409229428
1267.2663389695026,545.9019846359759,15.344255718213688,41.64869409229428
1269.026872246508,557.7855842557623,15.344255718213688,41.64869409229428
1269.4670055657593,565.9280506619123,15.344255718213688,41.64869409229428
1272.327872140893,561.7467841290245,15.344255718213688,41.64869409229428
1269.4670055657593,562.8471174271529,15.344255718213688,41.64869409229428
