962.5,673.5,32,89
960.3188333577057,671.1692772935037,34.21626900312509,86.45879534280232
960.5232719158156,675.2308221780233,34.967143540576444,87.29427319308662
956.8054762642831,672.033953929074,34.72149619236569,87.17131705258825
958.2366009421507,674.3306531721524,35.081567631689666,87.32536367293756
957.7511214822231,671.7974922594572,36.22429970210821,82.27805615720266
957.07851385403,674.309335427433,35.42928191863852,83.93683823555753
955.5520712441561,672.7994213910611,34.999717845249755,83.7368717965064
955.7557758318308,673.1200280335468,36.076219945763924,83.69672426642558
956.6759589162729,670.7930030133672,36.62841998095095,84.34614803267581
952.8552005499256,671.6621719488891,36.085545691916906,82.5331221219119
951.3339465445796,666.0902652250076,37.54370085169486,82.67867697897668
950.6043240695576,663.3155477925433,36.61082997036381,86.5981010006282
948.5110478971967,661.5806510472883,38.80600424616148,88.16220847028711
948.1348443890107,666.2687379760389,39.216798863909254,86.82540228856719
949.1115497966586,663.3211433971977,38.281620036566665,89.00943126329656
949.0751245440072,668.9783059286991,38.224789297376844,89.51102512271822
949.1302318590948,666.7654763118676,39.150915142283935,88.88485835616748
947.05442635944,665.929923158744,38.82556834358965,85.29359979806529
944.5101355335197,663.074890768526,38.686155076606795,83.48126992136645
946.7423722703196,664.4381396420245,40.15357399802656,82.35732423068194
945.4654034449535,660.3580912873186,39.87012384854214,82.19049470870945
945.6335880499414,661.4160536353895,39.99977799428882,81.36659033345995
943.5295179946918,661.9405386275257,40.85877769913311,81.67323715712516
941.5893664134594,658.7441307702993,42.497528508692646,83.18827004992264
940.7208614876103,662.1182581656532,41.015815063271795,85.60802883190783
937.7287825679729,657.9408239099125,40.740634046803066,85.25922684168017
938.058823434835,652.0306707900169,41.423379752387135,87.48073719066338
937.6392881804583,653.4899064728922,39.544328970933485,86.64447684252133
941.733506964791,655.4927888566926,40.44492166807608,85.49500265376267
944.910123485815,656.4246890148573,40.766607277608855,83.71987934141293
941.6353297197369,654.7929800461851,37.823070801586375,84.7516173623755
943.4721677616915,653.7462262948525,37.77244707630464,86.39579918430798
941.4949081383093,658.1764922021476,39.102348269632884,84.80389978167449
940.8585718621825,655.5287696801778,39.88716780145654,86.24914369570088
940.040786199048,657.503644008415,40.50998099193029,85.62082977547843
938.1684219582637,654.4741497616827,41.83538865173661,84.09618961446287
938.656719540425,653.631075687491,41.437597801550474,85.49802938891813
937.5693461642937,650.7038067926308,41.626519253596314,86.83377121153669
936.8865739119577,652.8878999367334,43.297328261032064,85.13639252335261
935.0057950001872,653.714883277227,43.97083309652095,85.28261545666135
933.1711659886101,646.4907759294874,41.63959282484463,89.70351787339322
931.5702567693714,648.8726769029638,42.249083191727834,88.37388927200617
931.9352081075407,647.9755468650332,43.91273734865639,89.0538685279746
931.6271414255402,649.3454846463983,43.74474961652311,92.76940106155769
930.928846647285,641.7696217868577,45.15166174290318,94.81499999536064
931.768657463245,647.2163603712488,48.21852772847589,94.46869632663936
928.1051683979296,648.5881911667592,48.26755891010162,94.1533882836687
924.3351346503636,638.2413178079536,46.30031172322684,97.28540747747621
925.9658471744353,647.0682514266249,45.458104261600454,98.80038827785316
925.013628674808,642.0453685814185,45.077849450247164,101.58505510657164
924.6442488157222,642.7902571229237,45.240216279396066,99.81127902754196
920.4666675813658,639.5434099473378,44.94982992761338,104.07601691776114
917.9932079300089,638.4396157971532,45.222351761760095,104.18763911743739
917.0502568902187,636.6605886004753,45.07288039201479,104.43951994778969
919.2741108483266,638.5101632833206,44.85075459860204,106.83992035245433
917.707270675172,636.0105353975658,46.89953945331107,109.70165008865493
916.7724940683707,640.1666139808563,47.89268712978517,110.37356656099026
913.6537735360529,644.9861998337641,49.74730425032898,105.72055131879748
915.2979580531435,641.4199096133705,53.06048674889328,104.7655644301781
908.0319490343494,642.1305712955336,52.770473765363306,105.06790940272015
905.7740029448385,642.0364338613506,57.247454288839826,102.56098239730684
897.2300475349474,645.8358748398474,60.94113521970592,96.89007931356602
888.906403572517,648.102544812861,57.90886534427386,98.71613487153681
875.8224013163556,641.6377087664362,56.89826382327139,100.10039013241618
871.5929503618927,650.1540277343042,59.045144476704195,95.43358643282497
862.0390203661841,650.3508594503301,57.0390785342833,95.12284922196523
851.5022723290754,650.8069048755822,53.44431403416006,96.13384549151723
848.8299908996789,642.2173270438543,47.87383020105844,102.66602659137413
843.4664989238559,645.4067363816154,46.41225175951604,103.62798435933355
837.9068223406966,642.1485924060028,44.643796126090706,106.0249776671566
833.4201675838642,649.8459184938249,43.53774658519015,108.35537355669797
830.3611235555863,638.4673761055751,43.154861893943206,112.61098776740157
826.1004144563401,642.8965167626384,45.39394719524935,112.25544826693465
821.972068496896,646.2721141223535,46.18128114676095,111.68374840529265
819.4537294118735,640.732689426646,45.73278036935716,111.06664824226442
819.3845175394919,642.4119532832583,45.49730882660681,112.81195611177287
818.7964685916771,647.6727872671946,44.57025945394092,114.89192979886853
816.4829493102663,629.7376984677987,43.61281677744354,122.3747458711709
814.6882605746126,624.0763891412676,43.25156668336718,125.58085604034659
812.9494080939954,627.7277013835021,44.28672360802628,128.12715428536973
812.1348501767413,630.3120109627313,46.5158605068159,122.38285993741633
802.7653534460178,600.3132561869571,45.701015238404466,120.45732337690406
793.9256713107596,597.8016789385241,44.60752565760248,118.53645140358573
782.7731934807001,592.8934691945184,44.078788767062406,113.0846814613603
763.2929059063719,592.5340514796768,47.837463433541224,100.79575970415388
744.9864603349164,596.6866909373912,48.53308010135446,93.71068406917392
735.4670688358395,599.7955885006187,48.40365974562623,89.2637759599691
719.0995624430718,604.0271438324882,47.75920933536105,84.80889741292933
711.0029390076661,604.2444711347541,46.76121398815484,81.83848383622939
703.5283305533463,609.2521737143901,44.58339575580318,79.86688093831008
701.8897505483426,614.5152846438671,40.35775291699466,78.64972966651422
697.5451368609123,618.8510016472733,36.40481892253161,79.22810969321009
693.0327463324932,619.7702881014693,35.78166697308316,78.20419608228451
687.5832726715854,617.3366245228318,34.37346917618542,78.03765301937514
684.2473122914583,621.0344629573669,33.980860517494115,75.80187443140211
685.1074715589335,625.0712380159644,31.826548702610005,78.35604610070641
683.6603608516258,623.2565274939376,30.244596239509264,83.19303984335315
684.5562528802003,621.3868270461526,29.941871630602527,82.9729623606272
687.9946887454516,624.4065474183069,29.67668565296835,84.29299913630757
696.9163172071786,622.055611775658,29.07329307887982,82.99681305618799
707.3847736689467,623.1316993362931,29.292157132882707,82.26179188942356
722.0755913150065,623.0470737142491,30.925216054630244,76.85429094769006
740.4495882412162,625.5360383861295,30.37823767462283,73.39027404327558
756.812463901755,626.3723501358834,29.901246576933907,72.45457674177347
767.7824024075102,630.716541515468,32.04338364928584,70.42310440206853
783.1793968642237,627.3525899141478,32.28606542067332,69.53630824100038
792.4933800833711,628.3308413618474,31.819332884356072,68.94283720976725
800.5020625359481,625.3426660618841,31.49154508186335,71.45624020265365
806.0015909389737,624.4302441521016,30.698136698053396,72.44765182464765
812.0419330419215,623.7064760871585,30.05309759561206,73.42276392422988
814.3848367025803,623.4377961628346,29.843950049074884,73.62105279709733
818.4231863187509,625.3699264874792,29.624176781089005,74.27801473920829
817.4098447810279,625.5506089238185,28.783139967847926,73.28743838114383
818.404176114293,628.3961454718439,28.011946755129472,73.29424555319001
819.2335706087475,625.2021279890027,27.88682056224092,73.67526672111214
817.9408186135034,625.9535004520696,28.086540641977745,72.42357214802864
818.7844408948002,627.5574949020363,27.45129660199768,73.25393669124105
816.7199503683013,630.0059218314256,27.66170427547896,71.7266390210459
816.5694455689073,630.0485076520315,27.37247822372761,71.20761619737316
815.1239134658254,632.2466310114843,27.21935011574346,69.13003855920202
813.2993849107984,635.0221401599937,27.68589756507654,69.05759358447925
812.836927053499,635.5656009841124,27.311063666867092,68.81787531015088
813.1899336047793,634.2214976680186,27.199949026602106,69.23012364270153
809.6497328217997,636.6024779707404,26.81753483099507,68.21775033469743
808.8005479912416,637.4455752976344,26.714334076614414,67.73066261259598
807.7389182365177,637.404579095751,26.427135736559546,67.10590855735548
807.3371159526046,639.3786156415647,26.212522263919727,66.50370095378057
809.075758564127,639.1889593283747,25.679148354885555,67.44549551995308
811.5183391990086,638.7436789222675,25.29563646485264,66.69889519649402
816.6712158902658,642.8306202967234,25.91010059637626,65.58935494636142
820.7691672105324,643.2520951196404,25.96507628988846,67.208987411886
828.5930777426867,644.5723795244953,26.212121215264865,65.80137000484049
835.5986945312941,646.0286382137118,26.39309402080151,65.49423888357911
842.5958641808891,645.8857415626633,26.223309164970935,65.86090180075425
847.2026614738394,646.565076092018,27.07520816274949,65.99502081844555
850.4247778527221,647.9591251958118,27.74876515031488,66.5074163280515
853.3786443250689,648.6150125960039,28.898903547326555,66.51661277820142
855.2188520342328,649.2997134878922,29.304285915711386,67.66295353478424
855.0078253211568,647.3078631133263,29.68042994083404,69.81640807381774
856.487465506074,648.9086687514891,30.87606585746814,69.00231854126656
854.7458809034326,646.9277517924548,31.742921366843333,71.0604400674817
854.1441751976109,648.6344408808749,31.501274075064114,70.81005579857019
854.3204481738444,646.0263660668002,30.11221491325422,71.70087898400118
852.6842246836691,647.6102952825559,29.480224351643212,72.63484340557815
851.306421643751,646.2466924573296,28.5201617531956,73.7258578071368
850.5069109390303,649.448987743381,29.548427621312506,74.1829129335813
848.1758743935741,646.202443981469,29.506455893346715,73.51611695825991
846.3998591050894,647.4787709806637,29.488595255945427,74.4261967054454
843.9731248532022,649.3978297158105,29.72133526698305,74.26481225211944
841.7955085713711,647.6085518806349,29.801459016405634,75.61162005679391
841.1695011699619,650.2390084661588,30.682641823021555,74.96345026343174
839.1372178582111,651.7707679406349,31.14273127939383,74.47861230660592
838.6504597690298,654.3657261064409,32.31749792148052,73.58479659144905
833.6911735616341,656.2259536305786,31.817719162871022,72.60924534604534
833.6822461848278,657.1939149672846,31.334396784354,73.09555077054898
833.4045370556913,658.5781499916421,31.365071783673862,72.16957997796798
830.8870105775602,662.1897170631861,31.1923725121528,71.11120499396823
830.4751521689273,659.8370708493138,30.537948260006413,72.89559779211972
828.2630921461482,659.5688654482622,30.608198390555962,72.37119004125213
829.3863924286425,660.7509202839913,30.988084126989733,73.27491574844099
831.6265099723072,664.4390009800212,31.333230318651836,72.04899191665322
837.1312694997242,661.3898963960141,30.838893758934894,71.80783321815113
842.4829814634104,664.4014971420665,30.57696668062262,70.17939424206826
848.4463285846251,664.1476966273074,30.392808029318747,69.8609071411125
852.6119617168724,661.67881870755,29.80944177397935,70.97282226903341
856.6081373368592,661.579136031611,29.429967902932944,71.05854131481397
860.4749650436698,661.6939929008813,29.166505398552403,71.90130503618099
859.0242898995709,661.8522584246231,29.719135136212927,71.91221407172435
862.1519274433442,664.1662519612041,30.58428431929644,70.73246537136487
863.1696371992864,666.4324876124292,30.915376629158807,69.19817898827196
859.0544573714692,663.7879101841327,30.998775072635016,69.75857837077463
857.2068873492128,663.4479467094218,31.9945406798157,70.23594373310102
855.8435615627945,664.7327508498846,32.63936771156024,70.75405679998427
856.3969532753993,664.024401898182,32.32458106340854,72.08865995954164
855.1636641928975,666.5988585205719,31.821811036196966,70.96434292905624
853.4735978774271,666.2471784343767,30.678128512108554,71.41270718913324
850.8550860921702,666.4739858399286,30.523163328349998,69.63651966989957
849.1075188974909,666.9622881168341,30.697660491603678,71.13881721760521
846.2657787498553,668.0309414393223,30.96722753690555,71.20279235859388
845.1233913846523,669.0769498955583,31.227031020591987,71.46448037547371
841.552673936588,667.0079953416074,31.951565281955073,72.41699400417323
841.1481154817133,671.1179958521263,30.88390490040659,71.56437837055594
836.6600022833924,668.6705311921733,32.8466930722559,71.65477134784132
837.46510169674,669.1096094884824,32.350160064728776,72.11592659337293
835.2491350346578,668.8672683669591,32.499063355781594,72.608756727099
835.3202536328231,671.0514900478598,32.14038665899977,71.79291303380046
833.1661033873975,673.0323925462478,32.66330940899127,70.28443402388675
833.6279368847368,680.8254945939707,31.699271830778333,66.9113208250473
830.3770316978404,679.6980149417813,31.98324296354334,65.57156048106509
829.4198751639923,681.73921599358,32.3405259494904,61.882026181041034
829.5948029815153,688.9788825965421,31.443995288027814,64.75535601527798
826.6131567727168,682.4058726124204,31.658784497464314,64.4043733818981
822.914701311575,685.8166895267827,32.81313455625313,64.54006119700266
820.9082433077069,687.2797760282463,33.10597304934069,66.8868583936605
820.3420216392877,683.5414086018535,33.075895500711546,69.13823857496784
820.0851671351172,686.2163895027961,31.738126647648173,68.84332762299698
819.6897364196163,683.2112583730258,30.77304990630945,70.66499268023678
821.7501744112534,683.6214399755604,30.55819408752524,69.86205503649114
829.1127513796288,682.238838719318,29.71726790345992,68.21383401076808
840.5034368997581,682.8325456436096,30.530121793011013,65.23196010397267
857.1969426242143,684.9421870758406,30.482107231305378,63.46695713910769
875.2841191162037,679.3771691506761,31.19765064014915,62.21347763146571
898.5117022864613,684.3721200263572,32.5279075784425,60.71496706204927
927.7929951477304,680.3384285511179,33.367997484566224,61.13798374818441
960.4373543678175,674.4941935318393,33.29643450093497,63.024230581175246
995.9152867950643,677.6356921788501,33.65964618452745,61.65807860880898
1031.8241107760841,674.4207483854678,32.88217461408939,62.65244411610571
1071.1383800318329,674.2104851208408,31.103138666068364,64.0087555813111
1104.6536222101627,674.5623022601773,30.180968823568733,65.10102760795112
1128.0145794621217,671.6237710698432,30.541558592111812,67.66542905607852
1149.2507881657723,676.0414097123131,32.85608652782824,67.97159311635336
1173.5074316965456,672.5611067684439,32.92140511813693,69.08823585788221
1186.880935878326,669.6442972811449,32.49045968182254,69.37160239488855
1197.7403109981367,669.7336577514274,31.7830810547499,70.69933830628295
1205.4993104934088,673.1617571420313,32.99138325744289,66.87303912224306
1211.6332595388803,670.535053528005,31.987326795527924,68.77114711590521
1213.6806866274856,672.3568728345496,31.966859691834646,70.73929868302258
1216.8067156709037,669.0250694384436,31.366521175158347,72.7124371639247
1218.5386144939725,668.1751570995514,32.174477317014784,74.68118589919283
1219.3132924951901,666.8695676834184,32.49548741107619,76.57781215014836
1219.5377995756885,666.8523169921996,32.06158596026498,77.6735626695108
1218.361565895196,664.6687762908488,32.714663386710264,79.54465355745722
1218.6529652795593,663.6256753038192,33.47488028875959,79.37519928914568
1216.667189884298,664.8609390993596,33.81619135416962,78.11372163817413
1215.4274107902643,666.6930823215042,33.62800800514277,76.08114763056105
1213.8884122680324,664.015088029234,32.533059073349435,76.71381048573139
1215.4674739805662,668.5599547921913,32.36600973351739,74.81503450605071
1214.6547697958615,665.3469556200012,32.21531246060812,77.15656877725007
1213.0407698293611,665.248782298925,31.23288844722817,77.80648518926165
1211.4745895873039,663.4759058585994,32.135689509803406,76.71302689208696
1208.682189475329,662.82340100741,32.58838915163021,77.06850569494095
1208.6179439272187,662.5738966689111,31.728831098337615,76.62032510048876
1205.0040643669652,659.6491649745185,32.7161722615386,76.47167962544326
1205.8451047602393,657.7550337419482,32.27122736213659,74.27666000135049
1204.2243101981626,657.3415462418943,30.71881252281944,73.57036356953529
1202.629947319796,658.1531263333244,30.1002119627192,73.74018441523202
1203.0591590627173,656.2309277964883,29.8646299542708,72.78832113200104
1202.320705870385,661.926236725755,31.332846407341425,69.59609614150986
1201.5892142789196,658.3465935067514,31.960313971948125,68.53266624803504
1198.291485109853,663.2948523354041,33.87803602773256,67.76314463107391
1196.501634006287,661.5733418994228,35.846503093110215,66.18985624171448
1196.875430326049,660.026894974741,34.78007981446281,66.80349250745991
1197.1965672745189,659.24797716279,32.507586100361195,67.20844722430323
1196.0297566726854,662.5986931343309,32.23947338106974,65.90136151840409
1192.3609699775657,658.4750817153315,32.32444562461096,68.22289036760273
1189.2588260963546,659.5917179908203,32.819345130960244,68.03884576958245
1185.7531874038802,655.2756197313255,33.36366542362367,68.26070579412604
1187.7531408571735,656.130068891995,32.864796591530784,69.00466067560677
1182.8094963619014,652.5076965792152,35.1738904870125,69.11294070537177
1183.2974589140301,650.6406199407636,34.00170816403682,71.41169242339903
1180.6271081865407,648.6691083571833,33.77743721835052,70.99564815052659
1180.203887389023,650.116899551205,32.41107688009718,70.05581265159753
1179.4510634140372,648.7106335785994,32.68807735959443,70.11135726351104
1177.449438230078,647.6341116195229,32.26120010681601,70.35433219286406
1177.079404583616,648.1624978908255,32.650216635417536,71.63582340033506
1175.9541100423444,648.1392443289056,32.66084743167523,71.83945395573816
1171.9156443058275,648.8615076580578,34.20587945249969,68.60502866347707
1170.7781664425393,645.2308797064952,34.28834507821577,69.86985035487113
1170.6402670717273,646.908475752481,35.15594576123445,69.85307102458792
1166.0546834576662,649.8512957584242,37.052647428443564,69.34114259870019
1166.5576224874944,647.1927163245132,37.67848931564804,70.46805488449091
1164.5963128377105,645.5615580999215,36.98341852885146,72.30232880266061
1161.8797594863693,645.6547263022125,36.300900803738294,71.7568188915804
1160.0900919873943,643.8270236915698,35.48256362532726,72.31144481789804
1158.6881508944323,645.4448452880395,35.58264441774237,71.7407333990983
1157.779926885161,644.6231259022782,36.26275932833646,70.10497161672673
1152.9002755731212,645.7882207766394,36.52011264211353,69.85132615282487
1152.2803239470252,643.661529180271,36.10763876570426,69.54017182038464
1150.5335150578417,640.5661987093101,34.76241415210362,71.32842416245282
1150.8313982246693,637.9509174177034,34.278707560660486,71.6082526071776
1148.433777015089,641.8667819911791,34.63413636593004,68.74248682387358
1144.7016231198702,641.4292010529874,35.19382160158831,69.12740976550157
1144.7023451746854,643.653169429658,35.264806947774716,68.51330122299127
1141.5913770623472,647.847456976021,35.95536108855839,64.7052520053566
1141.240259297925,647.7385909204477,36.37895557230917,63.66571115774798
1140.0017839474729,648.891562885247,35.700969721165606,62.42071023561829
1139.3061290117707,651.8962718961135,35.70037201982363,59.984539646594214
1138.0273991861768,651.7061537197961,35.19980535722959,58.506248458068185
1134.361464979906,643.8193630827799,34.771646838008664,60.813016644637386
1133.3003392931103,643.5105383196454,32.914002858282984,62.94234987337512
1131.3426117210674,646.1566931253406,32.264799837390385,63.27285539412611
1131.310005730075,638.041197716599,31.618491147530754,65.06375698584019
1128.035589905985,637.5033084212682,32.63294665130152,66.33014421204645
1126.0349782402702,635.0121036047212,32.01762716656907,67.79498358795354
1124.9289776484611,632.3198901524457,32.387401129652254,68.58713868769499
1124.198598473945,632.6772398466836,33.96595577307555,69.7735822540455
1123.6295707041,631.8545892888451,34.395540193361605,69.83737628296876
1122.235404325581,634.3011543405657,35.17526317867122,68.3156277007524
1116.5879386414429,638.8888337439182,36.453511922130346,66.25100049576263
1115.94113737877,635.1841423128101,35.74893834960626,66.80945695874777
1114.623467748941,637.2066699948201,35.30366947976294,65.95829669627513
1078.55409218014,680.3173355973141,34.885268822931124,68.93482620906047
1073.363970141827,683.9163397374037,37.01825185219404,71.43283519420113
1068.7657336742816,682.600410697488,38.00881601195517,75.37585455371095
1065.3833270664588,680.4569318749939,39.556001702271374,78.1992516174918
1061.656477518318,674.0442828411318,41.63193657354667,81.6300108058215
1060.71700471153,673.4377288359351,41.9198984386866,82.98249086697703
1057.560647888738,670.8349544226919,43.06223149192464,82.47182503663359
1054.770646982337,671.8569085095214,45.40787833188719,80.32420562298114
1054.1779964186403,670.9829650246509,46.800784731812236,77.88518625498418
1049.1582150471388,672.4769092204318,48.08754367232486,77.91873240893909
1049.2129398602378,670.8462868286786,48.62742746354273,78.74226714567752
1044.9999411008325,669.8324271556144,49.17237201146702,77.79080830157466
1045.9966439891768,668.4930645173672,48.82750029430258,77.54421033015944
1042.6342253468624,667.7130090965143,48.88796370426714,75.77601282797777
1044.9179803814543,667.5720485063616,47.447835198270134,77.05836649958553
1043.3129973779517,667.5947820941657,47.061812931655105,78.42248134282971
1040.5831110033998,669.819077328853,47.253025271212685,78.87574920322804
1039.0149943007657,670.0204024026822,47.14475708575208,79.89950770406054
1036.0573846956786,669.2888548564766,47.065841392972374,79.64851745597181
1035.2490676505477,670.0660871288538,46.334808742816655,77.80930995982435
1034.7598119037864,670.3390100524234,45.30600245489079,77.53657852570814
1032.2410047504784,670.6300243068641,44.527414597810676,77.1745892950955
1031.995160416517,670.502149023988,42.36478135678273,75.11015634529915
1032.693160346886,667.1718993132296,39.34338297938939,76.34445776113976
1029.4608843707142,670.7150712133457,38.96485917947495,73.09459624736058
1029.0130474061775,666.3031387192124,37.74270307047773,75.4893111311047
1029.8522862685813,666.333825019817,36.70786616188168,76.05703158085197
1023.5105351438306,665.779583624949,36.679003260931545,75.7694008556878
1023.6248150359042,667.0930701089836,35.81017026339761,73.97312929838901
1020.2472305062649,667.3273261168166,34.94977497636263,72.91803223786223
1017.0608020778025,669.7557718216027,34.133932587834906,73.52934580341824
1017.09250648872,665.2067587092167,32.78816917272274,75.01776910002852
1014.6636154015074,665.6122877248617,31.768766002451827,76.15741778909077
1012.083712641478,664.7446424436052,31.426459133899968,76.96717541455382
1009.3826186994571,666.805758195893,30.27501094387557,75.95373764548248
1006.9393989802445,666.3645646071733,30.01378869635704,75.76463572723398
1004.2261234978151,664.8613787087878,28.727906323050505,76.37296699093926
1000.5829654288825,663.5130178242083,30.33079655759549,76.6885017979704
998.1486789297426,663.2992478697361,30.234095221921407,77.32038165819182
993.9773947508849,664.4204774173136,30.174138631516776,76.22708390184279
990.1338169704093,663.5966060168222,30.74923412243011,74.97515204881864
987.7988797938241,660.9064743704655,30.82407387629637,73.40595388141855
983.9676223286284,662.74958538206,32.312508434831045,72.14356379792679
978.9424177846352,661.0856765231114,32.56479130211434,73.51833757814092
976.0416519340585,658.5502039096604,32.34526539752433,72.41129856737217
970.784875344586,659.4672452799085,31.580065295829566,71.67520538604927
966.8090901652329,659.5825723325903,31.642977607813354,72.76631694192535
963.8170356809285,661.030998538688,31.214533266027864,72.04180086968061
959.7745304736393,659.2256888885306,30.27817470019857,72.54957783906269
955.3577496338822,663.4682192238776,29.64589127168044,70.33213916238734
949.5835497702391,661.972188893768,30.47346103528277,69.55555882758085
944.5583628508786,663.2971131412178,30.732309033244448,69.0122185876861
939.9078861199027,662.4151835998781,30.602491621172767,69.9441090052425
935.2909493866853,664.1982509712718,30.560393674948926,68.49231289885354
930.0194560463191,663.1393344199541,30.69102779373055,68.03090615621292
924.8880501903648,658.4773963247675,31.41354199739951,69.40188670525927
921.0173266733151,657.4558623202881,30.500320223515512,70.57757522765725
916.3781540936519,659.2923042006759,30.653549988249473,70.32657719571777
911.1897371819291,657.762869999416,30.487272010547738,71.79135382520445
906.1062632977657,655.0049980473507,29.787038954594742,71.79266911376507
903.1030608973294,652.8442592762983,27.717742041905147,72.74099177725336
896.5625584202811,656.3131609421172,27.605860643462883,71.87292206530562
894.2943853408215,653.3001867725662,26.56366170884582,73.66419022862615
888.9523993531046,656.9162662289386,26.689664590956752,71.61845080288097
883.9905343019245,657.6805472018939,27.91530127901015,71.04349838312784
880.9907662900812,652.0217901847676,27.58510440779955,72.21369167000479
878.7053020680015,648.5404341576522,26.616270831847615,76.2920634379809
878.2491793663637,652.9893896886856,26.82446480012949,75.68931839153902
880.1982820500938,649.3921293509708,27.303957854147818,77.34993260716041
885.7068351900892,654.7547427514005,28.872987438414683,75.03838492922571
895.8447092420578,650.0002142025836,29.743046600712965,73.919070788151
911.819965907951,656.4313026853305,29.102849354742006,71.50497102450046
935.3262778752692,653.5932676212792,30.90203495990043,72.42466631663495
954.4209859268339,651.1598919028812,31.942481069905927,72.1059033033577
986.7144786357289,650.0470318857665,34.841045578873455,68.8770983436906
1018.3777242422689,649.65364103105,31.86956153742453,72.40796441133907
1055.3638764909215,649.875234947373,30.00219173250221,70.5038242967413
1095.329791521574,659.4617205907944,30.259189185845592,67.61621334620223
1129.7307546113766,659.7069645648763,30.958849920303003,64.6054283475622
1172.2450297501318,657.0873741467982,32.6346148283391,62.240601939608325
1218.8060706774481,658.9685061488007,32.37944581550339,64.37350290218657
1256.6004069194996,663.6865898211094,31.57081025767021,65.29368359528891
1297.2760822665873,667.9191726226534,30.7871017754087,66.42861088007939
1327.3508312050367,661.0004866994292,30.39791883991635,69.95799455971866
1356.8827694109536,663.3478631859367,29.98611914927364,69.75937062265326
1377.425797673961,664.7273583623248,31.591308655974125,70.86522149264007
1386.9683388326844,666.6079029314661,33.48185995974286,71.68556612739823
1395.4274079139204,667.8522734781088,35.79616656045449,73.67129421898842
1400.9921751407896,663.914326800163,37.18146746438205,75.18470216609694
1404.2919877509473,663.222693604694,37.93594437877104,78.5715391136758
1405.4755485789474,658.0309662222647,37.8050349763417,81.36595121496006
1403.5241015003687,659.9037419505996,37.24813795002711,77.9648106545915
1400.1145759217143,655.406837318768,37.876144776739466,77.42494758549107
1398.7297838250465,650.8110235327065,36.152014637494226,78.55502597090762
1391.761744143913,652.937219672731,36.599726919072864,77.29006187918259
1384.6861062764035,647.2669821286432,36.325215682045965,80.49226372822218
1379.3617264995157,645.277077162171,35.65176492393186,80.69139062054762
1371.8970283064948,640.6730052822402,35.1661966340704,81.59356132743085
1365.7958504730898,636.3380881165755,35.39468774552151,81.40936886432681
1362.8875501751913,631.302896593095,33.93859375361083,83.53087123883282
1355.4163470540877,632.1461475618672,34.24361272012233,82.44353712507997
1352.9843212957458,631.9175087241198,34.38288558461488,83.27845266373402
1349.4559228456108,628.7688791649907,33.14296484114699,83.9727063727513
1344.660300262141,631.2746584293707,34.30100249618481,83.31556326070898
1342.6629284070696,629.9773632638253,34.25032937435739,82.15042992846972
1340.0155490118914,625.6067164523337,34.11435877552309,82.55939475506625
1339.5146285010428,628.3562779102936,33.6931335387901,84.41652307892303
1335.3478262962606,627.4851335540791,35.115418215688216,83.81469391148437
1335.855178872079,625.2368707377108,35.53734152493555,83.08666500549438
1335.3017815167998,627.6636222910075,37.94891803004196,82.80105015878843
1333.6547488840029,623.5347059576344,38.67641873569948,82.30060970083996
1332.7896748394173,624.1442682519861,38.345901217417904,82.38435776991244
1336.6057872002593,619.6563263905321,37.969541115942945,82.52399023397035
1335.9857326585973,621.9369228060975,37.62151555285109,81.81010198543527
1336.0018756027052,620.1913288496961,37.85992222173162,82.49587760575764
1334.2120934601978,618.0139926365889,37.16932058648899,83.06904397041808
1334.6337055138329,616.7146407436712,36.76285806707714,82.33521320463305
1331.1638942968407,616.1257982227684,38.437567418938556,81.08335689702767
1332.9923309392086,619.5257989568695,38.73936975714267,79.89672632421124
1330.8468467492207,615.8197875175954,37.831899969546406,80.39663553622485
1333.2267222376095,618.0450063154663,37.59291525100885,81.36765570796983
1332.1724724048129,616.626833391459,37.03136310347634,83.79244003707683
1329.320889904032,617.7934110899653,37.28143266894237,83.02514824937822
1330.1743919850294,618.3157365923217,37.906847187138325,81.68917084104734
1328.6762718405132,618.5412744324428,37.35929498997969,81.81566559919025
1328.195158425634,616.831843877661,37.18522554746029,79.92420060935814
1328.15552880996,616.3375818921995,36.99282218592052,81.09430911731027
1329.0104808474196,613.326273267313,36.85113467327237,81.60493868092603
1329.6168854214611,613.325997532441,35.27736539926625,82.04119920990874
1330.373433290069,611.1384012081747,34.543750059751716,82.10828686652833
1331.8964989556923,611.1597485492349,33.96383052431212,81.61067469392557
1331.871847058122,613.2021335769577,33.738639760879856,79.14401148052082
1332.6284430237672,614.9174915101447,32.51945581637358,78.37846533002835
1332.3576457282488,613.2851492290121,32.71409743261415,77.12533716341176
1331.942629276606,613.2577620605026,32.17647255525229,78.18291911761821
1332.6899666667762,614.5892581608422,31.925953658700813,78.81326330838809
1331.808210979109,615.8017389750164,32.66438447239781,77.29976720566673
1333.342313647257,614.9358886841169,32.62520206815424,76.22346555396062
1334.2029185570714,620.7385726634316,32.996772123327,74.10256033336819
1335.0004565220374,619.1713532973984,33.18293629902364,75.31587985233048
1335.6941794498496,617.4204140150973,33.46130639283957,76.61718759517049
1337.3087840693743,617.063472983682,33.25260091317445,78.79443664332209
1337.60916119377,618.0477973762441,33.12498571200567,78.7066193382241
1336.9618718123902,619.6031903519736,33.44332717770716,79.49860533653333
1338.873957641525,615.7238968503023,32.403446548413804,79.45483848092829
1339.0739461568028,619.530387169271,33.98842232528486,75.55128400761781
1338.2525048984357,620.3752880676747,34.497587424301734,74.83472508972429
1339.2802370040026,616.324984625462,35.15889052426415,73.30825582516295
1340.2123686867471,619.9265626216197,34.817432134284886,71.5069238303449
1339.662618902152,620.9266429362327,36.034092716661064,72.38533661878256
1341.1547957583737,619.6376678624961,34.68468082054792,73.35334027692164
1340.1867844693645,621.4119862874131,35.42799776731001,72.07762785030548
1339.7220973966312,621.0240411921444,35.54356418687048,72.54535851068007
1340.0816430403909,623.7600100103336,35.960274929914036,71.30067240399507
1339.4496290851962,626.8905351476403,35.788214874338394,68.98277527231089
1340.4664816383079,623.7580087888715,35.57133778058119,67.95512626865715
1341.37170447186,625.2773395150156,34.666631242066444,68.51387382630243
1341.1910860449475,625.409937198092,34.66171703125762,69.18768186810458
1340.1129198213523,622.9949833521148,35.74617164126695,69.0197739510808
1342.443547681721,628.4358194797278,36.474762722287444,67.67662632354036
1342.2509438090124,626.0014410859463,34.913485186713736,70.36950577841591
1345.1474097649782,623.3030005123168,32.9666798311788,71.79224985788028
1343.8318508973284,619.1131551081601,32.83018534762145,72.50351749038185
1344.4111985599063,619.8131947198459,32.87349946193411,71.27286359061584
1345.4894155517477,620.6058424870286,32.92873396961455,71.21176730361064
1345.7683323047063,624.2740803654456,32.883995544550075,70.91510125060367
1346.2058924407675,621.9072926070905,32.76529987827409,69.96334446903478
1345.497896956984,622.8472802613139,33.05582306858873,70.2756113061264
1346.818726716374,622.1462719020675,32.380997379689006,72.12502579311678
1348.0590455103043,623.391513965356,32.357902688099045,71.77568045857768
1349.8354483186486,623.766877666921,31.632828442336137,72.10274891859923
1350.6310055342813,630.679492179063,31.869384704468303,69.62713022298948
1351.9263065353107,626.715086023435,31.84158501716789,69.00501727942384
1353.8920350547803,624.1157465438464,31.687535385989236,71.05429934223861
1354.7754241502919,629.5872384388045,32.51727904936676,69.14628965052802
1353.4954669110502,631.9090270706273,31.02670887056235,68.86696161631349
1355.1897944030536,632.853035225527,31.80197810377968,70.41348891613316
1356.5260987020204,631.163254046655,32.17710019012666,69.44390872245536
1353.435149255658,631.1565989635011,33.010597536373155,71.15029239988672
1358.5703761706422,628.2603237665705,32.65075676640212,70.8027103665321
1355.7990674463006,628.7779308384397,32.39857679458365,69.34482979232041
1355.9482786427297,628.4030779256057,34.197705032294934,67.70369604126736
1354.2647656928216,632.4772213137638,36.05057852446509,65.76178152599843
1354.1688753299302,637.6680812415051,38.90293249434258,62.928703352187114
1351.496443319803,641.0103189747213,41.77831528481515,59.48786163285554
1355.1442457489966,640.8271080812084,41.674861496068985,58.034459797177774
1355.580499399877,642.6162887918022,42.2631956116205,56.66121178693987
1364.5240634071765,646.4151834084786,38.30064721738276,57.52825485949528
1363.4550523090247,646.9153580644812,37.10640499031627,58.14033838497623
1362.587665467483,645.5460156791044,37.57201458801124,58.25626786665232
1353.9747122071044,647.9678105505969,42.516794132755564,56.83831060047381
1355.6620200342822,644.9533776386131,44.19661230103161,55.71985281604297
1354.4916147805661,646.4800385384115,45.44579938298004,55.730467488385365
1354.1934017870117,648.7853726286761,46.41037265388159,55.6733600416512
1354.9072419678255,647.8452118758432,44.41865514806957,55.567786867293734
1351.7698562158985,644.1543459877046,44.08751968857557,57.833159409714916
1353.096821072979,644.3593170945876,44.30426076985479,56.23072518773964
1350.3192180820006,639.3528289452519,44.00995131373223,57.04563096028805
1348.9505470839176,640.1210320468426,43.0484653279492,56.78092251673472
1349.4909661058336,639.2832743646424,42.78955095726988,55.878140981339904
1349.8051753515774,641.5955538390497,43.189457665863216,55.91567424138743
1348.5906106571342,640.1711236793896,43.01133207275487,56.345642653969364
1349.3837250543495,642.8628047351027,41.8810004903529,56.40028408258216
1350.065165864486,642.1715085367157,41.4597100732925,55.33844803544749
1345.3989788029767,641.1519580670071,41.90105388472716,56.66275481592926
1349.7852936895447,642.7564339834099,41.96741432307788,56.2178918522183
1347.7980143771524,642.5708261087703,42.09067294671792,54.48356947169094
1347.8267554755903,642.7267585140005,42.932103954512186,53.9162684494064
1347.368210199185,644.2932371095281,43.197698991022804,53.44847549060505
1348.1500869964636,642.8535002919504,43.913751056712805,52.6395831894812
1348.719529139897,644.0058380933909,41.412977169092144,55.14603000404998
1346.9694848335894,640.6773435190772,41.921929230804565,55.3221841917401
1348.2985621895928,640.8853323961258,41.916252736876245,56.06130177646431
1348.815879614712,642.3461320103686,41.509578449343884,56.56626104254656
1346.5144058323071,638.1876085804686,40.95760638982463,57.719326941500626
1347.408942834864,640.63164432651,41.73351837523526,57.46046019947878
1346.0973468656694,641.2652601554045,43.233253835505835,56.08484621234522
1346.0116496954686,639.1218340533188,42.61225425310165,56.230756796643284
1347.2340673042495,639.3710998684228,43.06635840664875,54.87191675769838
1349.5824701797771,636.7904673522488,41.58271722354096,55.12034380786853
1345.5240942417674,639.8520987909194,42.61085463575422,54.63044703846805
1343.9905613654819,640.737491726482,43.979771422489875,53.66011655874993
1343.3495137387824,637.3150315302316,43.841436492477804,53.91047394389581
1346.2686161589447,638.4883630346628,43.75534308708997,55.24648581982953
1347.0721528821475,640.7115515379014,44.06217716860767,55.239367388791834
1345.2185476107895,638.8341111025484,44.31074189070614,55.965907443000155
1345.8245466453407,633.0464583651722,42.178069199545206,60.41681468624622
1348.1492780681808,634.1603167986657,41.928115783796514,60.781699833800815
1346.4582646506317,637.6582111659687,43.26598749804495,59.38165904688745
1344.192337167641,638.9548399884026,43.943497619208195,59.16994980671345
1346.8364516544184,636.3379552046654,43.819056010613124,58.98911327982757
1348.9269280625822,635.2380016346278,42.23422808175215,60.126997137851454
1346.0078975840352,633.703545917614,42.22569327468612,60.51650908152274
1346.9643462217157,634.5741772654327,42.51260912684272,60.40259826595887
1348.4039738226477,631.3705739009268,42.59482905887461,60.290897447973606
1349.481488296997,629.5894184638701,42.04067501099354,60.70452691988069
1349.3071005824208,634.6530793248083,42.02390787932998,60.430200116827265
1348.564506065406,629.628454362545,41.068397097609534,62.56081371933267
1350.008965288994,632.7999023596352,40.433769231183234,63.19869641930488
1349.1788747995656,634.557565999912,41.704163638775974,61.205647566829114
1350.4690481759187,630.8836865424742,42.20896975052567,61.133640055618265
1350.0980221108416,624.5616401480046,41.14761337714759,65.06208705445744
1353.4790976096604,626.9623105043922,40.61263380056086,66.39976773831914
1352.6557608621567,628.2374272527727,41.51838675189748,65.5316402596246
1351.91005784773,627.1871333108462,41.66200397002096,65.29578138139253
1349.7149376273474,629.2465009179427,42.86154221085053,65.44102989370099
1352.126364812544,623.1424196704642,41.905740395541486,69.50805621922451
1350.3643655914886,629.0577940966409,42.369963962011454,66.93015885307705
1351.1470084125576,632.9549843709077,43.78539335626578,63.81359755655767
1351.7721871659737,631.2751793893045,43.1878894575648,62.618654011005404
1353.2714647668386,633.468740442542,43.424213511129906,63.10014085609913
1349.3396835094265,629.325739807546,43.564690622511534,65.6126493129806
1350.9131958853764,630.2302588928479,43.576162250464314,66.55372653696918
1352.0602571412371,624.9777425523002,41.46187832161625,68.40189219078172
1351.8861781825312,630.5260373943682,41.71050984859433,67.35919368859156
1351.5229151084422,627.9358705250604,41.20208259329966,67.91578532363057
1351.505114869929,631.4441353676777,43.19431222739247,64.98169839886341
1353.040753218861,631.3108532015038,42.47223005620077,63.31666371025337
1349.6305330388984,633.3085238003083,44.90158574510559,61.207919907587595
1348.8193799539822,624.1461856572373,42.68945454463765,65.75456198352467
1350.5065309283968,624.9159093374972,42.20968766050562,66.52407506077944
1348.2117439391066,624.3462160770588,42.27638919111878,65.03500880379381
1346.8352175999182,630.1719372943054,42.046660697696524,63.53934239316526
1349.4118397657205,628.3974655002196,40.96302886914357,64.7550442802107
1346.0615780793808,631.393791536755,41.3860306315634,64.76596419429214
1344.5567845055418,632.4398555880075,41.75508528564975,64.34437260988409
1344.4670477490374,613.4466177550327,39.097129036772166,71.3722701660925
1341.7726748833984,624.9050802698515,39.348769303114764,72.5942306345016
1337.9794080675497,626.3636474288729,41.151991090940236,68.76902038777084
1334.3471590645402,630.8462432683187,43.19247672208128,67.09348534797826
1333.4677294081741,635.0056761489593,43.11872471241014,69.09154272817648
1334.2939834806343,629.4323499682027,43.06505036685198,66.65189042507782
1330.12470810547,629.716933374194,44.70882553582099,64.04368304760453
1325.4884394911874,632.7200693843876,46.65454858973392,62.67677383925977
1324.2391819627899,622.9428537424214,44.313280931685156,66.14366354299182
1325.2763586393066,636.7940780244877,43.81861100169424,64.60226196067077
1321.0831002469893,632.46440370594,42.85403354041835,64.22807559410424
1316.8367175635108,629.6439521683559,44.33816100225448,63.773278405295244
1321.1632230561718,615.7356891384544,40.15213714995848,72.0261619632673
1315.4394144170085,626.3047899121622,40.519080256837235,73.05017469502641
1315.0547962549026,619.687287261626,39.136720034876134,75.90046110114025
1313.1982399329224,605.1466429356851,38.78218712906231,82.85715411093224
1308.8196092924863,607.8882508325026,40.259299903769886,84.58554243564426
1308.8571748815991,607.3206135664424,40.323968439632736,88.76972162512884
1302.8615563599571,612.1986709552646,43.121374992804334,86.58016282435219
1301.1872706650377,606.4489234698664,43.00627851307528,90.42068410130085
1300.8943305002354,608.0060692682486,43.47042610108561,91.31594736751246
1296.902822090978,605.6823928688075,45.08003031050026,92.30010455634833
1292.7883714285551,607.5777837129441,44.89797906729144,93.54932664462545
1289.6111274290029,603.4530411657083,44.749574572194604,95.85611945928133
1285.8571323194722,603.354020122862,45.16902328353503,97.68295061224214
1215.0015400788175,653.384746955764,55.456211793164655,83.62685278139934
1204.9655180759723,628.7927716067127,55.27829394582754,81.49670512134749
1203.2708937057503,649.5845708456955,55.11666368465429,80.4141022793682
1198.193517402064,644.1013633229361,56.20404110892153,74.14237912603438
1195.2660266596783,641.246819258897,56.79990546722789,70.60410320992331
1213.0733226265343,660.0363047104022,51.82318050739271,73.89935029397327
1229.071521433631,647.7699761482908,51.46237821485457,70.8234277825762
1276.7001943824273,592.9242323956031,49.314018218140774,69.25326520250226
1278.1406441997042,591.8603099733381,50.27131772222833,64.29861483447738
1277.8558108414704,581.1276447968878,45.974120234289536,63.7540422332763
1271.801772454141,588.7899069173285,43.05446702085002,60.8951046546874
1271.5413122846744,585.1053797465821,39.93966066949096,59.910352500513746
1268.310906184494,594.829118691434,38.66555856702607,56.78086396017505
1260.7960426380575,596.7698242317218,41.7808626710069,48.99585552471056
1263.176852153722,585.6503207062087,36.6909721016589,51.52648092290471
1264.3755752007985,582.4961464319663,32.716956331106786,54.3945886114044
1263.4687377558469,584.1956038871974,29.999498522951168,55.55669550575156
1261.5000037408868,580.5234192852026,28.89321912779192,57.32172997387083
1257.7453213101962,584.2697543357019,29.422059449225344,56.56035736585315
1257.3280522656423,587.2425285995597,29.693938632350047,53.76295761323827
1251.8816660037735,586.0964580574287,30.21131156654939,53.573465272741544
1249.0728710698352,581.7904173728832,31.05642857599694,53.94443679381001
1248.133117856959,581.2926615850348,28.984806757349453,55.046572026554486
1244.7727108091635,583.6716214264676,27.667734233372215,53.07596485131841
1242.258478279701,585.818073446371,27.538484448547376,50.83096768712184
1239.243122855515,586.7727680813102,27.97686770216245,47.49552930396987
1235.5465042966616,583.8079488046939,26.350554496382607,49.22742968657868
1234.0400757403395,582.1019286025683,25.699565593096775,51.31066535946087
1232.0532263854686,581.6843647408673,24.287117757428256,51.81465825691794
1230.239120415527,580.6779345757577,24.52898216503935,51.43639719965545
1227.1711572651782,582.8774340334257,24.191090163582253,51.01056737268296
1222.9938278538682,584.5772316808595,26.5245454682885,47.735763811735936
1219.918370238661,584.9970549110942,28.027390363314616,43.45995797893692
1216.9042397561923,581.1909218398862,28.11427559583033,44.15757034327683
1217.7914941852252,588.0049388195574,27.70339238340196,44.44086374599478
1214.6107834941138,586.3009406803517,27.307913455108597,43.39900660414888
1210.4563736245593,581.895478590766,26.857802034244358,43.26929414849363
1208.7191967785752,581.2148000454259,26.383168480652923,43.432226780669836
1204.1085180568773,585.8179797400062,27.69068658383875,42.59043228713938
1201.617650237348,582.0721070916195,27.39063148955988,41.89716762755268
1197.757056147283,580.3747041244399,26.837092802014062,43.399695844321826
1197.0151591127094,582.4304363505578,27.404456278624437,42.34044148463055
1192.8916139177725,582.6236079720253,29.59854431101512,40.02429510868452
1191.0197655255972,583.886938396183,28.86752014047061,40.12150773258274
1189.012721160954,579.8669692161076,27.98547497006838,42.31492090047302
1184.9365338614514,576.8782185739088,29.036101579419228,42.003816018030776
1182.8967602038813,581.1845054492318,28.019111304532395,40.80078673531105
1179.866016762729,581.6455859581787,27.259659599648288,41.904803600565316
1177.5442885404443,572.802499735252,27.207423981839973,43.64280919918977
1176.6262731670358,568.0505562118743,26.43204053454962,47.26712766913231
1173.5639298192034,566.5232755847585,26.076639473104024,50.10866450083756
1171.2339109500765,567.5295451052609,26.780427974297453,50.38990793244322
1170.339260697744,566.881110597051,25.42842422443043,52.76304335682964
1168.037652159132,564.8611216095666,26.67233854248375,54.164947410595
1167.2615526358668,565.8923361109305,26.874381281794008,53.750466076896465
1163.6345520626223,574.8347240045097,25.273468716735024,51.38673978924966
1162.5618002442227,571.5339413407236,25.342232327060387,49.0990743886725
1158.4543975881725,566.6796037179511,26.136297034759853,48.644463425111034
1158.0414238007656,565.1343690891457,27.214505503157028,49.63484504005204
1158.2540698605774,569.4377943775745,27.454237783290807,48.7183140013111
1153.6311177611692,567.4123247146784,27.480186537771083,50.11028773948705
1153.3887251901901,566.4041025252681,26.429379838985376,52.06917339178862
1152.8437296653578,565.3757968834706,27.046934043347427,51.50344828774918
1150.2371803197389,564.4344025645174,27.273336014461933,51.84475543075207
1146.7203508835044,567.8601542044992,27.162728281554045,51.00603853918577
1146.46538381304,561.8659793472289,27.456239879552722,50.350948007144225
1142.91151578373,562.7122436138236,27.725201733918936,50.63015769321599
1145.205227661168,563.431305376083,26.86869996276184,53.35717527434907
1143.7653897250102,563.8355952835528,26.367044152872236,53.346843690820364
1143.2995377424315,564.095658835582,26.110973459826184,55.11778871696539
1140.4809194585462,565.1992095526666,26.975133970163128,53.44465900969033
1139.3974134033203,563.4323860510248,27.077111214281516,55.7903182085614
1137.88886631218,565.0668971409766,27.86422206678946,56.02037597136083
1137.0961853624713,568.0074905029236,29.562104780148648,52.21272421298208
1136.3710993503946,561.4301194061445,28.42656866297529,55.72712750883504
1136.035510235,565.5671654386098,27.94727735221477,56.235568135860206
1136.1222169129476,562.6694979816846,27.03153457766023,58.24161476731619
1135.410630150264,561.9367052662853,27.50221115716947,59.22288250798053
1133.6080330691177,557.6910651621623,26.755635872135247,60.24496019776342
1133.510194948635,559.8960388696336,26.193183350855808,61.59087883354116
1133.507705993111,560.0368921456101,25.99577290080725,58.899855741823814
1131.0466258003125,563.5006874356279,25.632862390255653,60.299714006697656
1129.2134363682908,558.4536828894497,26.34288758990087,59.25625762206435
1130.2056054839782,561.0578675103459,26.497440101781844,59.599649530632156
1125.3942515196122,562.8808468026992,27.131436673397015,57.44421809894065
1127.037776901322,568.251762481893,26.372343110981213,55.977381590711786
1127.9737111236013,564.5834593953473,26.61208174116014,55.70950177518618
1128.7330824413084,558.1269253351796,25.977091034552302,58.99450383259426
1123.2681251676458,562.701808644351,27.416600499174894,55.41799036900626
1124.7936603695366,567.1880394975851,27.94675000696875,51.78611007962177
1124.7112097479874,565.3509433644964,27.424488075914574,50.22539281134475
1123.9664333116493,571.0846273917614,26.748278762540473,51.056265418436055
1122.7768630932226,567.7296968370076,25.895040954993828,52.44510783211224
1123.2457699325514,564.4814239919691,25.024318026076916,54.100880893404934
1119.4141649597448,572.2307095835965,27.02075131458566,49.45342016852418
1121.6321538764944,567.531998212339,27.265594899848676,48.6501516878947
1121.9610034704908,563.4597973266037,26.2793352999256,51.00135964222655
1121.9510575159043,562.0503065429539,24.907492251403653,52.88898615037937
1121.8698440748692,562.5996582786828,25.01049382044811,54.48020906480109
1121.6698766496568,561.770130762946,24.518795756329716,56.98098807479404
1122.2937720278085,567.8994835534776,24.864547933490645,56.359382713457464
1121.7097313923475,574.9323111838924,27.135354471822833,53.68420749413201
1122.5877374244926,567.8619110091415,27.062526435204376,52.80572168793299
1123.0316967163988,564.4483990447968,27.002115406876595,52.556459300704375
1123.222687961373,569.4205341952785,26.400144704939088,53.034036343185775
1121.8579447827988,562.6981913001621,25.1310649114222,55.77765420891916
1121.1358375048142,563.3681838117703,25.74940889387041,54.07569330722557
1121.481111082593,567.7712614426407,24.69387138472826,54.07577335890038
1121.6921425855298,573.2908776359031,25.2195570398963,52.33310316719967
1120.9822150091466,571.1781249992665,25.623715905507595,51.79405870826467
1122.4216800612392,570.027755077551,24.126010910422607,53.353426979678055
1123.2264616872494,568.4725189493059,24.823784942490406,52.89047489687363
1123.1024747015229,568.1660853306837,25.43619396085466,54.655131441712456
1123.4317250842914,567.5162962816872,25.531601710294122,56.46941001206022
1123.0976173433298,578.0492085348033,27.30762935843144,50.388152194365766
1123.0971745601262,572.3569279025531,26.253356428935437,49.32219103607562
1123.2130115033654,572.7521682242252,25.297688704623653,50.20191133667814
1123.9849805490019,574.3795240535014,23.356089046616308,50.00786790818245
1122.7720035058865,578.8450738190405,23.420526180332566,48.060927369871806
1123.0919225692285,580.2368828251982,23.274944818298977,47.741899430188056
1124.8736281331821,576.0905060371124,23.11657586186994,48.11815863685297
1125.6804044575479,578.8949353527506,22.822776740779574,46.707449209830656
1125.4173181486285,583.081224486657,23.059939429915183,43.69602168359499
1125.8959808780808,579.8954041558983,23.408175632730966,43.889481173695316
1126.5648890122336,585.1685603954686,21.82368335155175,46.69799657541403
1127.437211973003,587.4676004005993,23.09804034444151,45.58620201322694
1128.5349000543595,596.490444667136,23.097748515148297,42.28464838310776
1129.7960728790865,589.7259694951326,23.121296534822555,40.38712129486334
1127.1292975939975,588.870020295529,21.92815662190723,42.13289228353952
1130.8845412818737,589.4792924603964,20.489066550690094,43.336553640373836
1131.4418413094204,588.8734600265348,21.05058844574603,43.328661461207155
1134.836183753515,590.2563448930524,22.001854214448194,42.523495680579515
1130.864155962047,599.9193760877089,24.29141837282296,40.84003430445023
1131.9817443441875,596.5676126364389,23.84416709033858,41.4061901437579
1133.1682614742897,600.1456196190472,23.490077332011147,41.546419846143685
1134.647489926265,597.0036516948882,23.705333158467788,43.007233669925654
1134.3958721258625,596.3078005061404,24.535153038810392,43.016276254521
1133.7005918022383,601.3696780962222,24.272131351540498,42.63982503706514
1138.5736565788386,601.2167779774961,23.279354917236134,42.790885387994834
1138.5541067624629,598.4263854749914,23.357686945576788,43.19570317651251
1138.808268117547,593.4731466320269,23.290639027364932,43.15914287568624
1139.9391936227398,589.7587736100068,24.10069720620305,42.071480953112825
1140.0823105354161,600.6951786147519,23.47347414878754,45.32618673646927
1139.049944523437,606.1328865477147,23.981664133827977,45.87539912829495
1139.1856828022715,608.6474182810648,23.281781546219577,46.159355890934506
1144.259381496256,604.1767254104722,24.19090652763507,46.48503614200738
1141.2815490375388,600.8702839511373,23.312671947083814,46.42903144547341
1140.263619065471,613.9293711312287,24.575958300940773,44.731709746423434
1145.206192548442,614.2311129659585,24.689727960975315,44.56710422575796
1145.4151869389011,614.3600448498993,24.006530876128853,47.54335868106649
1145.8662857058355,609.1332514756424,24.662948907559983,47.92726807667505
1149.0726686126739,610.9837600588451,25.28289650712157,48.30333592842774
1148.453099209494,612.6102821841305,25.53730578505437,48.22259392395052
1143.6104896283055,613.8075918065717,27.641043490674875,47.41553843219616
1147.7124905742476,612.7867452481473,27.24387391232799,46.65782239796761
1149.4023661233662,615.2892693020099,25.330931729229228,48.945349649587065
1149.3645608534468,614.5706359873762,23.72583696015359,50.57727475198844
1149.916186245638,611.9684765364736,24.50443653759504,50.40272078239471
1146.7440063357408,614.9929491540513,26.822678555723577,48.514961288663926
1149.3749579210196,612.6581559456467,26.627363310123023,49.446748299421344
1152.051634385912,612.823676474389,25.76345940453912,49.832302176400496
1152.4363726591773,618.5035096526933,24.931293397194217,51.589977815031084
1152.9176890356432,613.776332870708,24.55876593944368,54.34540493017963
1153.4486328039316,613.5047519514501,24.48091365639166,56.934536731769256
1151.4731359196992,616.5962080241158,25.767217407156096,56.79035902247292
1151.4117353074782,617.3011610195264,25.654247243782677,57.75625149547321
1151.148786141088,614.2232154553573,26.27341649678028,60.55653582945408
1151.6011345134445,610.3169095899743,25.225262533062562,61.71061923227796
1151.2525787117177,598.8133784894958,25.119976825782473,58.32029297498309
1152.936948167352,597.5186375187589,24.960024640511826,57.63671197204478
1151.860365531795,621.0098484820294,25.483367776654394,60.208294714693125
1150.7430131003396,615.2281695546859,25.50938986406765,61.92589317759557
1156.9642479089298,612.6543883830659,26.589953388977033,57.04876584645804
1152.577738401759,627.073334946876,26.529555464536728,57.51885611727541
1152.7794844007162,634.8701386389686,26.2863510703582,58.10029374651793
1151.4277913452747,636.0614537242724,27.266006259495796,55.56557849516744
1158.2092033538343,627.2241587719675,26.091374419195915,57.46480352398373
1151.2305875404854,636.7904787791699,27.97412026708469,56.80062168523813
1152.7126102285795,642.1486013805596,28.65057567481719,57.49560847708768
1160.3560958651333,640.7789573589442,27.542263840796075,58.83685968274052
1160.7880738652152,639.4818403063501,27.070638457345126,58.39886269547584
1160.9766183533877,649.3775556154156,28.14313849505332,58.0998961428965
1162.630804850197,639.4107892947288,27.760565348084143,60.03802549447522
1163.148072066241,639.988241131331,27.97753962876476,62.14662012754531
1162.069249539,649.6616180436858,28.87823978845552,60.113562210428334
1162.784267268525,655.5011795741231,29.423307588492747,58.51375052040371
1162.3833788538636,655.5071058837967,29.63598089789859,58.572552807388774
1164.1216702511467,655.8472476638918,32.59741737899755,56.27952873053603
1163.9994001078853,663.9767554709603,34.62528011901949,52.45010048059588
1163.3268377485374,662.5511414590684,32.99074480353538,53.94315727978557
1162.9855863686278,666.7600526946742,33.31431173037774,54.04322478507527
1161.104387935995,669.457897498368,33.31943086851605,53.155978533248195
1166.6610027767792,665.9337872310531,32.76128732281162,52.508597604559995
1166.3754527593608,665.7201524114456,30.898208766874323,52.20003187037343
1166.4800635161305,668.6851403514469,29.39837801280296,53.49355099693204
1167.2350012364607,670.6826849218593,28.454327498041877,54.17629112170185
1171.9085543928998,667.9205028447454,27.91902977128432,54.72189312611867
1171.2605201298277,670.5768490431215,28.071677124332915,57.120784343715904
1171.7803782563444,671.9540255293216,28.48774733789783,57.301862374886156
1169.7993006666513,669.7646559360661,27.542264444316714,58.07432194980967
1169.4932214690014,677.8025936683031,28.099247572456513,58.50785734349003
1170.5221467912381,683.0516673271059,27.301659774929618,59.36405344019112
1171.9036638719765,684.3439988684707,26.920475856067767,60.697587989297304
1173.4715208548646,682.4052781911406,26.906501516222168,63.567287654275525
1173.1203590883345,677.2595899057111,26.938117644669287,65.8774849877689
1173.0400943884945,683.0251385443041,27.308901862550062,67.27412494660587
1173.1190686140706,681.7025367428135,28.51625549727445,69.07412979909105
1172.371170928571,684.1943192296262,30.434456856251575,69.16115675204031
1173.7265079443414,690.7126792398678,32.662839698032315,64.58228814146935
1177.52204959393,695.7584062206387,33.819589650808005,63.203474942256605
1172.875276538476,702.3414770411553,34.35243839690888,61.128936580337175
1176.7967131526595,705.5074882305472,33.96932440392423,59.186197858627345
1183.0453160181319,701.0498076235615,31.290121373785034,59.68746128664918
1185.2584629722858,698.4967974672486,28.59121596664447,63.88501758474466
1183.5931649850133,698.129806127554,27.819887044949013,64.88967344972059
1183.2208641876439,705.3886318693852,29.136126329755385,61.47398882396851
1183.3545218953982,704.187492505395,29.74139859506328,62.08335459189648
1189.838500180994,704.4823598104241,30.278702491400793,60.24367350680927
1195.3460793046454,696.426415191367,30.748354119586452,60.04637008745269
1194.1227257720388,701.7387127718407,31.249773241913218,60.42996126683733
1191.7575857464506,705.1509513040967,33.58403145013337,57.344773009240654
1198.3318966151,703.0870549453383,34.60870473389173,53.472849921703656
1189.3980272369001,710.3480747205649,34.21342965056947,52.97403520187809
1184.8311221937122,710.0301669095466,33.88139558258761,52.43236154321414
1194.7919903459845,701.467839196617,31.583549201138908,55.14611876045501
1196.1532209369686,703.8070331322373,30.922430258550104,55.34926165093319
1196.0486873666841,706.3260346660828,30.565204695967807,55.94765832918329
1208.3231902139078,701.6751890428235,30.683080562799656,55.24918363637082
1191.5135821868323,702.4721494587628,29.839985825934953,56.1714316372711
1205.0619042633787,693.8055569872814,31.091699827139237,54.678772769198766
1199.6805716109443,699.3732345731759,32.04558541551606,55.524642611142696
1192.260645054994,709.415339179621,30.982241238903548,56.11587323284719
1198.3516740076566,698.456268814464,31.534951247396723,55.29368040603231
1198.0435114830939,709.1048931038159,32.32735787942612,55.50272417046803
1199.8846778879097,699.139521395617,30.728178317627684,57.19659205280848
1196.6069839541094,702.1003280654877,30.62611837028671,58.81875141051559
1204.0668657368235,700.8831026004104,32.439930625781585,58.39389815098811
1204.4388058598317,699.8335109058943,34.15665671635857,58.03079006090971
1197.8948993046065,699.5612903324129,36.26693076430922,56.485333813692165
1205.138135606759,698.6703649795014,36.00303239401282,57.72677733872911
1203.909208842778,690.1814073883035,35.04401818897299,61.112661995917584
1207.0313957216308,690.0662096027262,32.966657122765525,66.739059382868
1210.2269943797571,689.535980545909,31.406093446801865,69.88263879624603
1212.433208914925,688.6521358553296,29.485392443864235,73.45254446883236
1212.154805464713,693.9485219270923,30.37984347427976,69.71599304750555
1206.0511830771336,700.5316315729874,32.20405163597427,65.98311764304444
1209.378272985465,700.1067373255614,32.080750363165436,66.45696784157818
1212.7549904711057,699.9131983160408,30.070255817756767,67.95100508436664
1212.5481807844162,697.609078570918,30.698711997194515,68.49034637362355
1214.494241085084,696.3098777596979,29.950307254318222,70.72600816485453
1214.914037891548,700.4804213016174,30.43762652133422,69.74776316399294
1214.0894646425845,701.7832155676335,30.71375868839724,70.7693494862391
1208.3573499424087,697.3882224898512,32.89570525946397,69.83009331697477
1210.669034901274,690.5216892800449,32.089625170988015,70.8110416259305
1205.283983664091,708.5396042797042,33.41936757607914,70.08848601015696
1204.7193899315796,714.1027228868584,35.66044952943619,64.76405000052998
1206.6487891732788,705.3953862681298,35.19575481152574,64.75480737495005
1213.639398688671,709.8174840117399,34.696316786600825,64.91548134878936
1211.358972660316,714.1763160238609,32.95809943870845,66.95120859041658
1213.6383652855718,709.1950570280713,31.535553240015822,68.10044933742786
1216.0471941949093,707.9562524583101,32.037758740737914,69.16149115135808
1216.6979945195076,715.782490466279,35.03790636729822,65.28768544639453
1218.1148096937313,719.7772401500727,37.064785414450114,64.17716290070656
1217.046463106561,712.3105462949187,35.99076615592912,66.02631541966934
1217.2082962937172,715.8124874547801,35.45318479119174,66.45936900158843
1217.1377465890512,714.4530661273019,35.70706952497823,65.3506841335041
1216.7744156038295,722.5984380630899,37.831774770300704,61.28581420907156
1216.8946268860689,726.9178153730937,37.241553019830846,59.737723975813154
1217.3001502657175,722.545691962594,35.893433482785596,60.28316117309451
1217.9356259902938,726.630769566239,35.57853308524949,59.95342287406857
1219.063901494216,727.3839761144977,35.25936191444115,60.9298627133422
1217.86368031831,730.3150766576972,35.217766445437604,59.436930044301505
1216.9019752209201,726.6188547260841,33.967486082737224,60.741516661128884
1218.3411721800849,724.3982174577291,32.70600703276257,61.99911257082473
1219.1899292246183,725.4761474518157,31.66932230894933,61.297701282602674
1212.2592595377419,723.9240441487689,33.715895752526094,59.36981913213507
1218.8788125052156,726.0827131226039,33.8297647092412,57.201842079621855
1214.8690950463342,735.7080528798111,32.447336528859736,57.3209783916234
1216.459238919971,726.8343864671498,31.17504710502644,59.772514822597955
1214.9041088334209,692.9623936310193,31.197307457417498,56.123220465562
1213.7304531524114,694.9872188412746,32.22227833100247,52.4665852211093
1216.183787489852,710.2902168667034,31.495976172234585,53.3092643258912
1217.0771750080442,705.0261504844253,32.277639904237375,49.255328647149156
1214.772860379895,709.5295361468466,32.6407132828497,48.95473884849065
1212.518861559448,706.9555658118911,34.02744050557686,46.166126040160705
1215.9642783152183,710.2979238583413,34.26155263460019,43.98525849996425
1210.934569691163,717.168836045415,35.08527595113132,41.501683408653605
1213.4150901691976,725.5848718225909,33.688997110540754,42.05594913457517
1216.5023693161472,720.5138899600192,32.73465604457696,42.82689921836106
1219.0240580326952,708.0098575673009,31.98989883548019,44.07876893543862
1219.2460234267905,714.8452583100698,31.590579214452028,44.51554858851152
1219.212563232414,708.9594502790059,32.155918590002635,43.315019570072906
1219.0847227882177,709.3529697362155,34.415797552735775,41.832437485678405
1216.2384111075032,728.2298087880544,33.87957722519996,43.7609645821961
1217.0859699933196,731.8722468368867,32.619929676994246,46.84244151950442
1215.9021576842383,728.9902816044055,30.62966130504433,49.30496798513835
1215.81254939672,722.464827689081,29.813047523006233,51.33102878514762
1215.1873841527672,720.4437873132765,28.1685165511798,53.21768565713323
1220.7283459829264,731.3097511734342,27.357570864799754,54.219619860035664
1220.4565771994878,734.4262366726261,28.437187659601065,53.74178201365978
1218.426391287719,734.0036869508499,29.2934729410089,53.87096828067564
1219.231240335816,728.0406889759582,29.513167039563037,57.157603802602615
1219.8416012085736,728.8976051608319,30.328623882915267,58.4146223773743
1220.94485513894,724.5288240130308,30.540599994731483,62.33043498578161
1221.9185227519674,722.174307886982,30.39872677143106,65.55388524382249
1222.5106962477255,723.6194664935616,30.062429718593744,67.14316130764092
1222.5489447683822,728.2082090659183,32.76968631077943,62.79159293004807
1222.211137391565,727.2157619930728,33.324055031996885,63.93928667252537
1221.7128930976749,725.0495357641973,33.973220768357834,63.731368189114065
1222.4295473134594,726.6026884178825,33.30971806617802,64.36235040310618
1219.2653029943162,721.0829823848842,33.703254445400454,64.86199234275992
1219.36056750414,713.565841170615,33.77320350507216,66.14259168108825
1219.0444805195284,716.7446160535823,34.09968495057736,65.49260865328255
1218.434679372445,718.9392965767804,35.279980455107335,66.37233349098045
1218.6003388998845,706.7857316043772,34.911082567870324,68.09436516918537
1219.270364806719,714.9841803152653,36.17143453990704,71.00818056174003
1207.557775117406,724.8160935223915,38.187020336379554,69.95051717239016
1216.8764842272212,719.7021503892636,38.39566382329196,70.74019199760606
1219.6781233305226,718.7861641176933,39.18338874855574,69.59450865314278
1220.748133432849,716.6436897970058,38.14707490376607,72.02778643327368
1220.86759224288,710.5694621415034,38.30346041385413,75.25386987995954
1220.664984597489,705.5495240761746,38.382034532465674,75.04054547961115
1221.4673396733533,705.4755957427974,36.445297541480805,77.88264557745708
1223.5553432820598,703.328794943458,35.677052374696366,79.20287996193304
1223.1718542614203,701.275139694452,35.76839334961096,78.87435605213834
1224.224894402725,703.578004956993,37.05739196447753,78.52015045228836
1223.581510078828,704.4717632286721,38.43951226358269,78.2006613814262
1223.1813026952786,696.9175546284553,38.71689335214976,77.66889799409135
1222.9587942699407,695.3388359220005,39.91003945144469,75.73681018422265
1223.5949800461485,688.6747463949496,38.00516921748368,78.54312816196934
1224.7040911358815,688.4016592095307,37.80666592343975,78.94982019855092
1222.5407230221335,692.0282521642343,39.68028644926011,76.65016364705397
1223.9347056660467,687.9019911711875,38.84401076237839,78.90527581259092
1224.6112145406314,681.4777152904201,38.83162104112507,80.72366285549793
1223.9050981661187,679.5845632163624,40.0467263883216,78.76878896787713
1224.8658794183566,674.9211121804481,39.47676810709696,78.97337658658083
1224.9997984045472,676.0383566967877,39.712198793830595,79.20465994426726
1223.4561682010417,678.1009275961017,41.26967845533562,77.97865921886626
1225.7178211316327,672.4388597085718,40.22976054123599,78.69828564028799
1227.314549578713,666.9477359889055,39.595640786205074,79.22097650003096
1227.1677411609662,663.9169015953273,39.26702882044803,79.67243582216054
1228.51858546156,663.963744714071,38.45058792662749,79.88677643489645
1229.5272545675086,660.8551721015758,38.40904939448621,80.03177953571088
1224.9185293888647,674.2890617581747,37.84811458942059,78.02371091587239
1229.1571767328644,662.1220204275352,35.22720656295088,82.67743850513003
1229.8310039250605,655.784626943685,36.9237015773623,81.66441552867757
1229.204965561979,654.5630722429233,38.93981811799752,81.28801756974252
1230.6883834928192,650.46377788342,39.72313770523063,81.5809160955731
1229.29539807766,651.2011726695671,40.93492972066145,80.66385213162773
1230.215339948633,645.5067250989885,42.088100130249856,80.7931599848821
1233.811901362725,642.2960629698651,42.608960360995574,81.21796849224377
1231.4070153415523,641.7729873660297,42.895652531209834,78.94414265485538
1234.101936090733,645.8403403061209,41.685695466594346,77.68819854301418
1233.0139168268627,644.1177561247629,41.157592854351336,76.50099691061297
1232.593605989375,640.6175334822173,40.31992142038631,75.10540318660998
1233.161538658695,642.2888968152963,39.46624768612214,71.42926521430905
1232.6120998343088,637.9749738161128,38.954781997835454,69.61175675100611
1233.6135284211653,636.1333384730408,37.56945224941204,68.57088774675097
1230.3941110231503,633.0273548418053,35.467295262299615,69.63291928687089
1230.396404598337,623.1610179561997,33.381230708285116,71.21226320883898
1231.0247950108183,620.204752867062,31.90512933276217,71.0162890917652
1231.0140793349024,615.6783676539748,30.046839162262756,72.97094931896507
1231.2937155165232,614.2655126383376,27.885137051439187,75.04517734035184
1234.1998122322884,616.2475748744607,31.301792077245402,71.11029613059002
1232.4450565610737,617.4526884274389,33.26412336310304,67.80120934493462
1233.1600112329095,614.6616516753918,31.48064272369316,69.2624356238398
1231.1176869612984,606.5320340687483,30.048358302590216,71.28282215090852
1233.804751040091,602.3420410958594,29.387103603867057,72.83210245398608
1233.9087450328702,600.0816620289445,30.388099158844064,72.17123426793059
1231.8386121495985,596.5468258364441,29.924969940188603,73.06114047480037
1234.4440900159625,594.1266648883715,30.689537679292705,72.11158257205653
1234.992908667294,589.2910128925971,31.203708199811057,73.8666272748173
1235.5052703258018,588.1371530396243,32.91149831052981,73.185452279759
1234.6484452322588,585.0573753387237,33.405087791477065,73.24054267377815
1235.5875114391167,579.5720981608335,34.945206415358626,72.33206203352567
1234.6487900328516,578.1941112278005,33.70891545942617,73.58321161885311
1236.1471085003666,582.5053610734197,35.04808584785194,73.02393672009507
1235.8251230924602,577.361455274636,35.939004607828686,72.72617035287982
1238.3435119692683,577.0348480546143,35.322987008936586,74.56891766893797
1239.5451833726825,572.3343096757237,35.80414661299697,73.32398784255147
1239.5484158265465,569.2609859371994,37.10874272993496,74.26319637382987
1239.4169326109254,561.301180974667,38.71459942378095,73.04054288641925
1241.6211565344104,555.842470328959,39.746161647611615,74.78383850644838
1240.462584515991,550.6456786560742,41.53303469074062,77.55331353770391
1239.4763963174375,546.2188710628416,41.60960596737948,81.42544431102226
1240.0132050533603,548.6012380160254,43.28726689595535,80.94137961699592
1238.434740046844,541.8131121138929,43.54434320262797,84.06570423620227
1240.3600430880947,538.5311503542995,41.944154352640126,85.46073298762778
1239.306966323449,540.4910685943938,42.348264229397,83.01678475969746
1239.012477425832,537.8138718815746,43.184841149539345,80.66370061575577
1240.670063893079,532.4848466080377,41.08225998235652,81.0164361451292
1241.7618275268633,533.6977616363865,40.685107164517945,81.40248190859154
1241.9716082970215,530.5264613873143,39.34180517763377,82.17834141705112
1243.3256113714604,531.7746015072328,39.82955927884776,80.95707200141749
1243.5647871856572,524.9753464738786,38.585844732077014,81.43749716059422
1243.0783448021925,531.1849405770192,39.30566823425298,78.76564343459847
1245.6407551373175,527.7586013089049,39.243497767707865,78.84670932663184
1243.8346023582055,525.3873483511791,40.37955530003773,75.59907480400355
1240.4401563324254,523.8898627065687,40.272796487950515,74.18759200692057
1243.2166618836447,523.4023996776588,39.675706081770414,73.48163179612474
1243.3253308701285,517.945069634599,36.69683580213165,77.06062236472721
1246.2817590035793,516.4367493368018,36.11057865632415,76.8361991270849
1248.195446463328,524.5585480266215,37.301925794169364,72.34584900849293
1249.077666096478,522.1305320699558,36.32090983242678,70.38636444996136
1247.3002379576392,512.464465433361,34.7649143454255,71.82615229468419
1249.1140111337768,507.12040749647986,33.68748500898872,73.21087194347089
1248.5622067187044,503.4292945833768,33.4707847962032,73.55822142308891
1249.8623716083252,501.42502683502175,32.63205658422991,71.86028547662275
1250.5759589910742,503.26625040709007,33.346862705191356,72.86794329388135
1251.3783965418093,504.36253895952234,32.55424739700286,74.37568237973647
1253.897990421786,493.3338841070605,31.639541315058278,77.35258017364936
1254.5535218531188,490.67362935889656,33.70417844934077,75.10991017702683
1255.997108324717,496.7232287265034,34.549318662272654,72.00396801072178
1256.2893416775955,493.2919329367473,34.49862639203552,71.44791325463227
