547.5,389.5,62,166
549.1373010525473,397.4169836169838,62.01067669205504,161.4736776100875
549.3360566189747,393.93600009210604,60.58615964832681,157.2278924320599
548.3274244236684,397.02531778872253,60.60312124734392,152.93201207994932
543.8998028811309,390.35401463587925,61.264518583517656,147.33428215821897
546.3842842406397,405.0751993388063,57.602910076307396,146.6832812368619
545.7785922930216,415.81696486363455,56.30160032797356,140.10666394452954
544.2722061719119,411.8114175039854,54.69836810318256,140.67809859150123
547.479352655963,406.71921719596645,51.86276947864721,144.36398217110113
547.7589641340156,406.9094247390932,52.45838019697282,140.71542772251246
547.19998533898,408.23778359195126,49.806027623546,142.59724418122505
548.0520209081053,412.4543683336103,48.24021175363086,137.6068313507389
544.9957278643674,426.19885589810144,49.02445063499084,127.29685326155163
542.8473783151852,427.58072523459276,47.43105974464672,124.00938669473965
545.193545274986,422.5847725679411,46.85018746444935,124.01093081435886
547.825609122749,425.3674301957327,52.84810658288822,122.02282574668772
553.3467473050281,424.19555762804407,54.31680700971195,124.83414124654014
551.1317743402104,399.33065822833487,55.731650552872594,126.64468192828285
555.1191588614772,404.8818152448987,57.65545252474335,125.15653701594374
560.6903063441013,405.3133159487857,57.90673418150467,130.81618537318434
563.9038542173754,408.0687620217591,56.87575183064715,133.00488343338387
566.4868821746425,398.4175736937668,57.499951462683015,131.26991992518379
567.6606184884836,406.3991928369096,59.72983755768754,127.15314102763118
574.8209191669011,404.81152930676575,59.724902399582874,129.51023680330047
580.6643152633453,404.8992504346785,59.42391438302501,128.763269390977
586.9057969668827,402.3001555237297,58.77885590606512,132.61892824706962
598.220907098648,399.2617943492854,55.29923226118676,136.2535536473344
601.453333607698,401.525375748926,55.184643792342,131.54058795620278
610.1970941163084,404.2851379640103,56.837766848607444,131.5621859625577
614.0082809004308,402.3760377423009,59.69555590090728,125.10823445895497
630.0004587503573,413.2210238216676,57.39858194543905,123.88718968364446
635.9467372993831,410.8737892430253,57.640713224767865,121.8808469779834
643.8839925806021,406.2623292889672,57.298185084204746,121.47191950450798
647.8154940697467,408.01497844953263,56.51808644475233,121.11078860662526
665.0940173375305,393.39199212256,54.70016420728027,121.9527237849846
672.7616881192669,396.65963525680814,53.432261723092246,120.21439548615388
676.044198831511,404.74582110974245,52.392354834889474,118.87661850684779
689.7286261455996,401.36436378172243,53.275436165574654,113.91607582646202
694.5178020683937,401.7897875511555,51.76586903373142,118.41818553628369
708.8837636038306,405.0989139098625,51.09241764254515,114.97223744914916
713.7116457400812,410.9992696066822,48.88720535673839,113.39336977499218
715.2557882184541,406.0069136151732,47.6774711678911,111.54023786305171
727.7981845046496,402.76655467995676,49.969797659831016,104.0072047035163
729.4961017331132,415.28359579441246,48.376353897522236,101.88510024254927
727.3436190579006,426.0971492974487,47.04934741185722,99.27668525307836
747.6384833153578,411.72725678624226,45.26601538131785,101.78992303428032
753.6946007499489,410.8214417541062,44.01658683232608,106.83026351153154
753.5628615036211,408.5642316027073,42.53102329083259,106.22172467736641
755.364636879793,419.2716701653259,45.66943830921018,101.67124078638224
758.3246319354207,412.44953914162875,48.839301484697835,102.59332055991175
765.4850396496514,408.20963573659924,48.67534450045027,108.52662692555847
767.216692323936,401.9173200050978,47.92626301357558,108.11528480152529
767.6635182352394,402.0243639823169,47.55536371439091,110.12193168175801
764.517772976628,411.2631673226041,50.01175620343093,107.53460000270957
767.9496894252483,412.8981988090545,48.01906712409181,113.87142198616857
767.4404054927585,412.9811748057663,48.538570543575915,114.92908778487464
766.0162164932632,402.5554552343388,47.04233880517019,112.96634464623537
768.6012359496555,408.3764217585304,46.21208260722947,111.97240563929509
766.0128629418325,415.62080432518906,47.75389419752118,111.88335497588736
770.7916711146626,411.763244442233,48.592389340203454,112.81619477353784
768.2266337548967,407.8275650468695,46.40433261289675,118.16073004360436
767.015462934267,415.2602734427333,48.35469323537455,117.88806666221618
766.5384576377769,403.9416013048113,49.13805714597315,119.63038568476429
767.8068241371467,397.1570684823685,50.65871149922333,123.39196861022842
767.705813522357,395.01501175341554,51.8208879178401,125.5064522558938
769.5721466243547,392.4072394048816,50.7499562948383,122.45413749403835
769.2532870354811,385.0171834106302,49.205690332738584,123.78653753796105
770.8295977550893,386.9114910306084,50.10292412576099,116.1792310443426
770.2373486552565,391.0220325150174,51.5670586488787,105.81464083332179
772.483644411051,400.7954439443766,49.146814778280785,108.33200025609753
771.8181092150262,395.006680763486,46.14447776829178,110.19521406447296
764.2881898636366,394.359990640225,45.90913519665696,109.84626187634069
771.8639883480481,392.9390347453874,44.23395481566343,112.34154336096412
768.2955388081693,407.619693476217,46.655172819371174,109.48916754969557
769.1874968738233,407.7401485316986,45.51529763025546,106.52610878188727
772.1065994365648,400.56198027343265,43.61881942776135,105.53953834651485
773.3124702729847,395.59094013600713,43.4063208236166,104.05286667587035
774.6336838676739,395.7201492988424,42.593952685751795,105.71816441846764
776.5998413221832,382.6174678798158,44.39474868142686,101.33578159001685
762.183856821647,393.26105116732367,45.96352836670326,96.5346703891467
769.661428474119,390.7882214303016,44.939912199515604,97.41237961447258
770.8980801778092,401.9868801130028,45.40137270052155,94.64373580253682
771.2401037439944,392.44052455078156,44.56335440273253,96.94822747507513
772.0873048767785,389.3081090531809,44.06204090707696,98.43516874173027
770.9671033501597,395.1359663797885,44.5911565810497,97.01210007697946
770.7474228833079,390.43538203179895,45.803168889093435,97.68630286872272
773.9776237547068,387.52928100824437,43.46508255309496,100.9011652857049
774.1170268674136,390.3629751552696,44.69565297276958,99.4090213230142
772.565202526419,385.3766792811771,46.636400014820595,95.73369818472472
774.3017869853603,381.4657961093626,46.189233504011824,96.79822089508343
776.3001563700557,389.5255586467419,45.72984372029295,99.71043028687754
777.7538591724665,388.1387802408196,45.08767258583877,101.9713051376626
779.6899240953455,386.74292346712906,45.53063101217559,101.65128381794776
779.2562725334404,390.6466755356571,45.43647032697239,102.12544452921927
777.9698456128557,386.05159823190587,45.31997856992094,104.09200161017142
777.4779953957992,381.04111235987017,45.549116685708796,103.38744082250453
776.382781615524,386.26224312232483,45.84037575489593,102.61240036693121
775.5265231657514,388.4257970142591,46.39992138674067,101.59682627256156
775.6920695705325,389.29840321230216,46.552705788987836,102.83407556737814
775.6492423092197,381.9369792987671,47.03195556007401,101.2331490566797
779.3129531752812,375.16692643644393,45.328090918710444,104.34497681196572
779.1607833277154,380.67308412562716,46.38537085136414,103.21833400287412
780.2767464623373,379.634691651202,45.895610386029624,103.00268902771329
778.9579678448742,376.99706383940605,44.41474320536746,108.49285217827502
777.7322653356283,371.9815520344269,44.79916428564209,106.95416410305268
777.690462301472,376.6391419882674,44.70265978018604,107.14635895886045
776.6550543491958,375.4015476904606,45.23729161224398,105.14302334640524
765.7868024234116,375.02063758588565,46.597704460394404,101.35520433054896
766.5726806249028,381.4379200399689,45.91633481764694,101.89509964271942
780.7889202777269,390.5915417477258,45.00341346487944,103.3193301499351
778.2329778178411,387.42262583273936,46.11923801325216,103.68751171135325
770.5764137520189,384.6098019646661,45.605849993468276,103.24609659273301
773.623139358566,381.383622672725,42.29796081879566,107.75537200953907
772.1306140712412,386.62600219878766,42.82100649346671,106.85073399775797
774.2384124505456,376.76822785493056,41.642141454828575,107.03762858696143
776.0759812028087,373.19939251536783,41.73240030688497,102.67472420047405
777.0716398320434,377.02926622698703,41.45466055734217,104.07168988148374
777.2726148579692,378.5385617547113,41.86311289883157,104.18071403942943
776.0379709531264,375.97544952759085,42.53783526929282,102.72899373811606
776.7987210432718,384.7961551110361,42.777376491818735,102.33790109844716
774.2246054953607,386.0548205088277,43.466276075189754,101.62485940541839
775.02187614848,383.1499902899559,44.159432561004365,100.02300603777257
773.01600406543,382.78351323883936,44.186612899589754,99.77584711052566
788.1753925155747,382.71325952572903,44.00642204361194,100.26365643713312
783.025431767906,381.26875645931375,44.021824343392915,100.33819466301182
781.4951481712014,381.5705225657311,43.93531040009847,100.37749389491735
777.9239047396787,391.30858853529816,44.48090395259687,99.72089053549514
777.0582992488115,386.35054365586416,45.60626882732535,99.09898972429481
775.7588053934695,390.5278455827761,45.62197788200349,99.08971992351059
775.7724119119475,365.02855482026354,46.06519563642539,98.25851705522508
778.1768629956233,341.63149705012853,46.58923833906908,98.00147369046577
777.3272265690791,362.20396858397874,46.48923293287987,98.23372025899583
777.0578944292803,371.8026985042446,46.48471650836086,98.24629955725807
783.6432380252796,394.3591993987912,46.17769203608865,99.43977054648516
784.6798591547201,375.34968558486287,45.68680086573158,101.06620860524998
780.0877713297052,377.043084080125,46.81116206263632,101.23377200443522
781.428345316043,377.68738951672634,46.81081071319093,101.35018673261959
783.1893735502896,379.97659218221884,46.8888399800187,100.69068665981334
764.3761938917811,383.9743699717371,47.272786729897106,100.02249028030072
764.7658646166603,382.0598777202916,47.42841375166557,97.62992145753864
777.821066256627,367.88956887769757,46.75058569756236,97.46181493008021
776.6576282897747,383.0524813268538,45.937613160579055,99.69775379519545
773.6715176231193,376.7712811949104,46.838500608697075,98.51855402246125
763.5125433361665,373.6965620826776,45.97689138230983,98.7401901610504
771.0866772769934,375.8392363774199,45.681233135055265,98.84818120550734
772.1785182228259,381.67864542119867,45.85397676714831,98.65523443295226
770.1473667004842,374.5922355845382,45.84012557980646,98.34806219343147
771.0562264070804,378.6501136476046,45.452579921306096,97.93287855799079
775.2383636034958,383.44941307728146,46.2528181627527,98.30297057082944
766.3217953811679,376.40537438747174,46.34527391282832,98.56076383179652
765.321872556363,385.7614561843877,45.01987275152519,100.23497185051342
790.831103081029,382.8847917477283,45.06358363822816,102.63169495562852
788.4640784307126,378.63533540929745,44.97803712511004,100.87175372013665
787.0766171191642,382.9963033907095,45.63997604459333,99.4584253355901
787.2632300161449,384.1215527404657,46.14620772438685,98.0871806791801
789.4542406232317,381.12456568243897,45.35577906049102,99.26076552445102
787.28966024545,370.4141449396114,44.77539201026818,105.27960276816282
788.4200942076602,367.11666830507625,43.096315546361794,107.95929453019878
798.3106190374004,375.50872102146366,42.76705383548982,108.37213619520236
798.6455077342424,373.0503872138414,39.384787075274474,112.25195741113953
797.7709138196094,368.0539348802882,38.28987609815937,113.5415234551991
795.7750818740308,373.99509922559525,37.86162669738546,114.90290242144528
792.3604874629397,382.8512660071482,40.37141950058569,111.86889069671844
799.4126195093628,372.9311949825021,39.98091673739032,111.16322013919901
795.9292772897735,383.5321247460027,40.72385535366242,110.59107557801813
792.7976838591612,389.28437453830776,43.9343748355077,106.6644616211546
790.5317329072782,383.56470929476865,44.83466682258672,105.68559066169962
788.1353051919227,388.34552060101595,48.010806822084376,104.78463737598722
790.150536173931,379.0405643174744,47.64747294415802,104.66273460493565
789.8462283802747,367.1836273544245,45.23178342626091,108.12975374893081
789.9995888839043,382.1201343623587,46.786077619616805,108.06887733682217
790.6298997504218,375.2538739664618,44.99024968788936,108.47349342738312
789.607759800793,370.09324878133447,45.1125433648798,108.2515795444029
791.0809156213514,374.09627162348806,43.610562892891565,109.41526500023252
787.1237817179338,384.61054033515575,45.90341031627343,106.65532804076426
790.4857992465244,385.44863737423475,43.839841453245114,105.1730672558297
791.051847392624,387.3729743788224,45.09749993323206,101.87845263290771
791.182735802512,395.8287451466329,45.67900617066908,99.61109139513825
793.9405959504558,392.1520144550157,44.42470135634876,96.78943719304553
793.7836734322485,387.21088059087253,42.83688487752738,97.7952963443665
785.8049660351161,387.2366339701878,42.657939503335214,96.26360848775161
785.9403997728389,383.9590173904829,42.311790623930925,95.23227472211263
789.8422808336795,379.2543487025803,40.9336748073338,98.01244024962085
793.59470916211,378.03608718701497,39.21323291869187,101.68995153529855
795.3409639921882,376.1165963127783,37.711900698224966,103.40747308441578
794.3143603095488,381.8615604513557,37.674933150097544,105.46057745344018
794.0224237625993,386.25924734819915,38.297252189825684,103.9482789923949
795.1417888679326,389.94813900116304,39.43989514619683,102.69090517514509
792.3805533589572,395.85025013058726,40.949997485101214,102.65146582187532
791.6199733723508,389.7930957507595,39.776197579392374,106.45914158592534
791.8584603361548,383.65551901322056,40.99873374928811,106.60568349636696
791.7419654671983,381.6631044169934,42.74174803477818,103.41202252692548
791.1768887528749,415.42848549391636,42.91083009139258,103.93734405227889
791.9665585684193,386.4817441480724,45.36486476984383,102.9423684920137
791.1921208470064,394.83900196589605,45.150025422325115,103.2970571868106
787.9299856394134,404.23411143032064,45.880458767046115,104.18087046926519
790.1900896206176,400.83787112595644,45.67330631992699,103.6137295531828
800.2326391764226,376.29416450820213,43.48717304388828,104.87498235778317
802.9560902762288,377.74290538445405,42.35508112030746,106.2955548044981
794.2457643558674,379.98450250341045,42.77078148397941,106.99656419131065
793.7932484665376,392.4541108744232,43.41105252998811,106.01774135492481
803.5255405012022,382.47907314242366,42.7267075658837,105.74352024909962
804.9263732454482,369.75894128250707,41.88966433653175,106.43098588848852
806.1821444249839,369.6807461959609,42.575269346844955,105.08026284327332
805.9361798243481,383.9048476768197,42.77021691540713,104.49871904598444
807.5284883606321,387.97368671669295,44.708292427830614,101.92332257481951
805.1352374089219,403.5902805258036,45.84813757961836,100.94481177544587
802.8005832981677,409.99358374259253,46.50811028324356,100.049862675242
803.3055878280505,404.2220915431501,46.80342875815325,99.37348672256435
804.7893737532604,401.6286427969827,48.06425570762982,97.99727767803398
802.8318441447694,340.2748072136478,49.43446409834845,95.16758769968413
793.0756253017174,346.1701964338687,49.64057968667399,94.98337568838062
802.3023453282741,338.4577229445305,49.648235443497185,94.79483542340469
801.6553683542794,327.4109739012004,49.626137908332296,94.51339454522108
819.9450909816993,316.01022226369616,49.86620025236951,93.00696210550788
812.3542528717117,330.9949612552821,50.195698852410764,91.82044501405969
809.540780048041,395.62338147067345,48.89750173470685,93.06554244948791
807.440994896808,416.25997958915616,47.72115078778331,95.01692888464166
806.1364807697901,414.2746554510415,48.08147198577353,94.73023863700617
805.5188109990013,342.11902318185787,48.359963144401206,92.79104541170153
806.0851902535146,342.2926981720292,48.369198992483604,92.77376211226718
806.6603329306846,405.73913408369856,47.93623419955275,92.63160745201434
803.8740683098112,418.16345251059505,49.81430209562701,91.5456163196569
806.4092304866025,365.35561849549697,44.35571994051149,95.30593767016556
805.1833111035962,341.06695788859565,45.78319268536771,93.90648657561854
788.120091728074,284.9957767755506,46.2815873079941,91.0261284647946
839.7035519758365,188.16969599711356,41.73432623629735,99.00156272674685
840.3602749340743,198.20018209011874,39.71552890752554,106.2248598736222
842.7301648469179,193.40282748151105,38.66251236842885,108.55634544276634
841.3533972905251,198.4192244587764,39.622104076063025,110.72518208058182
843.2247690149709,193.59051322818715,38.985978077885704,115.27928251264655
842.8924155414161,190.55818854881448,39.374236953992266,116.98209305379547
840.105164858407,185.9316413555798,39.6449091268953,119.1684183171874
839.6325925691741,189.4675949979701,40.94202002682927,121.15501895171832
837.7291861649992,187.63333243992844,41.79547609232033,125.32598362630767
836.9135426195772,186.97551597649863,44.04348332314461,124.26126334081073
837.4792425834596,186.8626393944246,43.85386026706105,126.19066852922788
835.5124735177154,186.10370118703855,44.22505694690448,124.13943788833595
835.4296430582662,180.41210445961687,44.95656526265367,125.14702671366268
833.4360896037326,184.1851739369671,46.50209163773934,124.41244934343493
833.256982711615,181.99647348173448,46.25920467915766,127.19719054206232
832.7331788103106,178.4441536152007,47.27151795271595,127.0968975854632
830.7623457345987,178.85062043305152,46.88708280103893,129.58059457071798
828.0237300047547,174.5335904729749,48.3056642439423,129.53555826894734
827.9197139033095,179.70875449324765,48.14758406561302,131.34087369153661
828.1319223722028,176.4431882155043,48.53717357561849,133.45808584449645
824.3107075301907,173.62135491512205,51.79377476461694,130.52887646869846
834.845763568381,176.14144624431168,50.19028980920811,129.67392263493466
833.0519108038849,178.4763038110205,50.404397001026894,130.74372995863985
835.9333057338641,180.92058464633112,48.075590705445215,132.63615936544167
834.6419305061015,180.47752979689633,47.63344930763786,136.00202589643408
838.8262280633224,183.40960220342416,46.596006632313504,138.25378970612013
837.6566440143545,184.74899387719992,45.342903402277024,136.7811033653664
837.6771477071654,178.68307998165434,45.06885848527907,141.0183822634827
836.2799904366716,178.4292467681487,45.18486692351406,141.48228800338123
835.2412665025333,180.12224741700845,46.71934467088374,138.17303200714673
837.6786792974546,188.66280571135397,46.80300325386242,139.1686747568346
836.9740557521242,183.02002804904942,46.33691190935025,139.21640850246422
837.5989179933982,181.42246855910292,47.12871994328164,137.16698822149294
837.0361669079667,182.5586302453354,47.9135454786408,139.39715536950527
837.2368389387334,186.50120298352937,47.07137893499828,141.23637703484098
838.2117873946517,182.2025114967273,46.637201079291295,138.99861596547638
837.3456518856908,179.82881337386456,45.93512256031723,139.39532709157294
835.0187704440655,178.01029080860565,45.20478071486927,143.12930416389804
834.0333731125552,173.72709408624036,46.223804833837605,145.85234195295843
829.7791947765267,173.2034434581276,47.96746204681878,146.1639628674634
832.8780815233894,174.7191392157721,47.43704838204238,144.48961199586643
832.6385230222597,176.4366352256628,49.278288039216584,144.3248722038682
831.2038038130231,171.77589339683124,50.35216717061846,145.46875690828423
828.068944587903,175.03791043216063,51.830993496682574,145.93623752039525
832.368921823359,172.21419869004026,51.98443601368578,147.12904684219092
831.6688069838342,170.61746496413429,51.72265216200409,147.7707242949947
832.536765087253,174.10082287113818,51.024542108463905,149.38288497634827
833.5048817841113,179.39958382726275,52.28010120284566,149.00936780958247
833.8791614281789,177.12833798745382,52.31383380390084,150.303504100559
828.506524565366,175.46902854532462,55.25101541221709,149.28335784046925
840.8216966360114,182.03376180948874,52.82450198992058,149.8942296376415
837.4508583239328,176.41371140771932,53.42975836413879,147.1940199629699
839.0374350286431,176.3823238954641,54.24412946414794,151.0118022544786
838.6111813748539,171.30512980877236,55.48412114338863,152.92790536316483
840.1857525057973,175.54392469887767,56.61692935528724,147.67924104949165
853.3974258094484,176.0835840722721,54.957630370665825,150.76737082336325
854.9052192056758,170.4487366345233,54.81354693132968,148.75830002045507
857.3767144628268,171.16990552204092,55.0277786879934,148.45441584821066
860.1363130525563,171.7177314442992,53.59227215184508,151.1078890075088
867.8900134018229,177.23635760850664,53.61748997595585,149.60992996827846
875.0696161717792,177.04943229750967,53.04872499543042,153.55358311293173
875.7116743187045,170.11320041900828,53.12249668490202,151.23703052777142
877.2982706318885,177.31383878052745,54.50390572784549,150.04517496257
879.7205938775642,170.97324510710934,54.3975409633312,148.26002129072944
893.9325804600538,171.01038362487807,50.606496646618524,148.83818468392582
893.5525720012106,175.6616603103756,48.64335210533595,149.8374072452428
889.9986048103814,167.91802918627081,52.10084078730252,147.5119978320754
887.8491925695333,165.50205655472826,53.562390002351236,145.6480993985663
886.4879741128298,165.33717127838918,54.63899819185089,145.03443398427586
887.2083102649239,173.9884043625587,55.74922443960372,145.73128879982357
888.0254128102326,169.85067162928982,56.13381698501817,145.4775193801919
892.8950034182996,169.20478208481705,55.23724898909929,147.28785804421832
897.4638272632783,172.69813625782174,53.15700534043201,147.60582336993133
897.1983001556292,173.3968866720812,51.88199196978505,149.9949486419526
895.2364277316045,174.21020538419714,52.84305528592836,147.81618969767825
894.8778858824603,170.94148322648172,52.908200128568744,147.9121710194873
891.0920977327983,170.80904692346843,55.437786624578706,146.52488464991265
895.1322838886156,175.31166762065573,53.814285822496004,147.09061951286233
899.4643215257503,179.9716909580451,51.49178426343656,146.68060129572518
895.8937033085915,174.71544689022076,51.01667386166403,147.0453471599505
894.8129120317927,176.24198764766209,51.73313083542751,149.40495294670356
897.4405117656844,178.49811352305932,52.013325559386296,146.87739043159638
900.0408512856836,173.89791414342423,50.818388115609565,150.5928329263707
899.1185292584956,177.6013453613757,50.500037785220066,150.1766583376052
897.4770572006213,177.41079287025988,52.53596463660247,150.1033704098332
895.9971567162653,179.63414346219156,52.70480028663481,147.73503169087462
900.4035827345594,177.96523752800897,51.32573130439819,150.98254085347503
894.4012010677852,179.1109759858411,53.14610075519511,147.37546664204967
893.9792426539397,179.46186383275415,54.88827418278939,149.37715736362884
896.2597885031164,180.30790007326277,54.62660951690661,147.33555513941704
900.3947033191157,183.62094515200772,52.48338587245698,150.5012292412655
897.5667676526133,184.31719762105303,53.218699229692604,146.3495161008128
900.7148381797859,186.08492051676222,50.78592835547748,143.65760913013798
900.2689518559192,182.93740699975422,50.415065176146385,142.87965719076533
903.218925032796,184.74401964362622,48.66220735007208,144.01727161325692
901.5147020608892,182.6979158082965,47.978448246278276,143.9796336647147
901.0031983833602,184.77378302975862,47.89360612261481,143.09401059569183
900.2604012225602,181.83579414318675,48.66310583113952,141.3764229048158
900.226046694518,184.1838290500154,47.82994445770798,141.34162657062018
901.7257982483021,190.08439524254126,47.96546232143811,143.7631780921236
897.8240133462218,185.9810295152966,48.17167437565961,143.7004231193058
899.184220376461,176.86894036630065,48.77233909249463,141.685232978577
900.6087277061641,184.64135659845533,48.527574148893315,142.22621022190924
899.1240333456348,183.73365467116844,50.31390973408024,143.28402461706378
896.4885871104717,187.72661749404455,51.0145359576106,142.8591374654217
893.3356587804319,188.07263610707173,52.56294871281348,142.6662246173332
895.2385257425424,185.40701980771829,52.51036620537111,143.24394054199837
893.41740697196,181.7370631395492,53.96439635861181,141.15622631486
897.837223480417,179.89568048124224,52.827502103599535,143.4434714212078
896.6204398123755,186.8559725901856,53.12322034719916,146.01405617915117
902.6127643564097,178.1296501789587,52.54684209500724,147.84871241517914
902.3558768034054,181.82132340846232,51.117721073314804,150.18002087865727
898.9965885959224,179.0377433335963,52.53588101870701,146.65183267023502
898.8848010120956,182.57678845484804,51.937480955189905,147.20357374181845
900.1794127060025,179.58542672964782,52.39982011505985,146.07156969511806
901.7187390272794,183.44210801457413,51.28589320530929,147.9864944406341
901.3263048454374,187.0475579844792,50.93222821518768,146.35752180032347
905.0215740681381,185.11555981243993,49.46563471989026,150.5670693669648
904.4498750350059,179.86310780502563,48.74336091306187,151.54822403029192
908.691562425289,186.6082190626298,48.51594468962456,148.67059421222717
905.3285457935684,184.34390808018907,46.790438913453954,150.08670644963058
905.6983692288208,184.4428967338591,46.4610095367219,152.52116279516832
901.1925890219952,184.5727500198865,48.34312916591854,150.55687639294382
900.2067634182489,183.35936850144242,49.80616321070676,148.08893747212937
899.6051596690631,180.74848384073942,51.59205039800863,146.77637404130758
902.1112243548406,185.53680045423744,51.49344470046498,145.3400243989063
900.812670240487,181.57092068749262,51.460548284778255,146.26822243566127
899.0376162323671,184.33614691339528,52.05106443547851,146.5810793863218
897.1276046838963,180.9848174072491,52.58392856635574,143.75327136522793
896.3149010212701,184.0067356982609,54.47258275568851,142.02261189196892
896.9856532350266,180.83624029882267,54.0705726399851,143.47051053538888
897.3876449685276,185.0903209649591,53.85939175715423,141.66612890053426
896.4932092592384,182.83292192214583,55.03671743417487,142.9265551046758
899.2398775101697,182.59038589934795,54.14243336151149,143.38376262517693
899.8686487652227,182.93808853831536,52.20068090858763,144.7943282067697
904.2605877974765,180.91600347084182,50.87197872069741,147.69471596447374
901.1929005326581,183.66396789172924,50.85119051153434,145.92208638760673
903.9458724691855,181.00426712066692,50.22578033370041,146.1580461954174
905.4654935832397,188.21371702471762,49.119095688447345,148.394175684191
905.7508358608618,182.13004272797247,48.49499482891278,148.37693298434635
908.3546725926569,184.90135669695937,48.1050513152737,150.79735684233202
908.6857979703153,180.16412087596672,48.793841638524285,150.69285089947843
906.6939550760148,177.49731675347945,48.50981340353527,147.582723068098
904.4199442006039,180.88020862010367,48.5576372669363,147.07343576429292
904.3538199168753,178.32761955735748,50.39111242645758,143.88501571473648
906.2951640674669,180.31287078043061,49.65858682211278,147.43471495163465
907.641020940507,181.51064449693857,49.942903425763944,148.89383303642575
904.7208178466736,179.65045208629238,49.38828865166926,147.00498733937707
903.5797871571542,175.82177359784836,50.891416863250555,146.47931895615767
905.4588714510663,183.06197870638712,50.57485527386987,149.19401715277644
905.6121576304271,178.5788399285323,50.72641849020444,147.14312475609353
905.5127812322363,184.28365115034114,50.41103240919405,145.56801311569848
900.2170232780102,176.39129847122143,52.95615110847882,142.38757717755115
900.806277238708,180.60070834179393,52.8852671218289,141.61486129535393
899.6365672020588,185.94859791148264,52.61075696975519,140.29408120230224
903.3028027875836,187.31826288694447,50.00571423498485,142.4583686334281
906.731157010116,187.65658621649783,48.55128469006647,142.0876614698849
907.8720595321189,185.11422077931388,47.02033670124801,143.2391988990471
901.9814351052893,180.22189302095262,48.24867951853015,144.05797402178766
902.9221715397998,177.94122969346546,49.59510906192362,144.1282761825909
896.3815406006065,176.98986993571657,51.567089400393236,145.6196881545725
901.6980107147856,181.22397824510028,49.443545725074614,145.20722905838807
907.5083394370592,185.57551116366406,47.79953184284428,145.89196915998122
905.5105964977611,187.71972434360993,47.89329838969939,144.12328695788062
906.0810455586147,185.81643350508762,48.373359430704035,146.44710069535768
908.3481840761614,184.69483157790535,47.461780941066664,148.3809970042987
904.1663853214665,180.16346034221857,48.81499436766244,144.8023839611459
904.940897655203,182.58556027667387,50.06832379755575,142.73601540822955
904.9381721393966,181.24489434917535,52.54296375777275,139.6288507689334
901.7828851639871,181.39564369378414,53.0447637141457,139.54576081332215
904.5237838626014,184.82045329849558,52.26772209999834,139.58568418355017
904.7355645955616,180.39095270632993,50.91384925226093,140.9230441134564
905.6912938738651,179.47985923278105,48.5075720380174,141.41404881911433
905.3460101461932,176.1308858404327,49.138085079386805,142.2192896864526
904.2754322583801,180.08440109664758,49.17251706961259,142.2753081089594
909.2541462273164,176.7824962278531,46.426652242091684,145.44014060503224
907.2211031557823,175.742446727703,47.98405160423022,143.90436889114486
907.2206776733049,176.34497461556634,46.108434387575,150.61008543902656
906.1520765044484,174.7050439266582,47.8515867827946,147.78178250638751
904.0138166866084,174.70065352427238,47.63636714540333,146.68783005672645
906.5400974453934,178.69884944605369,47.413274354945116,146.09492255764627
906.4618624992424,177.58949948555755,47.139102864314225,147.29178798595515
907.2209900656056,176.19384222343086,47.235031395909864,149.6211530127472
911.4378652816489,178.23058917684733,45.16325568000971,150.69460362877192
908.4882776028644,173.73630845121778,46.35185784116777,148.66641760536064
906.5542146038748,174.92164396543586,48.39392247115816,147.39876629127988
909.3148668818473,176.91055357213546,47.54956264787942,149.7523660689696
909.1058050970232,181.119603822822,48.67491404364585,149.47779736691294
904.494104568382,171.90163909330442,51.17644706275092,149.62043001198322
900.2856806861372,168.5932686494446,53.10721036602824,145.77209922154125
898.092479153967,171.22831461506004,55.8333841050742,143.1243486847348
901.9587899657798,179.62671660586744,52.77496158575774,145.14857245885733
902.6245311745382,176.41270685206806,52.80310438853971,145.84767055303445
902.1653828111075,173.53632690173907,53.228263606770284,144.62314697590918
902.1221958563447,167.67275715800128,54.117298458373625,143.15583131659528
900.8802892787771,165.61327591876298,55.201580606695686,142.33129184576154
899.9133001131654,168.48599573110525,56.72694242490515,140.62341649872593
900.5010157282608,170.66053161393017,57.345243241795494,140.1406350639629
898.0588593314785,168.01104444497182,58.043134164174816,140.27620350664648
912.8350351500917,221.92836310168627,51.7590835370802,139.66899844419416
901.05020611586,172.81753625480587,52.13503318574382,138.33790250416584
901.4548906483847,174.17570439595002,52.543767529507946,139.8215512491908
904.9023545562861,176.80196286313065,50.406808616293,140.2726456887309
904.1662169555296,176.073420564002,50.428771799411415,144.1900943903055
904.2561925441933,175.48093425776958,51.10964622032415,143.36188197850885
908.6355525016364,174.3459997799347,50.253334905291254,148.8984202075551
906.5225803746218,174.86099752570817,50.73117363334997,146.8191040182237
909.8521100301464,176.27641476687845,49.75995383035759,149.30009433446713
906.857651673643,177.87289491226622,50.45686071288941,146.99567568254275
904.8003507314147,179.13501710810255,50.43241068313092,146.54871944165745
904.7382803288554,175.40472935435298,51.42614016136443,147.8460034948414
899.5621438969999,171.6974797054932,55.1533128892719,146.95224282857168
896.3354481701787,163.68896363040733,57.238174069477154,145.47696159373368
897.1896828452279,165.67330399963612,56.523464947535615,149.3142925320644
898.9764647950365,169.24868233276612,54.806529704305866,152.29175737764524
901.4019137134467,168.00832925412934,55.08602298839608,157.48554990157226
902.529141256869,168.0861729538206,55.33046044725147,159.09095456895457
905.4946541841402,174.1906405240301,55.05388500927397,159.72212925366983
904.2668762397772,172.46852978789605,55.97207295805106,158.66568935279952
901.7766368381605,167.56364540259622,56.44052497448019,157.93288991661206
901.8481191968397,164.59458240948655,57.354791325733004,156.9910043442987
899.3584527356326,163.2502947214667,56.36285368692898,157.0788612221084
901.0840080635775,169.0583732145238,57.35596452762118,154.85853057571586
900.811622950829,169.2161737945486,57.063745290742496,155.84872496601264
898.9772037983903,163.9694223185685,58.40407331119597,152.96544931537275
899.43809401664,173.36938785925594,57.8371794065264,153.22024006627328
911.3264907173505,206.80832797213628,54.96900683945624,147.46446829998524
910.3282687113692,210.7173682051681,52.16232308576305,141.7979443257734
897.6198951558121,182.53619924075267,54.188115225563834,142.82062161007303
900.0552527068145,174.5436579464954,53.85928693004721,143.3907185418493
900.9417222048735,180.38684970603464,53.81333064667481,146.59038429340072
905.3218695894998,172.93588551315003,53.862531803325446,144.56066823947262
905.1271652913651,168.56981533328778,53.9756005408244,146.4388304421537
931.7654297256266,216.92596934017533,49.521318223815015,146.19621084390593
930.9450697183961,218.56450614356265,47.32359233640544,143.05334461992948
928.1025094377545,206.64046963464136,47.498186717421234,141.02374162764022
941.2675477521391,218.78572315341788,44.892421917265395,138.60656756738211
939.584323333734,211.62793723376925,44.714611682725504,136.82183575677703
940.5656298877713,210.68411828711203,43.86698296777075,134.68253998004752
938.5336026226125,205.57692779006652,45.50890119132546,134.61626606691195
936.0216070120053,195.00056331690277,47.34331387936732,133.36760684490451
935.970710132326,181.46905240578263,48.40691065777278,134.90595329788212
933.0833077651902,178.95947718979863,49.72040786640975,134.0129552542031
933.9708613634474,174.9773393731024,50.2027557804451,134.9906743575968
931.4208213265462,166.80389171458927,50.65557852621417,133.90732713617092
928.8917035212193,166.24687647595746,52.329757091885185,135.5265340384147
927.9866882490173,164.00941180357773,52.017611227521236,137.7527942356827
951.5455683494876,210.92848666917297,49.3079358959656,140.28357150644536
929.5235956548526,171.474076978751,49.682352324053916,140.21936842635182
931.2853726249248,166.77155326212687,49.32734792156806,142.39170645179365
929.7013135414927,166.565130967878,51.47968349375144,141.78086355841123
928.5829496351571,173.01223429705442,52.179335429233205,143.1667520004612
938.9004885408411,174.642002146244,49.4690298804383,147.62821029774855
928.8681590999819,173.10258814420325,49.79015467402201,147.1998461669729
930.8325171976459,168.4350168818583,50.52485343383318,146.91531782374287
931.1365807029032,167.79193283391467,52.27473600011598,147.8027729865666
929.8247737974554,164.69003043465835,53.20416956084388,146.65420323139878
928.7309033765753,165.79612778397137,53.44593450290759,146.05144742895197
931.0639707600117,167.6504417283199,51.54533556748622,145.6627286360191
934.9049049502099,165.6126546946168,50.374232739610534,146.98086475901306
936.2488814359316,168.62523650446093,49.413062447724926,147.07778241907943
937.2069792626888,165.07886464930158,51.25340089378932,146.43813191095333
939.0855953325043,169.44428620344544,51.03602614170103,146.89212900499712
940.9559844915002,167.75525500234863,51.06384590339066,149.31347820757526
940.498704452379,167.04846648036553,49.738634138676524,150.2832644879249
925.1702409510834,161.1384614420879,52.90912048269841,147.60459349605975
949.5461961602241,208.260184107194,49.70861311007141,146.46485452571085
947.7639045703468,198.59425550133227,48.30728490142886,148.14849358252707
950.273497740406,190.73354739547864,47.8784019823308,145.03997662773043
947.1237327060213,178.99460119670437,47.02713945237579,145.32074263672916
946.9814111307911,169.77047767400686,47.35225432055148,146.58648693554215
948.8433568868187,191.66139037966673,47.971576366693306,145.3401877998572
948.1786417992217,186.28612351802772,48.41260741774184,142.65342942413616
950.4739168244854,195.2651922207042,47.1556392916529,144.0214848746182
951.5633911807528,198.0178163238058,47.805061865510424,141.07579887468327
951.4551889747647,203.72543743306304,46.7691321595972,139.01663861875426
951.8312963185673,208.03427679870836,45.95139455537699,137.8205211286135
943.7641294785683,190.0768353924505,48.455900735985246,134.78130619332651
945.4699856751818,196.3276993005394,50.670020423599446,134.34072988166528
943.3607867674831,188.66051924321312,51.03710512483061,136.5336705856123
944.0284336854083,167.02556634501371,51.5496920100723,140.42796221575134
944.7907125243353,170.66989136708497,51.7980533910181,145.68083610501944
942.6150200437668,165.21543503470886,53.11144110636662,144.31388416863643
941.4576302685665,158.22557286360734,55.415679405837864,142.12133296762659
943.7673601288913,195.99286763409543,53.685376503578226,146.2849779847559
946.7837523260648,189.5660989543079,53.21040146210586,147.96986853189196
947.9186219554327,191.6502327732624,53.18895226532075,147.220883807191
922.9431369983818,138.0190703158173,56.18478683396377,142.54798991104605
952.2156812257531,205.83998900205387,52.7533725430395,143.47295551708848
951.5549845802755,205.19044335439335,50.510132702967326,146.02967191540637
952.2126664687867,206.8516342020047,49.71861292962248,146.04808478347712
949.9400093858701,205.19430682680164,49.86718332104145,145.39613100956075
954.7279049623696,201.2983885613905,47.853917440411905,146.98508620417084
953.7512661873169,196.24829916012538,47.853257102371735,146.65424903837834
951.1746588195745,192.8144284516794,48.641780103542686,141.89679590570978
952.8406652490391,195.05851659683066,47.94694709614532,141.40162942108657
948.9765291786194,192.5032656842663,50.343380629196695,138.5147080742182
934.3545418202874,136.41511553959526,53.85872909464004,132.96335486014232
950.5941187759473,199.92583318915823,51.41596739523415,132.38524841843827
951.4649471247475,199.49250314927838,49.550864709932476,131.41345556297912
951.7382368436497,205.77379709515694,49.147436942822324,133.16149274751598
944.5593457918978,195.42548207883237,51.04795128509575,128.885228111586
947.9838901684934,188.2702736323499,52.04907701325831,129.58003392819597
936.5978234051317,184.1136504575219,52.862430251285296,128.92398286879433
940.4066074447603,190.25589536171836,52.90939006509453,127.22931582956647
944.8160343527791,184.28278283251123,53.04683793820493,128.25860210624245
947.7844047729369,199.80343350230655,52.54378573848383,129.46141850346822
948.8300672364527,195.2554926560395,53.05064420493068,128.62690316231087
950.400466288937,190.45399658824272,52.480351242174066,129.82432145299478
950.2034483941071,191.46943648555737,52.58941895369726,129.66818666969516
950.044266896904,183.41584388306848,54.24627553369007,125.07295450101573
953.7413095103632,194.1443778482433,53.601038268197485,127.50305736229205
943.3947481352798,177.0068593289461,53.656953987114434,130.59130774927513
947.7264883006648,187.9088513519185,52.82502711551193,134.09374116854025
960.72259122416,200.51514339852244,50.02407683797917,136.92227951185583
953.7323414938004,198.06992487072824,51.16648444841772,136.45806463949623
953.6517601516389,194.54170019687712,50.64851085649579,138.16372396339477
952.1744950658091,191.72806307308628,51.948348497523234,137.4387185478905
953.262533328509,191.78176277551322,52.23214016479626,137.1999057577646
949.8406136402539,192.59504432220166,54.17721111631871,138.16460071339893
952.0524698960952,186.62086613638547,52.416555693487894,141.10957058753377
954.9780953245499,190.49347145463148,49.05027659828181,148.57056436540944
953.6977982938815,183.71901178492783,49.73865050104179,146.7465398266429
950.3286157778658,176.20443504390929,52.54049543343324,143.03596438106769
950.1023930939675,173.57455307825978,53.3589359699159,143.6095992191965
946.9989108098268,182.5077045096478,55.21482631944717,138.52931949637414
951.5094880934253,183.30410729695504,52.71632008675356,142.58157159998228
949.2937221614039,183.83117025210913,53.72695828166772,143.81257809781616
946.3524827910749,177.33742811410107,55.0206370688651,141.79615421648367
946.1724875942342,178.10585393531954,56.16758961407399,140.10147767032018
941.9774780205902,184.30305663935323,58.36879841285112,139.36152553984067
944.879087147647,184.62606309620412,57.80103614857513,138.82940150823947
945.7298111070496,184.05075984199732,55.913056239003474,139.1864653931332
950.0723183424525,187.1043623724854,52.9422045947359,141.95236824231324
943.587939479842,186.01141649834446,55.89330503998856,139.43908940114812
947.5000901608506,184.65048972827142,55.969816303856206,139.0582338863473
944.2111347295465,187.10588124068218,57.03143173342001,136.39395993669058
941.1003510351655,185.1970472867389,58.44689160112487,132.2458814418367
942.091453970973,186.24776851848324,57.53089695311233,134.36073612800618
943.0703998888472,177.47907598524887,56.052619136757784,135.93295987092756
938.4255936893416,178.87626939025233,58.67352368817382,134.46410716622157
939.1758079657591,169.80951465275353,58.63527777636818,136.83052870481774
939.5539110887953,167.36381580289765,57.5788255896104,137.80923481135937
939.4089094151814,171.79660386834777,60.7593981468907,135.28120884372817
939.242471657179,172.2164910064069,61.19856260261,135.24150229040734
941.3192857393456,172.84979760098267,60.355410979796076,138.27005607055509
943.0677622196675,168.08122741808188,59.69397995556874,139.9244497398845
943.8310758698581,166.54574278346502,61.06868980194663,137.66114805498614
942.8043271878912,169.6247582611846,57.88335659947409,142.01347400262313
942.841032541762,172.90273468753205,57.838135850736954,142.97317237597196
941.321705843336,170.74912434323585,57.88307276924138,142.41120666319716
943.3610345139329,169.48921717385943,59.21873303592721,140.76231029333184
945.1715678639176,170.6441454757695,58.933145357030085,139.8907929229101
943.1585276340935,173.6595040325574,56.20527855868265,139.2106002348409
941.6912538992874,171.07917418870525,57.801612703748106,137.582031006377
941.6352731076233,170.01679312966337,58.89518291630303,136.3043711731668
936.406741136927,169.00430369837966,63.29268274407846,133.19988970095642
939.2412369741365,167.1160219006287,63.50977467256488,134.92721294573508
944.0327455859282,172.70762477599868,62.57726919061966,135.48386772966305
944.3379645126136,172.63438563534328,60.493455897605095,136.71857101803107
943.709589746101,174.4539019055448,58.6464318367277,138.0853649508641
945.8388746180146,171.52632487875644,58.16686261360647,137.90960088310297
942.3036453751441,174.78302848839922,57.128327569074244,138.21107784960836
941.5833353977383,170.60011798487972,59.36157587175951,136.58121327925483
943.9534070543933,176.66846137251326,57.48299504891278,140.1823070749716
944.8501923141655,175.43882331027135,57.455950274760184,140.58074140067313
948.3616796836372,177.21952389746593,55.968401675648195,143.97215337478244
944.353258859856,173.23605996078265,56.70644712722668,143.56018548856647
942.711776564305,173.2959934953098,58.8951748675903,142.84832842546314
942.4358395960044,174.56160426513316,60.17321874800119,142.32317249288738
939.5682098850217,172.2694746857438,62.04445734553413,139.01024155767192
942.0459713449486,173.0819649094605,62.18025160249913,140.00121598618458
943.0958350145045,173.12313539711627,61.43433505058818,140.77474555578345
941.6061458631699,174.3109342964122,60.907372134309064,141.68902827133653
942.4675953356214,172.9702726530214,61.216468009047205,139.82804608860516
942.3604670711463,178.45640770527393,62.725757635264415,137.75446239309667
945.0083964519964,175.4301562115292,62.36521066784525,136.2070246037612
941.6715604907398,183.68195205082552,59.879834509914204,139.35166061681895
945.851225599478,176.11037549676143,58.80370074171758,140.81808643002526
946.7312815319438,182.26947333543902,58.02840393787844,142.56354469859292
948.5126613179465,182.61546474678576,55.96014726790393,143.8317673116523
951.0829487454027,182.33233567395737,55.56464430096149,144.31809747640926
949.5894332926166,180.1334190038529,55.17472565781242,144.24792897411945
950.303289987464,181.66999015102365,54.294116447976634,145.9414569068287
953.877383448209,177.445964244586,56.00018043438474,144.37431859519228
945.9788914778961,175.73847331507568,60.15063326996902,138.81932593639064
945.6083253720961,183.8233150537867,59.81887305412449,138.66890095811414
944.9605414462255,180.56515997403372,60.03356884699724,139.12110322272264
947.9921030678202,178.8142771313552,59.75054308839669,140.2765308744035
946.7376009856425,184.17202172353598,58.65680911073842,142.86475739591356
946.0976044304875,184.14610202810542,59.50034771632007,143.45468045929817
946.3620924533438,181.45186928337588,58.78309536481258,141.7212472976342
949.3353060591977,177.8103516328971,58.16638435870185,142.07849944124314
954.5806403373983,178.149930444774,56.97019707976632,144.68934654771394
944.821392459019,174.6741304269384,60.776199893715074,137.98908062421762
948.701998188459,174.6918010955489,62.7323174601035,136.69561636600665
955.2621989672917,174.35253381568316,60.562811211886455,137.89296519146612
951.5750921229144,169.12479074996492,63.65796024533708,132.71295422970195
949.4772290654521,175.5567255573996,63.438679722688434,131.60347723873392
950.552583606965,182.37379907664837,61.023803748087786,134.61673582462603
950.9374194453637,181.25784172615602,59.961524674449294,133.92153174738203
954.3594400792915,176.966393012146,61.462033539345114,133.342735602404
954.2702460733944,183.95133854482634,58.417955559165414,136.7038763363597
958.4652732916041,184.34439389201418,55.4371904827925,141.34514715748693
957.2269674351445,178.97816446002898,56.10972075573969,139.2161176791722
953.2677557236046,178.4242836378753,57.90334492726305,135.66177805471122
954.3633223121651,184.75530178174108,58.96719469844542,134.70611498170138
950.6831659543476,180.49372417130232,62.025664247729125,130.80268405145586
951.7876852131028,187.1618498093191,59.91804751110285,133.78721257583732
952.9410358899204,180.9068300725203,59.92189279404913,134.17030846117808
951.0538380190737,176.29958859973365,61.885458419470496,132.35570624744963
954.4309154203437,179.11013544952527,60.13489610808048,132.9016176099697
956.4745180426967,179.32679375852805,58.439601893190144,134.1025065717218
948.8994525167856,170.93104721494683,61.20531350378923,128.7364145148413
950.3866060506659,177.10373349440965,59.12237756697195,131.28907605167976
953.5424394367637,171.8669265975434,59.76270664438551,132.51116968855195
951.6383664974261,177.07407346766456,58.27479291460155,134.34760360181306
951.180536357927,175.42095464074845,56.31555976670434,138.25651740882822
952.3581094206694,171.63972159369933,57.262709564452635,138.13063091808763
954.0114596772851,174.29882539164598,56.52174772919989,141.34468517064403
949.5353353760156,168.51624976077272,58.789043119000894,140.28008522694617
952.7692871418752,165.17051247781092,57.97876955401729,138.88115337502316
953.8190114175384,165.63189510884874,58.622959279744826,138.9974026908131
952.1917309018129,167.99945681062917,60.480365503151575,137.53660441962225
953.578183336357,166.60204127850668,61.36323999578801,135.43024329560427
950.7750321120714,163.49537331390695,61.5938190823903,134.95284626887107
954.8101541003756,167.83004076934844,60.780525484199906,135.1398346001756
949.3137486408639,172.5739443298021,62.1531858371222,135.16038929567458
955.5323188299146,167.85521537230073,60.52582081149866,138.15564368894877
952.0622796309993,167.25575897254927,60.964752892801016,136.56650512164566
952.0851577745614,170.89271860285106,59.2452854249899,141.73014784987265
952.0875175622433,165.56419695583094,58.8808526528716,144.60670169918023
953.0829390959683,165.42119910611558,58.50781113247207,144.69216388935646
955.23926601551,166.47602575386614,57.76080155761,144.3905394110322
952.1095049819502,164.35914340067688,58.956926217197775,143.07573062345318
954.99978429005,167.85605041916352,58.790009816726936,142.86872698458168
953.7870899896309,163.98467223762782,62.15447215900127,139.1113908412444
954.0518745016301,162.9501252141286,63.90963643044347,135.78098880975165
950.3325410284135,166.21879162738435,66.59625822230507,133.3636530077763
951.668286588853,172.8668088374189,61.690521562714586,139.50343630621308
956.1684040005416,170.59615000191752,60.55438147352913,143.00376016751582
953.2406728985382,168.86217816378917,60.20280479814173,144.07438118904838
951.9121745503585,168.38888561930395,63.60563661994722,141.3055696353339
950.3264894812977,168.01594469501458,65.10101760706786,139.67595271224513
950.5690110148867,166.74000951189035,65.07383039034812,139.63367348895503
949.6995083943451,167.9866009708492,64.98891955381742,140.13830808736424
951.2200262706608,171.26035792743244,62.6250037119029,142.8186832351719
951.2870908087415,170.64396006282692,62.04457362251034,143.5082120719497
955.0495509086568,166.29873854041261,64.2615204881094,143.42145918629743
955.9368046571486,167.29019936014896,63.36199296396502,143.73074478788308
955.7586558722682,170.19620462604271,63.52079240590788,146.3050667679974
952.7876740035729,162.78881733692256,72.68316243716751,137.19753719279532
954.724089126465,177.54439911922458,67.06203140059657,141.94259539943155
962.0990432803727,170.34230121859878,65.86364916242225,143.17561524395705
958.8700410975164,172.0180057677959,65.61271063796755,143.54571846322025
960.8055430693712,172.79756572278927,64.89896758903352,143.90914064841786
949.888061903855,178.85379973153357,64.36357049928932,145.19628410401276
956.5562192996434,169.86234028965103,63.10463493439717,147.7476882477876
970.8931952532072,172.98450512224719,61.24312580681066,150.01672528181405
971.3741427990701,171.92716881022758,58.4240156682021,153.96138221314237
974.3962900827979,171.14625084874768,54.69811337751055,156.66302750614307
967.6208068026526,170.0171687988652,55.02409100042305,158.11538127360973
966.6830034613791,167.3554666216171,55.94161327850166,153.87644679906546
964.5373282765197,172.7795740394201,56.34683593787808,152.18172489101067
962.3879818852439,166.19814263241716,57.434932635834905,148.8956378911738
961.2174698408611,163.5392414694275,57.48943505139796,150.39548472322613
969.1836791946774,162.52745275442606,58.98235127418518,149.22176481855797
967.2637421121475,166.05272201306747,59.69652281969249,150.48812750824538
963.2940986344636,165.69779048968007,61.699864741033174,148.09746851369934
964.9705000763394,167.19642788781755,61.24782370000942,148.45209787124827
967.1138692729686,169.52326121899273,58.12672065411731,150.94872885065206
966.0168127172687,164.1663673591725,58.79912873412199,153.43264672776323
968.4096503358192,169.54484671564558,58.20595885667073,154.52679656584243
971.8709032090543,171.27337031317126,55.48114359710839,158.43227817175546
974.137339449581,172.1937218781711,53.03012021426068,163.76726330850994
974.4063007037219,168.38911791087338,53.281926883930666,164.4511630155663
972.160676810809,160.08706853417968,53.53592863322693,166.7618972441124
972.1734024030105,161.53362270232157,54.32464774978442,166.99702305585413
970.0594624852127,161.3458043156808,55.95533410584204,166.83025017070366
970.3121725452133,157.60258735370522,56.49501026403133,168.4556868946426
968.8131667766075,155.54913290190638,56.961882904300964,169.79724068807187
970.8690586294964,166.4531893955065,58.5629607364564,166.72327191168696
971.1618183893445,170.12990201459903,58.38967579131677,169.1237729506626
971.2530062876833,167.37451743197173,59.36935620229595,168.22757161497117
972.9844325864404,164.91832356823522,60.45295135868796,165.0733394693973
971.5070847800583,161.77159034149713,61.41496320317971,163.73133934725095
971.4707550282274,167.05083251787784,60.65745648617661,162.98020801420387
974.0449751927306,170.58438811641915,57.225362897892836,164.31300583659146
974.4247846199205,172.71451627850817,54.53885557763171,169.49133288643685
970.9092209253739,170.1398305940743,55.247823199574,169.07247362633728
970.4869470568857,167.35597022450548,55.57590586868703,168.61752218911383
958.1715015064691,154.25826651697224,57.081337298499626,168.09839675200752
962.139370798006,168.95983734710495,57.4552701174034,169.26361637409067
962.4679048529289,157.13392890374303,58.495725124623,168.6458276242179
964.2338003364806,161.93452697693655,59.718472216754215,167.81368398332398
950.587392459014,150.20176120862783,59.697372719001756,168.27358121208013
952.670066459901,143.8663875757306,60.07856926907711,168.78422372628762
951.1367759343543,140.75024108306886,61.33419253074946,170.5928864740318
951.8089943414917,136.32391751504537,65.11141928687881,171.0907763011188
969.3751513779445,150.84293336840292,66.18758986363152,168.0759913595404
971.6328034807221,155.54176723710967,63.929481607630564,170.59406172790085
970.4793363559334,162.58449563219108,63.28373479260249,170.88514035338747
970.9739646184561,165.6571585102511,63.45899531257799,170.14101012339046
960.2953624581065,159.93044688627464,62.696334215796696,170.71897751502013
963.247001622006,160.54036461363538,61.08859526711767,173.156903157253
962.9192783794116,151.63366099791557,61.23700590082777,173.73423403371214
964.4852673973422,140.63654041964358,61.465316008124475,175.51425514325905
960.4800781435399,146.47309670162554,63.10469994785811,176.5661353313703
961.4569260223741,152.0206170065285,62.75165032838084,178.1369835078803
961.6393160613758,147.87862594992026,62.90159820047376,180.25894779883117
949.8478861470214,129.08181508264875,63.160658895881554,185.06814951994647
990.4928724100907,138.15207723270143,62.14228518566086,184.86604837657939
995.0378106887921,173.05354283988692,58.29793398836577,186.21227945468888
996.8693496749363,172.4436457289866,55.69698002997797,186.87622442235815
965.9572704217326,149.72918889098668,60.81057106202023,179.47789429342637
964.5015339180843,148.1019752451303,62.85246058180621,179.83767565580266
961.6741920796067,145.5678747572637,65.10609297587868,179.35618829230242
964.1349372322255,131.63255572578151,65.00419800755495,183.336771652508
963.6744848472267,128.2302377213282,65.07986224420077,183.95395963666488
960.7529081431434,118.97734896526379,65.62379556722337,186.47917970708227
994.9295389291581,182.97230904725586,60.10729546980337,196.09056264368402
963.6014413851418,137.28537944475582,63.69647777097072,194.0770851177271
966.2022662375508,131.89165316791102,65.82882245473303,195.68249841055245
965.8651698449992,125.47400727860116,63.64711542904522,201.43619143047465
965.6227439280248,122.65797952161806,66.18927188373684,201.1930662231579
965.7575001032765,123.30918827303267,67.04093589527122,203.48056876427398
965.7606466925229,122.06100032391603,67.50771828545442,202.11449620860407
967.0294108009156,129.5311558007628,67.16490294594254,204.84462020669272
967.151569374584,135.11837332748976,66.68179884789807,205.8242703125406
954.5899542918371,121.19383484423238,67.97868738436357,204.83369235657
960.6007248306289,117.73282011303976,69.59969772889917,205.53691936686783
963.5313684457727,123.50387189656598,70.7283149022981,204.84063336573337
960.0416474634765,120.09517141233157,73.9316345352714,200.59555340768853
958.9413422018335,118.85731144948086,74.06493067218938,202.20889479573506
961.0080344912711,128.57029305810016,71.45686221250816,206.23976637158728
960.3304109472607,129.82554329820246,71.13201243582871,208.66844102031945
958.7501362487642,122.1128871619448,72.60177332536026,208.99610085753204
958.8989196595286,121.03310858996223,72.76103691598088,213.12883483846466
959.853256395081,118.54873640677735,72.24264011533202,211.9979116557011
959.8677184235867,118.44189999028285,72.2290261222788,214.49639217072746
961.3864260183477,121.50937427104647,71.53387081663726,221.43988332172464
959.9469224176179,116.4960729216348,70.484418612198,220.41165165470323
961.100694200364,119.74779390802331,69.58422987840116,223.75501906913325
961.6270531221865,126.44606781826185,69.76188362918546,221.4439338188466
962.6083522695349,127.12476745255434,69.65214518918685,217.78851490266337
962.6840578707573,126.83013324985887,70.75439168537315,213.5913057422889
958.7019198804459,123.24576623999451,70.69919840482663,212.8042730841612
955.269468931407,122.2948764466605,73.35951713487458,206.5903166631388
954.1446379796453,118.65447026398425,73.94579901158066,208.2029137536805
948.1648317898148,112.34785928239671,75.70113339899315,208.1486924414039
950.2375336254333,113.63653346722793,75.83794532300124,213.06370418679273
956.8321528501755,113.32570305642052,74.37156148777491,215.76818160920712
956.1710211496363,115.44761340793819,74.55163145223055,217.42105795054434
956.3341799036325,114.70745893396546,74.78005747260434,220.56156260676465
956.0444929881784,116.39863901503854,75.30864598922078,219.8726767373736
954.0211894177827,111.75644926222023,77.45485499482689,220.19056740481443
953.3464810170169,113.01267847235337,76.50795755685648,223.5993969980064
953.5021934550874,110.98895165861799,76.16253187047981,225.02425698419603
961.0924797350216,111.63492767264407,71.83916184051863,224.4916635410247
958.6776474402632,113.0929924540583,71.05667480726345,223.25884484455213
957.8265474612781,110.1934661192299,72.31577464063602,222.54218143831173
958.0942988208221,113.80527626189598,71.76975691622017,225.47072465853375
955.3600759973331,108.43895686740355,74.2804431828576,221.5038061431363
955.7736709150794,109.47297198140615,75.88590295979182,223.0514837894292
959.2918561175319,114.8072443246815,74.7329954607706,227.11840129159918
959.7664024765123,114.96238764586779,72.54780206913422,230.7988888038897
958.9138287592316,110.38835856809447,72.37786355379787,230.08472905629912
959.8841556318188,114.99527680172451,71.0028774378655,230.30060869926854
964.3364338313788,113.76264921724821,72.06145008232446,229.4565953936423
962.9801519578297,114.9634639134807,69.46585209388816,229.07154634442378
964.2199615918468,113.91371357874934,69.34745461616768,233.8710871158915
965.8119289695674,111.79181643260353,67.24896538398842,235.21546257731154
962.6090603443158,113.70148265801177,66.25117251364196,230.56026987411468
965.4267602079165,110.59501461119663,66.29389244586457,223.63575002749837
963.4143099762255,111.79621237970973,66.13379344330409,221.55928407259117
966.1247053200543,114.23858030354515,66.63290746450878,219.34701068829924
963.4909029041454,113.28501142082985,67.85754402316364,217.87235209371397
968.0522877964995,119.13007301497889,66.34183657823804,224.89167104408776
967.1034261967754,113.56852136185549,67.24769086451258,222.14437106053964
967.178716338576,111.9818118173475,67.03015558819988,222.02488696466486
964.9176500044607,113.16464033131538,67.269728384757,218.4890229131085
964.2415409815314,110.52723073284159,70.06711850207236,217.54317570151727
961.8266725304666,109.95916315311081,72.12010245544123,215.75506407295393
967.6081132440976,112.95602309378968,71.26088103947063,214.32802462296215
969.7905506304878,112.7063872199044,71.48093477926338,209.04048644946806
968.3079551167539,114.42166131146527,71.5254567279045,210.5562754893993
970.9055478117275,115.24177106194777,70.13254484984368,212.4201961270604
970.414957351291,114.21678387785886,69.80645572066784,212.4217157337331
969.9327362013388,114.01371520562451,69.4407263162801,212.5573513751779
971.051497127709,117.31871577363279,69.60061938625381,211.87732956350214
973.7167725922471,115.40246400992817,70.84928016906115,209.32819361032057
971.3947948649128,116.1604306905505,69.54251674403002,209.34726045411588
974.303384588753,116.39155970099989,71.5928352173396,209.1447450210219
975.2267264573129,110.89618699650124,73.57468393757154,208.28143311800747
978.4603917563539,129.73440004177752,72.68667233973366,208.0855329979139
962.5169472216899,117.80494496396071,75.0177333145794,206.43670122544694
968.9019583194989,114.78482059520519,70.37438291003791,210.23012855945456
972.302591442803,114.98606649496575,69.89279306266073,211.8143406326141
974.2267102466201,107.60832426883614,69.53222778397559,210.44375315494167
974.7858088911044,103.40387056397253,70.49280017884482,209.39261951852632
975.321567081359,107.37679037235283,73.23106582653362,209.49435966708555
973.1706772925926,103.75276509823223,74.321488525786,212.32886174578329
976.8200695937865,100.21553504373777,76.83528593938942,213.85808765143358
976.8190530409809,100.69764412726335,74.49832478039804,219.11190279813366
976.6649605407682,97.64814835927818,73.8414441823355,222.91788529136412
979.4745001167753,93.87786672590158,74.07248652842921,223.72629752662317
971.3176875291807,91.24992461606493,75.20926615308115,223.6408683841749
969.5176542419218,93.88006084558734,75.98523414056277,222.3762412097828
970.6465562819548,94.88413397337985,75.28245194255422,224.10310653180397
968.6298065951198,104.35840086489141,74.44014212356662,226.0876400705582
968.7038329091631,104.13608068326559,73.32787505131958,228.25394080940492
972.1277065177406,113.75317689461744,72.63839390166943,230.178170856794
972.6497425156924,106.39390056505792,72.29088145414373,232.49386859647944
972.5660394724184,110.38209154562414,72.37027338506539,234.9555845891434
972.0832416906194,110.38981737566303,71.23298251029388,236.8331355583457
866.282621288471,315.0712846137271,80.37270598060618,224.8509689044832
874.9216246979408,337.1561129633044,86.40550352873198,205.7577015180728
874.6952006444741,332.4552653095549,84.86935822936962,197.5079285485943
873.3087773687464,343.53988536232885,85.36599137330865,186.20480115209168
878.7473449073,346.82930296652137,84.41233728375016,184.2200440076715
883.7913263996321,360.72322239689163,80.39164743903967,182.61731142439686
876.1208238028988,351.26999707106097,83.24342056921273,184.47573313013532
879.8432550788262,353.75334177772106,83.51541926537425,184.03531029167465
882.7731873851767,350.00996130404474,81.11950314090888,193.76254284051356
881.8921918035302,350.28080522531957,81.90069623853951,192.00314092669015
885.7623630131185,356.9313540237565,81.72963968896124,188.70798758183042
893.4195753985553,358.19801164071265,79.03307571215515,186.90881351889664
896.5190810851338,356.6962716637089,76.15673956711674,186.718870201725
896.3530237334675,356.6809117408305,77.37353489922606,184.59502185213876
900.5923989291956,362.250232062077,76.02829271318367,182.89066732719948
909.4530870282773,363.24691894719047,74.53613404431712,177.4718804252587
906.8762885691464,373.88205033425413,74.13498719579425,180.2600111295248
910.0959757054259,370.1560119782183,73.24596406611857,176.33297273692116
913.9239696612862,375.2468091055216,71.73897679908185,182.01212963435324
916.0640528667118,373.66305481834183,71.11860805668775,185.86915284570614
919.9137879351877,370.8277698641179,70.26333233196743,191.4384758160446
918.8330513514957,365.5791970057736,72.00653589490692,190.90042618208616
916.2257328807998,379.75663128050786,75.61990180301152,189.03325332658744
919.5295601975313,372.76047106120086,76.06878193669937,193.57288936273562
926.9243190966578,371.2439774783656,76.60321013759197,193.01187165894507
920.4887373176689,379.37828004483265,79.9474810335213,185.946669045237
922.0360678141539,373.09844416481644,82.59288799938317,184.8679989015829
925.7554168808445,377.31885938524925,83.00138930600447,187.4502225836421
923.7528623447043,373.14660134623057,87.88890598393274,180.33990467730445
930.542358447565,384.7607212710409,85.51945414533787,185.6083822806868
934.7153912262605,380.55344375258915,84.59079753112317,185.0604930121703
941.4578093858714,382.56926127234226,82.75249803898873,189.72155359033988
944.9940446850032,377.59316641297016,82.76707740181523,183.44959741980185
944.8601978974531,381.40512505516557,85.7244293803122,179.13278663031463
955.744786882871,382.6442823320342,82.81575555986683,177.93784626690783
964.5529664885229,389.19559122484526,78.44832251128291,181.6656747245719
972.8947184353648,391.6208461916933,71.24887795140025,186.62641929221854
979.4807727109962,384.33224874692536,67.3861613755403,187.27930635857334
983.9447322324752,386.1456757021292,63.186752235536446,190.88176534489412
990.2675161034817,379.7706233799006,59.934684821587425,192.7182004031697
995.8886260386319,382.3220395955798,57.449903610955076,193.34299000397687
1002.3720739109428,385.78950053199037,56.41602178234872,194.25039191121544
1007.3486753384274,385.01952361800727,55.88797265967951,199.4679702032168
1012.2307923922958,387.4138633708722,55.68707397064374,201.29270593872832
1017.3298723152889,380.2164675505194,55.25181447713567,198.3688234919096
1022.0661224533868,380.7154593878482,54.92672459370109,194.83743308278537
1016.9095230881537,393.59483469391466,55.906648482858685,205.17301993403132
1025.1016315803647,381.4080526752671,59.326306467918926,206.6151703208139
1030.3323152188248,385.82452139780503,58.90476463045208,203.31282150259955
1032.4432568154118,389.5440455660285,58.197118125891905,200.13430173060567
1034.6025901617802,387.0773356694075,59.313786592456616,196.7376643796827
1039.1554669466816,397.7821346463094,58.08356135822533,201.63429315622562
1042.1443804656183,390.948698713535,58.71816060132716,201.88613072764585
1046.132127561971,392.75727545188977,58.58055035790161,200.21361979472908
1048.8321231423752,398.92574059054346,57.19934324326621,201.4702916979027
1050.623645860162,396.1095827059761,55.65207799911424,205.1593247436105
1056.2412962291824,392.83034890543007,54.79519522982376,202.17017443241014
1060.1734730481721,401.56856957156106,52.9505645303815,204.87825763628103
1050.72495160463,414.36385183496,56.20651988542248,223.90527733799883
1057.6038216786383,394.49772917714483,54.87219015305523,221.28235145001577
1062.4808637071048,394.20901909965073,53.643299310538836,217.2223247246634
1063.0904907047588,396.53551322780305,51.54000942989646,218.81907706894467
1066.90162213617,406.52344576329597,49.78513958388914,223.25696169278302
1067.7152840655667,402.10625706929767,49.25054624725195,228.38965174481166
1069.1048091969863,400.3874280801778,49.229737637855266,224.91757022872764
1068.6631220324748,402.96235136340704,50.57984184625722,226.33238325775866
1069.1680792350467,405.918124406105,52.20026062630935,231.9334857548213
1070.5844257276483,406.32723336998055,53.25997124370615,227.07624871925157
1072.7774379613124,411.20422230438214,53.274022688853606,227.44241760185213
1074.2240558200533,420.5559602681402,54.17140229157761,235.68233156691417
1078.8420654152505,409.03798280242245,54.33054568358035,235.14453123406744
1080.9243675573316,411.6191076585754,55.244841259800396,228.90538854976913
1082.3510870856883,419.86057108049806,56.18334408426712,234.26900406432216
1086.9709092255332,411.3918922527118,57.64160248402059,228.4689425914768
1090.7277340471203,413.7184148890914,58.612120893519574,231.61806664168512
1092.6483096488282,426.0773263563213,59.52613908173609,248.52180666498896
1098.8935033139896,411.0173739898333,60.098198345651106,247.65220563014267
1103.8472600884568,409.63402763193693,59.309376241113895,240.15909552763708
1108.406686582374,412.9460838675377,61.923730002242024,225.15513648355957
1113.109169288125,419.12851891626315,63.245052432536724,212.62923850758582
1113.9078263084054,427.26365632419333,65.0399514981315,213.72585936738454
1117.1112784000427,437.18372748817956,64.67877742883995,224.36258471519335
1122.0222249706248,428.8385484550215,65.12229471095455,227.28727963453684
1124.3012814334922,428.6309682340769,66.75901220285277,227.60604500855547
1128.2723828210956,427.5150054672599,66.789393198398,226.6349728577106
1130.760822748785,430.6905412954173,67.4527439986894,230.1554765569257
1133.8630973461227,431.2975335975857,67.39592086297411,234.75998055045875
1136.6783116023976,429.24682150135783,65.3097004001986,241.10603674860602
1141.062470161062,424.58098315271377,64.3852749035054,233.88950139450247
1143.6235407922115,420.8624340357305,63.428768750154106,231.80817940904774
1147.2837389872636,428.35991769110865,60.2530943449131,241.92882603566937
1151.6256316111912,426.8115690954695,59.72295747352298,242.27569178888302
1153.1992321497912,430.55256764047226,60.546112622290394,247.98795338875783
1154.6995584353247,423.6433323631971,59.33085686556975,247.37935427930677
1155.683955543168,418.1055554412617,58.25461490646751,246.1145646478358
1157.5567381921894,428.74718625897947,59.95370645733195,248.94532812836707
1159.522696765425,428.6903175040074,60.66702484934321,251.5824068172052
1162.8348597145318,438.89553967732854,61.74584016359297,254.6803528971987
1165.9170717944376,439.1399499944183,62.32232510336055,262.4510423033023
1167.4583233361282,432.1354349546026,63.813233007833176,259.7122028913565
1170.2797213559788,440.49881138237834,65.25471888951857,252.16710401224557
1172.2980599349792,430.5123834394557,65.55442936579529,247.5012079144483
1175.5109682900506,440.62354052418993,67.18489088441228,251.99791840318295
1180.5630400079403,436.88336520786015,68.38876517934565,249.6779875111843
1186.9631508481318,442.65214831752445,68.00849207684362,244.76931514408955
1190.0358065023468,441.6486354480114,68.79264653913505,240.02846757684125
1193.701421137438,449.7870146013612,68.856082510194,250.09778432812504
1198.9251144497352,443.24537334528577,70.06337232297744,250.15237459479255
1203.4372006724413,446.87622894922765,71.35317807275577,248.21003365668406
1207.4274162973963,443.7257011364024,72.75008237124672,240.49182029277168
1211.4286926994778,448.97206819473786,73.96734482129526,235.83912972087003
1216.4971653722491,455.3482489808106,76.1106357199543,233.4512462599916
1222.4758636903114,455.91192610550195,76.7862308746011,234.93698848621017
1224.7694214851435,460.38555274735666,76.48637152578169,238.14073141069167
1228.238516284955,458.0576879077063,76.48229256763828,239.82272957220056
1233.8814977573638,461.80976200419974,76.39651825960041,236.4834845431236
1239.9792922216116,462.5907910286069,76.9934889548231,239.4081580235452
1242.094385163402,461.9553252673299,76.46268203852738,237.6522355078606
1245.94918056108,472.06862495977714,77.52051582660644,247.46345312430896
1248.8061392651357,463.18558253552396,77.79717706992338,246.22907639444605
1253.6234319602315,464.91054621232286,76.61339829746825,246.84064243760733
1258.1916261655015,466.736241531258,74.60721074981322,251.12327804103964
1262.1789086032438,460.77133566116635,72.67632177383399,250.19585196536593
1267.0310104360929,463.20915114300226,71.27721187339463,247.00164263922926
1270.1178142398678,461.7365145535584,70.598300406134,247.91912765588552
1275.0295523581428,467.6822400162489,71.27501299709881,248.90447249924222
1276.4994542809152,470.20209982395465,69.93782367353433,253.01980697623802
1281.3780864876337,469.0166285998967,70.8725720469626,255.6651922758973
1284.071676994051,470.9814796811007,70.97849024677467,262.8955977260992
1289.8478642882544,475.31464653480015,72.02004399546449,264.53459906356113
1294.4184644516238,479.68299763792334,73.77728879812048,264.0372204733426
1297.1406861088883,483.32184370581666,74.36651686268077,268.35232466323953
1301.2827683686687,484.4919235251104,75.28593033842041,268.8350929764648
1304.0599150686985,495.74920310287314,78.53909676959859,269.9134636610272
1308.1587926960308,495.7238062071293,79.61488964115469,277.1269986367494
1313.4239098907412,491.92434217780874,82.57264849209031,276.3919222932299
1316.927233919947,500.8981577739197,83.74629065584676,277.4744729857736
1322.3776577754418,494.70620583027005,85.69860666403437,274.39535940938896
1324.972285824954,502.83289473578975,85.11704042249252,276.09621286055653
1331.246127055665,495.6350195248157,86.0368491109729,275.3963593396336
1331.2363241259027,494.3915421816638,87.50928385462234,272.8838604813207
1336.5136979393983,505.2424802332147,87.04215124075367,275.6009563935997
1340.3092802484866,501.5985064958612,88.33534788966708,270.6517679811606
1342.2294901980488,499.90460360004425,89.94600592862255,270.2010453780955
1341.7937848481288,501.71439086476926,90.79140040428689,275.88416707667284
1337.595285349392,506.73963261692523,91.77825888738654,279.117161355564
1339.852420684947,509.2832520991958,92.08725996768032,280.7583135615246
1337.8966759214281,507.2544213806112,93.21739530579922,290.5750849726013
1332.7023168101196,501.4871951817371,92.12579259793544,296.4655950142398
1330.9068311295787,500.73626244481454,90.37889336117783,303.67429003596703
1326.8628615259697,493.3659830069028,90.64720289920604,302.7727409482285
1325.3122829784174,491.8877634769809,90.76467593135308,299.8631588517612
1320.9184460928777,489.49246817455145,89.93190063627013,295.1833600904703
1319.5753539736859,478.9017324108132,86.37228485634324,292.2258087907983
1322.2809179105584,481.6765331219687,84.56836976450427,287.93264586221596
1319.5620911955536,480.19693539696175,83.59413268776947,282.64752711850423
1320.0442933817383,477.51647948335835,82.66175076179454,278.23692119211006
1320.0911211494085,468.52614142919913,79.5825760556927,276.58719759644896
1320.8256836896778,470.2702573166295,78.28227782342275,272.95225597711817
1322.7429322010937,468.9754419985803,76.88655777050039,271.7114418004419
1322.9156215176565,471.3176046139863,76.34229922487935,272.9231427041209
1324.2410136926949,468.34826254393056,77.864511872636,275.5860311460665
1320.5091846523746,472.60945920470823,80.57104028408702,275.3213950114008
1318.9698572528785,467.23732242779056,82.70841465848444,272.2005591215716
1318.3589537852067,467.0594977285573,83.20871052786768,272.6209932629299
1314.8429114041453,463.2445773059158,84.85498348426576,270.70873034081785
1312.4966124120208,461.1607775403527,85.54155663102068,268.597282859615
1307.7273560569774,461.7556745124559,85.08712653104882,267.3563254431734
1302.5845464256206,456.21255895490367,85.40557507843063,263.64224070134424
1297.518120699551,452.19189986975147,84.27400316020858,265.22349875201974
1291.0608074945708,449.3174749356242,83.59295028702692,260.1628546017196
1283.1315570873378,446.34938479407856,84.53961256999845,259.20385704362434
1276.6070781391563,442.515376510194,85.21741758855404,255.51276277917907
1267.9188706636867,441.69945346332395,85.25654272931244,251.99313344338432
1258.7630737401134,439.4778450641687,82.77565229301169,246.92131938079382
1254.2692939627498,440.73916493909394,82.38048708577637,244.61006356973274
1244.1351975972752,442.31017132091154,82.20125969648619,242.98500725465254
1236.4337355822563,452.67364606846957,78.85465102693908,238.07979886366257
1230.3959920455627,450.4411740031817,78.29103230351231,238.62192028038635
1220.5833143045058,452.5961569309975,77.02788757200281,237.84248082436721
1213.0819550393612,447.963511848464,76.58156568938912,240.54861457158745
1204.8250389125121,446.8406147440123,76.49056243283368,240.03744934216687
1193.3896620316668,447.2668320942801,75.755130281438,240.10279581581415
1187.5467379588913,445.6147972416147,73.71632518297088,237.1924685675622
1179.7779749222439,443.2244580630921,73.53500684250824,233.8128399940655
1171.7543306838422,442.4088845314612,73.17747010874015,230.1360389448395
1163.1228371115494,439.94112195460616,71.92537584768614,224.24644507999483
1155.5760080414523,442.3635196918759,70.01538522994579,221.9546505324268
1141.4806091824196,436.8550408624186,68.62605141724961,222.2846355732384
1136.301051280324,441.52798543682053,67.39050455512013,219.1417708117941
1128.6780434290913,440.0430714228553,66.39926134645246,219.18897496696758
1120.2292222792214,436.89721316258243,66.064941442213,219.3933239528759
1109.9076673456113,439.51712223878775,65.89714394554112,214.74340969155185
1104.4133438637248,440.6811038974601,64.92902859547162,214.3981299135977
1100.9587269406875,443.48166841740823,65.94160831251786,216.31246947111356
1095.6856959446538,441.0998674421204,67.79497468690961,214.81287829119603
1092.270657544834,443.40450855702557,67.25869082218153,213.5592104851375
1091.2328379505523,443.63827767061247,66.14253704580949,209.89994438130051
1091.2703748434014,441.88934374393216,66.35052822154469,213.98991184165192
1090.6707233211791,441.361756325484,64.90546237904148,217.84116226105257
1089.663154710829,440.09630301049646,63.964666028880096,214.0600667090208
1088.612255084753,435.70015208075165,63.80741610386214,211.8573448410935
1087.5055559034606,438.1467834325178,63.83811240193269,211.14785231730968
1091.3679768698014,432.8103598921117,62.36367101246421,209.8097969933367
1093.4298675678072,432.6544744897442,62.679857725583666,208.1749546055134
1093.7368947866732,437.26499258552326,61.15717810236175,207.37153335078392
1093.053269310646,440.95385034195203,61.04145774380072,208.19550374338294
1094.6289434892258,436.7762366298581,61.58132061024363,213.60261319615057
1099.4339475647562,432.87976267247836,61.32641976661665,213.08573330634457
1098.1587170661219,437.07960787400555,60.58607089411889,211.8422533258061
1097.1435647463745,439.0520163810621,60.1975813784931,211.39937489315957
1099.039507432189,442.08653771001,61.31243810281107,212.08597989456558
1098.013586361799,439.2800632633546,62.3731824953115,211.09930415408732
1100.3421280267303,441.8237880498919,62.770259283552335,215.62535994447703
1098.9750652849634,436.6392550005165,60.44266153481652,217.07100895185818
1099.580691235351,433.10841157526073,59.30319760231928,214.8846269928605
1100.6134813916185,433.825557847962,62.0413744804888,210.0750893531587
1097.4860989203385,437.8402415456997,63.07969159284848,211.0372542834278
1099.0835384967995,437.4948699908485,62.313094939239875,206.7842465348234
1097.5130931657693,443.98988978741124,64.30120995604415,207.6617587452868
1096.9016738068608,445.47920907036155,66.19000415777464,202.98661248704917
1098.0342658694162,446.7177266307166,66.3589733510689,204.60939750336297
1099.7315087547452,441.66836904523603,65.44258501922324,206.2786655002518
1100.8839977658376,445.3540539795442,65.94728483631742,203.46974651740825
1101.8329937522856,446.0768536214836,66.58091265063796,202.21507217602277
1099.4578136321445,449.9164525383358,68.1243029144949,201.37985274731713
1104.621440226778,447.3641516631244,67.9830352904131,203.97445140783515
1102.6462682201516,452.0695141263393,68.25569595024199,202.38727479836098
1108.0674967941734,457.34706051685976,67.70424107575822,207.02890309428545
1104.2782882950098,451.2703876274825,68.25665423649968,209.03145198278116
1105.3582609607743,452.3395184009673,69.29248584436313,207.17045693819193
1104.6871065673292,449.41115504631523,69.17079845930158,208.24244606052088
1105.4535493928356,456.7816923173218,70.36547905050709,206.49454034937935
1105.991308913594,449.9537543494049,67.72074697626799,211.23912897747388
1107.734103948885,447.0080779356195,66.466117274796,213.04238995476396
1108.598867794171,453.24449173930896,65.46036860691747,210.5468162612645
1109.598392229064,449.82529298628435,62.93646871298062,211.74653092505906
1112.9088240367157,449.59223637001725,61.108422690298006,211.9483279861855
1116.6978293287948,447.5204761336923,60.15276422940053,209.7035113235205
1119.1167765540401,453.3251798607871,60.19020785645498,211.10347562683825
1119.8034869408316,451.4206319015359,60.685041267595025,211.22937094757754
1120.7087418836707,453.2966926483052,60.69461964924321,211.64643747665235
1120.5950870607228,457.5252065894551,62.45861523874252,214.51375804405973
1123.2713944883994,455.38305989403057,64.13914581109276,212.50686224118323
1124.847410295918,457.97349576567535,64.88781309627832,215.16472130996635
1125.0357488269876,460.78640903262016,67.13529203236935,217.15243542549084
1122.7115698563098,462.96823973369476,68.28543382153389,218.8784232237811
1125.155574292806,464.3096125353743,70.46635509761991,217.04938564921537
1122.9894480513994,465.4083632548717,72.25251435495366,216.84683271657576
1120.124054521071,466.12109177555556,72.98060585515522,217.1405265760489
1125.3248056927494,469.93123731416324,72.13350204848065,226.29882665483933
1126.347947391148,466.3688141028845,74.32107962122684,223.56857721405447
1126.4636582377068,469.0117109498191,73.77578866040741,226.59971524473377
1127.8594307391345,462.77206276594137,69.80953910585522,224.61177413995497
1130.8821037281994,465.0185158526991,71.26227290448902,221.20796808889125
1129.8366435573666,464.2055291963767,70.66522260787931,218.31925147920336
1133.609408726105,470.14975172215645,69.08415312016473,218.90359142367652
1136.746768142132,468.6311630021873,67.26939951714546,217.08162226861364
1137.6261722180448,475.0141257773899,66.77592775962955,213.64304161261757
1139.8109678827643,481.38884150244303,68.62596381056173,211.07168499924228
1145.1281018289094,478.61817177069236,69.72885373992685,212.94692896751957
1145.032430135341,474.9548696995414,73.04774606009256,217.08540749946997
1144.9209089214467,471.7242448340135,77.01126151987916,220.69697680678917
1147.1987766153848,473.27612426308394,78.30842616023182,220.95155129787625
1147.7031304517823,472.9907201987769,79.94595562237015,222.365584786407
1149.8750210931862,473.6832629743602,81.25988584545217,222.4010803376116
1151.8520369707096,477.3772965143945,79.97423911924425,225.63103712991852
1152.8233092630562,473.0313192130657,79.55852139307186,224.70478952310353
1158.1981785170312,472.63023573739616,75.98067219023662,226.0250031515551
1158.0833079435963,471.957315114092,74.19095838105176,223.92159870686393
1160.585117205613,476.63473178958196,71.12356622496853,223.55170397740503
1162.9827420414429,465.20492358066485,68.68365965671768,224.12354344821784
1164.7720890160676,460.9634077670456,65.72418828885476,222.21291453010718
1166.9852700929553,459.26643668142253,63.77658995382029,220.37180888412303
1165.819374448708,464.43640612801767,66.03619974182038,217.68634567986715
1169.0556358291867,459.9639951514358,65.86001506222297,217.79244921872416
1171.2710916657977,456.37100096113477,64.87784077188982,218.06867807784198
1175.178079153671,462.68680863906144,65.32815469842589,219.46971271588507
1176.7634078610097,461.08072910908857,66.0027083128013,226.2253648082862
1179.4672264378842,459.4277083801434,65.4823921543831,228.96259246536488
1178.005354014162,457.44732323017575,64.40316153795979,227.08626559733133
1180.9135802866435,456.72663376387675,64.74565026191806,229.05501468478698
1179.2693985442672,456.71210796376505,64.10204386561281,228.34472544324026
1180.0812774075005,454.2984104330947,64.2275924602903,228.96109860440393
1177.7471789147137,457.60054379938174,67.6223041429389,228.62888368304806
1174.5514883531869,455.16173300022547,67.7590232290969,227.43011692229086
1171.9482812015697,455.9988796045748,65.41899979200527,226.14351884727822
1168.4847332750157,454.45938773878777,65.17166718213086,224.38682972347505
1161.7598832574959,453.4853501117787,65.06511950598899,222.2957766739654
1154.8214099430652,450.93148704144124,67.93686860982615,217.66293656097824
1151.490829533275,452.6061989154847,67.16145020195901,217.78954697732001
1147.1666747781853,445.37838763787215,67.98861656180856,215.48636902595325
1139.9602717911716,448.6316150548158,66.38505939191495,212.8109762705419
1134.2505472240462,450.0382075736997,66.27578194840734,211.75369745702494
1126.5743174785794,448.07629247791874,64.24828424024432,212.05554459728688
1120.9209838633203,451.951415505447,65.36420707073798,209.6244637720277
1115.071306065467,456.6063717882349,64.68388966229418,210.0444134195866
1107.3646116806071,452.19215650648414,62.104610280158454,212.2347657703501
1103.020183442104,454.0293430800147,62.35573692165414,212.57409406219278
1096.1262105971832,455.3827723800997,63.42868245890794,212.17268780882455
1090.0590716621166,451.258102769732,63.47648495672685,215.04866877989565
1082.390676983608,452.4943335942292,63.61093800240353,215.44594189500037
1070.9052400418398,452.69580846751927,64.35231016169695,214.02915099622908
1064.9510349580585,449.78035306074764,63.96755607602481,214.81898705696474
1058.9893956747756,449.49184990800245,63.360337091626334,214.58561612227413
1047.0269449880943,448.8011147485528,64.15602703920736,216.98195565427778
1042.228168119914,441.7609204359334,63.671333995172404,214.0282981064209
1032.3159016185373,441.95910991489416,65.062137826173,215.28984487348248
1024.8407774868613,442.25047850193056,63.80554748173678,210.76217643071763
1019.7511623448619,439.15484896515153,62.797531443104035,205.94429930432455
1012.4077102927525,435.5693924397923,62.1323523411458,206.99897757568507
1009.3089121209305,437.7297281710581,64.72250821314071,207.81513691988567
1007.2366314100434,443.55385749548196,65.09320488882116,205.59156279557408
1002.6089462418812,445.6584457404465,66.02826940086594,206.5657182720452
1001.5714607548625,444.03902254749937,66.2689430755181,205.06612891270015
1001.4491410077584,448.17592969501135,66.34772561229084,204.95025834326213
999.7021659029599,442.4906738534602,64.98848683034115,206.38063311687966
999.2972686245758,449.88777086178504,65.27894164683298,203.34870621296182
997.1252288501416,445.30042342161147,66.87099463777889,203.45747644883878
994.9091409325309,445.95161175621695,68.0645067995994,200.6278653445463
997.768295437532,446.73907676219903,67.16291875212191,200.03633025340804
997.8528249031167,446.48552818388725,66.33808230697142,198.78345149984486
1000.1278622522025,447.12284833804574,66.21276795044423,197.45265949597848
999.6560523880911,443.09238518581685,64.12450944571106,195.72200846126384
1000.6327059925084,439.137912639207,63.358729178176034,196.18974900660146
1000.7215666645413,445.38031270599834,64.3516062218282,195.6829857535119
1000.9063215677947,446.6425919757726,62.567383151809636,192.79139668279552
1002.7689872759015,446.72888819179343,60.523945918755004,192.13700962523313
1005.6107013178282,445.083864283543,58.85115559506409,195.59689560201033
1006.0499173065386,449.1378453200816,59.5213112975061,190.62772866633856
1008.1928563637921,444.25333777380104,58.38622840432794,195.73094128010945
1008.6605246050634,444.04757247087895,58.94689280774885,199.82560262707298
1007.6707502505806,443.991394252297,59.21870097144157,200.80503486513254
1009.4793375811039,441.26415160221313,57.33974938626162,199.83146535572996
1013.212670018799,440.9889952956917,59.28748747260248,201.3383714226569
1009.6920022145716,439.3182137797304,61.30463790039319,198.25727124275704
1011.5170617942978,442.62747165980403,62.43027891473845,196.06518475430778
1012.416192678942,440.1083047332132,60.90020684390777,195.58589613663378
1015.5638916999586,436.7252948051427,60.71413707183298,198.30517498401613
1018.3256414519292,429.98878067620024,59.56351898039793,199.10272526033378
1018.0195551307526,430.53645743882123,58.085444468515234,194.63363964509537
1019.5884366408482,426.0789981308086,58.33968093143261,194.43958761903087
1018.152871779639,430.73876245977635,61.10853547601451,191.11506695288614
1017.249099244823,428.6115509127665,61.817741345626736,189.98834981481954
1018.6065073924242,423.23860414418226,61.69259928481466,191.78967757897786
1019.5023551589793,425.7215878361112,62.730663349482626,194.5836951652127
1021.6100373782665,418.34920397549035,62.844229765705755,194.2202752109783
1020.7523661808793,420.42152770514923,61.9880029561495,193.39975327999616
1022.6513356059315,408.4033087194318,57.566823277530986,199.85960738912638
1018.8046434747464,417.5710571292547,59.91147888313247,190.74134518099174
1021.1636295048801,411.53874318817327,58.18896113423593,191.16447735850375
1020.7604902204035,410.5255763860932,59.42226880622975,190.02142743681551
1020.8550276847108,409.55044068214295,59.029874581374614,191.70123555688568
1021.8042728087513,402.17966657337263,60.76672740809209,186.7132858648804
1023.4801501930016,397.3057247384253,58.98418257287253,186.49642496690393
1024.5106978069957,396.64882040150724,57.38704820108349,184.42079787261264
1023.3548032940419,390.56301930112284,58.04963189995716,183.16639661726572
1022.9290924777094,388.08047730082654,57.61724196340819,180.87117139849795
1024.7837241788206,387.3648026883669,55.96725299622892,180.66333185693765
1025.3086452509187,385.302349577417,55.92481279523945,181.07666972327723
1023.9170376446283,384.10977630113723,55.29202883370239,181.39071198773564
1028.3838815711429,382.8600521103018,53.673280479574885,181.46344141913488
1028.2235142641146,384.70864230279744,52.78831553060484,181.0198132325536
1031.3896252715665,380.8583337350038,52.04025145942667,181.78969430323002
1032.4349102366966,380.9981717557738,51.864267715575245,181.0565043711851
1032.8510721968773,380.7093397451538,50.21080612851178,179.21544695497096
1032.5890267429138,381.8803365355434,51.19701718199813,177.75152939109472
1032.54402461399,382.06350396794164,51.78973416643885,176.37465034542808
1035.212457280118,382.01109819464824,52.704369440719546,179.93481801307811
1034.0290171761185,376.00464717653176,51.20238344350317,180.3654599174751
1035.8204345297825,374.02859587453486,52.63402122076397,178.5593904862517
1037.2564874510672,373.429156031499,52.73180716476956,177.53060188695346
1037.4049475764075,370.50428945716794,51.845349233939785,179.39540285139628
1038.5807760247446,368.0671765289778,51.305038152924055,177.56219596088928
1038.39293008164,370.6491937224168,51.71381196553877,176.14569346488054
1041.0148267578888,365.6726724859858,52.59527658194388,177.69673932519362
1046.130465161375,365.6448178082503,53.69529574207341,175.710849406983
1045.7446390932018,365.55214933816575,52.65055426460459,173.9836004926218
1046.674212297864,367.32083967883443,51.69359573913413,173.25187648280843
1045.4764673940144,370.54649674154405,52.935217706066354,176.6255821938151
1048.4756625433774,369.6784607774004,52.95024417446072,176.28385551713714
1050.0615760279911,368.4327414156404,51.61655971946219,177.03059881562353
1051.9643652415516,367.78114788215174,51.89701320609872,174.66476475299274
1050.4584331551825,367.5961583699701,53.17850065840831,176.3923628245209
1050.9656799043041,366.72718740078403,53.03333333442421,174.1093096228174
1053.2679030503953,361.1338455914205,52.435778769689506,171.38951531338287
1055.0353703009198,363.7913628805593,52.071084194025076,164.7908535826623
1053.8705009190342,363.2882525471931,51.224089463991135,161.25993292630505
1058.1250147846504,362.49802914953295,49.87465102337768,159.32631040285406
1058.9860085911273,361.772700567253,49.21718686890475,158.18748788258415
1060.1623852356786,361.53893320360635,48.78541725194421,158.8838736153125
1060.610422517551,364.3257232582258,47.632467679855004,160.57336313574277
1060.7983951015453,371.34130871870434,48.273875331308645,157.44054483777148
1063.2488372171326,369.26467548603284,48.519301906408465,155.6692140397783
1066.7973673249273,371.2992878285494,47.502125743096016,153.56715303672917
1068.287646416619,370.2197802310941,44.940955228083595,154.87201602903366
1070.908477511714,372.83604629174476,45.732478996756015,155.27454707911897
1070.1785056674446,371.49681205079594,46.998549890785654,154.14852880946026
1069.8997495145638,378.13089100223806,48.073946510607556,151.85519581197153
1071.6443661013323,379.6214014924029,46.99935352528806,151.909845827354
1073.3223022069674,369.6327045045536,46.636222898795666,158.3475078236826
1077.4460814276958,367.1754142409513,48.18536207391587,161.38327067338932
1079.0631974680116,369.291750032288,49.148280223691906,161.31165656294488
1080.6937756026089,369.6386858140514,50.371395480834266,159.0623674617288
1081.530918454515,368.22330282912566,49.89012272982635,156.8334958850411
1084.714828902189,374.0689776241021,49.53992621268249,155.2400743422684
1087.089573755892,369.47395373042195,48.475347279507574,153.70761465282197
1087.4784872240757,378.0199954706133,50.1574636376655,153.634404387161
1091.0208742942593,384.71768233286593,47.85248275977986,153.8978117142915
1090.509516093608,375.8868691113571,48.03090646079165,153.64687292598586
1091.5874462295276,382.5830018105861,49.52370637190552,149.53567156103622
1097.3755339097497,382.1687002223233,48.125196721910655,149.4895546409737
1096.7877762779965,380.0141951976764,49.0246601958946,152.31393434396927
1096.752150727198,374.4868013009245,48.93144300907005,151.04745405580795
1099.8846890448747,376.54325226527305,49.30015686672816,152.07804577945473
1096.846542005117,385.3661953416531,53.14795320263693,148.54158707878202
1103.5220642355507,385.97263368155023,49.990016346749954,148.0186324933328
1106.3047448783361,384.7513146623139,49.2622390798866,150.9363529590687
1112.447991641759,383.3377253210417,49.157769555115976,147.47521205390552
1112.062306790202,376.9255629618516,47.84279239352977,145.52976138166082
1117.6131961552464,381.0548669605854,47.78111376109706,151.75181191538218
1117.81684520664,377.31766401549476,48.21800118944941,150.0725417725434
1122.8439572237673,376.54081768396594,47.527025026593364,151.45829550282463
1124.2150279583095,380.968706581221,48.58230930442691,146.56776533938748
1127.9963555308984,380.7933175888961,46.414158706368355,148.81464372591566
1133.7575267825005,380.104238387609,44.27600580887698,150.16243118896693
1136.5585189226706,386.57293134764825,44.21675948935208,148.5342655829142
1139.8248860474375,381.4970038219981,44.39124579417012,152.97956097616412
1141.2586385241416,379.7241167369997,45.320745302050426,151.59974415418696
1144.5522424945775,392.7178014229854,46.96503226474326,147.8679118152965
1151.025912774658,392.69641191423364,46.758748146842606,146.34262423581532
1155.406468911,394.3479295622755,48.158410105115586,144.05221165377418
1160.4782467074413,386.45096851743847,49.23644360067341,144.80790952317244
1165.5140476926833,385.57054162356064,50.148033120362555,146.17263221265756
1171.8331255356113,389.4120833385724,49.461743584408836,147.64278994016576
1177.433837731506,385.8372603620986,49.328229387016385,145.23800493150458
1183.6543581590383,391.1482018340761,48.73349437911966,142.32103655740437
1188.5606882627935,389.5166195476875,48.40642319901429,141.34908798626054
1195.3577814157843,397.2666606071546,47.60098944887985,139.1031886828781
1199.7780207347948,392.37229348456395,48.46085108185491,141.1768684160355
1204.837713594605,388.99687233995746,49.03216875426324,141.99860160872143
1210.2121331018254,391.06894762544124,48.12637115980513,142.44763074051264
1213.6733372402166,391.2661386902529,50.5043226089752,140.55155846158206
1220.52036007374,394.4182429516103,49.8841380640598,146.3949062437989
1228.4483831325165,394.7930487957986,49.86900095071837,147.71336305975584
1228.6128870549212,395.0695069943272,52.118050156613606,147.51112054685206
1237.7856567105794,392.3739277244824,52.867086727255156,151.2263268904203
1243.3196916782197,399.77670940811794,54.336713630353856,146.82023385243394
1249.8305571241995,395.92077321631155,53.80997785558144,147.11505778176212
1257.3718602464933,392.90827024904996,53.08468285977326,145.93080945145365
