0.01660657
0.01138234
0.01262259
0.00894809
0.00868392
0.00901866
0.01277065
0.00977683
0.01036620
0.00994730
0.00873590
0.00776052
0.00383997
0.00376725
0.00371933
0.00371027
0.00374508
0.00373197
0.00369716
0.00371766
0.00369167
0.00368023
0.00371146
0.00376964
0.00370407
0.00369120
0.00367117
0.00368023
0.00616646
0.00375819
0.00370002
0.00371647
0.00370884
0.00501347
0.00377083
0.00371933
0.00367403
0.00367928
0.00366306
0.00365305
0.00369811
0.00501084
0.00368428
0.00754666
0.00585938
0.01031637
0.01091981
0.00648665
0.00871301
0.01089621
0.00904393
0.01065874
0.01134157
0.00897741
0.01097107
0.01108956
0.00889635
0.00899339
0.01123619
0.00954223
0.00671434
0.01118565
0.01128554
0.00635672
0.00383949
0.00673270
0.00712085
0.00685692
0.00705934
0.00720215
0.00735617
0.00757146
0.00695372
0.00632787
0.00638318
0.00747705
0.00977659
0.00857377
0.00816035
0.00909138
0.00809908
0.00794435
0.00785279
0.00378227
0.00794387
0.00709367
0.00772476
0.00711060
0.00374913
0.00746489
0.00681114
0.00388741
0.00380850
0.00379777
0.00377703
0.00377321
0.00380898
0.00405359
0.00381827
0.00378609
0.00377893
0.00378227
0.00379992
0.00381899
0.00379229
0.00377011
0.00381517
0.00578618
0.00415063
0.00371456
0.00366569
0.00367761
0.00367332
0.00791454
0.00435138
0.00368929
0.00666022
0.00431204
0.00370932
0.00369191
0.00364733
0.00364733
0.00364590
0.00364900
0.00370359
0.00368309
0.00364733
0.00363374
0.00364065
0.00363612
0.00365949
0.00368500
0.00364900
0.00425053
0.00370789
0.00367165
0.00370622
0.00374961
0.00369930
0.00367475
0.00368619
0.00366545
0.00366640
0.00709224
0.00395441
0.00512552
0.00488877
0.00373602
0.00370240
0.00369000
0.00369096
0.00371504
0.00370359
0.00385404
0.00378609
0.00430322
0.00372505
0.00423288
0.00382996
0.00392485
0.00384068
0.00395489
0.00371981
0.00372720
0.00372338
0.00468469
0.00512123
0.00376391
0.00371051
0.00375628
0.00380778
0.00378203
0.00375438
0.00421619
0.00395012
0.00421977
0.00376892
0.00372219
0.00369215
0.00368857
0.00365591
0.00370431
0.00371480
0.00376797
0.00380659
0.00373101
0.00367594
0.00372291
0.00370002
0.00368094
0.00367236
0.00368118
0.00368881
0.00366974
0.00370789
0.00370049
0.00366259
0.00366974
0.00366569
0.00364351
0.00481391
0.00594401
0.00516963
0.00366902
0.00371861
0.00369644
0.00366688
0.00367785
0.00369978
0.00366282
0.00371575
0.00370669
0.00366998
0.00367427
0.00366664
0.00367618
0.00369096
0.00368619
0.00366592
0.00365949
0.00365973
0.00365019
0.00367999
0.00369453
0.00367832
0.00368285
0.00690770
0.00742388
0.00998354
0.00999212
0.00772405
0.00774693
0.00987816
0.00964499
0.00759864
0.00994086
0.00996065
0.00779986
0.01001525
0.00990224
0.00758648
0.00818682
0.01037145
0.01057529
0.01054096
0.01046777
0.01102376
0.00922990
0.00868940
0.01049924
0.01050282
0.01076484
0.01075530
0.01053262
0.00990272
0.01012206
0.01026964
0.01027274
0.01033068
0.01011920
0.01001811
0.00958085
0.01009655
0.00990891
0.00973582
0.01011610
0.00964427
0.00957990
0.01021838
0.01003075
0.00994897
0.01021838
0.00999475
0.00964785
0.01081300
0.01050687
0.00981641
0.00774884
0.00780702
0.00995421
0.01016498
0.01034451
0.01021624
0.01038480
0.01021981
0.01011753
0.01038361
0.01017785
0.01041961
0.01076031
0.00423980
0.00404096
0.00405431
0.00428605
0.00378275
0.00421143
0.00371289
0.00368333
0.00394917
0.00371218
0.00394988
0.00366974
0.00393414
0.00711870
0.00383615
0.00396705
0.00377059
0.00382805
0.00374579
0.00373292
0.00378060
0.00378895
0.00397372
0.00377107
0.00392056
0.00373888
0.00372696
0.00377631
0.00393414
0.00374103
0.00369120
0.00389838
0.00985479
0.01067567
0.01088905
0.00804782
0.01075530
0.00825644
0.00626206
0.00744677
0.01039839
0.01039791
0.00998998
0.01051927
0.00887346
0.01066685
0.01008344
0.01035976
0.01015902
0.01036429
0.01084328
0.00442648
0.00885344
0.00893903
0.01039934
0.00916314
0.00913787
0.00923491
0.00919771
0.00925756
0.00893497
0.00917292
0.00921440
0.00790071
0.00828362
0.00417423
0.00807452
0.00714302
0.00378895
0.00369978
0.00366688
0.00364470
0.00365543
0.00377965
0.00374961
0.00706887
0.00727987
0.00384092
0.00382137
0.00379086
0.00373697
