0.02776122
0.00443339
0.00401497
0.00452352
0.00392580
0.00397253
0.00383139
0.00379133
0.00386953
0.00409055
0.00385189
0.00418639
0.00378370
0.00732851
0.00411034
0.00378942
0.00714755
0.00392771
0.00376320
0.00374174
0.00371528
0.00477219
0.00382400
0.00380802
0.00381708
0.00373816
0.00411701
0.00374579
0.00405145
0.00371385
0.00371408
0.00378489
0.00373626
0.00370049
0.00381446
0.00379729
0.00372195
0.00377560
0.00374770
0.00377989
0.00783849
0.00405812
0.00378656
0.00377154
0.00371313
0.00391555
0.00374341
0.00729704
0.00531483
0.00380754
0.00374794
0.00476694
0.00379252
0.00382733
0.00406456
0.00370646
0.00369883
0.00368810
0.00717592
0.00435686
0.00373602
0.00368476
0.00393200
0.00597334
0.00373507
0.00374269
0.00381613
0.00372672
0.00785899
0.00597715
0.01055884
0.01054120
0.00814772
0.01003003
0.01072836
0.00664806
0.00613284
0.01070690
0.01083970
0.01019931
0.01036692
0.01029468
0.01032829
0.01069880
0.01035762
0.01065326
0.00869584
0.01078820
0.00870562
0.00391269
0.00700212
0.00703335
0.00820208
0.00823545
0.00826359
0.00626636
0.00683451
0.00687408
0.00688434
0.00809574
0.01006150
0.00883627
0.00633073
0.00682545
0.01015711
0.01081777
0.00832820
0.01048875
0.01066661
0.00621629
0.00844955
0.01071930
0.00691366
0.01079249
0.01066875
0.01049495
0.00631714
0.00832701
0.01335669
0.00780916
0.00851846
0.01063776
0.01055503
0.00608253
0.00596571
0.01048326
0.01207066
0.01096821
0.01040912
0.01056933
0.01097202
0.00998139
0.00697184
0.00798011
0.01059628
0.00607038
0.00483966
0.00435495
0.00383830
0.00431681
0.00448418
0.00405145
0.00471711
0.00434661
0.00399208
0.00399733
0.00451612
0.00406313
0.00402617
0.00486922
0.00443316
0.00403070
0.00525093
0.00452709
0.00399232
0.00417829
0.00443339
0.00400877
0.00649762
0.00504112
0.00452161
0.00400782
0.00380015
0.00377083
0.00682235
0.00961566
0.00973153
0.00815153
0.01004505
0.01013708
0.00810170
0.01003766
0.01020336
0.01166081
0.01004624
0.01032710
0.01062202
0.01030684
0.01002955
0.00994086
0.01152778
0.00985122
0.00789928
0.00776577
0.00893259
0.01032901
0.01035666
0.01048708
0.01108789
0.01075840
0.01005983
0.00907898
0.01285410
0.00727797
0.00389457
0.00385427
0.00762534
0.00482178
0.00380850
0.00372696
0.00362086
0.00364447
0.00364137
0.00362897
0.01050043
0.00417066
0.00368166
0.00366139
0.00360966
0.00373578
0.00382137
0.00433278
0.00742173
0.00757003
0.00393510
0.00387359
0.00375009
