0.01720977
0.00825000
0.01361084
0.00980854
0.00880384
0.01016879
0.00874853
0.00607252
0.01028609
0.01088786
0.00603700
0.00418329
0.00947690
0.00930476
0.00937128
0.00943756
0.00937104
0.00919676
0.01104212
0.00917149
0.00902724
0.00923157
0.00931287
0.00931811
0.00789094
0.00685430
0.00793862
0.00787282
0.00756717
0.00785589
0.00732994
0.00789618
0.00382423
0.00719190
0.00720906
0.00799227
0.00798059
0.00381660
0.00368881
0.00368214
0.00368261
0.00367379
0.00369120
0.00367236
0.00366497
0.00364757
0.00365067
0.00363564
0.00367546
0.00367737
0.00365162
0.00367975
0.00365400
0.00363827
0.00368762
0.00369000
0.00366664
0.00364423
0.00365853
0.00364757
0.00378609
0.00371552
0.00369740
0.00367975
0.00368500
0.00365210
0.00363827
0.00366855
0.00369072
0.00365257
0.00366378
0.00365496
0.00366139
0.00366592
0.00368547
0.00365901
0.00606799
0.00452971
0.00367165
0.00372982
0.00410056
0.00372171
0.00375795
0.00379777
0.00366807
0.00370860
0.00579953
0.00408506
0.00370574
0.01023340
0.00492430
0.00366688
0.00387692
0.00364685
0.00363731
0.00380564
0.00404549
0.00369215
0.00367403
0.00368285
0.00370002
0.00437045
0.00408411
0.00382352
0.00524688
0.00373077
0.00592566
0.00716805
0.00938630
0.00526667
0.00385404
0.00408268
0.00378036
0.00375891
0.00501680
0.00601745
0.00544357
0.00377083
0.00722575
0.00391269
0.00370145
0.00369692
0.00367641
0.00365782
0.00370836
0.00380135
0.00373030
0.00373459
0.00371265
0.00368571
0.00370407
0.00372124
0.00373316
0.00382686
0.00370646
0.00366235
0.00368094
0.00365639
0.00371313
0.00368333
0.00365496
0.00367427
0.00366759
0.00364184
0.00367427
0.00368166
0.00366521
0.00367236
0.00401187
0.00368762
0.00367165
0.00374293
0.00367308
0.00366163
0.00364113
0.00365353
0.00364733
0.00363398
0.00373197
0.00369191
0.00367665
0.00365591
0.00365877
0.00362802
0.00365949
0.00368667
0.00367618
0.00369263
0.00841689
0.00700831
0.00514293
0.00372243
0.00367141
0.00710630
0.00636959
0.00648618
0.00904703
0.00886536
0.00696039
0.00669050
0.00900126
0.00874853
0.00670695
0.00894952
0.01126003
0.00697112
0.00703049
0.00913620
0.00899434
0.00670099
0.00687623
0.00921702
0.00905108
0.00705934
0.00700355
0.00941324
0.01160717
0.00979733
0.00435781
0.01052999
0.00994873
0.01003242
0.00985169
0.01001573
0.01005268
0.00994945
0.00991273
0.00979447
0.00951934
0.00709367
0.00690627
0.00709438
0.00944996
0.00588799
0.00870728
0.00880980
0.00678539
0.00908065
0.01134968
0.00815749
0.00885105
0.01053452
0.00863147
0.00664353
0.00900364
0.01101327
0.00911808
0.00839472
0.00871658
0.01111460
0.01039362
0.00906825
0.01112318
0.00918055
0.00993991
0.00914788
0.01503730
0.00910759
0.00920820
0.00936460
0.00914717
0.00940442
0.00981236
0.01044106
0.00909495
0.00929594
0.00924611
0.00938106
0.00394058
0.00379539
0.00371122
0.00372362
0.00373697
0.00367904
0.00366831
0.00365186
0.00363350
0.00360060
0.00365520
0.00365424
0.00363040
0.00362706
0.00363874
0.00361872
0.00362611
0.00367045
0.00365496
0.00362229
0.00370169
0.00369048
0.00372601
0.00377321
0.00379610
0.00373626
0.00374341
0.00372982
0.00372386
0.00371623
0.00375628
0.00374699
0.00372863
0.00370979
0.00372910
0.00959516
0.00869894
0.00900793
0.00681543
0.00672483
0.00906897
0.00889254
0.00874519
0.00665402
0.00886369
0.01087451
0.00674176
0.00674200
0.00882339
0.01143169
0.01060987
0.01141906
0.00656891
0.00920439
0.01113462
0.00940728
0.00390530
0.00993896
0.00938463
0.00938559
0.00938511
0.00937772
0.00945282
0.00950074
0.00933146
0.01104593
0.00977826
0.00940180
0.00853729
0.00851011
0.00773406
0.00826502
0.01504278
0.00607514
0.00750732
0.00751877
0.00797296
0.00746036
0.00380158
0.00723362
0.00736165
0.00377727
0.00370455
0.00367737
0.00370049
0.00367451
0.00371695
0.00370264
0.00367785
0.00368357
0.00370955
0.00367928
0.00370550
0.00369549
0.00369525
0.00367880
0.00369287
0.00367093
0.00366378
0.00371480
0.00369501
0.00367141
0.00433207
0.00369143
0.00366712
0.00369358
0.00375152
0.00368142
0.00366330
0.00366068
0.00365639
0.00417733
0.00373435
0.00369215
0.00677085
0.00393224
0.00367403
0.00371838
0.00368404
0.00367022
0.00366712
0.00367546
0.00366473
0.00368786
0.00371838
0.00368500
0.00367594
0.00365663
0.00366259
0.00364900
0.00366497
0.00368524
0.00366211
0.00366139
0.00367975
0.00365853
0.00366735
0.00372362
0.00371623
0.00369573
0.00369811
0.00372624
0.00367522
0.00376439
0.00380540
0.00370526
0.00369596
0.00389910
0.00383210
0.00379467
0.00435424
0.00379133
0.00375533
0.00378156
0.00377750
0.00762486
0.00451922
0.00408983
0.00392652
0.00379992
0.00373554
0.00399303
0.00382209
0.00429511
0.00545835
0.00664639
0.00699401
0.00386906
0.00374389
0.00370789
0.00370002
0.00367069
0.00368834
0.00368834
0.00368071
0.00366974
0.00367045
0.00365400
0.00371909
0.00373149
0.00370049
0.00367212
0.00367403
0.00366259
0.00366282
0.00368404
0.00368452
0.00367498
0.00367212
0.00367904
0.00368547
0.00371623
0.00376916
0.00371170
0.00368690
0.00365686
0.00366569
0.00365233
0.00367427
0.00370097
0.00367594
0.00365591
0.00367069
0.00364947
0.00364971
0.00368428
0.00621843
0.00374770
0.00367689
0.00685358
0.00410819
0.00366616
0.00368166
0.00365353
0.00365853
0.00367832
0.00368738
0.00367355
0.00364542
0.00365734
0.00365281
0.00363898
0.00369883
0.00367761
0.00367117
0.00366426
0.00735331
0.00617957
0.00647306
0.00887680
0.01032209
0.01078606
0.00856686
0.00661039
0.00654507
0.01068282
0.01122475
0.00683999
0.00900722
0.01070142
0.00638962
0.00675035
0.01109266
0.00893831
0.00673366
0.00890875
0.01045871
0.01206946
0.00671077
0.00808096
0.00909066
0.00913095
0.00927258
0.00947189
0.00920796
0.00948977
0.00947213
0.00953531
0.00929689
0.00935006
0.00923729
0.00932145
0.01002908
0.01012278
0.01046562
0.00858426
0.00672889
0.00906539
0.01100636
0.00930595
0.00919771
0.00884914
0.00897980
0.01217675
0.00963259
0.00917768
0.01122236
0.00856328
0.00881362
0.00898910
0.01077437
0.00857282
0.00661111
0.00601983
0.00795794
0.00659442
0.00683928
0.00693035
0.00687695
0.00689554
0.00669861
0.00681758
0.00632834
0.00661802
0.00906873
0.00903797
0.00937700
0.00977850
0.00404954
0.00387764
0.00375152
0.00372815
0.00372267
0.00372958
0.00364685
0.00369716
0.00721550
0.00602865
0.00420403
0.00415134
0.00443673
0.00459647
0.00384307
0.00387049
0.00379324
0.00376678
0.00688314
0.00563788
0.00398111
0.00376606
0.00377560
0.00374913
0.00378013
0.00601006
0.00626349
0.00634909
0.01081204
0.01096821
0.00672436
0.00650072
0.01074314
0.00865269
0.00657082
0.01065159
0.00856495
0.00668740
0.00656724
0.00890589
0.01087165
0.00885510
0.00879192
0.00872612
0.01128364
0.00897813
0.01097131
0.00883389
0.00897503
0.00437689
0.01076460
0.01142502
0.01008582
0.00906324
0.00905418
0.00986695
0.01068878
0.00913811
0.00770736
0.00813127
0.00394630
0.00782228
0.00716233
0.00383735
0.00373721
0.00368333
0.00365567
0.00368166
0.00371671
0.00367332
0.00367522
0.00735903
0.00744724
0.00375581
0.00369263
0.00366020
0.00683045
0.00381231
0.00777745
0.00703406
0.00377297
0.00729108
0.00409007
0.00427389
0.00375891
0.00373745
0.00367379
0.00367379
0.00367069
0.00368524
0.00369906
0.00515676
0.00384402
0.00374317
0.00373816
0.00634670
0.00373912
0.00368142
0.00365686
0.00363278
0.00369883
0.00366569
0.00365448
0.00365162
0.00364876
0.00362659
0.00364685
0.00369215
0.00366879
0.00367498
0.00367069
0.01004148
0.00759888
0.00379324
0.00371027
0.00402856
0.00752711
0.00710487
0.00376749
0.00365543
0.00364184
0.00384736
0.00363135
0.00373173
0.00366831
0.00364494
0.00364900
0.00363517
0.00363684
0.00364470
0.00369954
0.00366759
0.00366020
0.00375128
0.00827980
0.00423980
0.00417233
0.00383115
0.00377131
0.00555086
0.00448275
0.00419617
0.00377488
0.00376916
0.00539136
0.00470090
0.00404191
0.00372005
0.00401711
0.00421095
0.00372624
0.00385475
0.00389218
0.00378156
0.00371957
0.00368333
0.00365520
0.00369573
0.00387025
0.00367022
0.00367141
0.00369310
0.00366783
0.00366688
0.00372887
0.00366902
0.00365210
0.00365424
0.00369573
0.00363731
0.00400376
0.00406647
0.00376821
0.00398684
0.00368524
0.00366259
0.01018810
0.00520182
0.00374746
0.00367332
0.00372338
0.00370169
0.00369453
0.00370288
0.00369382
0.00367236
0.00371623
0.00375533
0.00373673
0.00664735
0.00404501
0.00370789
0.00370765
0.00371408
0.00369382
0.00367951
0.00371194
0.00365949
0.00372839
0.00371408
0.00368381
0.00369787
0.00368118
0.00367284
0.00373054
0.00382280
0.00376296
0.00370860
0.00371885
0.00717068
0.00631452
0.00857162
0.00878191
0.00889301
0.00682330
0.00899982
0.01068544
0.00630450
0.01227045
0.01126337
0.00766945
0.00890970
0.01079607
0.00648808
0.00662231
0.01109028
0.01080847
0.00674319
0.00663376
0.01109719
0.00882053
0.00702477
0.00910425
0.00945544
0.00951910
0.00963736
0.00929499
0.00911689
0.00936294
0.00947618
0.00944948
0.00944710
0.00944233
0.00948238
0.00876665
0.01097655
0.00946259
0.00923395
0.00899076
0.00910306
0.01132655
0.01032567
0.00873947
0.01095986
0.00920868
0.00924540
0.00907946
0.00941133
0.00916672
0.01050830
0.01061916
0.00680757
0.00892067
0.01090693
0.00850344
0.00604200
0.00717664
0.00674796
0.00667524
0.00702310
0.00666809
0.00669527
0.00688720
0.00966597
0.00981116
0.00963855
0.00950313
0.00955009
0.00956392
0.00946355
0.01004171
0.00415230
0.00661302
0.00390840
0.00378084
0.00366521
0.00366068
0.00366402
0.00694895
0.00411963
0.00370717
0.00368094
0.00368714
0.00368309
0.00598431
0.00415754
0.00407910
0.00499463
0.00374150
0.00370836
0.00366831
0.00367308
0.00368118
0.00365376
0.00370502
0.00373125
0.00369453
0.00367093
0.00373650
0.00571942
0.00621796
0.01084328
0.01110053
0.00667691
0.00880766
0.01078439
0.00886226
0.01008201
0.00888395
0.00934148
0.00882411
0.01082659
0.01028109
0.01016426
0.00963569
0.01098871
0.00927019
0.00886774
0.00903893
0.00917053
0.00812602
0.00678802
0.00668311
0.00678897
0.00671697
0.00679302
0.00684404
0.00664496
0.00656748
0.00662971
0.00657153
0.00667739
0.00674963
0.00735283
0.00818753
0.01041985
0.00449252
0.00799894
0.00376582
0.00818801
0.00524879
0.00752592
0.00791907
0.00776291
0.00809979
0.00372982
0.00365710
0.00401616
0.00362182
0.00366855
0.00373554
0.00370550
0.00373745
0.00374293
0.00373864
0.00371981
0.00375867
0.00372910
0.00373030
0.00375080
0.00374985
0.00370026
0.00373363
0.00373197
0.00392413
0.00370049
0.00373793
0.00369287
0.00371337
0.00373960
0.00370836
0.00368714
0.00372076
0.00368571
0.00368834
0.00406194
0.00377703
0.00368285
0.00369215
0.00368285
0.00368166
0.00373006
0.00375199
0.00370622
0.00369549
0.00372148
0.00369406
0.00464249
0.00411987
0.00377226
0.00376296
0.00395942
0.00371075
0.00368428
0.00371885
0.00370049
0.00368357
0.00371695
0.00367641
0.00368333
0.00367475
0.00437021
0.00371599
0.00368881
0.00395489
0.00368810
0.00366354
0.00371861
0.00369453
0.00367403
0.00367856
0.00371671
0.00404525
0.00386524
0.00508666
0.00374794
0.00378084
0.00415683
0.00372505
0.00447941
0.00376344
0.00411797
0.00383854
0.00384998
0.00721002
0.00659132
0.00416827
0.00605702
0.00605178
0.00394511
0.00379443
0.00375557
0.00371742
0.00380158
0.00372148
0.00369644
0.00367785
0.00369811
0.00367498
0.00371575
0.00373435
0.00368810
0.00370502
0.00367641
0.00368929
0.00366879
0.00373340
0.00370598
0.00368595
0.00368667
0.00367522
0.00366998
0.00370622
0.00372672
0.00374293
0.00371170
0.00370598
0.00368857
0.00366974
0.00370932
0.00369835
0.00366116
0.00368404
