0.01645494
0.00402498
0.00440907
0.00383902
0.00416780
0.00376868
0.00378323
0.00391626
0.00372410
0.00370789
0.00367451
0.00372910
0.00366187
0.00667596
0.00638819
0.00926685
0.00926137
0.00701904
0.00945520
0.00938129
0.01083970
0.00902224
0.00925446
0.00925016
0.00963759
0.00941086
0.00915527
0.01141548
0.00951791
0.01150084
0.00931454
0.00971770
0.00946426
0.00897694
0.00913382
0.00670791
0.00454926
0.00681210
0.00717926
0.00702071
0.00690961
0.00687575
0.00695133
0.00678134
0.00695467
0.00713348
0.00723505
0.00711322
0.00973368
0.01255751
0.00766516
0.00401449
0.00380874
0.00753808
0.00775552
0.00384617
0.00446391
0.00375438
0.00372672
0.00361776
0.00360537
0.00363040
0.00359631
0.00754642
0.00787830
0.00378823
0.00374031
0.00366974
0.00368118
0.00373101
0.00378609
0.00376701
0.00375128
0.00723267
0.00783396
0.00379515
0.00374532
0.00368285
0.00368047
0.00369263
0.00370121
0.00368285
0.00370193
0.00373244
0.00370693
0.00366139
0.00364757
0.00366092
0.00364494
0.00365543
0.00371480
0.00367188
0.00423336
0.00403237
0.00370550
0.00366545
0.00370908
0.00366044
0.00368285
0.00365353
0.00366473
0.00367665
0.00364804
0.00369024
0.00370407
0.00365615
0.00365567
0.00365305
0.00366950
0.00365210
0.00369072
0.00730348
0.00758028
0.00378895
