0.01637149
0.00868464
0.00681138
0.00903559
0.01091814
0.00828719
0.00709152
0.00955224
0.00893736
0.00673532
0.00866818
0.01072621
0.00648069
0.00852013
0.00995612
0.00902057
0.00627470
0.00647736
0.00865602
0.01099682
0.00672317
0.00386429
0.01032376
0.00733447
0.00761628
0.00685143
0.00629282
0.00673008
0.00929475
0.00905657
0.00889921
0.00873756
0.00922847
0.00777316
0.00735688
0.00465059
0.00800061
0.00734282
0.00782776
0.00716925
0.00380945
0.00803638
0.00731707
0.00765181
0.00753808
0.00788617
0.00738597
0.00388503
0.00382590
0.00374103
0.00375581
0.00412369
0.00428820
0.00383067
0.00376964
0.00374317
0.00374603
0.00379491
0.00375652
0.00368476
0.00371122
0.00374222
0.00371218
0.00368547
0.00368881
0.00372577
0.00367785
0.00370598
0.00369883
0.00369382
0.00372744
0.00381780
0.00419068
0.00367284
0.00372338
0.00370574
0.00370955
0.00372744
0.00369596
0.00366712
0.00367045
0.00372982
0.00368524
0.00367999
0.00366449
0.00367212
0.00366163
0.00369263
0.00372887
0.00372052
0.00567794
0.00692677
0.00427914
0.00369859
0.00366879
0.00365496
0.00367546
0.00368810
0.00366879
0.00372076
0.00369811
0.00367570
0.00365949
0.00365663
0.00365949
0.00371408
0.00369477
0.00372314
0.00383162
0.00378299
0.00370836
0.00376678
0.00382662
0.00373888
0.00379348
0.00378394
0.00380802
0.00374460
0.00377107
0.00385261
0.00380349
0.00383377
0.00374317
0.00396109
0.00417900
0.00380087
0.00374794
0.00372839
0.00375128
0.00375462
0.00425196
0.00396800
0.00380707
0.00381804
0.00380039
0.00374365
0.00369668
0.00375915
0.00370097
0.00368738
0.00369120
0.00368142
0.00372243
0.00365973
0.00371838
0.00370526
0.00368500
0.00369716
0.00369334
0.00377846
0.00368977
0.00377369
0.00370932
0.00369883
0.00367594
0.00368428
0.00366354
0.00371599
0.00373030
0.00370216
0.00366116
0.00368237
0.00368118
0.00368047
0.00374603
0.00378227
0.00376558
0.00373101
0.00370717
0.00377464
0.00369835
0.00372076
0.00370359
0.00375199
0.00369930
0.00369573
0.00367785
0.00370765
0.00369930
0.00369883
0.00369334
0.00367737
0.00368953
0.00368929
0.00373530
0.00372934
0.00369334
0.00368714
0.00368690
0.00378585
0.00369644
0.00375104
0.00371933
0.00368285
0.00368428
0.00369716
0.00367451
0.00371909
0.00369501
0.00369143
0.00683522
0.00629401
0.00635457
0.00898409
