0.01643372
0.00958705
0.01138282
0.00821424
0.00791979
0.00910997
0.00902510
0.00692677
0.00690842
0.00888300
0.00966477
0.00903749
0.00780559
0.00976229
0.01036954
0.01096559
0.00987148
0.01115584
0.00447965
0.01040268
0.00948548
0.00975943
0.00965738
0.00982523
0.00977015
0.00940204
0.00909066
0.00987720
0.01040411
0.00938058
0.00946999
0.00997949
0.00819206
0.00882030
0.00903988
0.00934434
0.00931883
0.01112580
0.00930500
0.00916672
0.00900698
0.00923181
0.00681806
0.00900817
0.01098847
0.00706601
0.00686502
0.00924277
0.00881863
0.00912046
0.00667310
0.01130342
0.00949192
0.00933981
0.00886464
0.00963402
0.00950694
0.00976062
0.00978947
0.00977540
0.00987148
0.00978661
0.00966668
0.00961232
0.00967860
0.00956750
0.00957108
0.00939155
0.00544667
0.00400472
0.00392151
0.00382280
0.00385046
0.00381112
0.00378180
0.00371432
0.00370646
0.00368786
0.00367022
0.00370812
0.00371099
0.00371265
0.00368118
0.00370431
0.00371504
0.00466371
0.00399375
0.00381255
0.00374961
0.00368524
0.00366282
0.00366068
0.00367641
0.00371265
0.00369000
0.00367403
0.00369287
0.00369000
0.00367117
0.00369883
0.00373411
0.00370908
0.00368285
0.00367379
0.00699925
0.00872207
0.00908184
0.00687861
0.00680995
0.00920582
0.00906038
0.00700831
0.00688338
0.00891256
0.00895762
0.00675440
0.00680900
0.00911307
0.01097894
0.00688100
0.00675154
0.01060057
0.01079965
0.00682735
0.00901079
0.00910521
0.00687313
0.00714660
0.00383997
0.00692511
0.00694537
0.00902462
0.00924563
0.00944686
0.00954628
0.00950861
0.00954676
0.00938582
0.00925422
0.00963283
0.00813484
0.00762868
0.00387096
0.00375748
0.00818086
0.00600266
0.00377226
0.00376081
0.00371408
0.00378942
0.00386858
0.00381827
0.00380492
0.00771809
0.00768924
0.00390530
0.00388622
0.00387144
0.00391102
0.00381422
0.00383425
0.00380039
0.00387192
0.00809574
0.00746846
0.00384331
0.00371695
0.00370240
0.00639272
0.00385261
0.00379729
0.00377488
0.00414181
0.00368762
0.00369191
0.00373292
0.00370550
0.00369596
0.00367332
0.00367332
0.00415564
0.00375152
0.00374436
0.00370717
0.00367904
0.00368333
0.00366712
0.00365520
0.00370955
0.00369215
0.00369358
0.00366473
0.00367022
0.00366807
0.00368357
0.00374794
0.00370169
0.00368500
0.00366378
0.00367808
0.00365710
0.00789070
0.00779867
0.00384283
0.00373125
0.00370860
0.00367522
0.00798655
0.00779510
0.00378442
0.00370288
0.00367665
0.00367332
0.00366378
0.00369644
0.00368261
0.00365472
0.00367308
0.00368261
0.00365806
0.00366831
0.00368762
0.00369358
0.00366569
0.00370932
0.00470185
0.00370932
0.00376534
0.00387168
0.00377774
0.00379014
0.00375748
0.00377727
0.00375056
0.00396848
0.00385261
0.00380349
0.00382257
0.00473070
0.00379062
0.00468111
0.00404382
0.00376940
0.00421119
0.00386810
0.00378013
0.00377488
0.00371027
0.00386095
0.00367332
0.00368381
0.00366044
0.00447488
0.00374794
0.00374317
0.00369120
0.00369787
0.00367475
0.00366783
0.00367689
0.00381994
0.00369287
0.00367355
0.00366879
0.00367308
0.00366712
0.00368834
0.00375175
0.00450778
0.00376272
0.00373864
0.00375032
0.00398827
0.00369406
0.00371170
0.00367379
0.00366735
0.00366259
0.00374675
0.00368166
0.00369596
0.00367737
0.00373387
0.00366116
0.00366473
0.00366282
0.00366545
0.00367689
0.00368547
0.00366330
0.00366449
0.00365663
0.00365591
0.00365686
0.00369477
0.00370598
0.00369024
0.00365663
0.00366473
0.00366592
0.00366902
0.00369811
0.00369000
0.00365686
0.00366545
0.00366950
0.00366569
0.00366783
0.00371623
0.00368953
0.00367808
0.00366092
0.00604773
0.00652170
0.00669265
0.00907731
0.01109838
0.00681806
0.00910544
0.00904489
0.00895977
0.00691724
0.00915956
0.00909472
0.00721455
0.00707245
0.00940418
0.01074409
0.00718999
0.00897980
0.00920534
0.00946665
0.00686193
0.00929165
0.00946498
0.00692964
0.00462651
0.00986099
0.00938392
0.00951529
0.00954533
0.00966287
0.00968146
0.00932646
0.00939369
0.00935626
0.00974679
0.00929022
0.00963426
0.01008821
0.00820780
0.00898862
0.00978327
0.00763655
0.00930023
0.00912189
0.00706077
0.00719190
0.00962329
0.00989985
0.00688052
0.00708699
0.00923109
0.00927973
0.00718975
0.00950408
0.01146674
0.00930405
0.00927997
0.00952601
0.00948429
0.00977850
0.00757170
0.01038647
0.00952530
0.00971484
0.00951290
0.00984335
0.00974321
0.00978351
0.00972652
0.00946927
0.00941753
0.00965071
0.00967073
0.00962281
0.01011610
0.00403404
0.00388527
0.00373602
0.00375080
0.00374842
0.00373173
0.00376987
0.00377154
0.00377202
0.00375748
0.00382209
0.00379825
0.00377536
0.00377965
0.00375462
0.00377250
0.00373006
0.00383472
0.00379467
0.00380349
0.00376153
0.00374937
0.00373149
0.00373960
0.00376129
0.00376749
0.00368094
0.00371408
0.00369096
0.00368595
0.00370431
0.00379920
0.00371790
0.00371528
0.00371933
0.00769806
0.00654244
0.00897431
0.00911617
0.00681281
0.00888300
0.00880909
0.00696349
0.00683618
0.00882483
0.00964308
0.00946617
0.00939226
0.00892544
0.00893569
