1790.5,911.5,112,95
1764.5116171280345,906.9860700094621,113.69047652884325,93.18513231994311
1737.2647350114912,903.870275975779,113.74613803976166,93.07407760319057
1705.790719324798,901.2050058850193,119.86100901275768,87.88309049436558
1667.7965722380377,891.744590871897,123.54530996118027,84.90079475767085
1631.5531819316286,884.4483063132805,124.63910809108864,84.22297717904209
1595.7914906165074,876.7804125332959,126.15252673207306,83.1450417470677
1557.4772607372533,869.7294223276541,126.95473069224118,82.7709288661151
1521.61431898688,863.8472423220686,128.5600697593939,81.68624121645843
1485.259990215429,859.7719640391559,131.05111408208145,79.88221842895136
1435.1498544798878,850.3888387497923,131.80165899066378,78.80082229442189
1400.694815170257,844.8148246763826,130.72415826422238,79.72963218715186
1364.441088857848,833.704332418312,121.74583970984133,86.9636620142672
1329.8341899751758,831.8007640851072,125.85472567098611,83.47005271662654
1289.0613290294232,821.6738521391311,118.21191759422987,89.63228668090528
1245.8185759429412,821.2183150566354,122.93082220469391,85.10300745234184
1209.756863488137,819.8271240083208,127.24666807377467,81.39367364092064
1166.612063302961,816.036657324464,129.3079206658066,79.42740203732059
1130.2758313649053,815.7697764090998,131.28281374113664,77.68576132212019
1087.3030657971785,812.4011373475054,130.5877503941684,78.17271710339011
1052.9424848200022,811.7963981995306,132.63213927723194,76.50583498292727
1010.9069073925021,810.0012410228273,132.64830908584537,76.05990875863614
976.8155661824983,811.25878572714,134.05709624218113,74.78509807086647
932.4683744871643,810.3593958813492,134.2153773379272,74.46432991851505
899.5793016970051,812.1898920245039,135.43457821609715,73.3128662691379
853.9682602670833,814.2831412310315,135.13298706471025,73.00023655992472
820.8582772691997,818.2034617266187,136.1897069056924,71.88900049505054
778.8146723770006,820.7148550054902,134.91869372866464,72.55536379387488
739.5582950336981,823.6253122327171,133.38830418919557,73.29828639081279
709.7886704120451,826.6828247239339,133.38536288074374,73.03174687819723
668.737282049608,831.3039489975091,132.36822841177047,73.32543754766053
639.5142954600828,835.2835985940894,132.59425759057655,72.76484002228557
609.5657590990982,844.2125589899181,132.827714132126,72.32908033292333
581.5341738180209,844.8710381450757,132.16602354926096,72.5817280883582
561.2613797185256,846.9373210068037,123.09963893941364,79.93187606424293
541.6315237708313,849.5063321508785,116.63527933211667,85.05433465683058
523.5063728412372,853.8943403243943,120.16962354970345,81.3693403244169
505.6402112726014,857.9778605914582,114.90707745479716,85.46238489618514
492.4413044530992,859.9313336258932,111.92351482732215,87.52063734416093
479.49187783109795,862.9873972585661,108.93955557132456,89.61269842567773
466.2482702809027,865.5350428635043,106.36119221102176,91.342652119366
452.59405701398214,867.9658458568592,104.56177153111776,92.35985701522434
440.2773630675102,872.2923091834562,104.07572697472081,92.14693089608811
426.55042683863365,874.0236085771257,103.71411443186352,91.87365863348353
413.91057696050535,879.1947171766576,103.45231409656742,91.41907189706615
401.00167865843247,882.6769606950954,102.53643569766146,91.63191726146613
389.58651665423855,887.7615185346367,101.849816728144,91.70653594212496
379.19169401986164,890.3502682777363,101.34973383222497,91.69329684334645
375.9465007420324,892.4801317485558,100.67794234833258,91.76224517178795
371.5008939739962,892.6544156277893,101.23189659180257,90.7799018810754
371.77932648553565,894.61762062986,101.17511900873748,90.43146333536905
376.9351938810892,895.8257758269756,108.13496586741061,83.85358382263804
387.15879582451305,892.3557377726178,105.27294798520171,86.1370136796752
393.02119972089275,893.2491340004983,110.51918282549892,81.32398206719101
404.82176468157655,894.1872072468498,114.15241264534227,78.08953560386131
417.33256262676275,891.4508882562932,116.37103014913492,76.0681679048902
437.90383842116603,888.1367077346026,118.37146104323853,74.25802854391358
453.35032637605536,886.0469722865869,119.60905459146758,73.12105504297234
468.1992342918981,883.0238537808605,120.64574918153508,72.20688384367067
490.34217343703216,877.3547261801606,120.4290122792064,72.29860755855928
504.07926141405204,873.6355773357943,120.4434227509479,72.29476752909122
525.8718378897956,871.2511486031988,120.81451903652123,71.90398229790162
546.5108828446638,868.2219399658802,121.15503950886504,71.39824590127402
561.1272967869488,865.9703444297832,121.75811288467105,70.77962844456816
585.0711891826427,864.5934824665192,121.00039019655463,71.2294552286858
601.2659977485791,860.6646745543421,121.51205251414459,70.72778569842555
617.0514154902609,858.4748000213169,122.29335555006827,69.9229067546798
642.398396156244,855.8612489629085,121.24800337947903,70.6290604614625
653.7401348040646,854.0742389540975,120.64662027634274,70.86660009997995
665.6045519372652,851.007788926712,120.40637434307136,70.8598841421777
677.8526938241346,849.6173881562291,119.83267510302392,71.11617529953736
682.0622696100284,846.6417972175473,119.65361676243757,71.24559890663738
684.9867699161903,845.8386341725538,119.663467582914,71.04524324441948
686.3517584822104,845.3419532418594,119.1534210996777,71.24631924622355
689.9982657841994,843.0468902274007,112.30246231711831,77.01711911280276
685.7285490646077,841.2355214721129,108.10843723731989,80.63344159944418
683.8214425630525,840.8786491314195,110.7805785164922,77.98001570855006
675.4587319303512,838.8871905968842,106.15381357889189,81.64260689637793
671.6967627600463,839.9457087015336,109.18726386713334,78.6089922750231
657.7736187182458,840.2242543662297,111.29736496953352,76.43751998993483
652.8686136611889,842.5334359610551,113.7188128811936,74.08323470212412
633.5027293044213,842.3175520660686,115.04438881518766,72.78420317473723
630.6381306297828,842.8560804398389,115.63691223715745,72.04428588466078
625.5539095125523,845.9548436170728,117.8677471832579,69.96332714188759
611.7584576096723,846.73505482308,118.80450479456007,68.89776323321487
606.7098322253233,844.9714326976779,118.92410873556011,68.6620382285717
603.9453863157761,844.5972831864052,119.06879902801278,68.20809463827813
604.4817371381412,841.8186273254497,118.26725879051487,68.64656948045895
614.5867688022556,841.3471469020196,118.34460619836995,68.46853599786671
617.2706706104921,838.7735461621114,117.09116625224634,69.45479301586059
629.119151729155,836.7906332866972,117.11747252383164,69.49554657354317
642.1527097474434,832.8631948860284,116.87646923444703,69.74819902490532
654.9137625082245,829.9835774919668,116.70410660228912,69.7693413905431
667.7303584427242,822.5862837585346,116.88081310975468,69.25098063047878
692.9865951840926,822.4384382437227,115.8514290740392,70.0390848530902
705.7539960815876,813.8256865339818,115.60411812377589,69.82941714525268
722.8055387584922,810.6993177807477,109.15889257221275,75.40866371019618
741.141606570125,803.8775647482119,105.14182439279492,78.78050515582204
768.1116799035767,802.1058658363103,102.159494803528,81.30768729759555
785.1893040132339,796.2839686672689,100.79807364109841,82.30204754601746
833.4577707227053,806.478255957624,104.51415383299558,79.17925818259249
849.7601481528836,804.7344426018308,107.14029115403544,76.97494267921311
865.9056060530571,803.9234892716786,109.30621205412785,75.2748810224856
880.7166917617841,802.0617439418804,111.30862483467189,73.7545786713703
886.35889256558,800.002738132573,112.40014829116703,72.96331904975084
888.8831036452511,790.5775506968657,112.77806718864841,72.63234702785482
873.3855849897005,780.174515943073,108.83502085106802,75.96472650248145
884.9906024244843,781.0323026568884,110.09304933599257,74.48262130938957
888.0539386393357,780.278323224633,106.77510750855434,77.38785860197798
883.5011486594672,772.0592821959783,103.20633196139437,80.55520491862592
899.9493410752203,780.1664254580462,101.6097899643607,82.10983929292745
906.2759430956074,778.5688161935684,99.53357986584739,84.12263506473425
909.0413298971339,778.943610498533,98.21885211927011,85.31240909995445
910.0288605224556,776.8099291791467,97.82211733232607,85.67437742300739
910.8315703811961,775.2712677875888,97.66145221537008,85.83530931027958
900.6778139604706,774.6710331297271,97.48774290411095,86.00453315595618
901.949038254537,773.1059674771611,97.46027415530325,86.03661195940965
845.7851527565296,753.1818042412407,95.87873576411103,87.30724449204152
847.8700803078626,755.548793535356,95.17866659017122,87.8679221805138
851.9565676304043,759.8957890411247,90.11031693173635,93.46953778213567
843.1309141416868,749.697284646708,90.17237334459617,93.31337159843474
854.7666940322966,754.993269072713,90.08760021498786,93.1523586332656
852.2470632616278,756.8123216430073,94.14787906932897,89.2226699248193
843.3902338198192,754.0146918210276,93.46158411078326,89.81666547347237
844.6299574868821,753.5014914507891,92.88468878528623,90.27598064981281
836.3728671082674,751.3453759250871,97.00654890958083,86.7288047531272
829.9788419656032,749.9144780938817,100.5208374456417,83.72395078785237
837.6694082550384,750.9042268039275,102.86466900861716,81.7509378800006
835.5328998556537,749.3838067047991,102.14928534809695,82.46082138079316
815.2409955469625,745.6169677185424,101.17841790957111,83.40049519910141
817.9554643895652,746.0565943283827,102.6283921964116,82.10994209510136
809.2468240910563,743.8383651807596,104.92581595901783,80.23627933092976
802.5851022091216,743.6196393262692,106.3954370147573,79.0466451157621
804.4932249114244,742.4587090275905,105.07132665806434,80.25472688354492
797.3625471936759,740.3233287084121,105.99966760534107,79.46351108910149
791.903835831306,738.0869019925597,106.89065066333306,78.75604235054885
801.8043004862516,737.5840424819053,105.63091817656179,79.95830026722614
785.1748496483972,736.1894393120996,107.25419782773443,78.65844534661409
795.0662896633902,735.8612135603182,105.8118729887886,80.06127014596082
792.2338629412371,734.8060122975514,107.46834840422507,78.68431624716277
782.9216397629954,733.0633778516603,105.94052348995659,80.0364190641921
777.437464159424,730.9638243411317,104.27788085402054,81.57377457653652
772.2523021915429,727.2889328896072,103.05450056615027,82.71196146747023
776.2370716390027,727.127047902552,101.82928969323368,83.78357333620727
776.0222589168508,724.9988331511712,101.0947397463403,84.44165660560094
774.0558972681151,723.6616766241685,100.3098369489935,85.11547017268306
772.1888638632688,721.8862255719303,99.86796896712123,85.53869769753916
768.8100663896146,719.3487717990015,99.17473107064919,86.15699504060741
765.6498149439342,717.4010096496468,98.59202427573057,86.69066311716409
763.5340972328908,716.693810690071,98.14089830026495,87.08021376725742
761.276137649324,714.4437345646634,97.88595488805278,87.26804149414701
757.3387464961854,713.1051351433227,100.2459342615906,85.1768196405696
753.9459007277986,714.1219082958556,102.89705567659908,82.82404635529451
751.1257540965505,713.4898590990356,104.62766380420774,81.31820008111842
747.5848839759165,713.8513402067964,106.42778688086392,79.78478480830763
744.5657868460905,711.4693562232106,105.59909786262288,80.5398378279695
741.1227526234818,710.1348871149091,106.77462887421586,79.54608612033233
737.4791371836131,709.8235559985643,108.2828814061749,78.2752170305428
734.2236677411262,709.973041552883,109.46660318909807,77.27036551838664
732.171464839805,708.7281342474703,110.1817327256425,76.67978776852495
728.5437753917306,707.5613750911712,111.17246890633724,75.8620476124953
724.7454554336443,706.8605159223824,112.22298865573113,74.99731816755606
721.2356827626095,706.1891045577381,113.31871207168393,74.12847145180693
719.0727691630835,704.3135709561772,111.71861640009988,75.58121120894488
715.9909144245757,703.5783834199841,112.71275400058944,74.7772842755632
714.0356363818546,701.7356418457454,111.36500072171296,76.01200705950826
711.3362923741381,701.7350988667581,110.291795426599,77.00293477668774
708.6118069985374,700.7226673005667,111.04459298672987,76.36032197027343
705.5082767490783,700.241519531805,111.89383678948118,75.66725859723621
703.2929346638124,699.5534595211145,112.72038091675425,74.98037746276397
701.0199094355379,697.4588037778458,111.04828886384286,76.49149824114113
700.4759066188036,696.7452930611144,109.62248815423284,77.80954363829365
700.6417171646398,695.8142499723378,107.91716703986302,79.34577980592837
698.2927394913074,695.1227280442633,106.82752520711485,80.33293128040945
699.2495390336021,690.85903391488,106.80355036053966,80.35760824309457
698.1136243807205,687.834697882404,106.67715388200133,80.48728349713333
699.0980957058715,682.0543001037946,106.66180579709072,80.50291589975025
698.6930428563998,677.2346248460243,106.6346277655273,80.53263392322543
698.1230389923867,675.0878783942642,106.61262983063536,80.55483700130617
696.7168614444295,672.1447225864532,106.58469294962111,80.58304534162893
695.8539576876364,667.0066396306959,106.55291660662463,80.61761693856849
695.1066143121408,662.355618569263,106.48077617961431,80.69621412277456
695.5012375434445,655.4565163567247,106.42993518308666,80.75159494708204
695.5774660784185,648.6381832033774,106.32305485692022,80.86769335979496
634.5891312386332,567.2996293553916,109.34769053990877,78.43455630478974
635.4820121922143,568.5662468605241,111.36111486245255,77.05876815579194
645.0962720050693,570.1395718953295,113.05416887565846,75.71991432603417
645.5021389940293,571.6075993347431,114.71576348813139,74.5313167130607
657.0917098433042,581.384595636611,115.83958504641748,73.84127865339232
656.001662169717,579.6672797877538,117.18515665616147,72.97254655105772
655.8648613391604,579.2985693987777,118.3804056871363,72.2478940028993
664.1093174277121,579.65611357012,119.06118459584837,71.97227040812025
674.1908013825418,580.9407252112213,119.2711872672434,72.04959801970132
673.8624407832427,580.9366362058066,119.86471250710818,71.75322198533028
683.3599517155207,581.8636798420008,120.02507089157578,71.8938047463969
745.9395826454912,479.7737770147311,122.7892633163026,69.92158708550659
733.8802141838393,478.2695273943074,128.31266714024122,65.59490699743561
736.3827140277045,478.9486794626486,130.8642255846824,63.68526132709228
738.5124453792523,479.0631534986907,132.09476837475077,62.92190498369534
739.0855008380607,478.42837487247147,132.45698398759058,62.79587288447975
740.3300172383038,477.7848091358512,131.53620088955822,63.519911410714016
741.5795206206033,478.3051200761482,133.98880755116755,61.75705575784217
744.2864766084173,478.217986228265,133.69443960477537,62.10294650477519
744.5059180485175,479.3052167881097,135.38290967753218,60.99283742060827
744.0718122375458,479.6066563160846,136.61700992485885,60.22403940349109
754.9688005253478,479.4265082664315,134.7995462581905,61.77400642316937
756.1595474434522,479.3128096434354,133.78765569823443,62.7579692399928
758.6999539830233,478.7691906999135,132.05866404166918,64.12400976032208
761.9183221219857,479.4901516245527,132.0664053218801,64.12512208310179
763.9293428043029,479.4602298950562,131.8241743858653,64.3227006853987
766.5007810667265,479.3220908611642,131.40699013320426,64.57312736006418
767.971502660401,479.32441480156547,130.46226737909035,65.36815166563632
768.660917151934,478.40781312274777,130.39449608283036,65.45375554073546
769.8122945916593,478.6243793653448,130.73062813193803,65.30389591797572
770.6935660971177,479.5236788536735,133.59085352312087,63.26358896068556
769.3968106266753,480.009498985092,133.27351656170757,63.44314875392451
767.3666850673598,478.8816008589886,131.5907724181927,64.65319760680127
779.1100714287618,479.731500878608,131.18792684992974,65.0414128854793
776.2732854559503,479.4168028718626,130.48122640709448,65.65388318219742
760.6409548273626,475.40017711140814,129.58854666085168,66.41791292042205
743.1600450944735,472.6242902737997,128.30895682487215,67.5992089192473
728.4056622585924,467.6389901716103,128.711704430228,67.66663567697084
732.4909727523975,466.718003094655,128.02559815590527,68.49426192000041
734.5017683282316,467.67867451759,127.74946870658388,68.96798438174761
737.7418197200031,467.5809342394519,127.04210294925554,69.86509874902083
741.610720721091,466.8971180600577,126.97416989315514,70.25605613384444
740.8981524930603,467.58592139695736,127.63584171956649,70.04030813790926
743.5479529697302,466.95579839986,127.94537925499625,70.07105216944231
747.1798866343266,468.53185003377854,129.23833756362066,69.32827855439145
749.4869188225032,471.4495645720371,131.9200648132441,67.39706314479022
751.8614981093722,474.85088191949256,137.5250341234174,63.053033500919874
750.2856103145684,475.5263581841123,140.92910651840663,60.68705368705818
750.9628673291589,474.5616808111001,143.78998078726022,58.914306248787064
756.8043968284796,473.09954087425047,144.3395754064778,58.956250936481666
764.6013648803062,472.1121174191896,145.2015356803882,58.73053083953859
781.0743532547807,471.23869439066976,144.14156814774756,60.1621254269661
791.3673584690458,471.7270974020868,146.4333901319372,58.768673370606535
804.3739656739499,471.1341860415253,147.81665437508303,58.112947410470355
827.8330865494179,470.25310283396186,149.53560821130523,57.3776322410483
841.1621302129297,469.9684315084772,150.36370786548284,57.09603526055557
869.0723951795238,469.3381874933347,150.6496385035837,57.205966488090844
895.020703948861,468.6717016147814,150.47584124689195,57.62279417218804
920.6603080804676,470.7974921734876,152.06060850858086,56.836014604687065
946.1115173953913,468.24420868724513,151.40615283039364,57.89164344774699
968.3161606232134,467.09713646091984,147.47274604393886,61.53165648789147
982.0345519250062,466.3304636473749,148.54003372233566,61.02507248660913
1001.7233123517658,468.9737194983203,149.9208136500666,60.129176247975195
1010.9948180732111,469.6165777839214,150.01363213271298,60.308686088592495
1019.9053908795381,468.02297423598316,147.72798132444126,62.466627899930664
1020.2952350354714,466.85716886795035,146.50975395460475,63.985738934019516
1030.3623856802299,465.8349999765609,145.3566500222653,65.4136804088532
1042.170643530404,466.33585260816835,144.92925556825506,66.00515425235065
1042.5925718673195,465.17035574462335,144.49209512459706,66.79828448647488
1042.6979325862533,464.49813473414537,144.92829395049694,66.88351985478963
1045.026136828844,464.52720883973564,144.80090768211232,67.29775311619663
1045.3872151732432,464.0497539760533,144.03607752099887,68.206739532298
1046.2808753977572,462.79023147895424,143.8603937106122,68.6759233337929
1046.955464048537,462.6435894539294,143.94441700681585,68.97557005068413
1047.8823721062668,462.09861366979806,144.43636958146521,68.92383446417693
1048.4850774768956,462.09869997297443,144.53924812968233,69.0053097083972
1051.0415352043435,462.0963552429368,144.8146826847048,69.01661940980162
1049.6976433398343,461.33524515226827,145.29571912025068,68.8324427729776
1049.9519540690503,460.6995472439805,145.54050901445302,68.85543444431246
1051.2362321447854,460.2682280082895,145.60671610379728,68.8682195788833
1050.992427999427,459.68796364463833,145.35481105690195,69.16828641548815
1052.9687886062707,459.6447361633129,144.86820579475273,69.65221983940455
1053.5509004564015,461.041509396074,144.7543649470452,69.76774768037049
1055.2838662590311,460.7501506412849,144.49070265750544,70.13991890503463
1054.66439062489,460.1200594615873,144.59889969338087,70.25877996296956
1057.7420495064239,459.1117015235475,143.55382334343005,71.20989031784711
1057.063473428789,458.67875284800397,143.13973133041807,71.63959223579437
1056.7438484814354,460.1942424232593,144.01873186372964,70.94866926623769
1057.0687248625088,459.8219697143191,144.70067537347893,70.5787705474985
1057.410497464489,460.3999717857452,145.96679810012145,69.73786403467018
1058.2797492635138,461.5498203731752,146.7196217878387,69.19411099261518
1056.3212947044806,461.4120438924106,146.9501354991823,69.07932341731144
1063.6865044738631,463.5589156159979,147.40443409243596,68.92361383701922
1061.837410091616,462.91157308233164,148.83738337977277,68.13392614548637
1060.5189097514651,462.2561446861579,148.62097977655088,68.55529787666528
1060.444407264777,461.4919471160911,148.42184859312948,68.99665211561467
1061.4053316177976,461.31532860015454,148.3933061424289,69.38218022829055
1060.1214738045403,461.9271890289718,149.13129066218573,69.21166617207048
1060.190849820908,461.2427445383373,149.48157721606702,69.28106184050381
1067.008688017988,462.6753901107501,149.81097631476547,69.08441083239705
1063.8637994984417,462.1438491170657,150.39338688733608,68.83511870477544
1063.3506206727095,461.5502576577843,151.45965523524714,68.43700773429258
1062.5527970525893,461.4529161643318,151.88284048894585,68.45601255743074
1063.9166746673225,460.9187067436467,151.92767756561688,68.61657511322892
1063.2147579798207,459.86577123221775,150.88589851004775,69.5587339921888
1064.9789802329328,458.31808171703744,149.75782841636013,70.72105762170102
1067.3142588463556,458.2535303794486,148.38940069657906,71.88143080087649
1066.1432808096072,456.2135001948931,147.20466819433165,72.89422446733552
1066.5242230901456,455.71954402539336,147.3343235645522,72.84353850730847
1066.5021247475768,454.1669294662664,146.2738424533257,73.76826854871916
1070.269383842397,453.8739173614159,145.4988586226637,74.19946638555824
1066.2661461123455,452.93637308529634,145.35598487012012,74.22377087445814
1066.8793150764,453.3514472427471,145.0533963292753,74.59333626652685
1066.6555342178438,452.2956021715808,145.30514975495265,74.49408342523213
1068.0405476878925,452.8263155867506,144.67090601035093,75.09448225178348
1068.7009333497183,453.4506201778955,145.20654769348172,74.67415292236078
1074.3764508330576,455.1207681735803,144.95594226171514,74.73996960188958
