1296.5,592.5,112,284
1296.716638704827,585.8388140956549,112.48175545396307,283.7672618309681
1295.1310004220902,584.4302527859886,113.40936489373448,282.6582343667586
1292.209335832337,580.4866313876225,113.94335788778551,282.1174452421043
1288.520170398237,579.4028320444935,113.84906016254072,282.4664298031105
1285.195914194578,578.024999694086,113.21473041058755,283.59400173811747
1283.750742782063,578.4997924477877,112.90270044623455,284.1666605649348
1281.442415405989,574.6482888030531,112.9083456006042,284.33957227716405
1278.339263850836,573.7270163406674,112.54570330304296,285.0790978452079
1275.2944805406748,572.4821896391783,111.47504500881453,287.0354057872944
1270.666103802227,571.5695539354818,111.28181298155965,287.93756247768056
1268.1920170966755,567.4701455277514,110.95166894118583,288.89999633186835
1265.4814718368825,563.6025613284936,108.09170305665783,292.55979441864685
1262.4009982601149,561.6368380709057,110.68587178879123,288.7828855070343
1258.5096572803964,565.2086426201533,112.57235261450032,285.83519306121843
1255.053320211901,563.2768064503696,113.01381102654574,284.88348578118746
1250.1269596603433,561.1119339111503,112.85230426253494,284.8521292322763
1245.9728277887216,559.2342027319833,108.49269939158162,289.97342761489483
1242.1313429837212,555.1065125488082,105.32057027721716,293.8998094155711
1239.6016438969689,551.7283610605875,103.18975572412873,296.4664961887041
1235.2008050034192,548.9414371443092,102.68336142107933,296.91642071956403
1229.1508314495745,544.7012157750802,102.10882522951329,297.39469670997534
1226.799638018621,545.9937910984086,105.73981776711773,292.42369658745804
1208.2822882521139,543.7467506547371,104.36450982332512,293.66382187215504
1208.8802371928452,539.8642146953084,103.4679819326881,294.55914996700716
1208.406049536112,536.256611248761,102.1413566739496,296.2052369298347
1206.320656187838,539.0087294734144,105.47027467190088,291.67594072091094
1204.8615642397754,538.3029033978045,107.48412247316982,288.98774078701746
1185.5153917754699,537.9227088529689,109.24677227238615,286.52456858976234
1185.003539730638,536.6287116432314,110.69433291846549,284.422503347372
1183.8791374153227,556.1710945815842,112.07047995203135,282.4508966503539
1165.8822546142624,550.2527244794528,112.65667185420085,281.63542375799807
1166.0192820551415,546.5061435329033,113.54453895043955,280.511497333226
1149.8182819664992,542.4662568505888,113.09966107596622,281.05084062888517
1153.426847720256,539.2586723441275,113.71630651928872,280.1763224851305
1153.2455968778809,553.7064761124021,114.11977521400077,279.72123428146716
1136.0789040032744,547.0812503352273,113.98781748787175,279.9165930242323
1138.4835365106026,541.0830776241675,114.20781406226551,279.6561864321918
1139.2706901342788,538.3904858852469,114.39236919112624,279.427914137633
1139.2841436286674,535.7255034086951,114.55747031024961,279.20824368042787
1140.4865096936835,533.6389162157943,114.90192231183985,278.76726944943846
1119.8573683689087,533.1780640976676,115.09677036055943,278.5388881172638
1121.8842266938698,530.5045675168654,115.20127590912355,278.4522217253405
1103.5905702768118,548.186155913277,115.91036150935281,277.42638242641374
1107.7841761817554,540.7953401363584,115.82569620062553,277.52346274123744
1110.1011320863638,538.5424326590282,115.79503966331997,277.3853916065727
1110.1959905014562,538.5330984281625,115.82514616377614,277.2897496621559
1112.1537092198716,538.0034887037928,115.66892241293465,277.4058017224562
1113.3546752955197,539.5170663174771,115.50187786158355,277.42762291644357
1113.7815022326279,537.7757339173555,115.3276056559348,277.5205250766873
1113.4992560900412,537.051204258972,115.39427801079299,277.3719949006565
1112.8880861210475,534.6159702226258,115.48110893465092,277.2744039103912
1113.4501474933297,532.7821067786632,115.46002831578852,277.2833440246347
1114.12168447301,529.9255747492264,115.81863453983873,276.69457016236595
1114.694919453506,528.1293714668905,115.79150750201104,276.6311682782461
1116.3547327942435,526.4482738842311,116.0360173256625,276.2162547742839
1118.5570153106542,543.5137050276824,116.37456104223114,275.62855578694194
1122.2794499580998,536.4075704221978,116.3500403915962,275.5628804330918
1125.1775914105997,532.05690963824,116.48496800447984,275.26565540066554
1127.1422572535607,547.27548993288,116.3127657493285,275.4272802117761
1128.9851410162698,540.0491617409222,116.1428451916075,275.59401740623866
1132.5762043925115,534.4683654234958,116.14004163553544,275.47525172657714
1135.9564736482512,530.7699519172788,116.18349730282817,275.34487613281
1139.3580956562566,527.6023856560488,116.20948836372139,275.2604658658108
1141.2679408372464,545.6069403749702,116.25782187411735,275.1660788705948
953.046048566397,333.20809849351286,111.46213498026947,281.48918377608777
956.8319074737201,321.49525854833263,106.88825709329645,287.80873306647266
959.6176410356928,310.5831319923849,103.53227721109592,292.5281277799306
984.062557984663,326.59914832737496,106.32269920304816,289.4034742603411
985.6841799616155,321.3733467332124,108.11986767513801,287.61407345849295
966.5120448669318,329.0436513213243,108.89039976636104,287.198591311688
970.6874980328519,319.27439648507124,109.74009024390818,286.48754730377425
972.9028501741682,330.85976786323573,110.80941695569066,285.71668400301166
974.9774340595648,336.7174330933376,111.44102044039079,285.443585674766
977.5044423088932,326.76975808234545,111.6668916179728,285.68682464328344
957.5269416532793,309.66181943448214,107.28989601147606,291.90321120109496
962.4390471200384,315.2076792434323,105.22233838682641,294.8868480666541
967.4348124114883,318.29902613005504,103.76635982876766,297.03164509998834
969.6262018650677,308.28002362334075,101.87439131589589,299.975255429579
970.7892553083581,319.5069422803462,101.24809946418159,301.18273594088544
973.2326059681043,309.84070723130293,100.50609628769466,302.6388213038646
976.6952259220221,318.17811662530437,100.64750057160094,302.9009951611254
980.1072097201522,328.24993752376633,104.81979838671754,298.2374463665208
983.5537444032974,319.54154305780565,106.82116871769298,296.079856331157
985.9483176592173,330.79030298053704,108.94922944691135,294.1211147907479
987.2409454374343,323.5347099434523,110.78210714929706,292.4841723553959
987.3801501293855,332.64798496240144,112.04245342068334,291.632849291985
988.3205928870927,324.21101613570886,112.62145397933494,291.5529924659999
990.0975919344706,334.78427595598606,113.46427452242719,291.06105961743776
992.6504476044438,326.710753501887,114.25121855510054,290.46591893298455
973.9775588592786,332.3784272961018,111.46287128957157,294.27932927912525
977.9057464036348,333.1773392052184,110.19776712447344,296.1892540647128
983.1994425150924,322.7416161625696,111.55979487683902,294.8055102543805
986.6035091819053,330.1168186472887,112.7683508437503,293.8284903328549
989.2868891087221,322.2557083759165,113.24362819104445,293.7909681387829
991.0335221191079,332.7687831910355,113.93934561067202,293.4917395900879
994.3757896317396,327.0275641462004,114.69625450554408,293.0839761111546
1024.1087092518246,319.5275227398969,115.28407279711224,292.50666157726505
1047.825256733458,307.496149496228,111.73917668638498,297.0972992236605
1049.0724816374443,301.7248823714656,108.37514708638946,301.63795330427047
1047.9590291370375,312.42453438673715,107.45561563433745,302.7684344299774
1047.7164806325231,303.65679954223276,105.4103202349953,305.64460808321945
1046.6888432081887,301.41412088405116,103.57465584797663,308.36639163382796
1047.0200620463083,297.70705621521586,102.31844850220455,310.10360627957357
1046.0447697710042,308.8592432372577,102.91858766306561,309.2958276181803
1047.251808602889,301.1067991109275,101.44784881069319,311.4782547426058
1046.0807178385269,311.35444352956637,101.91273079222226,310.71918531145604
1045.939422156911,304.6259574605548,101.46843743274458,311.3295111405803
1046.3660083366524,300.6042092084082,100.69181640633127,312.54330717490274
1043.6581170142376,312.16056555634975,101.78059938685399,311.1035261501622
1041.6605104779303,304.5140058530297,101.40942938375491,311.87015629898985
1039.4591522943936,300.1855551878581,100.94798187524854,312.7830157096248
1037.136454962726,311.8997837724213,102.15235938770434,311.37743146530306
1035.4369399589007,304.2144289738192,101.75028961813364,312.2502620341869
1032.1692800300311,314.89342163131374,102.62597870042117,311.41198725996935
1031.029155497772,307.9576352812997,101.87439268574578,312.8269797979491
1028.7020943209536,319.74449951548854,102.78852480500787,311.9306805287901
1027.8725928423805,310.01583719987804,102.68790125439487,312.3986500727309
1028.0592893598005,303.75411857017934,102.26899450396007,313.34505142819756
1025.4797989643594,317.79381997904505,103.06741487766685,312.64047694908925
1023.5193992258482,309.5779370285047,102.50661836164737,313.8309966267202
1021.4462148403819,320.76295483859656,103.30901015809259,313.15493836249357
1019.9112562545868,315.4260680362147,103.31008921017606,313.52086780527003
941.4337725710727,352.6838769091928,107.5503043799386,308.91962536448955
941.2379381217505,348.66300059105225,110.3077073789247,305.8360499368058
994.209699529729,336.9287707080068,113.17436522703012,302.5986514723059
997.0601477216377,331.04528381273406,114.59279114317012,301.34450805246325
997.8900417763141,322.92009135678575,112.27572693985766,304.7676682329145
996.6158706555331,333.7499661846287,113.75000099275242,303.376393156086
997.1798173480664,325.8897297281832,111.74254713710448,306.3263773299633
973.5170930446652,338.79827820044073,114.01046247974693,303.9319755453604
975.290638652554,333.58587573948614,115.13179968498969,303.4234880783535
901.2308604846346,370.59055384614635,116.54285992707858,302.4196402878847
879.307304261476,357.7023986541527,117.78747145786843,301.65112607165224
881.0361367108037,351.0911188214386,117.61057137740453,302.72990502876746
882.5367053841435,363.26285010872664,117.8721035940184,303.2649844006026
884.0650720606686,358.78473634567854,118.17200748042436,303.427288548708
885.7793465783458,368.2230655425399,117.86838572740344,304.6663737920702
865.1751381100698,377.238943863249,118.50759261146506,304.9232161649343
866.974400043997,389.1408779337005,121.31542889299428,301.830432389876
848.3236318956067,373.9430721940707,121.29679764827097,303.0043679963329
853.4552492935725,383.4488005879392,121.83635826249564,303.0328262934347
856.8841276640322,376.2609249187765,121.8450070086366,303.7484642971045
860.8093404012247,371.6788921844569,121.41341574369383,304.8346126667445
839.3029471103287,385.5383136894605,122.54315712895266,304.01764229162507
819.1543711551031,394.1492829211058,123.21226872568306,303.7827491164204
824.9103822735432,382.32835923638515,122.78611246322922,305.2480522964086
804.7138666340237,393.97152722311074,122.98036749715106,305.78681054597985
807.8702659705713,406.1784272168166,124.27879395222973,305.00742332407106
810.4876168347554,394.21820843598056,124.53994278691079,305.49136605847264
791.4310940865466,404.53567213973315,124.5636175557893,306.2294702671783
794.8883067667615,392.8478752162889,124.82679114860653,306.8359868130415
771.8085413327842,398.16684677629115,121.93018874629763,311.10029112193104
775.4429373655257,386.51809422409184,121.6274973735636,313.1001201399039
778.4692763189302,399.76010591353025,122.638655564472,312.74910762528486
755.5040950918655,388.12743819544653,122.46793998515406,314.11102165947483
760.3508947214507,400.5431545388825,122.8169175158395,314.60866955426786
738.1798450745584,386.7302812812932,123.15043374077642,314.9593268055305
743.6050098825729,402.3897948333289,123.53728197356348,315.4272908208438
748.1505315151039,417.2891496135412,125.00763053894579,314.1388580548528
779.2400755161283,405.25670385696253,125.33411962429929,314.0620698042162
782.3523073844826,396.73881413836966,125.05331853102336,314.8758872663043
758.680852902659,411.4011290917513,125.71902336259043,314.39915202812017
709.508189479351,423.28499255437305,126.81382378098382,313.6502296530475
712.8597839046781,434.8301241306476,128.41731179495366,311.97025435755404
691.7366696690065,419.8341307944956,128.07466163470502,313.3229530812497
668.577743645349,399.74196741835044,123.55236857093612,319.8124098384228
673.4814488221701,414.7425950297551,124.28297739759154,319.7395889875618
679.9666267935819,430.88354407620034,125.27014193969231,319.31929939992034
710.7031597571948,425.554287482106,126.92401387867743,317.5463045238389
711.0289550915103,438.4133529544477,128.62007302274495,315.2133893384329
687.4388067780687,429.94848634234575,129.14756050656155,315.1223858683008
691.516930869803,424.5450044798182,129.31093627023668,315.7334114830044
695.1510498650016,422.28868629075424,128.55336989543991,317.60383308604685
696.4346764009164,421.20932561348434,128.36599343722733,318.51399925717607
694.6932349593347,441.67101301522223,128.90748485234258,317.79389059749906
670.8723267827096,435.6879383503773,129.65034872146202,317.5414463297769
672.2963485980367,455.07201518224014,131.10899339952368,315.6022950464222
671.7125714819538,449.8777544405979,130.83967586464553,316.2526907286202
646.2320271547522,467.56507234513793,131.78523488648005,315.1358140137785
649.4431011914045,464.3408444924928,131.7830973798871,315.4927227067396
648.7037566929075,480.52130946978514,133.07213870232033,313.77258369148603
648.0697054255497,475.61569943094355,133.02930526291493,314.0703026018718
626.4037285328734,473.477653992434,132.34704930095305,315.4159580598083
627.6130888699,492.0496380219504,132.99593841388725,314.77551096635165
627.5740162100582,488.96783748109425,132.68887065650264,315.4707225369556
625.358544746672,507.0661186527485,133.70173873700728,314.14171771928187
623.4733142021729,526.367492923762,135.14293780780167,312.0595494690029
621.1109418102114,518.3295509318441,135.85874046449683,310.92530276131043
597.8920771156056,517.0838155220976,136.0340911610815,310.945476555123
599.7027584308216,537.1341489995933,137.10284350562497,309.5290976250337
599.398699175039,535.1705757586465,137.21538036049589,309.31592905108016
599.5026821272252,531.8469878457763,136.65975892137925,310.0112005799456
578.4171826723076,555.3492197941403,136.3443495975719,310.4531630748194
596.4095226801792,621.6704580984931,155.16980065482687,288.7359946936525
589.9928789590749,630.0761843292942,166.48283622687998,275.69299749900296
557.633482872372,635.7607079097024,173.18799467225847,267.4240589616912
555.4391746809277,639.9539869817088,178.86681259990863,260.3913214992503
551.936216261355,643.4512746850983,183.90345849445887,254.07683103624277
550.5978641153822,647.26846901979,187.20666690961514,249.6057977173537
548.6360503344051,651.1558478063421,189.62610509950662,246.15422463445333
545.2907306594257,655.8301201910186,191.13045990738186,243.67432314894432
544.6032910691587,656.0866473201536,192.27878430671748,241.67078679877068
544.7702056148303,659.1537784818411,193.31660114280345,239.60148114043488
543.5574452822893,662.1869759230016,193.6554633301021,238.2770768243674
542.4470327729291,666.501872781918,193.86056345143794,237.17509797164686
541.5975197162621,669.1541132808157,193.69375985857977,236.59342581174207
541.6242200055184,671.3173196249984,193.58592820297434,235.99963360105323
539.2172554378221,697.0399826040837,196.05606966823146,232.60447854131996
537.4675677318606,698.018538827547,197.60801327740478,230.08504174928163
535.8444933046834,696.0183020881282,197.18869248530547,229.67007800659206
534.2242013655738,696.229949883265,196.84775628295827,229.3287874328242
534.4899528240946,696.2970645717446,196.2468612137858,229.30652664022372
535.273933015987,718.5282921070725,197.5672618071739,227.25758093846443
533.8003297770655,716.0290094459126,197.80634436266905,226.0920923438529
532.9131432579131,714.2343943119068,197.05673392242753,226.10019210725636
533.1941930422777,715.2199920821096,196.68598956722155,225.71885533722133
533.2352082195644,715.5305808954516,195.14110756908565,226.44718981075692
532.5019265793458,718.5316843048929,193.790626114568,227.00131224221008
532.265400757343,721.1556530836231,192.7022688812011,227.4353495725978
531.5197544188206,724.450599447771,191.33705211114787,228.1041729507167
532.2043733946351,728.4093578688326,189.94769991648823,228.77921496937242
532.9862949503361,731.3666552328307,188.5023986716273,229.52196982786296
531.5496759422242,731.9936868983893,186.96962606010442,230.27239138863717
533.1021110653425,736.415735729136,186.25253743389356,230.26941635440198
533.230162626268,742.3259620778064,186.35228325026918,229.45727778975174
532.9654415519349,747.0944006058376,186.6660122406856,228.26520645115755
533.5877371470226,749.7320676700712,186.06487452932345,228.07271085799928
534.5976350810755,754.0080983851592,185.46452155329206,228.03412675326254
535.2171673117167,759.8090547501648,185.53320004531017,227.10257458843697
534.6194427138802,766.5972234689636,185.88833979989363,225.77690376918645
533.2311528508487,772.2259995903026,185.8680368965619,224.9534249746895
532.793431981666,776.2333815251982,185.24968502816935,224.767974859934
533.3013012753573,799.8961538433705,186.38896620091847,222.79266520894078
536.142404688135,800.9042179385265,186.42680255773624,221.77985973915668
537.608234787653,800.3957404139943,186.33805431739466,220.75530420625068
537.6226282984181,799.2689535842256,185.6314994230541,220.61096250247624
538.5696916779157,801.3269516309724,184.77118172987778,220.65619792677438
537.1843430114794,804.0920300231915,184.02389228830572,220.48550674139642
537.0793138871923,806.1093613050208,182.68327633682202,221.06386221362638
537.1181645657393,809.1314197384893,181.7587675594741,221.3474001852515
538.2912746389479,811.8933592840214,180.25431859845492,222.2067842053019
538.6484439975517,813.9075497353817,179.09359577914142,222.83635894909588
539.9421413502054,817.5678320110958,177.53306536407143,223.96840345986263
539.8168438773325,820.2313259390094,176.88622381022145,224.08819962350572
541.2720425989977,821.6823153015669,176.28330908631264,224.15241958117582
545.120899438461,843.7378802722833,176.94733265866765,222.76261456039725
547.2983883371785,841.6267828076504,176.81432160470206,222.18203887503887
546.8053653466585,840.3531583840245,176.86935072334947,221.28853855389477
546.6134173929719,844.1453094942486,176.7987597241942,220.43356496580122
547.3379259182356,845.5276549784924,176.79872312429706,219.57757148323765
550.1028848436155,847.247906231768,177.05933738565892,218.43797611169612
551.1424781787284,849.990997822721,178.03666736277177,216.4710631114459
553.1618973387084,849.4850260321017,177.81657370223573,215.7099046476254
553.2650200008028,851.3411249426842,177.6290116737438,214.99821036649934
553.2918955327415,854.0122081841992,177.78184531676908,213.89028870692516
553.3590451184679,856.6753026361723,177.90944063961143,212.87560893536414
534.1605516747505,855.9966721810164,176.0579572206496,214.30373736177654
538.1895743922415,854.9460659070481,174.97189998680895,214.56592047836983
541.7727989713444,855.9415364313456,174.2409924583945,214.53614605002943
545.63535163886,858.4802002467939,173.952855926769,214.03672407404014
547.4066825699315,858.3424542705696,173.78157725478113,213.44002644509447
548.4422503776602,858.8854406675191,173.36525600184956,213.16824320445622
549.9595028493525,860.4878265742649,173.34503137767885,212.3820082924388
551.432874707357,862.2322315947717,173.1293655711395,211.7537543770659
553.0048421508561,862.3326497335494,172.76926561837587,211.2853444746614
553.4899622059515,864.9943096077515,172.3957668864924,210.79153636871328
552.9052337550967,867.3826131150162,172.06992003816387,210.2588267922331
553.6240155011417,866.2995507928318,171.3179855562743,210.26190197714436
553.8839335413094,867.2443914151095,170.77257423486503,209.9821038025812
554.2542813692312,867.8624793235571,170.9646962169419,208.86922463394995
554.6639010035115,868.4548415385844,170.09093340213258,209.0122349126812
556.0106058037637,870.8485718434799,169.7877237013015,208.48535388891924
557.4693879931349,871.7688283017948,169.20263522320914,208.2362514899822
558.7678827015549,873.6154176572206,168.9997474260897,207.56291063542312
558.7144494796817,874.7885628994933,168.71917852299438,206.91030890114484
560.4151663986196,874.7902114162521,168.03011126608166,206.861051214054
560.3028434753323,874.742250165943,168.12598239520605,205.9745515416489
558.8705422917837,876.8148742644042,167.96819487353972,205.35497434997538
560.2695205571798,879.0024961709054,167.52654394196017,205.00137226823537
543.0817708148631,864.9962526220439,156.9350138550603,216.18841991283324
565.6420915248272,873.8828173032025,159.55396975568897,212.64026041440772
545.0497506403385,873.6168207415892,159.58600259888496,212.33982901618816
532.6931715048945,856.0630370535251,147.48793116396246,225.8433467096991
541.2156717176689,847.2843275940888,138.48833517261778,236.57596132254147
546.3387858782048,841.7212020294162,132.05943601986564,244.41017973322823
553.8314805242113,766.6570111923259,124.71614563150874,254.24693543084646
556.7477507440482,746.217763127217,120.67899150622712,259.59343388039986
557.709899138253,749.4284826070044,118.39439480274206,262.9011638127319
560.1222618655576,752.3681239628387,116.62081490172187,265.5798749899184
561.3641057584156,755.0012677362848,115.15606315402314,268.14950062433104
563.9383326107778,758.5578981410583,113.71739562598015,270.8014146805066
565.3773233737895,759.5881386168614,113.23749802520379,272.2707937485843
566.0574359514276,759.3878399323748,113.12203529058195,273.37263493536386
546.5925764323666,740.4611586543958,114.29504046151649,272.27174715562853
551.0901987470422,744.2413980688277,114.54796763850064,272.51978435230797
553.3653562915972,746.5475125992457,114.28162767374987,273.4572665188888
556.2428461225932,748.3321656827073,113.51037785108286,275.12822715189236
557.5168494169291,751.5710506383173,113.5990881050624,275.59897647056135
558.4050770396482,753.935027525781,112.87599344102235,277.4401049557657
559.3773718572261,756.2751428701733,112.67827480043431,278.61735956132316
539.1087551776995,754.6212259900242,114.06965702423346,277.39231253854035
543.2475976884648,754.6883226787646,114.31830295057904,277.6070866536399
546.4318736840384,753.7270787483284,114.87506872371418,277.72413182366313
549.0706925947203,753.978318498747,115.03240223490016,278.2329457340809
552.2239470676784,753.3586807610873,114.72678545130711,279.41168107345044
553.8632939697618,753.8475883943809,114.71318878840609,280.1010271523451
554.6494099840038,755.6253966054138,114.33339476632327,281.38082323256805
535.8005196837986,757.0026132765233,114.7614304936867,281.430468946135
540.8088639444509,757.1898200467276,115.21689468234315,281.4470057278778
543.7438084502327,758.922629343602,115.41416293930374,281.87046432071327
546.043587468157,760.8970217691375,115.52456154942041,282.4759025302503
547.1431828172416,764.3064934149849,115.84358197757888,282.6714383988644
547.8547258064481,742.5137054814768,115.63149846822866,283.23632334791176
547.7176265311284,746.4542342140143,115.29767742849026,284.24943187557363
529.7141077650144,746.3946764254713,115.49513320412649,284.74222536203376
534.5745994141381,749.419912825852,115.88574601336202,284.84176743859183
538.5211636674136,753.43325286001,116.51898278696248,284.64502339780256
541.2520597899502,756.3053466831709,116.49739802327359,285.4460890283058
522.3195241612294,754.5580644149477,117.38234003877167,284.7770235560548
547.959166384654,757.3825080771492,117.25097810779148,285.71266849254647
528.0032710040069,757.7969962077048,117.40321686713261,286.0683344271369
531.8321363039973,759.2650144927252,117.54263783270355,286.67351709156253
533.8733811652207,759.6143978535503,117.51261545644827,287.5112211407483
536.7916222823246,763.6592920508269,117.70731360401525,288.0597202904454
540.3729638585962,765.0183357141763,118.02503911999014,288.3917993322314
541.9529499785107,767.7852130300922,117.96140181439598,289.05809886910066
544.3138445600937,770.6125768500808,117.79638631379709,289.9379614734165
536.3279781162025,851.742120503385,133.75785408779336,270.9941360076287
532.3945741991809,853.8833738424844,143.00961935458366,260.1353301389086
528.9696701103886,858.4676747293784,150.4234854187686,251.37552637427774
523.1157037107075,862.5263336127796,157.52995013188817,242.950889502804
517.8766141504166,869.3940089412815,163.2421242132551,235.88721881940228
491.8039045715709,870.9146351439317,166.02426593564365,232.24706573832822
488.9607262891636,872.265672736028,168.34157366661123,229.1993081715521
461.65480534239936,889.6827133365198,172.33441226424125,224.2591574057491
458.02188973430964,886.8769606406204,175.15080776951365,220.4654475341813
431.5606837130771,884.5462626240299,176.35851720577762,218.56832229661046
427.30493259537525,884.9223363745385,177.4414334350167,216.84314786430713
399.36806221831034,883.1854136246948,177.31002816253527,216.50151718487183
394.53751232738534,884.5186733410062,177.96684785405324,215.15698025518634
373.32765790199176,852.3230618191774,168.5054035981509,225.74411089161737
352.2170646357502,843.557562387904,159.60709092409104,235.9388398986647
331.1265912925059,838.7333588930985,154.29870731883162,242.21462296783503
333.58388050610245,849.2605328305629,149.30437633465883,247.62465154249128
308.93547398558167,843.3749969368718,146.8572471149582,250.5423145163971
277.62335751431317,871.3134603255339,150.24848979260258,246.60424577129916
255.9812814484211,858.6788376163205,147.2386966118868,249.99931134963828
234.03630509994304,850.5948002927939,144.10815294043474,253.836797655932
213.40934732626994,843.2263064236066,140.59456284202892,258.3106904922681
190.83665146746213,836.1650387530606,137.9614511416758,261.61957760948314
169.92299120480078,828.776309249911,134.4538221735903,266.0034247078232
175.22714429367187,823.9370195427949,131.28193309866185,269.9196316283117
177.6514139794925,822.174127056685,129.427990685181,272.2136082957448
178.9563496213981,820.0251677546762,127.73551850977967,274.24725707096616
181.56001054458088,835.8401532914393,126.75284895375837,275.46663597302575
183.2945175517125,830.1444695194909,125.70913434554677,276.94234647346536
162.38092309074383,825.0476474914209,126.30213137295283,276.2019418769567
165.50366881295034,819.3766424602059,125.80747582407814,276.8272513854927
168.61507666029172,816.1272279692427,125.03729255661096,277.6833687280147
172.28094476053033,832.5336961852717,124.90128990334445,277.9068435813572
174.32139382692898,825.9159551542623,124.1994184219296,278.90616345770684
154.1789399093038,822.9672346961431,125.10645379013891,277.73880744935417
157.7852825512076,821.0044746978967,125.28395767716876,277.38376123033186
160.1804539711573,820.1420363191328,125.42659585152106,277.1658219688014
161.53905778693823,818.9072971304962,124.91682883465951,277.76100344246447
164.25350066318225,834.2964714690293,125.23277464421366,277.3956491501639
165.392959588493,826.787605475688,124.91601177806635,277.85498098273274
167.10184038888679,822.4561654620202,124.54759590901405,278.17784369134273
146.13128174979477,836.2207128072404,124.96539775751054,277.56868613469146
172.03209457852137,828.29547101771,124.24872540816285,278.5604403512642
151.82494249657393,825.6905615768981,124.66526116995811,277.9384172872402
154.10410918575406,822.8881215613857,124.84946242904905,277.49553778533635
155.62121088979075,821.0932757802616,125.30948929136136,276.6535758479813
157.58368446027805,819.5901586490261,125.5495611857261,276.1956439460541
138.17358371106678,818.4121836811287,126.10208919171706,275.48708758950585
143.3508177016041,819.092497096857,127.36013570649203,273.8273050161192
146.31321946512432,817.5672903220147,127.71564757862149,273.2199670055925
148.46924486700328,832.8027079196318,127.22780551128325,273.7016769763741
149.85887373173264,827.5130685650632,126.85608261954728,274.0104125870614
151.6532762675077,824.0250884703858,126.66454179016942,274.1422894672429
152.82674048451062,821.6366755770703,126.22465872054346,274.6464640583476
153.99846138090993,820.1494116785065,125.37466327784249,275.52117791733446
153.84435646632446,834.213978675044,124.91778425079322,276.01708970062657
133.29282079154098,830.9234813796824,125.45854252052621,275.20380910290373
137.38999150459074,826.7747395800233,125.65325443915323,274.87881993916045
140.66828164345753,823.3181388383481,125.71057911442253,274.70757546914166
142.76064638938539,821.930126099162,125.39104155905977,275.0248337718393
145.12324640422298,819.8133152456946,124.5385491347465,276.1002945538625
147.6776353518975,819.4379190696663,123.9040015288567,276.8982950474548
149.28881513258858,832.7747125637779,123.45689502495438,277.424687841336
150.21354438041547,828.431733257439,122.87677716364664,278.23693296066676
151.26915810241218,826.4287393587848,122.24921172889242,279.1373590247292
151.16663542197514,823.7612114290317,121.1690686532583,280.7789913746376
150.93507756381143,822.8436480339598,120.46489952327988,281.9501978218594
150.8107224605987,821.0505635612702,120.37105769365834,282.29683906490686
151.35861583897326,832.9417020368103,121.13068520826394,281.4029764967612
150.59140826218103,828.7274729899191,120.70313933088829,282.13866506310853
149.4021621036785,825.0851750644248,120.14976428682463,283.07518886209505
147.74004639097151,825.0383479091253,120.08313110156662,283.223017379845
146.07403746073882,823.5886138020663,119.83427165795486,283.68264027040027
144.42787514922256,834.1539849325004,120.68561918442975,282.5002908775741
142.491976835272,832.3078508626297,121.11237439425531,281.8959653512389
141.209233149056,827.526790906675,120.45752556788057,282.59129163064085
139.28932499468058,824.0893076663718,119.87557702601492,283.3226414349167
138.08704025450524,836.1584975220902,120.57784142785914,282.1985477647397
134.81403485249288,830.6918201880275,120.77354953565582,281.80277130646135
133.40115239563409,842.5607536879999,121.49255966955775,280.5816699009991
130.8118763941347,833.8117515872127,121.40742883030184,280.5409701841162
128.57099556699688,829.0575111865023,120.37876300960193,281.8512984434229
126.45348020433919,841.2984516918566,121.48744142473666,280.1368315257319
125.16938204731943,833.8866445287058,121.09241332776544,280.50293776487536
122.7600169940923,845.7268577085397,121.95940841453586,279.17235156939216
120.6543581062509,837.7520598192953,121.97889126361345,279.0117979643361
118.90777957776906,849.6925891894106,122.88709930400606,277.55639458909565
116.61736344447687,838.5234239164287,122.52810174423547,277.7338669807625
65.99112697479681,862.4069945916391,135.69739139502136,262.90564851242175
92.13906617180938,851.8115831174616,134.2036751714064,264.4436623177104
68.56363633526475,867.0655614549846,140.73659584913432,257.04224250789866
47.99779150021169,864.9644058437303,146.94818053877168,250.14777867547556
49.87691565058597,876.9784418506,152.45983732835515,243.96854356053998
29.297618963691633,873.4878868269236,157.0222431105911,238.9492463889596
34.370074746230074,883.717886234602,161.1819484736148,234.41345907567805
34.373956321261815,875.702487177711,163.37097148878874,231.86720411939183
19.71884405099547,885.6268284778523,166.53933888210463,228.4892837719168
23.94890004366573,877.2285832199449,168.95971719980366,225.64231115296587
27.595501607594173,886.9980598394143,171.29934373808447,222.94163000875375
13.990991850160043,878.9177658495812,171.89464712746445,222.14322979872264
17.63242440711069,869.4627757843814,166.43597441831017,228.10626569236675
2.1654586617011944,864.8420095387326,157.7467445932112,237.97664679597307
8.433441880774922,861.6726147201496,152.64971391174709,243.6894316180373
12.78133693706053,857.9173373422,148.61253795780624,248.30518785670938
15.271529449922028,852.0493313387079,145.77835430422985,251.5732271082613
-2.0629516934996133,848.9315901918551,139.44619125537977,259.06167616355617
3.160614159427112,843.5362483629008,133.4247816717187,266.3102720281145
5.936313972287309,840.3199627090315,129.73005039907906,270.77013129590546
6.694848537024569,835.8002081323372,125.83773140693364,275.5423927724449
8.476752436121842,844.1334314096309,124.88383862682076,276.7276136220321
7.915877320265736,832.3731789294,122.33469709675319,279.90873641086324
9.005275940954,838.0190289860273,121.8277253835215,280.5043053176893
9.907369830788987,842.3211905670405,121.46747550153371,280.92759865651715
11.741855899694677,826.6564686817618,120.34162207900859,282.239124794018
-10.628562178694892,835.7397561489088,117.36414311127601,286.07422832652094
-10.649472101179299,837.2241539713518,114.39304043083894,289.9841234012392
-8.894916627284658,818.7857657486423,112.39051150476291,292.5332402397246
-7.178441544198634,807.3896227269038,111.61798247163225,293.53685860436866
-4.044882496535031,792.6264183174628,110.9641894953236,294.4083067909263
-6.2066850460016525,784.0123232068015,110.76569843718286,294.67570256339644
-5.798512774420431,776.1132655423467,110.6380263769878,294.85245329880036
-3.821233022252457,765.4472432452649,110.48536225267199,295.0520363451124
-1.7590231238202705,758.1558124188609,110.52654275564282,294.9967916517898
-0.5236971259164136,748.2413381646852,110.57158966959463,294.94448977867154
0.23838704376863973,742.6616897596642,110.52947806717063,295.0016747723073
-0.12079932900313395,737.2398446005856,110.48623011235483,295.06091360578444
-2.937181375433994,731.8227033695117,110.43531700871387,295.1274691697388
-3.428814449387957,725.2158074141852,110.34418332771097,295.24792688239376
-5.800423251147244,714.8136531404933,110.27372075926299,295.34405595590056
-7.417777064094189,702.6589974073767,110.15707831611086,295.508321188003
-9.639084104225233,689.5621112303884,110.12339930936733,295.5550598505733
-12.18036685069616,677.327995742033,110.08938670019737,295.60313434840225
-14.107835098723406,663.6376724381981,110.09706510527896,295.59269056300553
-14.995096419956056,650.179386834848,110.1143566314494,295.5687767690956
-14.491819138357513,637.9966719591448,110.1358042111585,295.5394540180604
-13.977723070873374,627.1719770691532,110.09843391456913,295.58897883832697
-11.847082173622368,616.480227763358,110.06709873337888,295.6285271783107
-7.946629936938791,606.629988279083,110.01782075155836,295.68810076661174
-5.077662312301129,600.6733590613145,109.94222042125887,295.77657683062785
-3.19365037771329,597.8414398088638,109.87142879848211,295.86034197890075
-0.3705414804284004,594.1446018951171,109.73225293506468,296.0373205903603
76.24454826528086,581.1916997972323,111.20292488407587,294.15450288366407
77.44059409449265,615.5745103211048,112.09436822931437,293.0613061523255
77.9736883319702,625.3577607766546,112.60010134134964,292.4181832319484
55.096771717176715,608.5293555004464,113.22973565736238,291.60039203875925
56.1371015740148,616.3953030806666,113.74268646881744,290.9475030733872
56.617312702571326,603.8204768030307,114.30212304883207,290.2291861157197
32.44811260401622,590.0514476091801,114.63370256723135,289.76787583581824
33.27017427682162,600.2499594617501,115.07543923558234,289.1749082982808
32.26005175448397,609.54074462005,115.41120408998054,288.7312583613199
31.712425355650574,597.3419519034633,115.64831206791085,288.4291310411972
32.370748443757094,610.5485669879481,115.93318154244702,288.0598137598009
9.045663277539042,601.7221712899075,116.01294400745148,287.93325106042323
8.663828679645789,591.1920246935928,115.17815086002204,289.0172964655769
8.160800827547064,583.5422480192414,114.50340862968733,289.8754626377661
10.883509506567513,578.3634667263901,114.53803468290131,289.836735398029
14.907310696805794,571.8828711358037,114.70588545031293,289.59692064353294
16.35343458729789,566.3590965848193,114.96416443133741,289.319281108722
16.17498714296878,559.5798391676046,115.22462159010051,289.04059100998495
-4.799646182892843,526.947030552838,115.22408584314212,289.1078973874674
-5.17731140012107,517.9167087631171,114.47125580568238,290.113542569082
-5.116999397761781,485.1869040458033,113.54612025387517,291.4196562151354
-4.638957343955077,478.1514957493438,112.66493843487747,292.67609883802265
-4.9720662279985035,470.4208744878252,111.7395842758937,293.9915855932376
-6.41880760229013,488.0716413291296,111.02182926011844,295.0211600038905
-6.38102825326758,478.0901589112319,110.43068513955747,295.88514298238596
-6.713633400453489,469.47083917599605,109.72468152096542,296.96006518296036
-7.450864854241168,462.3578194020419,109.17829710798414,297.7756175558808
-7.128858714330853,456.0378426783817,108.79734042093885,298.33280828500045
-4.746386360488685,449.8759130737009,109.07260548345715,298.00558068711115
-5.193551397705029,445.65403178110716,108.68727426009168,298.5771132193507
-2.457325385626561,440.96470204191803,109.13210147940399,298.06557208279975
1.1967708255887501,384.60085104849674,109.9546139367341,297.18836226544306
3.191257936126007,380.6963153830252,111.06919014977214,295.91707413746286
4.351363950468496,378.6041397955711,112.04316209058484,294.8702045901725
5.137591775411465,377.1530033515377,113.9761733787177,292.67118772909384
6.437198808635543,378.0688923857578,115.39598416120754,291.0529173129363
7.475437416676947,402.26537098677454,116.27353292893515,290.06583245587353
8.992911830821797,401.5883681047482,116.94219499770966,289.34237292413457
8.88215008294629,400.0298503663029,117.79758349227812,288.5406423792966
7.947150119249443,401.15100596525747,118.44685895620898,288.00227300343954
5.984122875714689,375.3824072939889,117.00178965253752,290.1012531828908
4.331220849161824,375.4187125868258,114.47131049870356,293.7644771957582
3.4409216619708687,377.7555885364528,113.31534609651992,295.50338398791047
2.3629840353968277,404.00895515499303,112.47051563067386,296.91974263925766
1.4521666306349985,403.3488250243817,111.39854949949317,298.72249040019426
-0.20827160210804863,402.67780023159185,109.95176487031374,301.1234136391859
-1.8491821192150724,401.1882987991204,108.16236884443867,304.055589500769
-2.177254821536792,400.0026379880577,105.79353751873543,307.7781019283296
-3.6989570281659354,424.0322615823444,103.44626066520905,311.77852804908224
-4.268298076612339,424.7337109981875,101.08061522647259,315.9427173445323
-3.2835804038197978,448.80766960775327,99.64812927702093,318.60566743497105
-3.3700671753707923,443.507171472694,98.69519277640649,320.41119346735775
-4.249992519162156,469.0614069605205,97.69998946694942,322.22140459009336
17.96374233566327,468.96837070250206,97.75455634787474,322.2441944882036
14.117513868006178,468.31962245362223,97.85127677958785,322.1535180018401
14.587798744611575,464.7363342384007,98.78333845700297,321.0089467424639
16.076316039633227,462.6750087336835,100.66231668815718,318.70119261197505
13.173067009550728,458.4310711413746,101.66406001428287,317.6491231478502
9.531795146160398,455.8225075172638,102.2265762943167,317.23439443141126
4.995280269765303,420.85278627542414,102.29352351231685,317.3644573374538
1.073116907931599,413.05528942605076,102.25850148110145,317.5278161332465
-1.336852635420854,350.6756997589903,102.26038779909908,317.7057500450041
-2.7603345720937824,371.5661793756194,102.27062333801805,317.75360627195096
3.9618420761075726,394.4273752083515,103.60934918895421,315.998373877727
7.843623806027686,392.71739198720087,105.06001912755148,314.111077899374
8.453797950465678,411.52437025218495,106.82170385297299,312.1576362009488
9.58533836614717,387.0340773370387,108.98831672049306,309.46926908934677
8.401972252438135,389.38601478724627,111.08241074619757,307.0382032175571
5.3068583522555315,393.05663884436234,110.4609129301077,307.9802545494309
4.522112335452654,415.28157200796,111.46355173848228,307.00372348834895
4.455970085136357,416.2520170976955,112.43751885201084,305.91108018130296
0.6222163998322827,395.00618743391044,112.16996715203183,306.35204218221287
-22.227721446272973,375.2549123139962,111.16305192017008,307.6111804042191
5.247421284583432,349.11318459646037,114.14235859102563,303.8078781793787
1.1333083211977026,357.9179303457899,117.46974232800827,299.0335736390326
-24.776072590423944,364.5546963226317,116.62472012415195,299.969725103623
-30.716157909304435,376.78648222335073,116.54212125355112,300.06266804217506
-33.93117855724856,389.19794922808296,116.52373439544766,300.0863584071003
-35.43407210052725,406.3124720365331,116.50927640677922,300.1050659335106
-38.135720475219124,418.2197588087506,116.48202019672082,300.1398805116342
-42.15174241454993,421.9145222604114,116.44526601019689,300.18958834189414
-44.62312580402757,418.6409210539552,116.36216771117977,300.30255422831726
-46.59449230181963,412.0244566426803,116.29583364820064,300.3920294528446
7.0120673598458865,399.408632157234,115.76324868766258,301.116588808869
185.9746518874479,360.95751894521663,117.97583598011482,297.7773601547788
162.73965267898325,382.51111253633246,120.29103398200508,294.8603356312385
135.87087027563663,381.8125261000667,121.57733917566118,293.2323572510235
108.78452825327054,382.4588132957681,122.33780321917267,292.28708106451944
80.92802391922058,386.63267356312406,123.45584118414756,290.8369144505534
31.218519855588497,394.4790891774413,124.57002448231017,289.32910176134766
29.018616166175214,399.25464218846514,123.45324365007717,290.74291769059397
3.1970418481685456,403.815936648626,120.52373374727215,294.5387228590173
-0.06319547663830605,410.6855437479684,118.14349733731554,297.4849811487358
-22.777114437771196,413.7032441820003,113.97743648638796,302.8143874095783
-22.308596627980187,414.66913458907356,113.53084448391142,303.4195197519411
-19.809030337778673,414.854914805296,113.15713914960214,303.93201886787426
61.95302454377253,361.9410481676948,115.57390157888256,300.90011011426805
38.86071486748715,359.5058740634439,117.01859554693183,299.07331667543104
41.6141755748751,359.22698017936307,118.95015593986467,296.6494121294448
21.27538086836801,358.6872054686826,120.45805235971478,294.8505364294984
24.926137790110914,362.43482028992537,122.66660454863865,292.14134470891827
26.169429039201603,364.4006786040129,124.82856969984081,289.5016811841902
5.766703486060557,366.6665864685554,126.02677059249986,288.0341376204036
8.785132857607714,367.7788897185517,126.8787530015967,286.926820305935
11.371070606011088,370.11560334938156,128.77504519125236,284.6256226203862
12.637576184617345,372.0097886747153,130.0747161667608,282.9831295694349
12.85254661132997,372.8072486597309,130.9048883142053,282.02992542400773
13.755773294323873,374.6266523667188,131.3112945788022,281.4711775383827
13.812122275900407,374.2964773597468,131.92535068497745,280.62635327311375
-5.951142349404137,371.9968154601977,131.09982533963927,281.49571281592534
-0.609921790622721,372.3845782280172,130.95555217556765,281.4924480653893
2.71984121860082,374.45141554151724,130.89416210530172,281.5209853333781
4.804383589818926,376.2888911109113,130.60984847149282,281.8492185131324
7.230226800264006,376.00273745720915,130.41761830365442,281.99733896498225
8.205780907129778,375.7713224121585,130.5118253555784,281.7288751383812
9.778355680332908,377.63963492685434,130.93388409927223,281.19696750667936
9.921631437149316,378.87830213996233,131.93906287033028,279.9737339992333
9.907031735771355,376.89967793801634,131.86475809962857,280.0507412475008
10.331943981449115,377.42110906464404,131.5216869337354,280.5546883099268
10.669896626883869,379.2045816456987,131.37935079998945,280.8094811525021
11.929029365768884,382.54608504562896,131.51319494517475,280.63990017966785
11.633290936827294,385.1443039149803,132.04852020436599,279.9987083172774
12.221733858149463,389.17126493136766,132.56444942710556,279.38205501848097
12.929196273825795,391.22987518977004,132.57882108928317,279.4603863739296
-6.0515011270230445,391.01169802068165,131.0742239171039,281.30883363622445
-2.1028531374863917,392.81315543282085,130.88118399576985,281.5582490197708
0.9720195961085238,396.1072277220926,130.64000643400604,281.819903120579
4.5609348698586984,396.9910644916994,130.76832107769832,281.7252454142665
7.467332494758153,397.7966483990275,130.71510262538476,281.8710691052331
9.706487291601036,399.03128779368285,130.79926156044655,281.87010853987573
9.344502928192895,399.6657993946146,131.15263039154712,281.4784262508311
9.04600275400287,402.34733677882593,131.96179697477805,280.5328815422228
9.885588560045818,404.4813168229373,132.65521614295034,279.72392037253354
120.57404389730287,321.18593012679753,130.0708774899206,282.3736689845395
125.84111784320658,315.8793241366209,127.81105687625039,284.42104978050565
125.76870454369123,314.1177579427379,126.88292893979678,284.72493077399974
127.35826749059318,310.09301679194283,126.43218754077438,284.3981923724649
126.63326586336251,309.36083932433826,125.60629281549939,284.56111517495304
127.34734758183839,309.5005518116957,125.52024621128079,283.62693699207784
127.1400125180402,305.6727205409919,124.32225414271781,284.3318401226272
126.86810557471676,306.40973896539595,124.24816670413884,283.4445522910578
126.17036514468779,305.11475409894354,123.973004472995,282.6822502286897
126.10628529634916,306.54903214749316,123.58690936124637,282.15709699413935
126.0165993231468,307.31602521770975,123.43542349429276,281.45506378320295
125.77717021956146,306.21690443891896,122.64209804477096,281.6246130953012
125.90030042688585,307.9533823018127,122.14390298256204,281.5083534983588
127.4005250220799,304.4820335526441,121.29595609052905,281.86014723769335
126.45253595277933,306.7225005674384,121.05243027328913,281.405610913183
125.70530152332634,306.61660495301885,120.60491865104734,281.2322547194699
124.43950349380327,308.5127975865693,120.99127154221628,279.8661087044594
123.26144311876615,309.5679422498898,120.85953018215258,279.1558790778306
122.82140297146611,307.2008510378242,120.59391884352817,278.55925620029564
123.77883539570215,309.73094900622345,120.84417578880306,277.333287110192
122.4972805218928,312.0644627832065,121.10883649696252,276.1403651527683
122.0897474949991,309.57140886054475,120.61074940305247,275.98129563374243
123.30889240907416,307.9366328102862,120.34484526749878,275.60723487262624
122.63997782429726,312.30998988414274,120.36696341562924,274.75933158840803
122.00274952560869,312.04197503598317,119.81932819515053,274.6443735403958
121.38233519719682,313.995980094716,120.00734725591259,273.48680950409164
121.04185079632583,311.91887854008917,120.1538985476219,272.20850605206596
119.03650739884162,312.85803735273777,119.69577144641113,271.8664374683261
116.89310614531047,313.3361022135044,119.61609932502495,271.0976331498872
116.69763733136816,313.3156094401181,119.53945919745837,270.3321578392683
116.6995647605556,312.8683239958642,118.56160471959953,270.75912853117626
116.27761466627702,312.87612547918775,118.18055912454159,270.2013567684667
117.16782965233149,315.86343323967685,117.70339508165475,269.8481005957855
116.84157626926688,316.14869339810133,117.63622130006974,269.06229067129254
117.18433838603566,318.06560426608075,117.18281820629696,268.73497704728743
118.20818030333227,317.83417467668454,116.99170032400477,268.20081860408584
117.72616478651585,321.6878625371026,116.96330698877928,267.3217815062966
118.31894963656623,319.7407110354467,116.83444967767082,266.78505948137973
116.82115868176982,320.47115600441794,116.86315174259812,266.0005716354172
116.47215400126338,319.5869460166691,116.7552911070633,265.39628615132006
114.90981433832266,324.60645788695587,117.60530173940226,263.51337317429636
116.27341323404295,321.3680815255619,116.53853247197902,264.23588872209655
116.13279644820165,322.3271388527561,116.2186720957742,263.9292467935764
116.66162389394306,322.2347949349979,116.39911069966033,263.01418625606107
116.25114746357846,322.39657295096407,115.52503716268443,263.68544664659123
115.60705866907023,322.96723346874427,115.01779279373125,263.65659444972255
115.43396841133963,323.57860780865144,114.67087512174585,263.5801067466995
115.49689124087308,325.97308076101666,114.57814850415163,263.1576926908766
116.51520311318544,326.08206163527274,114.80344521164483,262.2225195766647
116.68263384366753,325.9034237636281,115.16678588385936,261.257800180832
116.36668775836559,325.25169067255274,114.80725707019505,261.18929284842574
115.86444070469786,324.04413596928435,114.0271529462149,261.80345029725993
115.48357714730881,328.52813598676477,113.63292260058954,261.74250420974784
116.84522388119454,328.8636687053338,113.23550918347726,261.6855129431992
117.15155160246644,327.88691343998954,113.37787590909294,261.011634042888
115.99966558850042,325.6355032897429,113.12324063035385,260.68424318081406
115.58728282392777,327.00661980632844,113.53347650809573,259.51835094220627
117.06819721088648,329.62184059938625,114.42198619319319,257.85774716469973
117.48416627877742,328.16989771042336,114.13927058634579,257.6511454815355
117.37490700630104,329.631490306451,113.92345032323885,257.3111433396358
117.25292765153264,328.57699314077905,114.15759459436556,256.54844978188055
118.31320723722037,327.2940749388753,113.48713918275573,256.8681640638771
118.90010927079871,329.9800371524413,113.5108360597366,256.28116986593216
120.15563807611584,330.3218921693826,113.22716802315327,256.1574829014313
121.24783978080775,330.24626031198534,113.22538823857107,255.61827621875335
119.9246258707247,331.2359858587677,112.36795725403444,256.2671331829737
120.57575868622995,329.2363790711307,111.3153600572862,257.25245148503905
120.54342015448032,327.2144916818072,110.7303998984954,257.4942054754934
118.97780169095792,330.701390857645,111.01742357824102,256.5666593744892
117.24184504792592,331.09900053197566,111.00086249525594,256.16069823171847
116.7343098155332,330.11948666802095,110.2405935950359,256.7737263611247
116.71583617143011,327.674057845815,110.66448872369426,255.7997482664009
116.80330324431984,327.8071082767609,110.47811955533717,255.5300092117307
118.18317508291939,327.5718964788907,110.60188980559778,254.97550328400303
119.35680711314,328.56581151696327,110.37580627951937,254.72680775795254
119.82158820253208,332.34301472239105,110.60652099053621,253.90041676991802
118.4549061709358,330.06220019593957,110.40871649751539,253.78424278327026
118.38584573599438,331.05858174808026,110.13453436670969,253.69827899539504
118.08194490589443,330.81317103369724,109.84327565837167,253.7124979294445
118.00552286077824,330.22882709275086,109.6257805636046,253.72874168711536
118.2113716843673,330.413061929581,108.90021439378245,254.43120106390074
117.19185283583113,328.80508274296244,108.57245297472012,254.62311087031964
115.05782060315623,328.7535692335188,108.95933286212804,253.75400478917402
115.59356532045231,328.7800253911844,108.6109070752829,253.86345020649645
115.4758647155859,328.9224638700345,108.63840306701056,253.50464183043698
116.00922028494152,331.425038483924,109.03967636624182,252.54457612545454
116.1687125097607,330.4530364452261,109.2021228941864,252.05452082136551
115.49006231925833,332.0877078125842,108.84598798294718,252.26397599924695
114.9842170163817,331.4805578696056,108.98585897333635,251.86887954674125
