1306.5,310.5,25,57
1305.3845181589413,308.10935889705115,23.319182609500565,59.200368781405814
1305.7364865222517,307.6166468758706,20.936365548979794,62.547717233633335
1304.7097971586402,307.99987835361696,20.58281979004218,63.29118596168086
1304.2294932620632,307.73488099867734,20.703425463655073,63.23517867933441
1302.618354902414,307.33699535346216,19.72709855288736,64.63130702542887
1302.1757037454972,306.4306657969038,19.04241023180313,65.75052874106562
1300.6055317742034,306.5283557892696,18.829832926908274,66.17563078386463
1298.997221615296,307.1503134228642,18.412276752031914,66.96520474397045
1297.3920179866273,307.809335298124,18.269678600128653,67.35427437865134
1295.6375751347423,309.70349549686176,18.322225898289545,67.40991974998983
1291.7466004963435,310.9873540590615,18.23639448966248,67.65780516656025
1291.5794743635265,312.06099838724674,18.25529157360232,67.77775822657458
1289.9841192284616,313.6627630305802,18.381966904919686,67.78880065430894
1288.542401091836,314.78104167650594,18.21615519805365,68.36844719508383
1287.0087320907053,315.4320411624687,18.458606163037402,68.30222393231054
1285.795883657623,315.9751042513112,18.745596106670906,68.0920792047064
1284.2982322001544,317.33756035764134,18.846591646654115,68.15746473870439
1283.1167016619954,317.71182270905143,19.02772790302548,68.11462785679562
1278.643947553969,319.17311560167843,19.838307415770295,66.90311773510822
1277.8969511296166,319.3892860174602,20.127288300630987,66.49282661928714
1276.5825993071708,321.65650474296444,20.309412489192983,66.2930153660937
1271.5899711612947,318.3411318179436,20.459727870605832,65.98123916718505
1270.3958769426213,319.3548481335629,20.1902939706116,66.43430198882749
1268.8860842845197,319.62078059171756,20.180193789530655,66.55508623671787
1267.9949091295487,322.84908368634655,20.204169170044494,66.49224931168109
1266.7006384175445,319.63700844989387,19.922792962903873,66.98134309818509
1262.6425737231468,319.183418554652,20.046816867690204,66.76884629870298
1263.2291707383995,313.0119684627807,19.39105493080537,67.86769168813403
1263.8701983910155,313.0552866896624,18.71283288372537,69.15858759730864
1263.4556049984576,308.57540383546956,18.487745229029336,69.67377418124359
1259.8267175388253,310.43590443562505,18.45498994352105,69.80498898625797
1260.3373070232894,306.9871735253707,18.27576192759935,70.2811384746134
1260.5965005228434,304.18427137731385,18.34012620260026,70.29992809558662
1260.4913545261109,306.361856760656,18.175681261165316,70.82674966899025
1253.748273685103,320.9669155347151,19.098466516484265,69.63656009938768
1252.557631202122,321.2760824824993,20.032802238900757,68.46750038613887
1251.915919047397,320.5918688998046,19.835864729083358,68.98711968018667
1251.013283150491,319.5861164438521,19.718965287811073,69.34896603133865
1250.7088590069736,319.90028608381266,19.498735377366422,69.85189465665292
1249.4529757654598,320.29152850326693,19.451053618206664,70.19878003029929
1248.4700128916024,321.67840052528464,19.692444615936626,70.04548552926316
1247.5818858857426,319.43015132883863,19.479771382516184,70.6624785262659
1246.7477093332302,317.24600710078056,19.26632097496769,71.30512477809735
1245.874592905764,317.52720001358057,19.122560639134633,71.81950425134079
1245.763660673179,316.50352216205414,18.61887373749869,73.00547294000455
1245.1241621261113,315.90601438255374,18.370827131416007,73.93088816722205
1244.8616748975217,315.9992423612045,18.106608971655696,74.89131724734276
1244.0464949998302,317.5030688485093,18.310488592973776,75.10191764683276
1242.9183871607709,318.6829628097652,18.705197451367557,74.85244051724412
1242.3881516058025,318.54765534181615,18.752345015848178,75.06590850158597
1241.7293212112363,318.00029604207947,18.679214865649488,75.49772802412066
1240.562324385085,320.2121248093652,18.895085225029227,75.45274928822472
1239.510844630298,319.21205565469194,19.10305214465294,75.33967882681931
1238.944275665793,319.04857380494366,19.179218523674983,75.46871761433994
1238.0472235541254,319.0636766690768,19.07215857293027,75.96351239867363
1237.773282818496,319.0576528649989,18.981357142329458,76.32277279827238
1237.0857709890845,319.05546773739076,18.932378272961913,76.73933623261917
1236.5438405478826,319.9657330120897,18.883787621094655,77.09953340348191
1236.5483536268305,320.10347498745364,18.957424544785038,77.1844960250578
1235.4556878296014,320.79145901517404,18.943451558554912,77.60257341792023
1235.1014891108082,318.7602269964054,18.86191984460644,78.10082179536232
1234.2905249991456,319.6645652668563,19.048767539672152,78.24115741476172
1233.9442154251076,320.36068869730985,18.977539098255587,78.78216670314659
1233.1261207875841,319.067695954005,19.170011847271095,78.85371975948891
1232.1004460513604,321.0158654302907,19.611667434868668,78.492987668032
1231.1363585110078,320.12170066905185,20.191533594713732,77.82604785380926
1230.2390755017377,321.5520334627067,20.503047359530537,77.47766177699772
1229.398474572428,321.89912853559633,20.693971689387205,77.34271733682291
1228.9791999150189,322.28564770204656,20.634171182638205,77.60303114053445
1228.3044605706123,323.0145194303405,20.797258041006828,77.4777344975299
1226.4884295085249,322.00932351552706,20.71317011978686,77.73534207499003
1225.5633676887571,321.83081928876135,20.743521635031996,77.7862588026952
1224.9839922679068,321.4484529573175,20.703748836099784,78.02008317901138
1223.896671484744,320.60053859462334,20.845863194096882,77.96948675257471
1223.9562587448725,320.70889525932694,20.500537401185642,78.63019921300062
1223.4570093558693,319.5070272649595,20.22110830367302,79.32376159486299
1223.205247413827,319.88055705501006,19.94362448063884,80.0488335054692
1223.4618444564671,319.6107307827097,19.81510315632209,80.45241202861128
1223.1668035448643,319.4564966018771,19.690971012204344,80.9270384554764
1222.7496388910176,320.1283852348515,19.66632335971572,81.34228294856077
1222.2401651720568,317.09452191150024,19.63051797094681,81.75577613960532
1221.975049730545,317.51769143548705,19.52145810394354,82.30243614463312
1222.0759341070145,319.0489912056202,19.59728126494293,82.42253199316072
1221.7313335782424,319.04995424929075,19.625760543617485,82.60269523458558
1221.5220900203108,321.86304628115255,19.531283828056186,83.10468547582408
1221.2744145873862,321.20861350962036,19.631701798006407,83.1468632680722
1220.9479280978678,319.90076291449463,20.02607630039499,82.6031928438674
1221.6534440392104,320.7776684617385,20.084726872772357,82.69913202976002
1221.0723157509,320.9323628468141,20.38728789561339,82.37047778858246
1221.217285139324,322.1625882415318,20.606627893026836,82.17588374200596
1220.6616929377633,321.6476346304763,20.680792089697395,82.24741461609823
1220.8190659701704,320.7136173110647,20.717826826894346,82.35555226128436
1221.3410633368492,320.5351777552064,20.56482306605605,82.77887960702259
1221.525450821766,322.4160736801692,20.610008970302744,82.85743838499626
1221.1762757820497,321.5261842082647,20.692012332854716,82.87447314049649
1220.741602728554,321.1754422987159,20.628045606536922,83.19631745325404
1220.6426355343215,320.21608239957925,20.787391921897356,83.08107261758579
1220.6186930823417,320.01047784975003,20.87984089789958,83.10186345595453
1220.5369218262465,319.79536905965557,20.93289717834574,83.14640471177599
1220.259895939473,321.9423409761327,21.091854527406813,83.04536105963838
1220.3722900159867,319.6057747903729,20.787002249020208,83.70676943594927
1220.184935413537,320.064686750627,20.84928935719016,83.6699332192412
1219.5979246704092,323.0923128380034,20.68080872628878,84.27657345858138
1219.3534740404014,320.56568691874696,20.537097817515516,84.8498758227596
1218.962646618413,320.135561080518,20.599707558896284,84.90913816940257
1218.7571835413962,319.8781629401595,20.31926614634404,85.69708081123227
1218.8822523662654,319.77857657760944,20.33197288032231,85.8967515887278
1217.7796609442632,318.4757626152242,20.722597814360853,85.31625900339685
1217.410949942907,318.8975585276588,20.807446410377,85.22785349787881
1217.045924294949,318.5554011725773,20.677358157515066,85.50759724108288
1217.6933173136777,320.8906647075317,20.44691867195239,85.99588555508527
1217.2486230873465,319.69771564853374,20.482473568439687,86.0976151912543
1216.6647418784578,319.65155485650735,20.66642275999415,85.88499971065947
1216.3717964168459,321.47331065873544,21.15714054781815,85.13620007748624
1216.4476692896405,321.1677009437503,21.199350372687974,85.09033593649943
1215.9735455414084,319.18208200743373,21.234867771381463,85.14661604736794
1216.855711610902,321.67556413554075,20.42557078244546,86.84639552742095
1216.9617109922126,317.38151101052017,20.163868760803428,87.72890151577388
1216.7666786148657,320.0339776590896,20.03092373842825,88.32694854624125
1217.1103911418475,319.50910235095085,19.857678152619506,89.14821108976587
1216.8855274602815,319.679433166333,19.946716233334136,89.4517166438312
1217.4231592602591,322.28775354407196,19.917601171968386,89.88183444471923
1216.9810505047556,322.46807475647654,20.49583668930025,89.26072037789274
1216.3755839867981,321.7675885964255,21.215812554490007,88.20839865922225
1215.9590554509598,320.89244925481205,21.424726025703052,87.88919930747608
1215.4863588976143,323.6903015657936,21.584036328190948,87.69046638808861
1215.2933197807195,322.915844008792,22.035336080258634,86.83104867738476
1215.2246025873922,322.772955997561,22.17430607290174,86.53542430540715
1215.1226929441166,323.7643711611366,22.170443956888708,86.3959756215512
1215.3024791230355,324.1371190880625,22.023143930169624,86.61028585233227
1215.5163192778123,322.9288116705866,21.727522703004958,87.12527410036996
1215.6885682903219,321.85985317767245,21.678791538232392,87.22666226043845
1215.7590480666313,321.78195040413624,21.508273561706815,87.54646600900026
1215.3825078458067,321.32642363955597,21.452225242064888,87.71802640652328
1216.1356461537048,320.37540581825345,21.2955729024299,88.02153807470961
1216.1193919901718,319.96795140049954,21.030372151898884,88.69889104278388
1216.3666954704395,320.9453822892086,21.079566141413885,88.75415084930432
1216.4528056401439,318.1612009662893,21.069716543372518,88.91117230480486
1216.5186634086854,320.3047771627842,21.244374900504294,88.71130972199569
1216.0078307987774,319.3799700317698,21.710143301682216,87.92747776744127
1215.8847141203332,320.55668108374834,22.202600778830078,87.04899131430966
1216.243528038674,321.33963173527746,22.336666810785594,86.6574914137249
1216.3181597284824,320.9076265291237,22.536471268168363,86.17378334878316
1216.8103845489006,322.79260237025176,22.271493260766274,86.45125026088746
1216.6878548090033,322.1856724289072,22.30965189062288,86.27762368575196
1216.9226696130631,321.81962705907733,22.39687647094529,85.9689688094525
1216.8067118086678,322.7466488100639,22.178271445084732,86.26381627961675
1216.9919484298684,323.2205406525784,22.284259821822086,85.8904427947068
1216.4306807030985,322.0431978517789,22.23262025132945,85.87228870705101
1215.8845914890132,321.8112848494563,22.324023580699482,85.62115044110456
1215.2555501639195,321.67382204726755,22.535645960005223,85.14485164686909
1214.969577550482,321.09039141325434,22.845060621618288,84.51966696400582
1215.4044838112693,321.2458486100261,22.701181115390213,84.6559004762889
1215.7628114316371,322.0538183448118,22.505645469228583,84.90760281331991
1215.3556817160145,320.5271300596228,22.23672912208474,85.43226687263544
1215.6305961469595,318.9837641408528,22.088761361583803,85.76856788780292
1215.3844949434545,316.5810069422021,21.927803852192802,86.19840803736261
1214.624779467957,314.9146810421766,21.935972743976123,86.36100420959076
1213.5099599126459,313.8071934085751,21.88093840222108,86.65866244397976
1212.7304138855259,309.1855200874977,21.919446111597274,86.73609264326345
1211.7408095993624,314.6757676340277,21.891423210001623,86.9082674568197
1210.6766318823409,313.98572847165656,21.86584750314469,87.06115981697755
1204.0723079113734,314.2120246027205,22.04016793806047,86.86478467692766
1204.47678799283,310.2457145468966,22.200434493096633,86.80145933493164
1203.911333828887,314.82319234109275,22.355922584394587,86.64637023213507
1203.4196653466247,315.8937918749188,22.4071229536704,86.61625443360221
1202.6480599939894,319.3260896502909,22.590999547727176,86.21525284266642
1202.1953069819974,319.994910046743,22.526720239031572,86.33812945622587
1201.2589799390669,319.7781401861814,22.51107593259689,86.37826898508821
1194.8290880414468,319.67092495385054,22.861398324943725,85.76336638280961
1194.5815987891801,317.44229401777443,22.93288758668516,85.60777139003272
1194.504469509781,318.94529132315176,22.885675099869818,85.60051792918033
1188.5924510438174,317.5462196683232,22.96682167382615,85.48245773999714
1189.0730730319513,318.88712520095726,22.763339414400747,85.93469275245735
1189.5180977384816,317.4931323468519,22.628616510815775,86.14973024327608
1189.5195992992383,317.7932243248587,22.314525274325497,86.77639167090653
1183.8137165790547,314.8898330546115,22.91132928128215,85.89716194333458
1183.6217018907068,315.29682439545,23.398794278643585,85.04228543874909
1182.856935094062,314.2679198150942,23.588509513511976,84.56911615822229
1178.0063792417734,315.90364175180576,24.196654184702716,83.478475822168
1177.0401321977738,316.99308063182934,24.602401284405385,82.62044140108716
1176.0515849623848,316.4880300022632,24.64599498842926,82.24513378189303
1174.1626465869665,317.7332976120109,25.00637410437836,81.45997828690024
1168.2266658867375,318.70981792769965,25.876039057082494,79.91821173103088
1166.6595450525754,319.98556025136986,25.7872554034459,79.75010582781576
1161.001611667029,322.13884859938764,26.176968037881252,78.91676521576463
1159.3771773354629,323.7682130185395,26.724071879007248,77.78768673184628
1152.0538293455807,326.7399698196969,28.10711124256072,75.73806231829789
1149.9182992526564,328.13787472173277,29.055976613727168,74.19667041049694
1143.5375154613585,328.86997333375336,30.610858176425552,71.80348931928738
1137.7524931273656,329.5059397991101,31.218672162038423,70.78955995126277
1137.4429088568593,330.56845525748525,31.809760109256224,69.67756564320837
1135.3779701347676,330.328433065128,32.79016817782941,68.2480739046471
1133.3827107182592,330.7804181143375,33.1619359618046,67.51412127217708
1132.2208115882927,330.4011334204928,33.11245751122694,67.30362618576076
1131.3125299025196,329.9308906403053,32.95055365674469,67.23238667804341
1130.5480855174626,329.5760533657876,32.703887173830026,67.32497439932385
1130.8192620226341,329.903716626647,31.851274493467923,68.11733979502445
1130.4063849735337,329.05355595722034,31.122412259614563,68.83970597135256
1130.822932712373,327.02509677090336,29.075596579490117,71.26140024005898
1130.7054207543388,322.3344965792122,27.85650474715292,72.71587809689098
1130.238405350098,322.5076818568451,26.80230783060532,73.92593740460117
1129.5832191138775,322.36837210102294,26.02803169388494,74.78303036499896
1129.2880989127937,320.3234159108338,24.940535575285786,76.21322971551575
1128.6343299219593,319.2361308862181,24.49935195737551,76.65678694354966
1128.4049595305087,318.7211945141361,23.825419476727095,77.54318971331506
1124.2963259446003,316.82925201906033,23.15860003965673,78.36533277918068
1125.4021440539993,317.39581135293014,22.654376540585424,79.04113675987095
1126.3168160739315,317.0173190962786,21.70877531001684,80.56783580745672
1126.036144808458,316.62164590154936,21.42591210384983,81.17514624005558
1125.2023520131363,316.7186136150261,21.591991961956662,80.9665395786882
1125.214000031946,315.7401761382814,21.245099446829023,81.64705843114145
1125.0126474027074,314.4610736064345,20.76258548895932,82.74970626770053
1124.685097824097,312.27464213213057,20.433387370636662,83.76292766433698
1123.7754326812346,310.5392264535212,20.4657144968386,84.29676756838491
1123.1139441569683,309.87928289371735,20.459684873465683,84.9016794501463
1122.6598613261704,310.3539862005256,20.6820173193484,85.10427016433434
1117.3297361941152,314.36052169330384,21.034952710716873,84.82825066574689
1117.9552312909723,314.02567396825975,21.49375846884586,84.28125033031259
1117.7334177430066,314.78193956213244,21.85355000022343,84.00643700946473
1117.0972404683203,315.27911870496007,22.338307548997587,83.54846163739896
1116.1733604773976,314.8266229160903,22.331034848423755,83.98399621464455
1114.9346553321725,315.37081429247854,22.142240447941024,84.69659462584659
1109.5934411165238,316.23975487843796,22.626110071865163,84.06232218138292
1110.3098880070131,317.7233212679365,23.069165792877886,83.40926368026359
1110.6052507229876,318.0844365003616,23.25938071479905,83.1964999231199
1110.1362901125265,315.79042534151114,23.089433741141427,83.62551612204639
1108.7755247978996,314.83115203835814,23.331799770022727,83.34052979416354
1108.0069321146573,314.1581240144245,23.337310751436476,83.35764461602525
1107.5653970471437,315.6639025914451,23.234690888790876,83.59404183057538
1105.9614165704963,314.4639646253922,23.346072767226048,83.47596746627922
1106.0991663588388,312.06824937244534,22.95194514313408,84.26276216132091
1105.0871410976279,313.2318874128459,23.110111361509624,84.09937405811988
1104.328358007377,315.5678837325706,23.229731899540038,83.93079795690905
1103.901584414189,315.28928713751,23.282915366452308,83.85352700232352
1103.4173666292336,313.6367577508086,23.499015864799816,83.58214210354605
1098.8317652004434,312.79027373025895,23.606962458647256,83.33891441348237
1099.6835293123959,314.60567487884333,23.30377014267821,83.82336222693982
1099.4066313500116,312.7617898778067,23.390526363123968,83.68948792283022
1098.392975612652,313.62099837246785,23.492806056646877,83.60095088498491
1097.5557416507056,313.44419626429544,23.452373248498873,83.8259526264019
1097.0074548670468,313.4993390591367,23.24408574709109,84.2919218217803
1095.9029453031235,311.33606810177764,23.36252393469111,84.31477473350759
1094.9848853454534,310.85178231326313,23.43850593441983,84.38195563880662
1094.7486345975117,311.7923806044975,23.585690941560703,84.32347576928956
1093.4143065675269,312.84704052001945,23.650997315861463,84.43376758299054
1092.1867201720283,312.1136973146144,23.569611717194746,84.79841167641023
1091.5303786930601,311.4322208432911,23.45713963152899,85.18038261346064
1090.5816173657486,313.33471876483264,23.819446550716968,84.70595365346466
1089.6370034951253,312.7093315866922,24.069499711389152,84.4099173827619
1084.4941438394474,313.3618506319933,23.81256212424641,84.7627715193325
1085.2796903661897,310.8906535164709,23.54918853983247,85.16018474756984
1085.1716495988476,311.4684752922354,23.061089476257422,86.17148832242933
1084.450948242588,310.8080063429883,23.202057837809154,86.10744685366744
1079.6036834379736,311.12575587320475,23.502906874528655,85.59874262319912
1079.9708522535057,311.00747461038844,23.47538281730147,85.75878463136321
1080.3037874593606,310.40616587425944,23.25352156062655,86.25708042116807
1079.1879966219515,309.253498507781,23.329016075334692,86.3420818163412
1077.8112737864785,310.3425398433202,23.348968179767166,86.38603741430572
1076.9232746213934,309.15858077200033,23.455690630077683,86.38093538482637
1075.584979910517,308.82821711218094,23.252155244472803,87.04415555208467
1070.9725736256114,309.14148379842334,23.95622730525055,85.85696265182128
1072.1286409027862,308.71805095687375,23.844188881272224,85.98248952638389
1071.0094981416048,307.31815753297974,23.583745413079935,86.62010501034143
1069.7390304455594,306.3265413617377,23.601666021311658,86.91633588607431
1067.4621993668982,307.3004384556715,24.00214376472406,86.56354089235202
1066.198913982976,306.1751400005662,23.946344728186418,86.87381623788812
1064.6251900079858,306.4596943667998,23.989786149312344,87.02124611349514
1063.749748651166,306.98251846481867,23.822628110540755,87.49296992959577
1062.454164686457,304.07334944470927,23.7135163272819,87.96171719146375
1062.057145568825,301.7463871408899,23.538451464630157,88.53014585031102
1061.5051545742788,300.5940320230411,23.558280874415264,88.76647859119659
1060.9852662623275,300.5106463911641,23.57853387771223,89.02070666989533
1061.5843613739808,298.6503529862824,23.35401878620341,89.64263086483626
1062.0282521233557,298.9911074655292,23.6817437218941,89.4225640490678
1061.9095346357856,299.0726490823702,24.00288912163681,89.17354928330074
1062.1952999225107,299.3555907078578,23.86304989673902,89.68464411975083
1061.9125269123751,301.2389465183807,23.734084443831236,90.2112283589955
1062.3814729124474,300.21837188781365,23.505432045775876,90.86715804615503
1062.602340393499,299.09076449487054,23.245168252667384,91.65302237484985
1062.7592874201564,297.4068536355242,22.753045061097442,93.14684402106325
1062.68377458898,299.4609145516612,22.313986468708755,94.63356509955594
1062.4361331328817,295.28960528964365,22.105810416080672,95.77351638726282
1062.5418591816479,292.89948203126085,22.200577717523423,96.35069321713873
1062.461818897438,292.4835043081559,22.41153380441449,96.72236702305747
1061.9550476594397,291.07438638640275,22.635029052074497,97.11992067471496
1061.7162997376709,289.32570450451806,22.70747533315805,97.73438825356305
1060.9138723827123,289.3194025628252,22.922340667006907,98.09262704443293
1061.2065522423093,292.7182156077645,23.032389530500513,98.58334390728263
1061.0613852812714,291.0382639020643,23.102054570444547,99.18992543262033
1060.0530281434067,289.7008589784873,23.08573499836536,100.04296556541883
1059.989264412117,289.85644889935844,23.44969709944479,100.07861692618361
1059.947983974973,290.60893868588477,23.958015828909588,99.74851750011122
1059.6578526443361,291.2961066126079,24.69571678328292,99.00861944611876
1059.626306590258,291.2533560639093,25.125379453563475,98.74662004045277
1059.709431700894,291.3208007866849,25.522187072162048,98.36295915093842
1060.6328197422097,294.9725252910388,25.319065812833692,98.75169268312419
1060.7952824316321,294.3591066399211,25.147227558217537,99.17986195843545
1060.4641629619077,295.6850887648343,24.988338010079143,99.7452243496918
1061.0144586628544,295.3429953843124,25.117678201127013,99.73408138499332
1061.2474877529578,296.53451096771335,25.467641463333656,99.26023264750509
1061.6782636865967,296.7249384089613,25.456204954885482,99.32293303067422
1062.0650749271335,296.2403479049747,25.694322919902305,99.03925528067464
1062.6492433445044,296.61682925193514,25.99334240935638,98.57781252665328
1063.9380657748186,296.27275765442,25.929019425254058,98.60119215185173
1064.9421786151884,295.32982939382043,25.996056529472494,98.44503288211145
1066.0206180116288,296.0527655716686,26.46224606926372,97.60199403586037
1067.237445177557,297.889323724075,26.33434377636306,97.75744809695337
1068.3472546774751,298.13719103772723,26.44952954985711,97.6344733184819
1068.9627804385714,298.49849500686247,26.632742468201073,97.34546219985066
1069.848247625707,299.0609585186962,26.688210638905225,97.26752080240387
1070.482981116876,297.78412255538234,26.59350042193295,97.45747970298486
1071.0589367042794,297.86183604961883,26.2733196128793,98.00272653310014
1071.2876299915533,297.9408082396542,26.128250052071838,98.32936874951835
1071.665192691959,298.026712905843,25.826312355347156,99.00456555928015
1071.672792125413,297.58313495509844,25.923765350643066,98.91153130287898
1071.780771942429,296.90782551142513,26.143118613577748,98.59354593550302
1072.1803140704867,293.3461492717461,25.829108192120096,99.36818883157855
1072.0950244868852,289.22665501363724,25.638215169896952,100.14483413185398
1072.8430609370066,287.5163288435354,25.665792915863577,100.46372894565994
1073.968316740534,284.48203334953274,25.417513383546307,101.22960797001167
1074.5590175770503,290.1298943521085,25.477902601207646,101.54684868763842
1075.8718543826665,294.4116505791984,25.19050442256199,102.37142159875401
1076.7185433948302,298.06033612926086,25.068994341044316,103.0806680447107
1077.1002520616582,300.6286489708782,25.309324947452055,103.18193451235493
1077.670364424616,300.7734677462897,25.886780318162465,102.49540277479679
1077.225662928423,299.7310051044104,26.60804431478205,101.54139883454113
1076.8406278487435,299.7149304632442,27.126777750574867,100.82028255720019
1071.3619864656089,299.27589832027184,27.490515556822125,100.26169036807781
1070.48213930762,300.0657825446799,27.975044553357193,99.43889548388645
1063.8099940130458,298.58640379344865,28.130781332386242,99.2640377309931
1063.2544015088831,298.3817194378871,28.283488247563817,99.06038173050726
1056.1316647261522,296.6000202954106,27.754285490088797,100.0336108240998
1049.9588231545342,293.96315807976384,27.563561162621514,100.4213889815897
1043.2365855011346,293.9631325491602,27.7154882897946,100.23432893330174
1035.3875576555342,293.15642797231914,28.191607755104236,99.60466748456693
1027.8322516423227,295.3918272849005,28.74217263186901,98.7980376940905
1020.4514199607391,295.002677792987,28.806465465861226,98.58861577118302
1013.5220884302129,294.1862285861765,28.814874468076,98.54484160694595
1006.5081882027107,295.4938588045672,29.189119053024204,97.87617969998026
998.0357747728569,295.2926529200583,31.266547650707757,94.94317825145356
985.4001556328903,296.8985413024714,31.630576534278525,94.33811192058731
978.588651221646,297.8701473596801,32.60090972810502,92.93492086806711
971.3530832040482,298.65981907794037,33.010364969538614,92.26804240785742
964.4375894481095,297.5349463060586,33.244750995209984,91.89862610736742
950.5256577236183,296.709529405957,33.44901033347457,91.43660471157138
944.4056062085064,294.804263197609,32.528361067250714,92.45127349988007
937.396274956627,295.38993035339075,33.0293882255504,91.55936942870918
930.1338537525829,295.08938792763155,32.247372570894505,92.35609198316942
923.0307766319224,295.1162293887941,31.601068812032167,93.14148271883384
915.67154043199,293.5483625555734,30.934233899885434,93.92034191933286
908.3296253326416,293.42707264693155,30.46933572791557,94.38443809248871
906.9353881289591,292.0620409784886,30.40002491036617,94.36555500107569
898.0575063713295,292.36325586673723,30.36704826754431,94.36849950121648
889.1490254115622,292.29359070778406,30.563557306219444,93.96481666366239
880.6521715724716,291.6862731933992,30.299444855006122,94.21080617937449
871.1987069064062,293.3431592030667,31.18715764966154,93.01208852901216
862.7960959175566,293.3941808795209,30.82917543424543,93.3380018466265
853.8000049606836,292.9061850196291,30.806159594085013,93.18690585412222
845.8065704422764,293.1664591670393,30.49378851859468,93.48922072086563
837.1295458301515,293.1889133116472,30.36223822502226,93.37536618186687
827.9305883644114,292.9345089405288,30.385229450447987,93.15674690505685
819.6325610627625,291.9275820388218,30.257775218906787,93.14360171173615
810.7660086559168,292.00856469334377,31.111474057256377,91.90413760909033
801.9594373589173,296.24924241942716,30.91122019739798,91.95302603051967
793.8068516637638,294.25744725374955,30.479758286923683,92.20297211481986
784.820459099949,295.5725818298306,30.23228279443623,92.33935101678067
776.6889806654133,297.07670217631465,29.770800042535853,92.69205650224892
768.0668655466528,296.2099058574019,29.388998404446404,92.95928618688836
759.1979783367435,296.78480738130315,29.098256054855856,93.14378639893539
750.6342004312044,297.1554747581617,28.96629419625652,93.10402567275666
741.4493205643295,298.3297855413873,28.98372658320457,92.85802256219216
733.1568480744158,297.2708942181551,28.697179177167584,93.00972919223055
723.7262967079702,298.9031945751081,29.83172894680211,91.22035833767663
715.0021054231361,298.8553295281752,30.686790669912703,89.79479836768436
707.3569339860846,298.82565644349745,31.593353064584356,88.21486898619763
701.2899778516392,300.30349157553195,30.496969198526607,89.20267349172094
695.9509536318054,299.42733764947997,30.032578749644287,89.32890035398728
696.7135385601377,298.7326125548621,29.349117553105366,89.82633240386069
696.3644599629738,298.4032222220451,28.83034900719123,90.33490848549218
690.8325181431375,298.01261840659095,28.841420070570038,89.92622954642364
691.7956483808106,298.80965392660505,28.179842841836226,90.67801326561172
691.8930959455806,296.1216397058107,27.620245398157756,91.37509902684161
691.8396598206659,296.10864793874725,27.035464694362474,92.17717592473042
691.5856959581062,295.6116931108862,26.665560125971428,92.63026325331549
691.5375530398018,296.26387214339576,26.273551927384005,93.10768519279773
691.4748233687335,296.51723454457334,26.090993538807595,93.18926264511934
690.8266820968827,296.531691444637,26.319017320149648,92.57755596684112
690.0110016915565,295.7021740466932,26.51345891846058,92.14619721948527
690.0454842698773,296.19615289573164,26.503060428958655,92.00782785596874
690.2706101430476,297.8217815790123,26.20568391233421,92.3149551463136
690.6223732511432,296.6018740807957,26.125220724001778,92.20024023742755
690.3566937490807,297.31657615157576,26.336581016779256,91.63299284463915
690.7352505932143,297.5686029601086,26.21325811954662,91.4661270244046
690.5429286948353,297.05341857770327,26.256943261424233,91.0617634712908
690.3139918136093,298.454348599689,26.63535156756933,90.18875729675742
690.2717523668506,299.2515343237633,26.627294168116645,89.80584870394802
690.3195712467517,299.11541214582013,26.40338518619987,89.84071382182478
691.1161717948621,299.71840605379265,26.129366962751277,89.85388620504511
691.180608849427,299.33708649574874,26.25078217456703,89.36735728276466
691.577210648505,300.1292720098348,26.20347712119959,88.97776541223122
691.4853300480406,299.8766285872588,26.090443251956874,88.99042865999967
691.2835549718113,300.79457213323633,26.032857093122896,88.96344180512797
690.6877541599088,300.3563317941206,25.626550100862083,89.4653197483169
690.3638493662554,301.2598680753895,25.61880199611786,89.46520705325658
690.1602116828458,301.6179129848284,25.30597481433779,89.8788383990821
690.624745785086,300.99255166388167,25.284448480928113,89.7984164696712
690.3797264729624,301.73026015874257,25.252806213661735,89.79007995384924
689.4236541797493,301.4417710491697,25.42444129004751,89.33738996105811
690.280196457687,301.41349827189197,25.34032330407252,89.28468562576296
689.8610770329324,300.96733027278697,25.043493379358438,89.72868284714599
689.616298808329,297.54690301848865,24.740956015145848,90.2982251189568
689.9288512781014,297.038571224551,24.412210107993545,90.9938313275863
689.7457751567331,298.07157807600754,24.12294049766478,91.66456632004676
690.2224350091927,298.8944613955218,24.210819523214212,91.70295037681913
691.2441311723323,299.2098717122974,24.11394967122399,91.97075052755048
692.1073882595068,302.24923636009385,24.007072032519446,92.19422297985196
692.0434288602324,304.8718538129449,24.05103975271289,92.08360254177066
692.3581776973143,303.78263846295584,24.340679079586774,91.53720309114456
691.8538555673708,303.2452835492073,24.474103338729897,91.28097183759459
691.5563794860844,303.4647677562638,24.598774556001736,91.06901301792198
691.5936518403186,303.6479948613072,24.762185879690428,90.80941015462604
691.3353576124335,302.2125139511004,24.832887425498697,90.63561460885919
691.5361705132113,302.8210173338278,24.82605543240343,90.57696379471358
690.6101757076477,301.98777787737924,24.95460928398616,90.39467316205565
689.5893796496631,301.18957191038635,24.910562161598,90.45086781565345
688.8122085097762,301.0855328989736,24.820977582469848,90.67137955457503
687.6172378688894,299.81347847448933,24.68505879306088,90.97872254203227
686.2398019703917,301.0429834280406,25.00339761581344,90.43040115440756
684.8153576531063,301.7459328935156,25.313427598269335,89.90033376785682
683.346091061243,302.1733389992395,25.270984200422422,89.91971135047268
681.1642066896094,301.1343317349873,25.495683863336758,89.46663371207637
679.2145894329274,302.9674629318912,25.775993758933552,88.8146599821327
674.0144164691676,302.58717641803094,26.013873637258733,88.00640108922951
673.1054555430162,301.96909802875456,25.464914595854232,88.66678003908888
671.2184931808525,302.36861384404654,25.661482981680614,88.2694023241486
665.791747943159,302.8572707442453,25.89418488284906,87.56597365463332
664.2653695511233,303.07023051816185,26.0451767972305,87.1144902427628
659.6316174240991,304.34154299061646,25.96257958033163,86.83990500122275
655.0196116810873,304.51459395677233,25.822051919931766,86.62945947042604
652.9515508847737,303.06373375686223,25.59504294310084,86.88599034654933
647.8639738819957,303.9924364097955,25.279084239611713,87.09025415193456
642.8327969235941,304.02075740714974,25.011998993206713,87.21283377242145
640.9177970633921,304.5517390690186,25.294886725543222,86.69414008293049
635.3012957560092,305.89604335602826,24.942234127906577,86.97844000576787
630.1028607191212,305.9120707928297,25.47399952638969,85.8798363078547
624.7973228414087,305.8800392471984,25.534357927993845,85.56939414747129
619.5311472204501,305.2584513345617,25.288754114674333,85.70988082574907
617.0793937908853,305.2672517561221,25.370548956744486,85.5017586082835
610.7346082222193,307.4795356252413,25.213448035970877,85.54381417631956
604.794695543433,306.60724519788664,25.420374147327777,85.18815575414288
599.5394870031979,306.8334627804894,25.49119982002208,84.85536396421475
594.8291804784975,307.81515332906207,25.39741334091937,84.70593507463478
588.7848628623539,307.9401245944047,25.289453381251075,84.77158808137361
586.4178545344841,308.60401037861266,25.458693139560104,84.44994875802148
579.3180062556,308.09082643509225,25.209253916993873,84.72027547589573
573.4995476674574,309.05764681336325,24.83303041487355,85.17925480602368
568.059991535435,309.77717122412616,24.8780600754638,84.96268544712139
561.6585512449716,310.24857256558073,24.57123377772838,85.31844290672944
556.4161157047897,311.09476592533736,24.700831611326862,85.01044880634916
550.2250082655239,310.7931983532661,24.57586341490734,85.0449420494754
543.6731543710658,311.67426619766,24.467392019863652,85.11414536234312
537.4679183254273,313.03046264318624,24.50480960674618,84.89983296331033
531.309139228244,312.8546344771497,24.301466121119944,85.03660845639314
525.6531376780596,313.5731695332169,24.279807188407958,84.95360161673497
518.7855286777307,313.5517102254938,24.08611111893634,85.21146429679828
511.7418931286066,314.733659660355,24.307571822897337,84.78693772817763
505.77286532859796,314.5506488908545,24.476211567506926,84.35380331663242
498.6332480734363,313.6864787391152,24.24431574488351,84.68211050377033
492.1233953609041,313.7482744457758,23.87437082509917,85.34613742951089
484.46135669818693,314.75528049158874,24.30788990773567,84.74413517312826
477.4446779104723,315.2085852594402,24.525892182261558,84.41256079224479
470.62734273989093,315.4209760216705,24.66641903740144,84.25459332084276
462.61582294724144,316.0024553233956,25.003185047871234,83.90960678141082
454.32582102426124,316.4905605650558,25.30063617471551,83.49712963740026
446.5125067694921,317.4565474810962,25.799688809925108,82.70773393031938
437.8952765046001,318.2314004447673,25.882816484484557,82.55374776959395
429.24559981022355,318.25549739216365,25.951615292549207,82.32423930210933
420.7151315500167,319.37202718303416,26.136296777562546,82.00924574514863
412.0879552764593,319.4494483743156,26.2624507010201,81.75922096611427
402.90992873209944,321.10575654046175,26.451513509588366,81.41606607486196
393.7849098941212,320.3656179565128,26.407075630124908,81.37863327228575
384.6508843586108,321.01767020472323,26.206163078098832,81.69951387470358
375.4830423283463,321.8858632377156,26.338888077958984,81.47004349723349
366.0473835570675,322.22568489821657,26.66985184549203,81.04301965135787
353.9271493669202,323.49266645989803,26.69384378535701,80.92063399114494
345.4696638313433,324.9435020808809,27.03458466241899,80.52542651527736
332.02300941952836,324.7490338160886,27.531620826747094,79.75040795243171
323.8110892928175,325.4265942254211,27.979447896575152,79.0881305709616
310.8143877403597,323.75074465827703,27.635757648219275,79.44259965230177
299.0526382683241,325.4992541256286,27.564316406743583,79.37039851812038
292.2151293263168,325.5988200405605,27.591005509630183,79.37293426528494
279.27009021361795,325.9221715895571,27.49243627409043,79.44346899745385
270.2395415642424,327.6819004224441,28.6469726750144,78.11730800259346
257.32755560284096,327.19683078046046,28.26554031620107,78.62955343814161
248.5021700814608,326.84535496224,28.19775018647603,78.78946408375309
235.774861961817,328.41235370383197,28.041473176251863,79.02724794975119
226.73763418472956,329.3735779345773,28.12453278010938,78.98485777683474
212.47100086345282,329.9252815571677,28.321856200616995,78.8313622452541
203.41007667533998,332.88781447850255,29.069725008361203,77.99076810516009
189.4262467287542,331.60343697238295,29.157690916547423,77.90368057475104
181.12068495932556,331.3774250904225,28.961384188070728,78.26880351585365
167.80663871447277,332.9229150076404,28.42400464713664,78.94374098259578
155.10538096072864,333.2246429293643,27.8807537056503,79.61436565405585
146.83392692568538,334.30769816268173,27.791755266337397,79.77018821850311
132.18102378574167,333.6565809171466,28.177595802206255,79.36667009841315
123.20279919643292,334.91627241538964,27.938925123035702,79.79928557414073
108.07947797097151,336.60699950912306,27.97008867686379,79.9401402131204
93.42004247512529,334.66344219443323,27.91490952817537,80.12940032360974
84.07126304969381,336.6578386478296,28.04529156019066,80.12155705709108
69.24120931643775,335.7875016866186,27.982498636077796,80.32301565320387
54.85472950862341,337.53851342493954,27.465587035886152,81.16687745335642
40.840934298865,336.9580291303184,27.404361766316054,81.39461158939737
27.052456476838437,337.6690828512988,27.167808422942425,81.90953005209204
12.704269450348614,337.9189219328265,27.07984257113692,82.17298642816395
