840.5,196.5,27,24
838.1273373929267,195.31420441470632,26.99696982550514,24.15841253594379
837.2722395108177,195.88060435918297,27.085983386430414,23.94166004126616
836.2404355807631,196.2544884969476,27.069722453052055,24.201393606328324
835.3227789605373,197.24378387482773,27.13261731371993,24.24751636680341
834.4361096034843,198.16630384010713,27.457108972390802,24.158929115878706
834.092087646034,199.03425571873862,27.702832153029107,24.472881067691677
833.57973938138,199.22271657978692,28.1859132557965,24.712985257403083
832.6522300942622,198.92028534610213,28.390676865203705,25.11580824456332
832.0985322805024,200.50854499644979,28.36194359028814,24.96934279785664
831.1897917289116,201.42556706103943,28.250055601482003,25.157544314200432
830.4553208258523,202.3882528519534,28.70502238337746,25.125730519314015
829.8052042504887,203.45325463923055,29.193869187287365,25.083905340984717
829.088159870088,204.0987289286298,29.362539537787548,25.151646308771255
827.9372156703603,204.12300158927167,29.786072553370104,25.655845614486424
826.9609950285819,204.52407900363357,30.285367021626914,25.92731408536131
826.2999347186883,204.7392918896728,30.805335305770367,26.275409433831097
824.7457180312684,204.18354775620793,31.269329698600078,26.51126398417763
823.4713410526738,203.32854928852043,31.802689683392714,26.730559840183986
822.7623309409332,203.41438349980476,32.04797099715228,26.737930001847708
821.7202927460464,201.8387286951642,32.399990649979756,27.155299725035675
821.498189785446,200.7941604007092,32.69900350100743,27.76683347447579
820.7636006086914,198.7712381873727,32.73120530250716,28.266757529139493
819.7051167517354,198.23557083757302,33.250334376206034,28.68648054298599
818.716489398917,197.0565497567138,33.91046459587314,28.77496808968368
817.8600929701626,194.64581453019647,33.99869745486991,29.231348649377235
816.4251658607803,192.4459549845687,33.85367936108855,29.917327153398343
815.4090744376584,190.61989102075975,34.085312700191146,29.987231427222873
814.5169379818881,189.36055285337753,34.53593502274264,29.785966861184715
813.3816436867172,186.54441329101948,34.54738216792458,29.96638222018427
812.4475980287233,184.22893728750302,34.46535506140404,30.308195910109006
810.8070571606339,182.28195856876565,34.71171661516416,30.189995430561066
809.7543196354541,179.95090107956057,34.74719173228106,30.464291118810102
808.4591118466448,177.34633841336415,34.792520210824236,30.58057911752374
807.2101447356038,174.48519371790155,35.08411602729711,30.57225527678998
806.168892523821,172.1669029514102,35.40835435951596,30.524925486225314
804.6382782459859,169.02585886299786,35.66167914855393,30.499458941217718
803.4556393480615,165.75131770722692,35.73342338078906,30.483473961499836
802.2444972226047,162.50436862445653,35.82724383890177,30.640884833797188
800.6719293870684,159.53350807942587,35.90038592057301,30.61934479638657
799.6454217581514,155.93525459257094,35.95968183903628,30.437989316635775
798.3705035384652,151.9697095938807,36.21757520513603,30.19423361852065
797.6938114021448,147.8392173193173,36.196499138230706,30.122444005354957
797.0104056255481,144.084505757822,36.37711436421454,30.30463476750571
796.2921832893749,140.3256621508241,36.56526432544786,30.4116965237379
794.4727625035266,135.54808257997772,36.685253663257846,30.67869152663667
793.3437315730458,132.15264837135135,36.73047139084222,30.63108948490501
791.8534632396605,127.88580503831012,36.86887191297484,30.909358327195985
791.0241960377424,123.98314934883422,36.766256791168715,30.82769107989657
790.2405489685459,120.54398609551728,36.892808794513826,30.7093459098947
789.1055891492173,116.79954513034627,37.13312900499406,30.35346551494986
788.3559737070532,113.5111517802265,37.34784725027658,30.26138844184345
787.0008837687152,109.91031248603193,37.49119863764904,29.99271819524114
786.1391844140571,107.57414431918497,37.53639984387514,29.91274472974073
785.7126008985156,105.34150351769821,37.35661850020997,29.75728925690857
785.1607702730364,103.13241193398264,37.418231177674514,30.017737553429058
784.2395921726813,100.684709976204,37.48120598399818,30.541703442558116
783.3229900952896,99.44892071005039,37.408731270487955,31.376243028713617
782.1680176933595,97.8346158768339,37.41121457418025,32.33034183470349
780.9420220592029,100.04247474594902,37.194136552332424,33.25195872934677
779.190434672447,98.509539820078,37.25371257859062,34.163829014056944
777.2778953169538,100.63988722012961,37.515072255382236,34.49753318932604
775.1778773849305,102.25639423770414,37.738533936918365,34.715722738847994
773.6146951505839,100.83196979720064,38.0993215661646,35.446775437222556
771.785597529723,104.4566122809703,38.5801186030831,35.39002348588806
770.291997725695,104.1139419111762,38.73428822571111,35.952428960173634
768.0932176829624,107.1882672542826,39.21470234369281,36.263414485356094
765.842829113524,106.7092067960439,39.90390073195924,36.902055668127964
763.9928715137721,106.87353377314297,40.410700458669524,37.2562632804734
761.8540363811614,110.48006691635246,40.94662334458772,37.46870978473435
760.1458361134268,113.26027562758985,41.29738271527751,37.79130656437749
757.9320255558815,113.7490272264614,41.82205521243278,38.59629230878071
756.0162249864662,113.5699932483441,42.573256122763084,39.4791633074271
754.7880731790023,115.1296982163099,42.75993335867784,39.90061545493054
753.4691584122558,116.68164781576837,42.86044561617006,40.152683539262526
751.908583042667,118.19634890356423,42.97243011465523,40.22192800444839
750.2018060706125,119.25702191176251,42.99828493156691,40.65162192221015
747.8418651807118,120.03104359309866,43.39379489664066,41.27825640835376
745.3088040890791,121.08516373804545,43.69011212537724,41.807234593801965
743.4736891636197,122.84997327724196,44.09516329587619,41.9845790545325
741.0124325238819,123.66546568890404,44.38152383105849,42.00351898630478
738.9081697345662,124.86010937337102,45.138221883597396,42.03390887490865
736.4307078909155,125.43153896840059,46.07880087866848,42.6756872552307
733.8762771420306,125.42377409771845,46.62319160846339,43.536666623040716
730.6356748702293,124.89959019620446,47.30594186739822,44.21967586479134
728.3312255820251,124.14484841014271,48.05712817497721,44.800712130758654
725.5044160358341,122.2640728988829,48.816276098841264,45.33380355664437
723.6394682702464,120.49134076839303,49.44401737510318,45.953499442227375
721.0853513793209,118.5816256392917,50.060780343203156,46.24701002460302
718.2212906100347,116.54117493379849,50.71614845236274,46.57277804516282
715.6859553743091,114.41736797992446,51.39990228639314,46.98430806390328
713.2005277921756,111.83615526169253,51.92295824488003,47.4540593403635
711.1438911263735,108.42621280750716,52.32168108133658,48.065011372147325
708.7963737704728,106.12491318960662,53.01692011786034,48.599952183570956
705.9902406901509,103.19817938343019,53.44897425762996,49.08761417000831
703.362545544188,100.34867629922792,53.9704268092299,49.73174877926975
700.9760023091179,98.00681193913482,54.65678470652452,50.16446612784342
698.6536840448287,95.68574545521949,55.23757226278251,50.753475144715814
695.7982093780794,92.81300342665202,55.798446160642754,51.34340156940449
692.519706231394,90.90595238297654,56.65783444635348,51.680010847459776
689.6210369288408,88.21888916041077,57.04189685593373,52.357220712391126
687.41903289071,85.64741813034253,58.01532860773244,53.03930871903028
685.4196769711664,83.39536667041752,58.751593089642014,53.58852496399933
682.6489119449485,80.36085853401131,59.37125767882095,54.44336839669334
680.9164155853011,78.6723342928935,60.1901463007494,55.39767761157972
680.190957740735,77.29396392685555,60.784334032156124,56.4893301669283
680.4884088687987,74.67092489132116,61.27600299261191,57.14320175987819
685.661586632016,72.95687755183125,62.204472562307615,57.65769527880858
691.3680084142798,71.79610036613903,62.69566742704042,58.08675497169571
699.0456047005953,76.48915322109472,62.37559391111108,57.45026397736049
712.8431386975452,80.55994894458196,62.826937431493455,56.19934616777615
727.084531867429,84.20420258012004,63.0097852469993,54.645872408815485
746.4888409931291,86.34998634544664,63.11451996190769,53.12372478668583
760.93490134371,92.43618882603312,65.43971874927128,49.36855424628925
779.9231410651286,97.20429895017776,67.3065124692759,46.44840236118965
800.5399805955263,101.45273301979023,69.20554291165416,43.647033642130744
823.5546820627001,105.1988942817795,70.94253936085158,41.59906946699864
846.2608010223278,109.6852774397679,72.73981605951627,39.50587363518321
873.9959114956257,113.65696442125224,73.89158150208054,38.05057588223649
901.0109956404793,118.08868370349339,75.08711359079126,36.69098968515534
923.387708699374,122.62175164985342,75.17736499375373,35.69300717378292
957.7223624746185,128.54821111155363,75.93283161318661,34.82308328364666
985.8484841477677,138.33040994164878,76.63789036039411,34.335805450726895
1013.686483978342,142.74841942935055,76.69973325905984,33.814788916729604
1034.470356907689,146.5025017842438,74.86378747971185,33.96963146631194
1062.1473842481219,156.33750980456273,73.18777234962742,34.14398531397976
1090.0896269902385,165.31116791124657,70.8441880494761,34.326761721461715
1122.5741634897493,174.51746748079842,69.05304016031796,34.271405166586504
1154.1835109114509,183.3696786595089,67.52652213576225,34.154724660972164
1180.038250639492,191.28838208166832,63.97032103051012,35.77060684863582
1216.3738924918334,205.97838644413622,62.5337327603976,35.5864885503357
1233.5252567287544,213.8862330692169,58.68126444890897,36.974965527225166
1227.833557509745,210.63196619008,58.58618254787724,37.047717329779964
1223.8132013803524,206.6747722005257,58.37745842818349,37.284029995320424
1220.9090689030804,203.27020862525094,58.341488439337795,37.33099589098715
1217.3708313307307,200.01962853087431,58.315269549460965,37.35213555666909
1215.4096261837667,195.18634868004412,58.3084050459492,37.356696509550204
1213.6248771425583,192.82851109545732,58.29987540314639,37.36577482737495
1212.2811154743845,189.0679436655796,58.30684148851761,37.35296508034938
1209.7745330153978,186.66167212537155,58.29477933663607,37.365243802244954
1214.4005905131232,176.56132753978466,58.09097843572868,37.53921864846755
1223.150829521502,179.2541845555883,57.64240318996719,37.85987210953606
1225.2316407492685,176.69721589568292,57.20354498805049,38.21956796282459
1229.283603800069,173.0382809802784,56.60287186954311,38.87642371358607
1232.873995683582,175.00392536048682,55.31738038462123,40.284656838087415
1230.555566328099,171.33218738638234,54.51398059262679,41.136933769725296
1233.9575284008604,166.9921590960648,53.27069010646707,42.684746717090164
1236.9184420822032,168.22049832862132,51.12916073839524,45.2760089830257
1234.7550442229167,170.0108627883746,49.89211940557667,46.7709016684386
1237.9946043927102,171.08241113594752,48.73102227079276,48.1174998070482
1235.2173032287742,172.81229522473316,47.89840087811457,49.105481721029676
1238.7460410622957,166.03929161316418,46.16417502796617,51.13200823890638
1236.2842822820883,160.3034736040113,45.51743254046841,51.966538315439706
1238.9984179018484,162.6219150162408,44.23721303968697,53.57722695933399
1236.4880572402758,158.35479684035712,43.84864404911165,54.07244277277126
1240.0637695261973,159.47436985980943,42.31441556033719,56.05747266388983
1236.7883567177134,148.25744713813046,41.9002085997906,56.64113080561201
1239.3772993953226,144.31536806919846,41.40275222635329,57.361757163233115
1236.1115263166305,140.33060506459952,40.92991672709066,58.13083084470267
1238.615054895804,137.51800508697008,40.540547747759604,58.720291854954255
1236.059222768183,134.6443907453467,40.20696339918102,59.263586822380695
1239.1000814782603,116.4987365544061,39.76170723696058,59.89279345865645
1242.227662276612,112.26380406684294,39.0783806813037,60.877358846533
1239.20476048797,109.0327402376077,38.64600003541269,61.517150784941244
1241.9287330677682,104.432319343205,38.15921887346614,62.12649801350495
1239.0958956128454,100.20294770094989,37.903182815294315,62.539337138469236
1241.9862988771276,97.42122250369124,37.684392773851584,62.87810853976146
1238.8494013580398,93.82288042821838,37.60562919920339,63.012752838564836
1241.4085636977682,90.59397359005695,37.38687355432349,63.351938012995625
1238.5122718314967,86.76207774313357,37.21420441058449,63.637625973779635
1241.4576300644253,75.27351986070472,36.81922168267271,64.27303832372033
1238.6065678493874,72.10769840642457,36.73253490593098,64.41448281080235
1241.3821745428165,69.3201350579562,36.544230359252296,64.67691877287584
1238.2992550164777,65.36624156598448,36.36936544769668,64.91684334150554
1241.1467341619489,55.04659794319932,35.99186387901358,65.52531736991277
1243.7139397781443,51.74298355446851,35.74303127897747,65.92291088965345
1240.484695686388,46.386223965770895,35.01700160207762,67.15512303732456
1243.0736682831753,42.26364084138506,34.82085505733741,67.49071191640628
1240.0802603434722,37.855604647072056,34.72577844635636,67.644616755899
1242.7852146288644,26.78417120602942,34.348045893333,68.17951816862391
1239.8674073423113,23.347349301533022,34.27812333799092,68.28181302436964
1242.6212013411832,11.81437803420031,34.13002811902535,68.50050366694522
1239.5642080147486,1.5965565474409118,33.90270284028429,68.94089975325699
1242.2389864263212,-1.2333554138555556,33.7079035168338,69.18688433563996
1238.268573197871,-2.1949401166876257,33.74018877118877,69.12133940395516
1240.109762975339,-3.4898211806837125,33.76170216249654,69.0317316054947
1243.3012653345913,0.33653526499333,33.430485774070064,69.46241944045897
1245.6565590189207,-0.7346407318288612,33.19631117854342,69.72584313038479
1242.8753883914092,-3.0756149594172797,32.64758132379483,70.52322194063365
1245.2571636300067,1.4734919207069552,32.49807122135534,70.73316896224553
1241.8507781585265,-0.5454460432292407,32.38358081177712,70.88959614439038
1231.4913572782004,-3.922166112048039,32.797084666545274,70.42246810194375
1239.7323718437717,-6.389721751009887,33.00199477490448,70.09726634580983
1248.2751442728618,-2.6895233412592887,32.08073939121207,71.24315992395267
1244.4159009526754,-5.004645241906253,32.027219519896235,71.27382725201052
1238.0522759739729,-7.3476469764932375,32.09797533667652,71.18582816915202
1233.5343318949283,-9.60683956259627,32.33495812214586,70.91724272597112
1234.1344948120814,-11.518655123804706,32.753144203046546,70.4518819202874
1228.8886642902507,-14.814549825873733,32.83419027936178,70.37147970455241
1225.494745691065,-17.21688553746857,32.96857841920067,70.24228891842202
1215.6973504229152,-19.182292656131544,34.956341901667194,68.00293189491423
1232.26632746269,-14.501169005569508,36.153718785252146,66.54572676526843
1229.3574777862282,-10.44339453501744,36.31432985845173,66.37611641135301
1224.3317345527148,-13.27739476506396,36.56629201822784,66.10481776484815
1221.7156756650943,-15.664396785325124,36.63045820960656,66.03759999598327
1217.6158353301228,-18.299914357159366,36.69277639938563,65.97903051394985
1216.2237763816352,-20.00122842913222,36.71790520067299,65.95547352682256
1213.969961300681,-22.178604347441905,36.76518580279749,65.91254174298905
1211.6285902017723,-23.926956677089173,36.7747984420518,65.90424628784267
1208.2467724019295,-25.929364568230206,36.78513385176511,65.89504210399924
1205.32582732407,-27.758478923213843,36.797612977668905,65.8843769998796
1201.7869905798814,-29.595327146503323,36.79936111585669,65.88296191424726
1199.2337734229184,-31.02145226631395,36.799814556674846,65.88237578340038
1195.447232784352,-32.940329210230445,36.80186617072141,65.88065842046089
1193.2758303978273,-32.93937630155935,36.80417392686425,65.8787526031187
1190.099920962351,-32.938635790313334,36.80596666714073,65.87727158062667
1186.6721569116644,-32.93782433082043,36.80789235915108,65.87564866164087
1184.1074313708928,-32.93740165975255,36.80858930174792,65.8748033195051
1179.9114875945259,-32.93615484550181,36.81056711021882,65.87230969100362
1176.3996887543362,-32.935486758021874,36.81156080195059,65.87097351604375
1172.8798431873834,-32.93215903401933,36.81872305859799,65.86431806803866
1171.3448160705584,-32.92968435282988,36.82435230064026,65.85936870565976
1170.06923098352,-32.929219866030024,36.82509313054005,65.85843973206005
1168.0649975927743,-32.92738848415275,36.829229276960774,65.8547769683055
1165.7819440621847,-32.92100052833554,36.84272260294079,65.84200105667108
1161.694328856789,-32.919238545543884,36.845653628661026,65.83847709108777
1148.9544707322468,-20.683360404835117,39.07967285626121,63.53510726902082
1139.6512752645037,-9.194189988248997,39.79825976037565,62.57776825164448
1137.239813157378,-19.30971074352821,40.32775603044362,62.10284090539138
1151.6036728783495,-19.686885834746477,45.79455944616649,57.27385473452591
1147.0881856868834,-21.4508297088414,45.80712505376893,57.260706592136536
1142.9728393874072,-19.815312044277306,45.80610149671563,57.26167729785942
1139.6485657836477,-22.556640522812454,45.81018325776248,57.258240733811554
1136.3351973843824,-25.153869571415065,45.81410873884962,57.25504649108147
1132.6308398418487,-26.68957317552535,45.82131024740937,57.249256624411906
1129.4195274033523,-26.47856296495495,45.82253171635158,57.24519848616715
1125.1761237371072,-25.691838088188092,45.82296133277729,57.24451467902168
1121.132201310726,-25.729847150105623,45.823758608635295,57.241520148135
1111.175268918845,-14.190209792281347,46.64581888800299,56.27621905004016
1109.1536245778625,-13.429188001292378,46.649840029989534,56.270194693182766
1103.1713433106154,-15.628271677754245,46.81082132669082,56.14171447835748
1098.5430536720044,-17.085445304350714,46.938457160614874,56.03756044981213
1095.4830979572378,-18.689399449048103,46.97947254446294,56.00435483806861
1094.1024301161808,-20.224615287599622,46.99873731326223,55.988071532185195
1092.4655284008634,-21.88876361935549,47.00278156573531,55.98480496136771
1088.919465394862,-23.281661935072663,47.0053518373817,55.98281272485161
1085.4646136060062,-24.76623718151223,47.0076781720512,55.98099282550358
1082.4489933045513,-26.00915948866988,47.00784758889535,55.98069027452041
1078.911028899527,-27.98560383701799,47.009505673693795,55.979395631144
1074.222108771918,-27.988768642852964,47.01186146235878,55.97753728570593
1070.9370547003768,-27.988614540461324,47.01205955600274,55.97722908092265
1066.8636877024005,-27.987947505493093,47.01373110536119,55.975895010986186
1064.0247681875887,-27.987717614479863,47.01404461466037,55.975435228959725
1060.9061993898888,-27.987312551014735,47.01507343015263,55.97462510202947
1057.590860122879,-27.98629358844259,47.01768113287368,55.97258717688518
1055.0213393113804,-27.98548163913959,47.01974937482806,55.97096327827918
1052.26773807419,-27.984901129210602,47.02120548461574,55.969802258421204
1049.209833593793,-27.984756059827316,47.0214014617059,55.96951211965463
1045.3531639597675,-27.984391028282566,47.02233552498417,55.96878205656513
1041.4231336584328,-27.98396284057199,47.02340736575142,55.96792568114398
1037.5220033230364,-27.983350697528447,47.02496212681536,55.966701395056894
1034.2727853521478,-27.983025442698096,47.02578463856937,55.96605088539619
1031.154458532767,-27.982959161778492,47.025861243334376,55.965918323556984
1027.7208412789537,-27.982453518692378,47.02715565696686,55.964907037384755
1023.958952671706,-27.98170026869065,47.02903126394878,55.9634005373813
1020.0456483532924,-27.97985607090495,47.033532108875406,55.9597121418099
1015.9446552223662,-27.97531421316778,47.04510775671416,55.95062842633556
1026.1770309729022,-17.046197685672098,48.84648479568119,54.234960144903766
1036.0755704241747,-10.533190577545621,52.141670068551264,51.11649101837249
1039.4777707123674,-0.30195773345765886,53.69144696714156,49.461648239742466
1030.3851576747386,9.524625387479187,53.17094451151515,49.41072732867932
1039.869211475727,19.388869397064475,55.272088923698405,46.69163300152535
1044.6353441258445,23.337883953916634,55.73706559734032,46.053407182956526
1061.1058181443057,26.945563886740175,56.87508179381665,45.08296709422595
1066.68659139108,36.257557910560415,57.109827986730366,44.77495805049172
1067.9052071724586,33.444068921417454,57.1260518721239,44.759497617065
1065.1948654084981,32.10283420608797,57.11572992213973,44.765102900537684
1061.1263061228694,29.376303645192376,57.134867536365824,44.74898916042091
1057.8352970917751,26.198312463695192,57.096191914929975,44.768923874031735
1056.4058458293644,23.368224028641194,57.07342086530368,44.78112577618319
1052.700421132293,20.094893443821867,57.024443790025025,44.81182100725373
1048.9875914859656,16.684772754031588,56.99764231684141,44.835763406121394
1046.1475487008463,12.814872763989985,56.97620172207144,44.84828944516456
1044.1001312041938,8.634634133917285,56.929982085096775,44.86759448698721
1041.836406436252,5.9555336105496615,56.90503913822312,44.884898450439984
1039.3727452322412,3.2651138304142293,56.87848266669759,44.89570999175943
1037.088798323593,0.7663437205594512,56.90916315849323,44.860501512280756
1036.3033842057735,-2.225605106056644,56.97429640874252,44.785736750962165
1033.5628081035952,-4.37786553652737,57.02302454464821,44.728054490718314
1030.867029534747,-7.455960583555232,57.08905592169395,44.67399992916491
1028.1257109969758,-9.809580585124873,57.12996869685163,44.64080385518627
1025.3690671017275,-11.577573470683944,57.15403872916966,44.6225825397413
1022.6144115368957,-13.896385219089012,57.163744203163276,44.61521797655388
1019.3549888937175,-15.706042916029748,57.170707184374265,44.610203803479784
1016.2722800566671,-17.339267258799243,57.17327018699689,44.60836626083884
1013.0519568247802,-18.71385590314072,57.17759157752855,44.605353436454166
1009.5560649717953,-20.22057642752903,57.18218026854476,44.60204152693306
1006.8018599343129,-21.76889708754588,57.18583007815915,44.599483551922816
1004.9545709281471,-22.29914130801954,57.1874764384217,44.59828261603908
1002.1434851314891,-22.298082382528285,57.190423960234924,44.59616476505657
999.5842454710696,-22.29723431168652,57.19274241147548,44.59446862337304
996.8322422245859,-22.296751102580306,57.19412868425875,44.59350220516061
994.9142829299238,-22.296078028189573,57.19601354593695,44.592156056379146
992.4995320949316,-22.29504647825327,57.1988140516758,44.59009295650654
990.6264985956655,-22.293568821798036,57.202775089362184,44.58713764359607
988.9770199576386,-22.291990183486128,57.20674039535363,44.583980366972256
987.3362520946602,-22.289820772049634,57.21227395265501,44.57964154409927
984.865094056505,-22.28769655225314,57.217776674473214,44.57539310450628
982.8610047804897,-22.285207374319523,57.22444794424679,44.570414748639045
980.9253442064506,-22.28445755909421,57.22645346808775,44.56891511818842
978.6918617212347,-22.282219894542358,57.23163169154102,44.564439789084716
975.7390281313599,-22.282234361087205,57.231124688398694,44.56446872217441
972.5117309850008,-22.28106596857077,57.23409363397944,44.56213193714154
969.0177417540367,-22.279709181551247,57.23769471172186,44.559418363102495
963.682599489477,-22.276246672346865,57.246192207760174,44.55249334469373
959.3102069938549,-22.27486207077953,57.24981775991749,44.54972414155906
955.7539534367565,-22.274169068340786,57.25172821731496,44.54833813668157
952.2048910468149,-22.273249949024976,57.25432820929531,44.54649989804995
949.1557708867613,-22.27191530042375,57.25808420017889,44.5438306008475
946.1540274223526,-22.27033270846919,57.262433727415484,44.54066541693838
942.9418279655183,-22.269009903137274,57.26618311258068,44.53801980627455
940.8136240900777,-22.268094072119723,57.26868127560175,44.536188144239446
938.2051111625392,-22.265498670526256,57.27624115014901,44.53099734105251
935.928317752461,-22.264044156443383,57.28040332202045,44.528088312886766
933.0458422423877,-22.26267230484553,57.2842044588968,44.52534460969106
931.2934493251322,-22.261783655896064,57.286686216259284,44.52356731179213
928.8901199979251,-22.26183387724388,57.286463919745856,44.52366775448776
925.6414077644482,-22.261457125748187,57.28753952881987,44.522914251496374
922.3832940527251,-22.260708531402052,57.289683566798644,44.521417062804105
918.9728638123411,-22.259982384281134,57.29177793047078,44.51996476856227
915.7778509295963,-22.259079075968277,57.29433011273887,44.518158151936554
912.1688541330007,-22.258546796511556,57.29577335574093,44.51709359302311
909.0107578130142,-22.257689545677245,57.29819236366449,44.51537909135449
905.8690345295573,-22.25696446260057,57.300234435338766,44.51392892520114
902.1775972080785,-22.255346078267653,57.304835591205446,44.510692156535306
898.7902165457975,-22.253458856526347,57.31005136065246,44.506917713052694
895.7212180440824,-22.25080870593065,57.3172304739156,44.5016174118613
893.8285533282706,-22.249413584249623,57.320955138693456,44.49882716849925
891.6275454702668,-22.246608876351203,57.32831133550559,44.49321775270241
889.4420280581082,-22.241977235548237,57.34031782043655,44.483954471096474
886.9452972560553,-22.239688028377316,57.346000760907415,44.47937605675463
884.9609097247074,-22.23664255453991,57.35358202363049,44.47328510907982
882.123252839499,-22.232002072753886,57.36512654889965,44.46400414550777
880.0186530598979,-22.22823117109634,57.37401301682362,44.45646234219268
877.8510585404929,-22.223206684245365,57.3854048296817,44.44641336849073
876.6970381376507,-22.218907890920892,57.395564032124994,44.437815781841785
875.3592327640497,-22.21242852204854,57.41085664311195,44.42485704409708
873.4394468005535,-22.21229706472119,57.407495868993536,44.42459412944238
871.6859860379158,-22.200635304479352,57.432595618832444,44.401270608958704
869.5682446063045,-17.28093962207506,57.64497190704276,44.208401766122776
874.8350096481994,-12.922514370508981,57.927787038096724,43.95538984026113
872.4286656626703,-14.882547541129895,58.2394350273129,43.6511896524197
870.9709026979185,-10.472840840520867,58.319938745741645,43.49561559141161
875.7500431346251,-12.526720566967143,58.813312688002334,42.95327624364498
872.6346109912837,-14.03429546128389,59.368063846023006,42.35454015276187
876.1746064863028,-9.566325169065571,59.4714949446079,41.95896001906986
873.7947829552656,-12.19234114331833,59.846982918547454,41.535060990707706
877.0553079254096,-8.296996718698352,60.19911670552402,40.75780178319138
880.740027065442,-10.218231295449048,61.22429264512476,39.75883645793301
877.3128694346858,-11.869981343820253,61.42907892638183,39.10014044299634
874.9848605745634,-13.415432910254914,61.78926878102613,38.76056142674152
872.4003815335178,-14.611444189928093,62.06442278978346,38.45087042407616
877.4807195301851,-10.721212046125206,62.61317939837781,37.8888171052509
875.0108198560268,-12.041069465682604,63.06755613545769,37.37490764817734
872.3145712223169,-8.09597475047304,63.04378076264921,36.99528874388126
877.3717412859935,-10.142391221996004,63.50502218589416,36.41796520804535
874.8392710124347,-11.911677857084772,63.74337457917283,36.13053826459984
873.772112195805,-8.091162920479743,63.71487902578649,35.939727545747694
878.3482878793571,-10.381988273026472,64.18056583617246,35.44897481990243
883.6052950661899,-7.271837007754915,64.52684485087377,35.08573510597919
881.3410104316977,-9.544800428084507,64.71952191938823,34.89985709892109
878.476395521455,-6.154499926729645,64.58392029227228,34.42322834047406
875.8956490922274,-8.099525930779073,65.15751680368153,33.69971728781242
874.230722843988,-9.778762595769848,65.38208007935042,33.392074856990746
872.2248788186405,-6.264398928268847,65.85497861931853,32.66530036088645
870.6354284921118,-8.802420669300378,65.94862198058196,32.54189907213652
875.4901665917655,-4.851635354192929,65.84223129915796,32.504578148189935
874.0922364673792,-6.731722853482232,66.00338409706394,32.25544862330052
872.6074746196562,-8.456321764114314,66.3258869757068,31.87079677606188
870.3019834669939,-5.559451713780604,66.54195751497933,31.474104671915455
873.7202865623708,-7.49821863984859,66.78235671057794,31.095100609775304
877.5850011615406,-4.33393414306382,66.25313903720165,30.99032989119966
876.5261666380613,-6.3347376496199725,65.6519646240771,30.881238204360795
881.3582197461941,-7.864131807079589,65.90480005057294,30.500176188927245
879.0347101309195,-4.499927163554538,65.74595876171286,30.455190897848823
877.0557158246025,-6.472138534770517,65.32385332298571,30.28679969069582
876.1118769051689,-8.003063218049395,65.60870587784898,29.54170683275101
875.3780247946548,-3.984194286461367,64.98511819442759,29.517171636811284
885.7630599563672,-5.776547141070585,65.57568935049484,28.68903793334051
878.3231430258663,-7.272985780255132,65.01642199231951,28.538521695169077
876.2010484548097,-3.982457919220783,64.50599058236979,28.516848888597206
880.986014458235,-5.98574435580162,63.40292220772121,28.250595566995695
880.5031061509898,-7.017381028772423,62.1227139751811,27.599037560703415
878.7631160328858,-3.566390555176632,61.71542352237827,27.57745011860827
882.5977191548717,-5.589260394450244,60.555933789179335,27.329031815282935
886.2118531253874,-2.8710175751797014,59.68366865576513,27.311195373366605
879.8350413262675,-4.364037492027849,58.44606796506438,27.234725431901158
883.5611152583139,-6.3209545860278595,57.87969423656139,27.003432323453424
886.6317203501887,-3.6284995651416914,57.276464132462465,26.88190185550311
885.2702624857014,-5.354586772566584,56.33582304724337,26.532772645246084
894.344785089737,-3.020148048531574,55.291912803161516,26.380398054384315
887.7100890354836,-4.6053499959940485,54.47167859941244,26.118290619658385
891.9616299300375,-5.62682424162789,54.023437851869716,25.76051636884538
895.3083699738332,-3.2572354278476894,52.82336262954297,25.704744140607488
898.5418734263103,-4.686895369483539,52.153690872446596,25.16229748525919
898.076313949586,-5.295309384733837,51.39902083682804,24.317351738751732
897.7805035718036,-3.2409647544983056,51.14476722324841,24.189126936746245
900.6046497573977,-4.560815970567129,51.95077287146926,22.6945176928585
895.8423157339527,-2.2129822661040883,50.873923241052424,22.84111636669609
899.2140968565483,-3.933069744174057,50.016861831279826,22.579818325170624
902.3986354927044,-1.670990951164299,49.02612814112081,22.549557700363266
897.6279565827947,-3.0864960837648265,48.59740558526889,22.13791674142797
900.7152502059289,-4.077795133577734,48.095391905437204,21.63860365865022
899.3979132358149,-4.5120427634156,49.13711740892823,20.45132351434951
899.5317805049638,-2.0253152827363152,48.05043120427546,20.590809341259984
901.9098081509188,-3.0387178738239324,48.7352118651241,19.573606506848915
902.219933990697,-1.3300813765332329,47.122848145048124,20.032813853225157
900.9480071952336,-2.9092914477449305,47.60357135725171,19.15403211423986
906.8462738786764,-3.7723790415100904,48.206270854745924,18.630811216031045
897.9134784851817,-2.202036056044843,46.58920134815627,18.862775391584925
908.1573621196717,-2.694341880108773,47.44432577229148,18.038241589120744
909.5754293836852,-3.584045431628569,48.42907904829585,17.55126361373016
909.0178656365748,-1.0653348045370485,48.19000784828754,17.32108236885498
906.9781324983908,-2.1965411899159335,48.380495881781464,16.988741397394733
909.2440302536203,-0.17281752014645768,48.33506998115517,16.87769542504328
911.8207268664553,-1.344789123629429,48.824691186484976,16.621603918264107
909.0915660793586,-2.321670530433053,49.52205361227139,16.28230380653261
909.7570426941884,-0.5441703010174912,49.44423606376405,16.405945859069284
912.4384047358379,-1.5588488302662675,49.70381832735828,16.18297738274628
910.0360879862885,-2.2064998361796926,50.18889082181846,15.999710006183543
908.6790031774361,-0.746031015325153,49.92001772254325,16.02823048672788
910.0778692068127,-1.7448455473119147,50.252248823351195,15.961409763561512
908.9612240993467,-2.2565568314481963,50.633620221716626,15.816555902657745
907.4144460690043,-3.0119826988701917,51.09971103429375,15.633909622097988
907.6011914440584,-0.7793988168004073,50.27409318514829,15.948628580523117
909.2314427689851,-1.5135861846287764,50.73179121888864,15.958692354456527
907.9388604793024,-0.08164596658934897,49.986474507436775,16.375366212963854
906.6328613910666,-1.1782114055277209,50.31948313045685,16.149846463704367
908.8302761273812,-1.818631769156016,51.302088865194584,15.875459911297872
905.4446275039118,-2.317860049635872,51.85077373115196,15.672744358839005
902.5500365948078,-2.9192877362878695,51.89731982243109,15.671825041514948
901.5988024419746,-0.6866180617741344,51.51884783383175,15.79145139835906
900.0034332433728,-1.6747866305234016,51.37365731410432,15.73037779977361
898.7585249019246,-2.5628356525717244,51.56007252681632,15.762707390272233
898.5752856157201,-0.17872426103078176,50.87777471105709,15.967521373242594
897.9264014980553,-1.5194681980648648,50.89080798201591,15.863156815059783
897.3603265253512,-2.362452378148838,50.917179352480616,15.661380033244697
893.7510026408753,-0.40033785503760555,48.609872874911424,16.505627950065445
894.0620231145707,-2.2128095301931623,47.2209673297232,16.896866495002413
902.5982234421721,-0.5667882409395943,45.85076661043347,17.298385232031777
902.9782480554974,-1.6891433570982581,44.632500835816906,17.564053530335737
902.8154299659369,-2.5578108498668755,44.91813712013999,17.10283328477861
903.5419591981729,-0.8984640736158376,43.252319220491245,17.558724264060594
905.8657902420391,-1.6644463901405206,43.79711814655264,17.025345755554174
907.9811276635037,-2.132082536907662,44.620206693211024,16.58405891079042
909.082854988303,-2.6144542198142346,45.80119365776347,16.075791259757864
904.9711634753304,-0.7556727463803217,44.43252517766607,16.505743132988915
901.2958792780092,-2.0598973747993607,44.33892977302243,16.18020381866
901.3434707792593,-0.5931041733714935,42.81541491856325,16.646502116579413
902.1795015816675,-2.134585754869276,43.05313989573992,16.219732794757473
903.0633697423754,-0.7731924737731433,41.5144985266691,16.652233975179954
903.2947506857082,-1.7472658952037303,41.659889148739055,16.058494965227407
906.9856401997702,-0.7003821704101583,40.77469787391094,16.380864495697026
904.7015550671756,-2.1915447492263347,39.74274377996916,16.470691398553377
911.3540182822284,-2.8516544109302977,40.76631046814997,16.099108577910705
912.075420322143,-0.9903263047509885,41.64651778663588,15.659994760190148
911.0084234978608,0.05718474683912156,40.76877122752829,16.279960411831706
910.1834547406794,-1.5190948760807093,41.1576066615459,15.992475493013774
906.7815653485494,-0.6248630279413057,40.06412811777243,16.34537088754002
912.53833155355,-1.7510563904677303,40.71543163764188,15.956849371320898
911.8619144208046,-0.4289340088385014,39.802643525737054,16.181459130767518
908.6248160582979,-1.689158015339892,40.08698372151451,15.754392848192296
908.4179260778872,-0.31997896859006225,39.32099810025137,16.02964726346644
909.4547186913106,-1.5912580669008722,38.20052291263868,16.224307215230272
909.8705635978138,-2.243950077702081,37.716553394823286,16.325699704506945
910.9713398127326,-1.0235653326697918,37.11115708528587,16.283830008067245
910.905864495542,-1.9961894710946808,36.58850142408137,16.36895596188083
911.5799557194053,-0.9622338404757791,35.869335912180105,16.48725676347872
911.7358614322142,-2.2788054056606946,35.376179098269226,16.408286751835
912.4545263447764,-1.4471409139713707,34.76785278600424,16.390734993950737
916.3047552626738,-0.5688327869888603,34.27885601740891,16.34351343336035
916.2524476174949,-1.838350846057839,33.866720435631656,16.241786507141008
915.7122367652787,-0.6224510191185342,33.36195947328554,16.327472948690865
918.5661133509426,-1.7927314625269783,33.24339058616775,16.283391949750307
918.1175526275252,-0.5851562907474079,33.16324947644969,16.110325394109257
914.9914194378325,-1.5002245337639746,33.25127168087789,15.929910189087092
915.2495695199917,-0.26421984608085936,32.976189085076065,15.885308078430334
915.4884425069341,-1.2878759838848595,32.82461653591221,15.885131903034306
918.6536028968203,-0.06252715194867342,32.48113648108477,15.732982460750069
918.1723812738353,-1.1620532031091253,32.23602395618083,15.831188510901173
918.4096094977333,-1.9822589470314345,32.401872371837634,15.797583523068301
920.9815528692988,-0.9565672363552071,32.174013651473004,15.714246647698207
917.647786742655,-1.6431279043334435,32.318322027807355,15.692184897259416
917.6395160608006,-0.3619302666153761,31.977177140114343,15.69253423928544
920.5359877446122,-1.3041454465003817,31.73285971853603,15.808696013850373
923.1504358315418,0.25675041809781707,31.329475477049744,15.85500178068669
923.032578484744,-0.5397428545702301,30.96583345973451,15.966407710979144
923.0988158331709,0.24488548333006754,30.773743486127024,15.822686833251364
922.9044047316717,-1.0784703023544306,30.460974674263234,15.86793413307495
922.9845167580801,-0.2334742082362311,30.354028888830133,15.789965298415211
923.7310781639917,-1.2856433746150007,30.233806562999213,15.829495977745626
923.6008972185351,-0.3064176543395245,30.45503865281794,15.663921853669589
923.9071123271285,-1.2560830746351401,30.414235277653034,15.613515145432695
924.5295413498286,-0.4951862027299301,30.261210346876908,15.559428320338705
924.8562074106962,-1.2417727866576307,30.28161932736012,15.568575175366043
925.1164228483686,-0.20559856989354497,30.02446270443002,15.596448852586162
925.4137168384997,0.6598124013176321,30.044383054990043,15.580969789459157
925.8214717294005,-0.7766886255583572,30.094695886427594,15.559062222926102
925.4929901218932,0.3058591277481506,30.23124504704853,15.284276288532935
926.3075167328766,-0.5913875340250758,29.95016684072207,15.373443412547832
926.6756663085214,0.2917609782726984,30.030516470731975,15.315132027524427
929.1954777639758,1.1293395925831913,30.410399155984237,15.11104210828302
927.0456474085111,-0.21519405342485776,30.24212382794256,15.230898632553146
927.2547695140094,0.7504326971407886,30.39852412292355,15.171757882428933
927.0742836699483,1.4693657727914493,30.448961661637505,14.907218461855761
926.4048303799758,0.20813500101508886,30.251887540135733,15.093799725867466
926.6371196467887,0.571854534132676,30.250197247324216,15.014019603762236
926.8994249013721,1.0241186761227308,30.276245739031147,15.064323933250297
927.0117202042238,-0.5220664245100846,30.30581976946262,15.179397782129453
930.1586219800986,0.8089941416239057,30.405970017914473,15.21254170456423
933.7528967790236,-0.1573964180774894,30.137944540395488,15.392052197898906
929.9435819116507,1.162355865995936,30.183766486292427,15.344711669363871
929.7114162895862,1.6984901879646248,29.956224597238812,15.282158940152751
930.1461095276512,2.348782098375521,29.718658322982456,15.135908353164272
930.5241122747069,0.9778895708866013,29.5533175732482,15.279355042587301
930.5042751696448,1.8757447864415422,29.4304712555328,15.260181314587161
930.9973726978521,0.5884684876447466,29.293987557665297,15.24832744283566
930.901877871046,1.4457942224409832,29.135013546268993,15.195531074828574
933.8658800688544,2.11064230519691,28.85267813411184,15.032086211082163
933.1844069711443,0.9338345434488504,28.870451089824066,15.029648382222325
933.096032788593,1.553386577409725,28.875406888150234,15.059062285339394
935.1493898106703,0.461460717184222,28.932262771211285,15.11942939427917
934.0207176311245,1.4802886752824778,29.177665935768516,15.05843384890938
933.1513912375593,0.2148577769947817,29.589017697508385,15.068187495002594
935.0557449499768,1.4298699161303263,29.812366604307886,15.165599234721617
934.6773617481448,2.074992613483632,30.025859737841834,14.956009891650748
933.5534954325306,2.7849429364328104,30.192357198705874,15.014329589342173
933.6639888759303,3.22169953995113,29.957859128234823,15.062808267013938
933.7200742976929,1.5030371126950435,30.012814135625373,15.188525522267689
933.8825919258168,2.4503111310613583,30.175562102768183,15.123762713310633
936.7760103857738,3.269066950880693,30.19754352315575,15.107138114763883
936.9152522541019,2.1705369900643294,30.296808812321203,15.151649246418582
937.2062622425696,2.7847720142024084,30.348328035214944,15.318164516326323
937.0154833571445,1.3882001661744994,30.253455956202156,15.516237611872498
937.545702052636,2.2457499104827274,30.219613204043576,15.648039778453185
937.6123006398534,0.7394678514996169,30.16383817163751,15.881756440441013
937.2512546165136,1.5323796027968726,29.80400256118977,16.07302765964063
938.519060302272,2.515181240173284,29.550828037359725,15.91021907978832
941.1194139652125,1.004896821324465,29.31660668865161,16.160262700429683
941.5954684588078,2.172052360582083,29.29980299883571,15.964605138683856
941.8271661593653,2.851615762017868,29.333480771243583,15.823057819798187
941.8010199323811,1.2852136711580737,29.300298488223465,16.02030368242598
941.822679535897,2.470969251108656,29.240752866600555,16.03821112451456
941.4949660000844,3.094982174704411,29.004499995617913,15.982689444879814
940.7683838227862,1.4297313749945229,28.923600891771756,16.00244008299588
940.6890462913617,2.567739381291826,29.07672896663255,15.956091257138333
943.7412918087376,3.020414629018928,28.856135236415554,15.738235754893967
943.6047294905837,3.4938873812893974,29.178523785907807,15.67022946172159
943.1261440926862,3.9143502992011445,29.258177596763304,15.572295669393274
942.8229794465622,2.2778624830919068,29.177424121524854,15.67152805362591
942.3890166096439,0.9560379658773206,29.22073318435745,15.777079229626127
942.9139918236855,2.201799197896782,29.202620219653305,15.772675248176926
943.0757524951448,3.2040683091438398,29.4024112069806,15.632201838343027
942.6867381056409,1.9452356767188395,29.66917649626526,15.70733790168546
942.8275826801062,2.600690266391715,30.13979613324996,15.65747310538872
946.3464128727245,3.0162694036615108,30.154425233944664,15.558255755970436
946.3677794459899,4.025895380645226,29.944589169385218,15.565905523957351
945.9921502053325,2.561809796258279,30.11697246664081,15.567751371533735
946.0987305484152,3.078687940743386,30.012149294577696,15.608459165281417
946.698816037177,1.7641041127998704,29.92218718603442,15.82472327388146
946.477968137819,2.7399641503150765,29.81427105867197,15.770399524916112
947.0995106005747,3.2598843129555615,29.821585961117513,15.861305325810068
948.97789201513,1.6492659302407215,29.770527105777045,15.982634693015871
949.2122853283646,2.769600079559421,29.73441691382471,16.005356935455133
947.9785457284652,3.693827850143964,30.069056672324255,15.880790149130712
948.1918119513269,2.1892882060034715,29.890796556169498,15.993904099658401
948.2336028869206,3.1398946231469402,29.719055041868536,16.09444364192786
948.4401607265517,3.8522330666392532,29.771981463989775,15.877009243804318
951.1417235841614,4.339019927584761,29.877164636252083,15.848591678930056
950.7399586507521,2.640820482197306,30.10547004389919,15.831290465945202
950.731037486017,0.9648644682720402,30.053550292461498,16.033421743521075
950.9707287215186,2.3688300257890775,30.273284289887798,15.92480498433722
952.1382103109972,2.7709959020994237,30.159735915389227,15.96863153163947
951.9612508815082,1.3028184247955803,30.185497617661486,16.054865464976405
952.3602575819413,2.975096815605724,30.054042542086204,16.103572261771035
952.7230604114942,1.7070377214646069,30.172026367671876,16.189305356364304
952.6888011154248,2.928938567455198,30.2451783506211,16.183959007629582
955.27088172198,1.6721417191277954,30.42511856649616,16.14400031513949
955.3735158639743,2.7652340461439504,30.339704211192938,16.22130180803406
955.1630059505613,1.5891971710712056,30.518350780143304,16.149422025006942
957.746926595445,3.2064691021650376,30.579998816852957,16.059819492775333
954.8043262879311,1.4891991612976927,30.413823089107446,16.16591131733534
957.8109381116608,2.7789914978035313,30.43541856777702,15.99213413944085
957.8043035319957,3.4916454468120595,30.22843662883204,15.89646472256393
957.5064536334515,4.325158226854763,30.200253297754266,15.841869138941842
958.5895691014784,2.743872356869673,30.100552589361655,15.806744193121006
961.0045197508458,1.637498910450863,30.412167976112645,15.873158106756355
961.2302124639845,2.653816259044362,30.37962221310256,15.81562011214504
961.076679840275,1.2294597768122193,30.25504355726599,15.979503841532422
960.7406493383576,2.2383274682576513,30.268252341519315,16.02154548004964
960.3301374430358,3.105725465590073,30.24869602638116,16.024924758326385
963.0812339078989,3.6899771498092075,30.207691413000312,15.919122734378167
963.1270193456472,2.150402960691923,30.21710652647812,15.990980749300968
965.206702846366,3.197016298109486,30.20663621922391,15.968485952746482
963.7930317234179,3.745973351954044,29.928941968004043,16.005900257113336
963.5095596047967,1.7714534212784905,29.58667874198212,16.04608205762765
965.6088807767819,3.130257341875181,29.46665015609866,15.899747543308049
965.3449230054689,1.6705148689925515,29.56871670804596,15.854267145597966
965.3991616066554,2.3410150410767887,29.546326769793556,15.725068926406603
967.498936784636,1.2601404744009628,29.61562769404452,15.812247403935501
967.5366486085695,2.73943176930716,29.72040110628595,15.686431585439635
967.3249861480085,1.494681679958874,29.83702737728628,15.718202424536598
966.4906942376236,2.3722312975995052,29.792175905812048,15.591410054947474
968.693493054868,2.976090675961953,29.84165353530043,15.465853916859663
970.7856600607378,1.5308005588458666,29.794509865510143,15.455993696608804
970.1154339228113,2.3182603620964946,29.645597398130374,15.372324605091679
972.406264217988,1.096214366298712,29.426037408973272,15.462396239555286
971.2951400703174,2.119444366486639,29.119382458388564,15.51402545731908
973.5530072305589,2.7528596746360456,28.806450319149405,15.417477681749027
973.2332359191663,1.1802428335766226,28.622936542112416,15.481295233801955
972.1980095081087,2.199334889749328,28.65410418127482,15.400561749737184
973.4035768815005,2.9980575980372945,28.618110339871528,15.331484090958492
973.5081384460342,1.511540579945077,28.593665616327474,15.394959115683577
975.251319187444,2.3411109599667883,28.562109507653236,15.241563408931475
974.1800353020769,1.3345176121853353,28.59424679933775,15.25959584290533
976.7903082790764,2.619211113932055,28.399422872163708,15.087069677348293
976.5208689464067,3.193155334582472,28.273445401657956,14.92963292958231
976.3696085022182,2.111883736018812,28.263204357423433,14.886388706436803
980.9844752281881,2.782176728805978,28.08964136904559,14.708010801154218
978.1402892740165,1.5947584128276233,27.92308383021487,14.558891372701382
980.2154724230269,2.2037654332033654,27.82154613403132,14.459295191027351
982.428881995077,1.2035106624143728,27.830156086153025,14.463870723053335
981.7361680000995,1.9017179234564,27.625442302883936,14.410069182765545
981.6222538390948,2.974710264034117,27.25776228787245,14.289909048424075
982.1352700397315,1.2968484219779057,27.25545491940553,14.324815261985961
983.8047754374472,2.465341765816282,27.2179365765956,14.241427979597905
983.3655492442041,0.7247526464745437,26.97192588172199,14.219381606999033
983.0205984573611,1.8567218354181696,26.64413453186227,14.251525725754847
984.5130155922377,2.3186671592274033,26.31274097599131,14.191804198924954
985.9492538945987,3.260544386425284,26.117362883919085,13.888245767516558
986.268963232482,1.872668043662582,25.77059416270985,13.990290967842988
988.2865178083276,1.8096893684739062,24.09330266085974,14.739985474611483
987.3752212755534,0.8935616744198374,24.319901015485936,14.609213147036638
989.3483053219816,2.0654970363635865,24.43666255290913,14.306283184715301
989.0346295658024,2.8417769793662817,24.464432466031823,14.010449206035656
990.2860681908523,3.576443342196022,24.35506841859934,13.691425566222122
991.5166493907443,2.649666404354371,24.239857814393503,13.599185694003507
990.019501277885,3.454904348179997,24.314714009060562,13.520210384278892
993.9348809868173,4.316278167843687,23.969420594613695,13.226768894434239
992.5437661066128,2.940163177170386,23.926500580471348,13.059956288500567
991.3175108059934,3.9010141882908798,23.853731182930876,12.995163064477353
993.3804297521135,2.743317823350063,23.635582146815505,12.99042282354905
992.6333240686498,1.816368838920976,23.67978261801377,13.115824360102842
996.9876236905023,2.820073450267838,22.469834878825317,13.825168143390563
998.5450504749906,3.4338170600099884,22.397518045383446,13.502354857889111
997.7720065010176,2.33242274630768,22.50975117498547,13.423472914920193
999.0802223330693,3.326744914362168,22.78643598503372,13.066283046584655
997.9422014867963,3.9975366727493213,22.679807036634205,12.979160222216048
999.5009039632421,3.1366325501879393,22.522377326357347,12.819007956131232
1000.9729614470989,3.8600792958455425,22.368121176697862,12.592844411906174
1002.2404959147791,2.749526038331978,22.54121359540249,12.49008074489595
999.3697046327457,3.8228255749362408,22.431522145950055,12.44676746117717
1003.2416484679682,2.6224723861434764,22.21937561777808,12.40657446666187
1004.9715770962183,1.6992705800658126,21.040175891108618,13.294169775937863
1004.4618050583216,4.305442773991912,20.002111600889602,13.844494474541964
1003.4576713774726,2.9837423076126086,20.433850294184005,13.142748274427035
1002.6470692611587,1.9426905486653734,20.637909751421127,13.01016063021213
1003.9542650518907,2.287336591699143,20.040282333928072,13.52090495066162
1005.470299664722,3.21205943366793,20.080893820011706,13.255886027397569
1005.4811704657834,1.446878041480236,19.483970793271066,13.665937551549568
1006.710092740806,2.4431685149563593,19.696550943009324,13.355610203764192
1006.0931814181907,2.3548165897827813,18.921271482145393,13.802345953325139
1006.8359107775077,1.3178509683720572,19.392851881324447,13.482827412821392
1006.4700145726226,1.5388040027697807,18.82690240114116,13.825512005551671
1009.8559606671118,2.4928107428045827,19.097014797428756,13.380552109580883
1008.8646784357876,3.5607094629112552,19.587395574774487,12.647439834772811
1007.6699181401426,4.434791751382029,19.733545156237817,12.302412345653224
1011.2928141167506,2.9656885351286526,18.575434973346585,12.832846713950993
1012.5836082563686,3.7596552894168864,18.97703198540072,12.467512711752699
1009.8772329946635,2.4363230425622513,18.628933509787565,12.785761096376886
1013.2851904381231,1.798084214801957,18.236876311772114,12.981314836988112
1012.4096664528113,2.165017573545599,17.85278648599395,13.188278648236942
1013.7545729597093,3.028288384347194,17.596894332488315,13.340175737800134
1015.0832569470164,2.0569956168600374,17.999981680139943,12.976448234902133
1012.7393450892279,1.2037803123160673,17.387581568354882,13.30409800216268
1013.6649313089821,0.4281473371771556,17.098786581696753,13.337488757890943
1014.8483368614425,1.259660455473874,16.73172501805866,13.490034187061362
1013.9653610341984,0.36972126249112236,16.503234924881433,13.6713021718733
1015.0704114601715,1.0084565301869333,16.351937154447512,13.728211786322987
1016.520678752824,1.853038932937844,16.100129032460558,13.773604967080626
1015.9197974627804,0.6797146795434506,15.90291659786103,13.814013868919462
1017.178433742656,0.05502813807090767,15.741219599633208,13.900644337118454
1016.8393266813938,1.2870746517661873,15.520831653733449,13.988386131428944
1016.4962617239698,0.4691551863322889,15.487587507950627,14.001079243586414
1018.0001463922628,1.4268722591716658,15.41967136274047,14.02134873312342
1021.0520614508222,2.08565811531913,15.234211969346102,14.047082608597046
1022.3162880660606,0.5802537324891226,15.186256099098706,14.024817948964092
1021.5122573397476,1.3670957775639199,14.872646280400325,13.974376093998213
1022.8751769335039,2.0512575217130493,14.790710109931968,13.920152155947147
1022.1434988964857,1.4195668890155018,14.71010656635364,13.858738175217974
1023.4704652514986,1.8475641282767947,14.633538301060566,13.806651150709213
