303.5,665.5,22,37
301.08950003223424,663.7831701496128,22.03753645744315,36.13706889572073
299.19575639821556,662.1645849785432,21.931827619523506,35.92756083782019
297.53326223078744,659.9061480421605,22.010662122897806,35.6714645110008
296.55461627239566,659.6755887154521,21.906777262795302,35.52097322865686
295.64932859392195,659.4645906917956,21.640979996299173,35.59410039927435
294.9134072669211,658.1118044607715,21.8180532439821,35.597085495218394
293.72194497099815,656.6834844448733,21.733137641125914,35.84860963651188
292.9006415829047,655.6302771683979,21.457679823044018,36.218605465402575
291.8740639340845,656.0498794102475,21.4299525713985,36.552860749998715
291.5082914015772,654.6400219119985,21.22140310583074,36.80072806926586
290.0542030538038,653.8257744990325,21.640889425095832,36.03166921287054
289.3609446410033,652.832846235878,21.519300019007304,35.92249590824693
290.94197406094213,653.1383007786469,21.24230792679506,36.08375539942651
288.24928723662725,653.1695259477253,21.402141891129148,35.93171126334748
286.56300864379546,652.0707303077711,21.284415587565448,35.980754893872486
284.75065276505836,649.4209044174428,21.207182993843443,35.942256173277954
283.84421584267824,649.9162486991576,20.960305566402106,36.46420212561063
282.7747577192364,648.4582491454536,21.029349433982873,36.124546659578044
281.80710273590415,647.5669671675911,20.982493229573418,35.94996146731572
280.97760427419524,645.52012627439,20.749936154997723,36.0727911171059
282.7625479104568,644.4751208249418,20.73747080515833,35.663131748897186
280.38388599661073,643.2729435373726,20.798788334785343,35.35296420069882
279.32200230808155,645.554268591651,20.81572463808262,35.25693310688207
277.8189259288241,644.1736728281658,20.96317664433925,34.94255524260195
276.93309458544945,641.068579927983,20.9024944414477,35.476059524412676
275.11216635339207,640.2271515379662,20.84634379878146,36.37317527327651
276.9111972705805,639.9912940571853,20.754786500079707,36.44182744420597
274.6875565370166,639.3860252024888,20.985430355818377,36.22766787366887
272.44799913650564,639.772415453907,22.791101839426894,34.975898037918036
271.66888569565083,638.6906933953446,23.6013565307565,33.49230774838085
270.49294263996137,639.2314916380902,24.378722769469974,32.458214153118874
268.87313756142817,637.6459927452995,24.50839072873673,32.19437197478727
267.47048249126163,636.8072692670634,24.66112299202511,32.26453164354756
265.9344849887444,635.1387864622864,24.781365572819475,32.11603887907819
263.99482055656125,636.5447256680426,25.050324993292307,31.78266822475255
263.6071239010694,633.9596155521069,24.87523814117863,32.120733228962784
262.5902368709894,632.7611919514226,24.75851619532674,32.492050807299904
261.35023462353513,630.7142394393388,25.02926261070636,32.17592355912848
260.3005157518746,629.857739574157,25.410829522537806,31.851532580568854
260.13984377456546,629.032891279225,25.646457833094566,31.812251690497938
259.1911614675612,628.948746444558,25.871575275701137,31.643898349454254
258.5581385097262,629.644735692807,24.410730627406345,33.20654188321451
260.17231886214574,627.9555365284475,23.483538602758223,34.048556106250885
258.5801678623562,626.1777832858547,22.818041446148467,35.120165382269136
257.2021209739004,626.1308195012192,24.059486427932086,33.93805966926018
254.96230293397937,625.8369735844805,25.00969116469553,32.92770591519793
254.05249802583174,625.5443578673724,25.60076866669027,32.56692801151206
252.70597458125687,623.9442836098481,25.620424213676923,32.788929258265384
251.82048916589818,622.8560942727595,25.725807499953092,32.75476191574945
251.22772901500753,624.5609146577463,25.930777989417518,32.00823807769126
250.39168035964613,622.488684847187,25.94839794227591,31.654158251025436
248.96773675168163,621.3882395019973,25.8228511867999,31.61495857122647
246.37684378540703,619.4806786516081,25.973272678431087,31.49789366845883
245.06954145761927,617.6370047787789,26.199779094107924,31.087236596154504
244.82725634666429,616.1066611616278,26.213964599030298,31.110351684994583
243.79133763803898,614.8980765210847,26.294556269668384,30.773442101029545
242.49940326778423,617.3912459476087,25.90302456233241,30.896296096187257
241.9328268257628,615.6012780435316,25.85065512848896,30.844456525160442
240.42380949301923,616.4483106989481,26.03491141262841,30.60962795539334
239.50983230279905,614.4427024778931,26.119952904541854,30.77813795562413
242.06944091940667,612.4062766304294,24.52913609246918,32.27275688535377
240.26586701044104,610.7438441590429,23.544746911651643,33.454434305238784
241.47676649185283,609.8170891819831,24.2696716960815,32.804145774555955
236.60799498380504,609.0914165164165,24.64390389827324,32.52651139892492
235.46106620517497,608.4876058367477,25.00236037349452,32.07318185913842
234.3637111032868,609.340126633249,24.024357774383915,32.814481303885984
235.05870533775064,607.314012172099,24.78166334995086,32.301325361379035
232.75806863250048,606.4315906135694,25.37376575138747,31.61129205555615
231.53202039850416,605.2945829011728,25.25911956076501,31.474083115114716
230.45999943303892,604.3003378279637,25.427949632946067,31.27176663425947
228.78195116614125,605.6659924835853,25.68686603864386,30.994899347247163
226.87886984504885,602.5249793679724,25.33583883478984,31.24249841248787
226.1170671850699,599.6830431260094,23.746093286522648,33.04721478374316
224.78731575608154,598.2064834265708,24.472259171309094,32.56314174258725
222.7529470232517,600.0439547743546,24.881621684652462,32.294361785819746
222.08358921320232,598.0768081523254,25.05950549570738,32.483478237733465
220.65793275962574,596.640115019323,25.489202325437418,32.58720665347248
219.87776709808793,592.3484806886335,26.052250785849786,32.27386696219062
219.43658818527618,594.7484589399533,26.12159762085362,32.52343381312771
217.8924607656398,593.7997309843145,26.541178467969385,32.37920462003503
217.03270879573307,593.4258081903713,26.798470798896098,32.08646397478244
216.47230912874463,591.9897339211489,26.933728133532973,32.25822050539958
218.6530730207403,590.6579579777789,26.88695006725405,32.516287000522645
210.68809917073634,591.7522607752786,25.452403443531452,34.05012069461613
213.54341999904196,589.9655279876239,25.91908274410406,33.89643606812827
211.61554655545763,587.742042663788,24.944073920670927,34.739552774836305
210.8442548602989,585.2378866809992,24.03074972775171,35.92469312481336
209.69693983929696,583.4730696144882,23.486501138163735,36.56201401587664
211.72249359643212,582.0849041254493,22.93346529442568,37.23346919096067
209.48062621573837,580.7176325460813,22.615023580288252,37.35622812995477
208.18786294828362,580.7728545620788,23.59080461272586,36.35858904724339
207.0102102062654,578.6671363650693,23.075411406347836,36.94597506246303
205.9550137795652,580.3074011329037,23.872943174810178,35.91918846006743
204.314815004943,577.0479538589146,23.319400694910325,36.153452709431136
206.6751671822506,576.2172328072845,24.195289720269514,35.3397432738426
205.0062858810006,574.6223642343267,25.181770918274232,34.85237451613258
200.3370029009622,577.1738962202822,25.780410540155213,34.21375327417147
203.24729848478665,572.2032046402899,26.066302355141847,34.038827268201594
202.14310420238803,573.9380348687426,26.32748871428109,33.96075549919286
197.41405857542787,572.3270820116685,25.430962849366,35.12126866764096
196.44622841873803,570.3904215827855,24.70378804159087,36.06882544154474
198.52469244845344,569.0511171103548,25.651916744855388,35.32010341564208
198.00914565060782,568.0383361258585,26.461261109327335,34.74450867305634
196.3071804937661,566.3682425177573,26.910597764563498,34.42881376912631
195.03453936364897,565.3890839037173,27.45511589325172,34.31729271176012
197.56531682941258,563.7657732730556,27.580180243493338,34.124435337295296
199.27172958560425,565.2141983139193,28.11856451466405,33.61556690878165
204.82631688745835,563.47287976914,28.39006141211554,33.3252557332643
203.2040097834209,562.0332817373901,28.49260890304257,33.19541024898898
186.7702100591919,559.3225764905351,26.97914679754551,34.86468475064881
186.3284696006021,557.9592214555355,27.32910457238735,34.504395404296794
189.59813475965765,559.3957051601843,27.363429382755207,34.50283455017484
185.17906773085653,555.9836950905516,25.940967165027864,36.07899139674625
186.9733222021947,561.3147098352765,26.499963982544408,35.56621956720857
185.35339029232549,553.8399154271125,25.693371465307727,36.9730751910926
183.73204849124275,552.4896454901567,25.125016573363077,37.73297723808468
186.18929874531776,550.4781557816934,24.645109265896657,38.582461123928965
188.4540928050202,547.9590601969155,24.02684540911082,39.765544747632305
194.42848927335464,547.2247411700353,23.591943692534677,40.517031874802754
184.3000725973646,550.3910792332165,25.00328182051577,39.049732220913555
190.97746368279903,547.9281160543982,24.641013306263098,39.58616797414946
188.32414790801744,545.7876010296385,26.031049158423322,38.17634585844661
186.504650297728,544.6366194293953,26.97111053920425,37.881771707324894
184.67750656355852,542.7846145267879,28.096730796010593,37.46573346642758
187.74209027757053,542.1791653797965,28.635199762487325,37.28446025829693
186.48311303659676,540.9928749077235,28.98971997739077,36.98900974835663
189.2904515153272,540.0170170099586,27.308338985124657,38.43405363836888
187.91810094379397,539.1425292554417,28.209944587190712,38.205318900363025
185.57623764487644,537.8425295411502,28.639199882993307,37.66898486336986
184.91338489222483,536.272535763528,27.367161161840865,39.25003999502247
183.13318286643843,535.5259876506468,28.269830819340136,38.6022630270441
185.85147414088698,535.1722958554835,27.20115770190057,39.6724025716361
188.04868158162623,533.2071979675837,26.56446758238495,40.087236799965765
186.070764488892,534.232115644032,26.143936583069518,40.363544235002635
184.44398269045536,531.1977147239511,25.832583807643566,41.03588125048777
182.84915469912298,529.013345847738,25.82448850666271,40.94871785697878
181.81359981577887,527.8962716259567,27.11978779323312,39.65720721622146
180.45338145330064,525.6115214998937,28.029830707917377,38.857390413599006
183.4345683932098,523.931097760491,26.926037417393495,39.525632396951615
182.01407120800368,521.8783294797927,26.184607385568768,40.07841550986183
184.17179856343765,520.5108228862947,25.510518679644676,40.432045277820876
182.96320385266995,522.8155747903352,25.20610971441558,41.087793583082195
181.9430385846687,517.6010150413001,24.6918221302246,41.13123383615717
180.22574389826667,516.4926387982196,26.034185236167684,39.918920379554095
182.70301837804544,514.7521000231175,25.371013821013186,40.35520408553516
181.25187382279432,512.3867180741923,24.94081892463376,40.66219183363576
183.37389278201152,512.1755332022186,24.106764164310917,41.4756485135801
180.7346003776986,510.01568095726174,24.34864681686986,41.27645547007718
179.39878379777826,508.206298828003,24.017427536830127,41.61002533162196
182.0271172337237,507.1985751684209,23.71188056468906,41.963001714010986
183.6407239102878,510.6175441782371,23.45227637865988,42.10815647926016
185.3048719653391,509.5106728532819,23.157535537798577,42.13762612463867
183.5569056527195,504.1588215860986,22.988681824231595,42.02942565912734
181.89192112890026,503.1377820501253,22.957033783552227,41.96968521584577
180.16808695122847,502.11575472189355,23.115075302119095,41.61100320849087
182.12070524788902,501.8858396586303,22.661851486126483,42.04735436694845
183.89657919620322,500.4277383716039,22.639826280080335,41.80264466568688
181.73626652500207,499.62402599062284,22.928835411545165,41.239476165930185
179.9337423629418,497.1666072819316,23.026958868035628,40.97351505273416
181.31440207891356,497.9783370565651,24.837044370021594,38.975695299724094
179.72350479371366,496.05585705360113,24.50031405524379,39.26498480585047
178.0393765764283,495.0587419182771,24.23930780403871,39.507944186262534
180.12579925829533,493.82068511541223,23.818225784115747,40.22570503549203
178.69133260573818,493.1467300428983,23.543988255642383,40.2351475825585
180.68889453757095,492.15109220060566,23.513197449380407,40.32557773949482
182.52474688011696,491.92426329663283,25.040137402349885,39.22708434428502
181.0237949432755,491.7484624536235,24.60949084573494,39.451162026917174
179.5289768973324,489.30276426864486,24.224261167281192,39.8261828551874
181.02400123733108,488.37927121820917,24.017918675485735,39.858132897632906
182.38311602340772,489.97076401828053,23.788911629882783,40.02218961964899
180.78047429850244,489.54301004986854,23.521789884457107,40.24940535352347
179.81833131692193,482.99780591781234,23.279994180671736,40.15322151558503
181.5231737464636,485.330485788258,23.320066182321373,39.73212685419208
180.2565776525648,482.1300153009373,23.2984309184131,39.566173774420584
177.96916566464807,477.606355480778,24.7205661525626,38.38903472028113
177.38748027317507,477.0534934229851,24.089807087028362,39.05840926511577
179.37429976664984,475.6972199817333,23.948703843792202,39.20425235123259
177.69471089596615,474.50693133987454,23.418949357071195,39.69887859277486
179.97206870359258,473.9995550759321,23.00741745000927,39.838124242760614
179.08381361310578,472.72575768652894,22.778499316773875,39.38713284374105
180.75672823808904,472.7972455838568,22.65813870236646,39.56568390431568
179.22840546460077,471.8478318294708,22.429565772093845,39.43086626004196
180.52040102358043,470.1552115883936,22.37621215680481,39.37732905703091
179.14043603050013,468.76765211099763,22.032827743246184,39.25990183491256
180.9383218207815,467.443769908932,21.987953522531434,38.8865385382381
179.36197650927454,465.5821078969806,22.050936055716853,38.507206197700064
177.9426344564265,464.78742684699114,22.143118238805528,38.386812996203375
179.576118594086,463.5455462264676,21.864201377976254,38.811439753913085
178.06110414405714,462.8456199661911,21.808150918979443,38.882050521841535
179.86707861479474,461.61950151612723,21.659897503627292,39.154897706774626
178.86964624544058,460.10633668608347,21.3908815126603,39.234672944483584
177.85899915967852,459.34127227580734,21.379601268977538,38.85378804261605
176.80332563010933,458.2862087471808,21.25126756105657,38.6696276567082
178.71877103230995,457.14665911189775,21.151244142519598,39.091196691030014
176.73235944750726,452.1547297848892,21.323668485525822,38.66440795277428
178.98392196816272,450.9908042820143,21.27284828430284,38.66384833306624
177.84965770398293,449.66065537413135,20.904431326593702,38.76696550575046
179.32505762075402,449.8994828481574,20.86823591848179,38.26929579481999
178.13166979118859,447.57310744097816,20.947090883261463,38.10305351759516
177.09748680856006,446.55365572997624,20.849574976341376,38.430787100693664
176.29099182154977,445.3634390504054,20.894575362578177,38.47084241379959
178.03889151661318,444.855619590647,20.900103725518342,38.68760695511212
179.25189902509496,444.88994982808646,20.754156390821027,38.97023765989017
177.71360825501083,444.18561438275503,20.741991860127484,39.407531595043764
176.96819829441637,443.1309461556177,20.607014151959987,39.27148001831251
175.580165237301,441.63400489880354,20.670833132935723,39.53909638623476
178.06268725747887,439.5537249144242,20.44637298921698,39.79122291764601
176.94539551716835,437.72904584870685,20.489765034977772,39.65565391933522
175.74886619008623,436.3503420851482,20.368665201822044,39.22892529418501
177.47029182305505,435.91553954872194,20.444962762483556,38.57124538721736
176.19885298588065,430.6344640997645,20.451874040500563,38.7216693335331
174.42906103514903,429.0329807742508,20.492986681892976,39.10170946325923
172.90722731471487,428.07727774012693,20.4819644769941,39.65212321907565
175.5208064167866,430.4305122082296,20.413632624016415,39.23166168719769
175.04129087267182,428.73539767927184,20.442144846660632,39.522752723644075
173.5146454275144,426.4765963072955,20.539994977316663,39.70044496039458
175.16408316721612,425.1077478874166,20.461067551273224,39.68666122077617
176.6219645976575,427.73908523173105,20.401441012411944,39.8434544581727
175.29970423377094,425.8149887971028,20.567305209804836,39.79565814781807
173.40368808375064,422.51738293063005,20.66238135216113,39.78554847344538
172.2308162573195,421.4792623577107,20.609244284884824,40.10363272364655
174.28984137890478,420.76250967173917,20.366852076992593,40.541191330643684
173.1330828846368,419.29515577005986,20.176884101157867,40.75601020844985
174.77234049351603,417.27827605864945,20.428401756553036,39.8063649948876
176.52652437833396,416.5931271062146,20.613412912240697,39.388199545646714
174.2639081510748,415.1167436929632,20.719122604460416,39.254136232989204
172.82314935871992,413.27772438522084,20.678587805747306,38.9898797740111
171.62955247079003,410.3330103658782,20.640329110827672,39.02551085377305
173.80975679039628,409.72002301126696,20.468794716305148,38.631573177054975
175.187346857304,412.1498424775428,20.34520447201607,38.77770206676892
173.80239809094937,410.5718149779659,20.280827474314535,38.699182509572026
172.2096782801797,408.3196118018425,20.421126591016836,38.45178021847783
174.10274533928356,406.78498594620913,20.10100137440523,38.815295292628996
172.49034402931753,405.3869156268559,20.25358629147165,38.839192193161026
174.11705499650213,404.5509678153655,20.318718520081553,38.7371259144771
172.21637901172454,403.7124080885324,20.174984010449744,39.078791023393805
173.80244203108344,402.38838513835395,20.099757957999024,39.2074306050862
172.41383582645003,400.6875250660011,20.18729026777856,38.47510276471496
171.11844452920798,398.8158824563829,20.057503966922695,38.263271711978774
170.21878818793243,396.85279908870115,19.829808115995977,38.48470340667755
169.01797479716632,394.87211809738085,19.97302992735918,38.117893659276646
171.6376435292325,396.96296075431695,19.89043455917407,37.877258398047275
173.24762587463678,396.1377973054973,19.598551142398072,37.98376694107991
171.92779532398404,394.1948365566087,19.73443688550348,37.52544968076997
170.62335985430582,393.0599039960078,19.651898713837003,37.61757398967013
172.0587719106577,391.9029452125984,19.73921878906046,37.74359983476342
173.3024834245313,390.810690915045,19.79254745694623,37.51119301315283
171.80002463191852,390.0880229906995,19.68967981725723,37.61781068595566
170.782802169218,388.75587895784224,19.569686485440872,37.26808403075345
172.053042167325,388.2673883355254,19.441421960494573,37.32736218328891
171.29699240175756,386.8609802393274,19.27460539494212,37.29455941244336
170.1083557364596,385.42634454214425,19.46681488657932,37.38257413108945
171.3947674263907,384.72811466687796,19.31964711012594,37.3153133215482
169.97104267353097,383.24374867450217,19.526122332626983,37.143638220880995
171.4783806697601,381.89468783670577,19.562692506397987,37.25315139313214
170.21060287205154,379.8204204157689,19.27684340630423,37.691507382924584
171.5456428317942,379.0536669364338,19.14112961764778,37.768677128078615
172.721051966411,378.48127747993,19.21004964110822,37.750136691797195
170.9745994725808,377.183665999362,19.314561465087625,36.99897846549426
170.1548110285819,376.73335000405484,19.12911184093946,36.90042668211419
168.28644035141204,375.3575983625926,19.160779600232136,36.88171755315801
170.42911595082774,374.8553172052684,19.049083434512333,36.557984398522436
171.5803417070734,373.1868285499409,19.180559934868928,35.875111455118564
170.32424666881968,372.32138808904665,18.83951762764834,36.04484230290205
171.74882716283295,371.27849464575627,18.906965450046588,35.92430008219822
169.8339212969241,369.7989057258678,18.9506374552255,35.80083298255252
167.9195408403946,369.02650029617627,18.866850779936083,35.49049433441302
169.70609175635872,370.75608048294464,18.8270145386756,35.95331458030682
167.83009116173878,369.08776193997755,18.899235483088198,36.11846433485064
169.07510768965884,367.3447467517156,18.9264665549794,36.479244848703615
166.88098774989933,366.494061172461,19.031515230427388,36.68419717348022
168.26693372115162,365.55499971786605,19.29282688975996,36.35233291912643
166.48856728516566,364.17478728698114,19.45891854926851,36.430368521557824
167.834745032217,363.12520742534537,19.64077007497172,36.10794602284452
165.6523087973563,365.37835001275,19.89122880644236,36.03626596964779
164.30766412916446,363.7318555235276,20.08272971356581,35.74994000096438
165.79218943163244,361.7752946389234,20.24113338948314,36.206940087051926
164.20376577103983,360.41142817422093,20.25608328978519,36.367870037941294
165.3265088214034,359.0983016005943,20.604874332536433,36.426555836714364
162.87192533853212,358.4261379994965,20.913913601288012,36.112127617271376
161.06605130393245,360.1331948631428,20.820951902192093,36.43260895032731
161.49492357998903,358.6258776777129,22.255477772060736,35.28822146678659
158.79514282019386,357.41351532080563,23.475392799646677,34.6387937109661
159.91084675723687,362.81762388730476,24.416137683205324,33.64150110799708
158.03581951900833,360.8285261719637,25.402186737070227,32.48156778120245
151.41177919193387,358.4945094498922,25.624295024886138,32.47927785345826
150.1262261046093,357.6577716892958,24.48152900524513,33.55702014930536
154.65065803912964,355.8003306815902,25.33241298471517,32.88130577494606
145.58717209330953,343.3969964027099,25.915237384900284,32.21174561871747
144.0479951340341,349.64019361500374,26.143325800521517,32.08705506681039
165.36341009628276,343.84553109995306,24.38716399736206,33.43667119646014
166.9353176968011,342.07397403649964,23.10646613355224,34.36931765101893
165.5829035166959,341.09704895865815,22.14598315724531,34.85186172111541
164.14973695943468,339.5394083493181,21.411245867714996,35.210060954321904
165.59631922114409,338.82709868607213,20.89092627875972,35.44947076810322
164.23866830516798,337.4428286645459,20.419618127267704,35.57248797828514
165.6321765760864,336.64955652805423,20.120746698422167,35.66764178457844
164.06153402887358,334.8699290171366,19.734692095963695,35.54258374756057
165.37698215913284,329.91188977716126,19.424645492503867,35.434756473421864
163.84371434156898,335.0475639782517,18.889628164374766,36.613062650403656
165.3205382044088,333.1397464304696,18.774174093709192,36.63327471511456
163.0778899455913,331.09844199122006,18.745836406479683,36.777679543549525
164.65619847940928,332.532531402767,18.60461021179902,37.17541778321503
163.38503859520077,330.7255641315111,18.615592242178916,37.24044933729309
161.54345305240687,326.5737674787468,18.477275424171772,37.01917749237001
159.87404863953307,328.3186019395014,18.47604952663749,37.37000677986042
158.21651186880263,324.0190543487155,18.745570099119476,36.29612165289949
156.78039574335133,322.36551528749214,18.647586552597748,36.032664353974745
155.61577426343095,321.1083924328246,18.29806373866535,35.72204686789054
156.6107687547735,322.76236936767185,18.37212709934878,35.071124057461105
154.58558878007742,323.717192030125,18.410905151005377,35.03313741537809
153.57620807320882,321.1805621573416,18.04149775294448,35.08272601073726
155.03215591857355,325.4800174455876,17.873823034276167,35.693571331767345
152.9399003242123,320.0389117424071,17.837452284064362,35.777506790557425
150.995977656206,317.88366393925673,17.775722434301137,35.482439233100905
149.93556807106228,316.4979504889446,17.496520289967645,35.40623157981592
148.61477941084135,318.44940473228286,17.409424152310123,35.750717654906886
145.7950959755572,313.67973782914925,18.687542529683867,34.07756519408424
144.01321647914875,311.5479448352364,18.63238691831372,33.81005233928905
145.40336013433705,312.54222918382067,18.57342429017285,33.69697204257989
143.46793698982464,311.03296218317456,18.372802702763344,33.536035027941935
141.78855891259988,309.48306401834867,18.438343582402084,32.95788788949982
142.55480803590578,310.41218264555687,18.371435216733556,32.92411912854507
138.09449576138562,321.2700253424309,18.251917706447724,32.884808170221746
136.2157223617059,319.6723920164562,18.218105796471843,32.98094872163112
137.73964757023526,319.9580415735923,17.944749312137134,33.27348011416038
136.72455393561154,315.6104965514877,17.628175593149095,33.72204153288138
134.84862193007137,314.7544805864976,17.55863180927702,34.02283538855888
132.92352338199458,310.50651836541573,17.555891922322065,34.041980846652756
134.05430554166452,312.94609123786864,17.661490784287118,33.88155792202891
132.0364183094256,311.08399804025294,17.70163641499418,33.89567466088831
130.52980492116802,312.06416756923215,17.724001537227764,33.93543406980302
128.1811616718866,313.0234455517389,17.824929259698102,33.58776078282139
126.84420627849201,310.512535238262,17.97814984377426,33.373680054031865
127.87377771083146,308.94134213908853,17.989043867217905,33.3876954905075
126.3498931380438,310.7741169455578,18.075624458029424,32.86034711429376
127.44076850357726,308.7800086594634,17.959019934771973,32.87464405643191
125.456884383437,306.77576478954626,17.85831245178587,32.973520571137975
124.07578141943239,305.28401177445863,17.712339096653015,33.12206804799902
122.41810288938657,296.65245562838663,17.504133725409183,33.259678707452565
113.42173290046242,276.5459305929753,19.69602760340399,31.141422320755726
111.91191212784537,275.6230270157922,21.617966287805885,29.495961317162934
110.6355527840171,277.0650915959069,23.063183349447723,28.289275184429982
109.20983109092666,275.60594790656006,23.76612581628656,27.488758203687546
108.4517791742393,274.89422578044184,24.64991764986344,26.596080877707383
110.08917986845057,274.30534576833304,25.473415287930138,25.928836820199013
109.29914524296602,273.45520707541635,25.90532288919528,25.292074020103996
108.33351827468907,272.55870394018774,25.90805054343868,24.987592840915188
112.88515490024557,271.53237589456484,27.678541330411626,23.469778122224504
110.9123005829294,270.6636387003133,29.08351472029299,22.233679302872357
110.93461999083405,270.0049481020221,30.303359713954826,21.29474932124726
110.03578865193771,270.9525538925799,30.893568425606766,21.013097701450736
110.93462744858931,269.22336232394673,31.439608884213957,20.695652477205854
108.54926748396187,267.7298319566439,31.805422063743507,20.382744492329024
110.12585292205085,268.513591425474,32.21707624554891,20.248525215351584
109.45791396662953,266.9374006367908,32.54435189484828,19.925030699807163
108.4188221631917,265.90883489556614,32.80315569520538,19.466444675847836
109.03559593640527,264.29892763024264,33.01331776067095,19.112619575223427
107.79279210594466,263.099773863449,33.08539626395364,18.724599031494456
108.95211807228864,262.07742721530667,32.981696084882,18.296720239537578
109.88046238839966,260.7426904350483,32.85369533508336,18.097048406682724
108.36214651306706,262.08946855496384,32.862534631982705,18.032005741451865
109.67293824762882,260.4682053272256,32.9745307984793,17.87272107403408
107.4781628489161,259.2475777254835,32.910863135821714,17.68993162076469
108.17329141508942,258.0986950756342,32.91682919092167,17.490557704993837
107.32481046565081,256.89765272638823,32.581543069626775,17.355806017758944
108.40394006477787,255.9789892129429,32.515369709690525,17.032077002932084
108.92657427535215,255.16796126346387,32.26906626580636,16.76907449887502
109.84213283543058,253.71020019313036,32.054470742558095,16.596346002487564
108.5613700766771,253.1395374216739,31.90584649505042,16.22193484629615
109.3330922929361,252.41957344797905,31.86983666908452,15.845519724609357
107.87203588067256,252.15670767948225,31.739188415730748,15.550270355116428
108.82858498193208,251.08057286407322,31.5764735902869,15.303246086398357
109.83845219371612,250.5455316243245,31.540413573724116,15.054650782883392
106.79699218091602,249.80666838411682,30.855536129231545,15.148779650917763
106.11052453876087,250.95224128387716,29.745608702589085,15.978614352572016
107.85902511792976,249.35786892638032,29.77124467308126,16.018324805862203
109.17560066365394,246.02196664301763,29.79365765138083,15.63735685061494
109.67663439204081,244.90804209529912,29.886440973186804,15.424925508582458
107.78600285152979,243.75642737994247,29.813487478586303,15.202505630137486
108.69255493389554,243.14308138050666,29.561921652515984,14.928141434703651
107.70639780746426,242.47063481258235,29.514256190031254,14.7575076797976
109.01914148148285,241.59236323507625,29.29070489622381,14.520504229699627
108.05514224585252,242.93673696806496,29.24881754137361,14.405096226002472
108.38500252723898,241.50333655506833,29.278354242737972,14.258202050393571
106.87922942121898,240.1431946498757,28.825808915395037,14.307505168868975
108.05386775113855,238.82536669930437,28.61160544052293,14.264807045124588
109.4955131918799,237.8640066884216,28.509660403309063,14.04004824799669
107.65887311547189,236.80941616955005,28.386973454074287,13.890679595493246
107.12133357927314,235.097126472273,26.743853511808073,14.881748924968582
106.92224472615884,234.40399102380496,26.876985008939776,14.400447633527277
106.21253973961905,235.07344949396077,25.698511757532067,15.326989038628898
107.6211672934408,234.41089322444205,26.235565493501205,14.682744087126748
108.79727854306229,233.190145630315,26.476121438548397,14.446291754171197
107.61943527176767,232.09673003712606,26.57526601374567,14.192418118008753
104.90423544337527,230.84012915996806,25.319315801756066,15.141773403399252
108.90269480728873,229.91980653814926,25.70824798030122,14.594053139910992
109.90191680156188,228.69696730447671,25.88715689702835,14.356079206285658
108.2609180143737,230.019469919099,26.04742342854278,14.23706589369754
106.74503738460979,226.85172982304195,26.181111014822296,14.04615839431388
109.69943395414685,225.90884832892286,26.374802101974986,13.907097716933151
108.38550505142564,224.95693910970977,26.24776970394147,13.765505760690742
104.68608801079942,223.19533680260562,25.46233292642923,14.351537246770977
104.09833948942843,221.58215073106732,24.744204828981122,14.929692665451844
112.2986955698649,222.64198757938877,25.19038597865502,14.49370605968268
110.27190564212863,221.55423354748612,25.347485273824834,14.175683134794703
111.26037340774019,220.97659134437677,25.832194153688775,13.830851192746795
111.77418442969919,219.9020012825444,25.955058340620983,13.66259629024275
111.83379722131943,221.01336919205576,26.080584747221966,13.521036275358226
109.55682143365783,219.86967266701834,26.389621314000237,13.320569122643738
109.4094983183239,218.9046610804359,26.78572984926022,13.072458808107234
107.58817650047419,217.46569927896712,26.853736787190496,13.047032534640962
101.96248607401077,216.12079941278145,25.846089205363903,13.802998429503134
103.66209289311738,215.0155111362221,25.322271818829165,14.198039437272685
102.71195350827259,213.53466934397682,24.86578054991402,14.512953974979855
106.26358124253794,213.0372470826782,25.161975383507325,14.30755812396565
111.64971271942808,211.91691726513125,25.497140980447263,14.020043835567094
109.56134993008651,212.71542118829444,25.648999024492948,13.923391113714287
99.01463668966701,211.5433417122354,24.68140179317374,14.564146354513433
