292.5,90.5,18,34
290.72409796058423,90.54362092048385,17.653072370304876,33.59800134836717
289.2497770296266,91.57257764160276,17.61749348904083,32.80870339036702
288.626044313837,90.9825485015381,17.76124743475732,32.453318126108506
288.54156476491573,91.80934494597295,17.679133261563702,31.948863449442783
288.1461974037265,93.08694792742541,17.6523139869024,31.409198086360867
288.14269878441934,94.94209095004719,17.650004325313542,31.0485879349009
287.2255772096252,95.60953866681112,17.67536011242153,30.66528864223453
287.0254990628228,96.64788941820318,17.43227571579504,30.5205441459049
286.9038114071848,96.96678786678633,17.300978435384934,30.496265009969044
286.32736152039143,97.9124740839108,16.95903746781405,30.796036326864545
286.27133267593655,99.03760258199945,16.722092884833174,30.97069249864072
285.7433866869071,99.53708675067679,16.42377734717549,31.113432892937332
285.81196515338564,99.95067980607939,16.382511845192443,31.16800237257099
285.40935323461855,100.77842209803674,16.228063648939795,31.219354250677142
285.11565994647117,101.83619454899925,16.282558653712865,31.146964065243857
284.6528220553573,102.24833311586897,16.33646810712894,30.969628593339124
284.4349821666003,103.35803389597794,16.610676040923355,30.36470693252761
283.8630608449341,103.95872693131952,16.660380181181143,30.174128376035128
283.21446523308794,104.41908474850965,17.0469464835517,29.80154951238011
282.28908762451675,105.24766193079716,17.386041840083102,29.22523466253744
283.8757403277354,106.26977232608755,17.533758944174373,29.004645754624214
282.84575947932444,106.6639227670845,17.67945226655324,28.78938273540802
282.4189265054472,106.74329932096326,17.72458299606882,28.863271786516425
282.2421985322706,107.26888323240829,17.8201790865318,28.726913131011482
281.4888213610567,107.88466330434915,17.849474355892845,28.65068424113519
282.90136404095756,108.98003615749782,17.748763528790732,28.487751731020104
282.087083234651,108.91696488462809,17.70103784796967,28.6605207067644
283.4071504757058,109.97131644793764,17.601513202438433,28.543321772497592
281.8494543061082,111.82216569955634,17.66314787409209,28.687835417926575
283.1068318959247,112.24895541367984,17.609956520066447,28.50305473435808
282.16567172029744,112.25461191960355,17.59141060125573,28.211433237479532
280.83480159176247,112.9292579907943,18.545404829425426,26.880328562106868
280.25114764033583,114.85039279113798,18.480196681940036,27.1338898787779
281.3413821737394,115.1297522984116,19.280462440267108,26.293687750464912
281.97016190582576,115.87383806664431,19.63363338571657,25.795131475554225
280.7341182170422,116.31190679218194,19.769747977334085,25.11155888446528
279.48821803510066,115.7166378840853,19.834538997116162,24.789910292615644
280.85940001295654,116.14372952566208,19.815857444968845,24.133565300987918
279.87552144724975,116.80138265507262,19.659582794232147,23.562327485942024
281.37251211383153,117.72817254769264,19.378969638482555,23.2500882902253
280.4697597986363,117.76655388703534,19.096663990934193,23.131221520044633
281.3784189677307,121.01486902056256,18.780019185231314,22.94362417001289
280.6667764225965,120.8921291888378,18.675575837122338,22.72779887082736
279.831634862628,120.67976944233689,18.461412097699615,22.628188045855108
281.2282731409528,120.99694432967812,18.117794888584136,22.17176361945451
280.41178090376894,121.03911885365882,17.861205788885755,22.104393002986132
279.7427128146999,121.33125914076479,17.683327033437667,21.865484986414273
279.23176041950353,121.61281211466573,17.47621575823289,21.577477273027448
279.5907996519503,122.16236462308309,17.28386623430305,21.246765534314676
279.40330625439105,122.6135861235397,17.14020142476915,20.988886923583955
280.55513759029964,123.40011362885892,16.957654675879937,20.802843798588523
279.7468700791596,123.80990061878816,16.87784246152671,20.540459760136294
279.1159442004012,124.30309581697092,16.638838415553753,20.314594232735914
278.9215029028979,127.23291955323816,16.599631630296173,20.075023893380145
278.8741264377548,127.74350501964645,16.260317162272575,19.96936480710594
278.41056938630226,127.76733179412746,16.048311997713952,19.72128099903538
278.14746277490474,128.04596027957902,15.975552065487397,19.372088777969186
277.71284060273945,130.72218855002956,15.901807716103763,19.05096282254785
278.77755139804384,131.20611604199064,15.74462526219083,18.845499405855918
278.32589914797353,131.8646022915501,15.655317579237517,18.45684618211614
278.0677406352763,131.97217157286892,15.447784354387696,18.35850252603514
277.6502739418407,132.779833190877,15.478977537878471,17.82333597394076
278.6767248707728,133.33004407531843,15.437617285010008,17.358826206190898
277.59185728602273,133.94347175288718,15.377026040401848,17.01891431056419
277.2255948411317,135.70366210350457,15.226633168381209,16.918173911987505
276.6676002228291,137.04470043792475,15.248786455088585,16.9711751011183
276.44118228374407,136.59851132400468,15.36408510419759,17.038828535524303
276.3995293553254,137.79758563458626,15.292399274690801,17.050282556420463
275.93696059204433,139.3575234222647,15.353971535120547,16.984622412276973
276.5691837973246,139.62473244841965,15.348696848879378,16.8805975491589
275.9852811136262,140.26029068621474,15.342461541113043,16.564796603868864
275.6955574308415,140.40185735740738,15.305165818913743,16.4351740257248
275.1756649044583,142.18977140737132,15.320096330855337,16.587957633484272
274.84105866025845,141.31365255065643,15.17005179830472,16.526054669461995
274.73318002776733,141.37826171512717,14.930666326851966,16.536995157692548
274.67525410327266,142.74701961551554,14.819328545571317,16.74635111442316
274.30029918275415,143.14198539120548,14.699132106758356,16.641624188172965
274.0034901116269,143.27151938369875,14.41575480471511,16.721190694153222
273.7968687076534,143.37256080008214,14.232506573862757,16.72548596368899
275.2080364808308,143.7248294390035,14.011877532329777,16.839986540517707
274.35475397497663,143.62057799147513,13.93454240232216,16.848745702764436
275.4531941547147,147.88711685650148,13.87216350006035,16.752508983759142
274.5143959530728,147.82674876626194,13.720536699685088,16.915739003055062
273.8377174273208,148.5690236535452,13.743748630568305,16.76602547307167
273.1979713408122,148.5805224749731,13.666794895039025,16.814441585632803
272.7111163030091,148.79699569926345,13.6665561939234,16.968206126527345
272.0316062281202,149.1163128557694,13.682094326184055,16.81248003261449
271.4535061200514,149.12303676096704,13.664631879815564,16.704204078503317
271.137999150993,150.9824767260248,13.56987385433602,16.70178151533119
272.5152630718919,151.40364212193072,13.443416605418367,16.692088927617093
271.5132714598267,151.59806609504867,13.481422160786638,16.712512579243445
270.8561152025148,153.8366515048459,13.493976862910436,16.57961055847708
270.3603728853182,155.82321740702506,13.68607887029331,16.313893381193978
269.69309606086273,157.32896806880922,13.772470130402672,16.228020481316413
269.18766942498905,157.02925009141805,13.877482886059628,16.248373172224735
268.5728532849527,157.0791073983746,13.77480639690627,16.139036629865636
268.1607471371298,157.2451288700257,13.947507679044204,15.894150444275782
267.7950320800503,158.68890410811906,13.83755409760077,15.840518777979838
267.12918903626627,158.37292629996696,13.645419665721537,15.900693712673919
266.7523915123919,159.7957882985752,13.534994425479677,15.947854685168723
266.24300497968824,159.79823597249975,13.58354591181215,15.91448471025695
265.4033439416957,160.09803256136763,13.755092561886318,15.83658219919674
265.113034923643,161.54571666397445,13.99822287058803,15.723415284113758
264.21292893807197,161.45649779167996,14.051318633653581,15.585122410225832
265.29767191438907,163.29120386612024,14.10428174527419,15.494923880577439
264.7723071802026,163.49083879730787,14.158082223759891,15.333789952078241
264.2299614644986,165.00091998663106,14.194427374116206,15.352642151297456
265.2493756541168,164.95094616849022,14.13317453542244,15.39589199799954
264.58136865182354,165.12643228233605,14.308067052391472,15.399768214769665
263.90268303758575,166.24604310049483,14.351686940954696,15.48917464165402
263.41617200423804,165.96056279603624,14.45210797539305,15.43844318914692
264.846146533899,167.78596447150343,14.342505338266552,15.491819363587913
264.17495948572014,167.34910515520798,14.329887998619643,15.536056871300891
263.7651757258772,166.7954792258013,14.316279739916432,15.538063020694983
264.6683522057026,168.42941375823554,14.353957994979774,15.606632373261203
263.98630067689476,169.4105515556768,14.500983082090727,15.67677336048629
263.4260096613451,168.95767247198964,14.358157882812737,15.987195448263082
263.0501875219708,170.55991383725384,14.266558204995448,16.100667973243112
264.28515264877785,170.4277858744693,14.264276934383087,16.012683008547715
263.72361570591016,171.9709084455958,14.211851142460416,16.050883304679722
263.3414268768157,171.63639876466118,14.252821710939035,16.086139889697257
263.10461261600045,172.5516650509931,14.104527739588624,16.495472858491556
262.5319339557081,172.91084570986675,14.199760891777403,16.293277750918833
261.9896887666753,172.7206596058316,14.048552093054703,16.398101053854944
261.6485864356504,174.83701187445672,13.935333008995437,16.416755502505566
261.1532293487432,174.76321315890812,13.707206464540448,16.54625402792023
260.70653615736967,175.00524824700057,13.633133109032958,16.58117246104929
260.1032539829305,176.85370616226544,13.683553434969761,16.659646778682383
261.3229494770769,178.1288783447239,13.776425010382308,16.967456472221908
260.62289159516286,180.135916731156,13.847608369692331,17.114887305864073
259.7018616915686,180.48482693230585,13.881040571442693,17.113970072719436
258.7359826858868,180.24295146469265,13.962937080158827,17.09378495562344
258.21706480932454,180.06403804818083,13.951552867348624,17.157214762346648
257.3052713985507,181.7735320887801,14.035818695472827,17.12000086823616
256.2661282641656,181.19846065214261,14.182805039392502,16.940789097689382
255.34720882596486,182.70168374698613,14.425955142638841,16.854892062283945
254.41642679780333,185.46234058794442,14.753843170710233,16.86631086709225
254.8686706407977,186.57934192858963,14.93800892996532,17.100172222361884
255.2300366815199,185.4300508354905,15.146684240545966,17.43280070086513
255.88118201661004,182.46800932907186,15.204906542243712,17.608384320239256
254.91529612828273,181.01279759580484,15.153296093861695,17.64573706991544
255.98183170090198,180.02212834628156,15.241948743560352,17.374407188224676
257.4478744408494,180.9427805723311,15.085025483666747,17.449842795978228
254.19557406507045,183.95299334843955,15.084933203913575,17.59701549128939
247.09544085734973,174.7938588494261,14.200466610016612,18.864976261777198
246.61074078973988,172.3465007880501,13.338868324520975,19.65221281223306
245.9110448749152,171.18518846667504,12.70891201917583,20.443759950825157
245.63491807997326,170.03391420975555,12.192460646329314,20.96228661026349
245.30633728510307,169.99167543074765,11.840601073082954,21.13131252987876
244.8808341577057,169.96779046198438,11.527443261563018,21.0943569906039
244.2744088869162,173.35297913702658,11.493417324946808,20.958466792619124
243.90620541922988,172.75201217884685,11.434875563229284,20.606153091256996
243.53539532068,173.64832792265207,11.368707209475295,20.63635323435336
242.80459637631017,175.27370640290124,11.286787508645904,20.38739776463872
243.89128301551324,175.51094862752922,11.178235235107328,19.878455024597194
243.44389937418663,176.61289916732125,11.251211464942214,19.637235119291386
242.79862317026164,177.53760446032916,11.3037301012773,19.534510634235332
242.14903301653456,176.92678904438867,11.319622764345187,19.191677969908167
241.6216357297833,177.99564381556195,11.258667025042534,18.912004230402758
240.87781559740014,178.93293746149956,11.18834487220629,18.87096023915622
241.82880328656853,180.16114748770246,11.177142790225751,18.528701678144433
241.04997800061327,181.34845008115175,11.199370798583395,18.199294931797624
240.26189503201886,180.96387863681758,11.187111695527175,17.829880505593252
241.01922849453945,182.43109367729264,11.549860546738753,17.52433068701801
239.85441073605614,183.1408832919267,11.532958473678505,17.56252120929861
239.1263709351862,182.50745491468697,11.363563860864542,17.74408335947662
238.44848164460754,182.7462849430469,11.007333488927395,17.773023623095987
238.18225451922956,182.176056321608,10.71993485109917,17.983200955409345
239.02674531419268,183.7159925587258,10.692470642841037,17.86785942599798
238.33552325101286,183.71204789364768,10.432967976598174,18.06389519832916
237.9993484809414,185.06347822924914,10.236053986963551,18.201593294444923
237.35384066936965,184.48041015870496,10.128276866424178,18.35952616748217
238.34719544214948,185.540747971961,10.11485657219201,18.358915514801247
237.68831924511164,186.74038056131786,10.09232163850129,18.23417264062246
237.02665287763827,185.58184109161297,10.11965496567981,18.176681448730328
236.51830225646398,186.95438643167174,10.156387064160874,17.835830423153833
237.367190442374,188.09287591986958,10.249361076671587,17.735519137035208
238.52231603132358,188.7554150740158,10.665546275344091,17.35406383508668
236.00635753162825,189.36563833065088,10.57574725224327,17.50110272583107
231.728867154757,188.42745175886193,10.42019200287296,17.699871194115975
237.94657302129733,194.21190151573862,10.36183829896715,18.359537850101407
237.17319603567887,193.9292072021541,10.47712044555807,18.722630562978097
234.45302199966955,190.5575484401339,10.445444076811334,18.84368942384102
235.34792739733118,191.28964267057347,10.465829681176771,18.928057171572362
234.47110573003187,190.32692780420567,10.34393180560084,18.796006569072386
233.79202534213144,189.7756101323848,10.196387344013115,18.739308564439888
232.8512327145653,189.21815537352222,10.070649334069701,18.83734055015975
230.14949826916808,188.96159955072787,10.0593056600143,19.00860522304451
232.9039352349937,191.4665909965489,10.0,19.18511382081289
232.0723966769874,190.7292317300019,10.0,19.346469040231916
233.02857033535838,192.05836742799949,10.0,19.193095953944425
232.20204667478492,190.9616459801987,10.036267040080022,19.070900545789264
233.20040858543564,191.9788173694293,10.000363059209798,19.066680762704678
232.4227247647941,191.1603327197501,10.0,19.180558626630592
233.30297753436383,192.57867272255223,10.058209198752696,19.15393983738074
232.61901729121362,192.21809325468868,10.09920655311036,19.014308282003697
231.85290644291968,191.9055346229527,10.112167485576252,18.964511841080352
232.8303029355761,193.34880090261083,10.107795237529949,18.908650353770348
232.03679160325785,192.97211869965156,10.120527388174157,18.737302936225404
231.2755080345265,192.3801207468338,10.125271425546817,18.78871474685972
232.09577641579733,192.01214094329637,10.114046701426789,18.72773688826686
231.27410961143042,192.97539622327554,10.068718615633953,18.74977083056686
232.32280538603663,192.15068999388166,10.0,18.754542843645385
233.18359635397792,193.477062807571,10.0,18.829892270893147
232.38302336260676,194.73882303847125,10.0,18.87170231446373
233.36136613413692,194.38648990102817,10.0,18.653446097322593
234.2710485868156,194.4412614148476,10.0,18.418247657009825
233.3542702011764,195.23462761344575,10.0,18.22998101241515
232.35390935465693,195.6948255902882,10.0,18.077590429823992
234.9837070517242,196.5896685041829,10.0,18.02438567255306
234.1185355537476,195.53245898483803,10.252186786961198,17.6866755856477
235.13509065864307,197.78144689255177,10.198674860937977,17.784900236376256
236.0338647230788,197.77303948678917,10.189183582499803,17.769242273515058
235.10784329756467,196.63868290074072,10.144694374812264,17.85398570951267
234.2225172839146,195.54146632549595,10.095110196057691,17.913703302903883
233.50058610193608,196.16428090311555,10.029797378625918,17.906879203282905
234.27895860001445,196.21396250999868,10.0,17.846037983421994
235.20923758880556,202.84429512306545,10.869347866152518,17.180790733667827
243.1667271645442,206.42780549957274,11.393411759719204,16.702902194245794
244.17819059523566,203.72947765933824,11.912432978399103,16.30083703807537
243.20740514514145,205.31826340193737,12.4518227300585,15.941484976171164
241.7322486121773,204.74350286731678,13.030960029995608,15.516377692293478
240.6497987805797,206.19822178996304,13.309581779143546,15.540023142823106
239.30120032247717,205.23210184535776,13.434376933339918,15.567295485570643
236.46341032403132,206.38912533629923,13.587473104548081,15.577950528147559
235.1548384235916,205.7963962203164,13.70678842184597,15.581492165607852
234.1981020485107,206.79590524789,13.8608507906906,15.646341679430435
246.89861894904408,193.79887412696743,13.858557758056484,15.749166662364429
246.11643640449358,192.79612954712468,13.542307612782443,16.04492162061868
245.21886898001847,192.9403506537548,13.18991619754203,16.16088008384731
244.35059616144778,192.95031751997766,12.961939472928009,16.13697318727156
243.42224760567606,194.51464653864141,12.923058438490624,16.061438624065147
242.44949263986362,194.7897781381172,12.86884743906235,15.869097770513415
241.45536179759767,194.79828027283452,12.897449308759649,15.709075255381798
242.32771067748564,196.35134797953006,12.688175900675898,15.755226133113112
243.0325187567511,197.40939580534248,12.548347888163978,15.858700641400397
240.0853433779142,196.426432711773,12.411530184991808,16.0996002210259
239.13696198039446,195.79912126877662,12.48993229372914,15.92038223616144
239.78454120984304,196.75161165235082,12.424277228005154,15.971433268329484
240.49136229347923,196.4774501713145,12.372297806208588,15.90195849804888
239.71925530062177,197.2428057099986,11.754656571128814,16.77454842127574
238.9082881750433,193.3286572189786,11.357530687398011,17.168821069361883
241.48551361097842,196.44888700246142,10.917297478339107,17.80396994661016
240.54057292175708,195.5494984659033,10.611187579087087,18.324145611721608
239.4392733999685,191.55738462100436,10.374813434263936,18.607691138280956
240.13923017200065,193.0227981996442,10.128029229417795,19.08883388113252
239.37152411698392,191.9000796931664,10.19833985896727,19.456893503226627
238.51233119568852,191.48481885097888,10.286199635731649,19.44988242888891
239.51463183230914,190.5820090420165,10.251782569453004,19.939260186423976
238.4743578856325,190.06330926385314,10.409280536048456,19.945300547041402
239.4885882722034,190.65071438333786,10.380784000119766,20.293135304715058
240.44769552370272,191.4844538719293,10.282485268605493,20.687728127764125
239.39403066730077,190.69779777097955,10.402449139543869,20.752599835126265
240.0996333620447,190.12431614842836,10.50554886480213,20.77585113660222
239.35509712265738,189.0490466308098,10.527022309267375,20.936483383967023
240.4907112506338,190.9433927471045,10.675985102890303,20.807593588206267
241.53842067712597,190.82760813061728,10.79683860403194,20.427605337507618
240.79691557900608,190.046522484113,10.869395242303591,20.35194005500804
241.62041850247923,189.87255828851607,10.882418925882527,19.880393212647046
240.5893507024426,189.5121321122395,11.770266491516685,18.917774123931288
241.84697110970194,189.14617790049934,11.627633146556697,19.057100381216696
242.92100381036855,188.41683192344405,11.426413038268537,19.101878966148487
245.78271107708656,190.2189525147814,11.19068275471048,18.87788561481842
245.38663685165255,188.14972033550703,11.111102129669781,19.00913256614057
246.65295462073422,187.40106572912435,10.99327534165903,19.094240970380852
247.655023648095,186.78615819127293,11.822255487239591,18.35768546350313
249.02304682893302,187.7229809637584,12.305795974776252,17.815118567099404
250.41995318295858,188.4701817486749,12.64395200337365,17.51829375851213
253.92631345547503,187.17579608563685,12.114466817532673,18.215245488297615
255.29669570082203,186.34736928282464,12.743278781001262,17.861759595402148
256.530556130458,185.9943246437807,13.154254124961097,17.513357115143474
258.33286999471045,184.74467637840567,13.414572046556994,17.413068589588597
261.7158191262338,184.52857468928335,12.797566662996351,17.944772765522195
265.26708110589345,185.77416456225887,13.159980867434331,17.432378176774833
268.61254659715945,184.9501910090309,13.086774303542468,17.521430052937504
271.39489624292594,183.92503445593977,13.310060336869132,17.26273861390795
274.5757042127285,182.43201255570648,12.712436706834255,17.752580899176806
276.27456192950507,181.40410443251272,12.301529096462293,18.364382834727497
281.20970241619557,180.6079057915287,12.08394091788116,18.831178467411164
284.3603535610047,180.1645599005433,11.831197817105743,19.20216466390226
287.42494259284314,179.30712652695365,11.730701985331848,19.593333128839735
290.6915323443092,178.374206224695,11.6239655823753,19.588716203335338
294.1283556855485,177.6514304157122,11.281110182550519,20.278642394531712
297.2365621297467,177.16374491849677,11.27481463424201,20.370267480225387
300.66586946360985,176.24804675460425,11.183430477227358,20.555563882969224
305.46496346409833,175.06794167421396,11.116990294243589,20.74955647821332
306.62879607567635,174.36315278995178,11.329691005459498,21.006522395045465
310.03074598989355,173.4233905906748,11.225254067650118,21.231923487325005
313.4057511756549,172.23374037597915,11.496254094992045,21.148991803831795
318.5734115459085,172.13365804712024,11.42709431945073,21.257544472707146
322.0614121411664,170.92165801338396,11.605131081358131,21.023254153979714
325.65845621154926,169.93589115465758,11.482483160471464,21.227648436618047
330.8539077277337,169.9904856320154,11.613324856190964,20.842599887557327
333.91908472959665,169.70924682593096,11.449363369554879,21.011210692503802
336.70843069480946,169.37825815131302,12.52653329368254,19.8115711918404
342.34792754414195,168.46372863871872,12.153890684495037,20.012437673045547
346.2944902824298,167.18374263460566,12.044196261080945,20.08250098605074
350.27402187421853,165.7074994973982,12.035448552967457,20.280966331129118
355.45677105884175,165.38422168265552,11.959557231755637,20.059525387166264
359.02562581679706,164.26433246880632,11.9246662049197,20.199103161788507
364.8854474808058,163.44727258996392,11.83745486085007,20.27300935364689
368.5230211586574,162.0504260866715,11.744813589588945,20.494719738085095
373.9233744378043,161.5783813337035,11.544713949630177,20.518019108160665
377.28289905585376,161.19575465209175,11.705898478179638,20.39498528476159
381.0350133034486,159.75838844055974,11.638077549060586,20.657101407242706
386.4119357593356,158.44598665351603,11.78005897700811,20.53870134134599
390.2217219634624,157.3225347048558,11.82014404708705,20.622497128238603
395.85164603545854,157.10777898512183,11.607594334491314,20.71200957740922
399.339557413818,156.53340114239114,11.763846410688599,20.74897889736156
404.98060290740204,158.00596954406151,11.717399764035655,20.558250691966983
410.00852239728124,155.49445516678864,11.70392967313224,20.60878436747218
413.61276246053444,154.63858136080407,11.660809520533391,20.712055698275265
419.1180594462565,153.98297096921914,11.69564668617417,20.69976368885784
424.6363150156333,153.21998294135238,11.661868778011442,21.21008255808317
430.4027605250763,152.42984999535028,11.38237474704046,21.410530010603743
433.9538203887064,151.30116048894948,11.800405681248732,20.99581563198688
439.6257956221783,150.46727272412684,11.998993857188239,20.585864082240676
445.11935430798775,149.206242282963,11.903270147068433,20.596979406020427
450.24765529627626,148.5054496014406,12.632147525349712,19.83960418823939
454.1178965432031,149.36729271994582,12.319502880159417,20.604402333858356
460.07996814998353,148.15483670004903,12.193396241915892,20.817516659418505
465.88643617439146,149.40008463616866,12.177861812057566,21.03125347989779
471.94782255003895,148.35300007020726,12.089910571077592,21.202430859196056
475.89069307613084,147.4426429362311,12.005883939212332,21.457124399990818
481.6779089405057,146.34025843141927,12.079542573011532,21.304346841697566
487.4197688151052,145.76757391148527,12.09596778230851,21.072066693523873
493.30682656824234,145.39913702109212,11.874454090304338,21.217895035066874
497.2343420691821,142.9164733626821,11.855514129989713,21.309775410511172
502.4686279830262,143.03931347784973,11.870432292535975,21.26764258339226
508.61959145326034,143.06623894977253,11.71032149128888,21.145772495309636
512.4757714200708,142.2127908973763,11.808193720143379,21.501057939549156
517.8725728137492,141.87530624847426,11.564672185838504,21.777430086312137
523.6918932652537,141.20554761850718,11.436783960746894,22.014534049546825
527.525496407381,140.76220930356902,11.467283899026526,21.952820314776194
533.1752170470704,140.54135053345624,11.3200766971012,21.90668698033935
536.553669846179,139.9106024872761,11.394273470099966,21.875642641677032
540.3541602196555,139.37866115332352,11.199408255068327,22.148992839832736
543.9295425215694,138.58604112905525,11.032530846827786,22.371259794382738
545.579305743836,137.70009015383644,11.13219411291156,22.373304457413433
549.1745243480775,137.44978426071532,10.891708553140635,22.744398062570085
549.0086144992922,136.64506510603053,10.970315023916037,23.058321430724142
552.2707620128491,137.0365429934485,11.076135505835559,22.762139921654338
553.603303740853,136.4432621754657,11.022826971245017,22.80569666336337
554.9866702358702,135.89216638034682,11.162725212518472,22.555124720008926
556.5081437972284,135.11094677274656,10.918109112064808,22.845083089758063
557.9305991794989,134.8076278206233,11.025967865422203,22.598009865769704
559.7258012314334,133.99343514340873,11.110917765459527,22.630596131720804
561.2052902305497,133.57524520976042,11.148098843917623,22.731368613382003
562.6547660573834,133.3226476291671,11.163066877521166,22.557678791505932
564.2530009456061,132.46220242418283,11.070588847978302,22.824894169812445
565.5023780299159,131.93791792940053,10.977281447165666,22.882955318266845
566.6282773227617,131.41991816803304,10.93382779784502,22.806706420286506
568.1851557981095,130.82866066574266,11.022011383648536,22.89746388893282
569.7113549552869,129.85380652066948,10.992622846362842,23.026315607881685
571.1132463250856,129.14702293372096,10.993725255767568,22.963587787424448
572.7699307035914,127.70953139151646,10.903767105140112,23.369069138053543
573.9071560691069,126.2946688545126,10.959574981973507,23.446600999552118
575.3869075736962,125.44120695643457,11.034962147660558,23.677458683189855
576.9889443024995,125.0463156605036,11.20098680406771,23.53015779230949
578.6479928299356,124.22736460318811,11.204533101704207,23.528620800952915
580.0799902879598,122.96707618938987,11.298846405565302,23.39030475860006
581.2383773147832,121.61038656303289,11.094964741216044,23.410086456153497
582.7001952970085,120.51235934592907,11.01813244192666,23.685390749217323
583.7685843716444,119.06257846478326,11.226822098517191,23.663331427295713
585.453062476024,115.83495845509655,11.417983611315446,23.556275056135654
587.1867425943774,113.50279639200848,11.352416854528286,23.195557602111617
588.6540916532911,110.48659916519694,11.168029872946558,23.251763396066742
590.0758345066927,107.89898009499025,11.106141542013233,23.26707893668763
591.5062441227998,106.89723569915533,11.08322318679774,23.215097500162283
592.7926693097198,103.99016299979627,11.234783823699894,23.134862806259534
594.3700236472349,102.69589556623984,11.343476418582544,23.328453720811968
595.9602540773543,99.6467970307822,11.333519651513837,23.507046967111783
597.4492869659491,96.13819837427627,11.177496101115626,23.89360186603061
598.629418502125,92.93249224389012,11.09003204380906,24.093237393404493
600.0073965813117,92.03015997100412,11.354374604841716,23.75531046273605
603.2849695808704,88.5497438105901,11.229491171337102,23.915355334681045
604.6860005389143,84.89730310832405,11.161827381851474,24.074172457749523
603.7796752631577,81.53659979543674,11.313268588500714,24.1555363016943
607.1797433577176,76.47951917037084,11.374308413327597,23.994504337409616
608.5564161174892,72.90395332749918,11.308831012070499,24.22708171712264
609.9587031555366,69.3707036497514,11.295265169999679,24.45924908332986
611.3125764853044,66.06344981727361,11.318042335156065,24.15707831963556
612.9115670928978,62.48708683324956,11.220649441654743,24.507263508569885
614.092723312877,59.718895803812345,11.182092742815984,24.539031691101535
615.4503127391308,57.03409126100502,11.234739016956077,24.387702380262343
617.0552012206067,55.630175957603484,11.356270657291034,24.477328250355818
618.857387723596,54.75742587608831,11.386443215964025,24.620992804903796
620.5843444171654,54.24733576222245,11.243353984632655,25.09962740313418
622.1227398824558,53.390034988950475,11.190549393621042,25.474779901635834
623.4723444882392,53.04310864023246,11.25596453927776,25.50885322924077
624.8989778845164,52.30740789167295,11.317307655780882,25.391818003604353
626.4948644415539,51.67840688910485,11.326895244220658,25.519873180852073
628.0161948794178,50.96757003072384,11.355322205712161,25.85629330130824
629.5413967196284,50.80017833303927,11.448993680548941,25.830873877568415
630.9912627094064,50.77281168665259,11.580199134235688,25.770284736929707
632.7023614142513,50.534027451478046,11.668417993848305,25.757768946576665
634.2710676028104,50.66369766798171,11.58652305180411,25.73906648652028
635.8499260983207,50.25636196608101,11.593007797233614,26.00948370655244
637.1936949762162,50.679822414488484,11.553901819396726,25.968819640429786
638.7572284371458,50.100801441018604,11.474300221939364,26.428577080571753
640.1153947837237,51.94093025074356,11.778437432729525,26.489341332688607
641.8669129857573,51.12429839770097,11.81304326918672,26.949388934266352
643.4640792459728,50.721214350108696,11.88404440125202,27.314264743531716
645.0010471708241,50.94921571026094,12.06549180464691,27.382311364905842
646.3935563297442,50.648138247127584,12.108236328985015,27.633655524952463
647.9699041040814,50.98969760881838,12.224684600119684,27.534280075782746
649.5509918288516,50.29176275454123,12.114789099767377,27.92607544923878
651.1381401348002,50.14558417477216,12.08522019477943,28.228675447189442
652.9299451373562,50.360675527185855,12.277442842712974,28.093877477231064
654.5134396829179,50.110981493574485,12.232138541247172,28.327660452405162
655.9619673274564,50.04581072416519,12.44671750662592,28.18099798769896
657.4581306785774,49.32017810856625,12.508284608933907,28.403273379343005
659.0712752310785,49.01157577815256,12.453742711573279,28.718730956506448
660.892551927043,48.613309202230376,12.467020656619502,28.933940186670366
662.5953389666433,48.96737850029538,12.57963719974846,28.9141128693604
664.4563764134992,49.176029767842095,12.721559288611267,29.04237611824447
666.0733901910352,49.563605089105096,12.819775176074746,29.24208381931971
667.9296165700036,51.25625243282225,12.992604934617157,29.370687742954114
669.8140391452071,51.145637207591065,13.01837266873194,29.481939018385305
671.7783122087449,50.999411837921244,13.228423076385358,29.488702877374827
673.8941176705765,50.38876677940402,13.258859920361225,29.701435674768163
675.7381494007199,50.360110626563056,13.225734204215026,29.992948040817687
677.6963266853573,49.756625995429594,13.33237558373161,30.16550599193501
681.7297783787303,52.24609680251072,13.279593252588624,30.31360619448418
683.4766108180296,51.78560524773724,13.281555061993767,30.539328064025653
685.3364864520067,51.184018648445836,13.42963287843577,30.572281841221738
687.5254740523984,50.60142838850686,13.765857697488748,30.413713653328386
691.836672568492,50.88272675397399,13.702794466571369,30.361886170402855
693.8431509626558,51.02851887355299,13.957710965444527,30.33181260142994
698.3783454799392,50.69830480711374,13.846270066253703,30.335962422102174
700.4113933855677,50.481405095589636,13.797272681815386,30.593625113048944
704.9049065084469,50.72404927308827,13.798545805869349,30.475537847910694
706.775153758658,50.47748823304906,13.842286067638666,30.458629777575595
711.0735263140737,53.53539826068905,13.895811418843603,30.2153330300959
712.8733937896179,52.87721251891773,13.942176273586927,29.957983462422412
717.3498190696749,52.43479091266347,13.793457221346422,30.3690826699661
719.5225153523295,52.22574452787572,13.821888775605267,30.672807805483618
721.6845824245507,51.58156949454985,14.026710567594543,30.72355158513279
726.4079438614044,51.66685251146215,14.117804695229985,30.933233084629563
730.5534106648344,52.376939855700115,14.038634470328239,30.639389844708624
732.3874530534173,52.56043484633092,14.023168339783929,30.45542279466516
736.9773668633621,52.8827720679795,14.035101736739918,30.264570099863107
738.8249848137997,52.37014891763795,13.922305496890917,30.358958086508892
742.8241059209893,54.97236756124794,13.827091293833654,30.25283365405575
744.5469630327699,54.03753359668798,13.967727511251386,30.160406084136973
746.54716930538,54.48381201686208,13.977466829129593,30.122934914736806
750.5625044630701,53.73514911029383,13.895125962449091,30.16992200659797
752.2999410806212,53.917825031172164,14.094099448996065,29.693608854275837
754.0857707648712,54.2645664707148,14.019249563070522,29.77505508142608
755.7303581059932,54.40602781374133,13.908993004071856,29.817511290178913
757.7185498812083,54.778894708209336,13.931650772535024,29.845719018119127
759.7306056263016,54.92793757763618,13.94592896511828,29.648762669564764
761.5913438876603,55.59611157125701,13.830436414950281,29.62086180489694
763.3129520637077,56.532265840219026,13.631490387562504,29.496098628491787
764.8362661052286,57.40467561684842,13.49432547171138,29.426769216147907
766.2553853226414,60.339656805951876,13.449550743856005,29.16733387651521
767.9483404462655,61.11528913799487,13.394331595774423,28.935924306385214
769.5179008808769,61.80348626943115,13.32295545845479,28.763561987787565
770.9891018737967,65.09944011559648,13.223131406880272,28.625950407517447
770.08654657843,67.55763118031514,13.121363645448646,29.149955050235892
771.7710726915151,70.14584569144239,13.026523541241922,29.31089499313031
770.994713770194,73.29141333607632,13.172996748301966,29.35809283374528
772.7376304040504,76.12463325651281,13.223441251585331,29.822192410139127
774.2926213199104,78.67519652974865,13.330240320820705,29.594074591694806
775.4461490124621,79.63418797606403,13.276595275072593,29.614174632489945
776.760020192597,85.03382449368952,13.227958053581457,29.60284257624286
778.1808376559662,85.7924838803658,13.045010479977298,29.672720272197264
777.1263072024011,89.55715838357904,12.996949251945095,29.849693935753685
778.5511789263785,92.5378789402877,12.88433573067195,30.094738093790227
779.9644858126846,95.47303533661781,12.761804208654555,30.429075703199075
781.064492629043,99.06774575820214,12.759136786417741,30.404034456740632
780.1384197704748,101.67466163740038,12.82862869496024,30.70218513929264
781.5560383953989,104.72279257781018,12.836944272947147,30.84089764278089
782.942523740254,108.47716198936348,12.901217378631912,30.389371172426976
783.9973286581854,114.40308216138621,12.966588421599093,30.24059956159687
785.0344337383634,117.24253474847684,12.98530738607521,30.228399518946365
784.162747979065,122.71088545097362,13.10482760538627,30.339028016601734
785.6939539253988,125.78438672554725,13.196479891185437,30.297007843553097
787.1671762683305,129.07350067957913,13.09762088342243,30.3737729927403
788.3357007810675,132.3266359851075,12.941100975532597,30.396638562561265
787.2894087102248,137.9574904854132,12.938226371261688,30.552009487486984
788.9205658825443,140.81388585379943,12.95236599848539,30.697209492444266
790.4085805703024,144.0350457969954,12.933358097807599,30.705687640720296
789.5261879783988,149.71761705282455,13.049385347044629,30.767917107821734
791.1575590141134,152.91604835886477,13.209976205226447,30.576472605635082
792.4965476906023,156.71340413626336,13.233655193801452,30.52312095226612
793.7438190536707,160.34749112790394,13.130217642683029,30.524412892294343
792.6648686492532,165.63754579510754,13.303716391009235,30.471254394068747
794.083105949537,169.02462346290923,13.428803231863274,30.531367151574482
795.4382293126822,172.73297069095932,13.420503479373307,30.145942722634945
796.659245854283,176.31849705011274,13.299377750526627,30.083833466699932
795.5884210985154,181.9643022103806,13.322943069785847,30.276054551803867
797.111044030761,184.89964214020304,13.359335064638977,30.231181786732968
798.3760753567173,188.56259352676878,13.36941089577402,29.751058432546834
799.5869862007972,191.95253562819306,13.360659171069205,29.542330731468258
798.7413444220283,197.18046279099332,13.43086364134981,29.96613605857774
800.4417574123348,200.69733458544695,13.401916284699121,29.962441316868958
799.5975320207749,206.05516685124533,13.585262645249674,29.982279028314153
801.4812503168351,209.16824949886683,13.620773812757559,29.98313161255727
802.9792651224388,213.13206957234576,13.559300924191206,29.704262751610116
802.0610789302937,218.86464936564983,13.721024546732153,29.77841934237017
803.5712391693313,221.45830827437285,13.60878512334453,29.78966653118022
805.092342179502,224.4163574174223,13.451142787466457,29.913346954492965
806.6539820642379,229.68395035259928,13.413383523899881,29.893358838045216
805.748287198844,234.84531738547605,13.433813777263179,30.017197076063677
807.2218565907408,238.2203358581217,13.641934364273302,29.761007977757252
808.8420580092634,240.75407722615765,12.989714214987455,30.545491145921183
807.8931536427235,246.1976508857329,13.164676797668998,30.431285416126137
809.5658131782889,249.68921443329242,13.173269126379667,30.482135352714856
810.7720293661773,253.2649741308234,13.21625509891516,30.25349422303379
809.7652633497795,256.5761883903862,13.243785997791871,30.366631366292108
811.4363694562418,262.067693779511,13.277223952332651,30.411832181670572
810.5071795723275,264.89688477154766,13.394023829910148,30.421925348659222
812.2021648428262,268.58054531240845,13.421026879763442,30.28443882351721
813.7176862569343,271.83610361632975,13.382220427356144,30.144568553565225
815.101915036821,275.59339806899425,13.395119440687477,29.7723818203249
816.3470356472866,281.150120653559,13.358930191191893,29.72634235187902
815.357984731092,284.5667960572808,13.490050498159958,29.5758996026019
816.6216648862109,290.62093224014353,13.447998358240707,29.34586400750627
817.8821009347532,293.6076880132756,13.34040746347222,29.227840761565684
816.8197330647062,296.844633408961,13.36593174917502,29.014224857279782
818.346869854653,299.7994551093561,13.25079133654801,28.970947366066106
817.7067806542805,302.04253518201426,13.379849432231875,28.94490694502339
816.7173475996925,304.16673238164685,13.47240937475883,28.80766996305559
818.2054241061088,307.0524946193047,13.502735148394862,28.803644934608815
819.6439480078636,307.2091923090093,13.501373751974386,28.57302544602669
818.7688694527322,307.81068858440767,13.412570810700581,28.790283311032006
820.0774370080675,307.63293162387856,13.354723009676697,28.65362749427439
818.9672728181238,308.1938967206317,13.416299424994993,28.569582728243063
820.1660019154936,308.7841663941918,13.297776185852333,28.34258060684609
819.3862241054775,309.2562705407427,13.406031304061141,28.289663574463574
820.6992616291586,309.3843696479195,13.317213212799315,28.11182971746221
819.7523628573572,309.199210999403,13.459221186547348,27.770678675528842
821.0324374185287,309.0165431628254,13.392350329203678,27.4299061362131
820.0428690118524,309.30442289925475,13.445962311738118,27.081919465468914
821.4758040532801,309.2286942982112,13.293779410355704,26.833473310526944
820.678332442408,309.2009312242473,13.222976777722117,26.773495983384823
821.8558572946633,309.1959238265311,13.120338915557626,26.446736966046394
821.0508138676016,309.5986190577223,13.042948181027487,26.396687556672973
820.2115934943588,309.3448360107235,12.95700954537965,26.652585704093596
821.6360343831963,309.6345788354894,12.886708910130247,26.434533918201584
820.5193387635574,309.91350572271267,12.850402483239844,26.280684270542213
821.6926151135674,310.02106527328,12.754809179582098,26.08178535903862
820.594941096904,310.0156905048851,12.691558646853515,26.19722476958341
821.688948359227,310.1242717305661,12.567123681533678,26.101680015400696
820.8016007761926,309.78699668918944,12.705242910331535,26.080085100080407
819.9635895926654,309.6154836430685,12.76033591699609,25.993998340702596
821.1741784932594,309.7711772507622,12.766220865670615,25.668435282798974
820.4117620672341,309.75358946049,12.778319066155838,25.659319512352866
821.7141452553374,309.99008055416954,12.680195269981521,25.437087568657653
