664.5,298.5,16,17
664.3500491212179,298.4321561096467,16.5924387802869,16.918301363253498
664.9820998926194,298.6577201948074,16.352248960664944,18.338408558299808
664.842612186501,298.7147517372915,16.712274590947672,17.71145794369029
664.7812879977839,298.99482805994063,17.201781561809554,16.865824658217868
666.478736193927,298.91290683069286,16.80618221344971,17.277944520070577
667.0021220576451,298.5890040234937,16.31094374562498,16.66877973710227
667.774869490286,299.02187736048194,15.771825024889242,16.71722623892169
667.5965327349074,299.65605618461785,16.236157179464957,16.550943114205946
669.1255841119565,299.34642520294364,15.663820352516865,17.01642139486002
670.2725170575517,299.33492217588537,15.149885922164007,16.8342999057803
671.0472622375943,299.18862735786786,14.645188953142881,16.750393561851283
671.6310167931982,298.70104724808186,14.679234449313753,16.61059405318561
671.7620633157676,299.2682836143778,15.417262377102947,16.855392503519603
672.4322873071599,298.82360810533777,15.88794402031183,16.588599287064987
672.8178791428701,299.25667943724306,16.118740871296943,17.267150908690414
672.7679255349777,298.85696229368864,16.327524280899162,17.243198138758846
674.0660926360969,298.7366789131378,16.439168175314098,18.11440120658744
673.7034556561812,299.2774373523258,16.594996387000045,17.620203431162054
675.2862639175294,299.1408960624021,16.250474209411834,17.344126093489912
675.8516527627247,299.3322407608491,15.55521146020228,17.52514136383456
676.4458679785496,299.1261966373109,15.544692696253726,17.03538801074661
677.2236490870097,298.99600674761194,15.713630231859868,17.154056537058082
677.7381001654516,299.0748624220249,16.09021932456592,16.69990782813089
679.1943051649225,298.4737009945468,16.36951129928482,17.153958845333563
679.7037589637708,298.41835526667154,16.78672072174643,16.460920313440926
680.0109268423638,298.26297635524605,16.757481229032905,17.205664137116102
681.171596642851,298.2418360216862,16.733845008391228,17.146548129008558
681.2160268559198,298.12152241250647,16.408811326781496,17.81091094272591
682.9792966163081,297.88915583730716,16.66783014125928,18.537133666409556
682.9975596759848,297.53081913475387,16.79452430841236,18.383678367918385
685.2327552913422,297.6034992890406,16.1428378111032,18.73685857414551
685.6331683794349,298.1825028666504,16.35756036716637,18.0663205896043
686.609939676439,298.09396824559747,16.70293646171652,17.74725870283414
687.1958862720259,298.7805724254629,17.62426835829055,17.4631771145621
686.4847122166829,297.82359897915325,18.54418408486683,17.458570000566194
687.801571349462,297.72125319210284,18.365189579665476,18.38002580056379
688.2255329990363,297.74981480678366,18.69447379154463,19.09639743781704
689.405399719893,298.10081273698717,17.975408185356407,19.94441175561903
690.9637695051816,297.10238919300554,16.8033117427726,20.357681338277544
691.1002981538803,298.11177076672794,18.24621638451063,19.31577602829317
692.7803052269028,297.9958281197892,17.45393721864273,19.69265596256571
693.1924569576848,299.1672744564295,18.15116640179126,18.802980375265353
694.3512348769243,298.44399804470936,17.203717097565203,19.51438464694392
694.8975558520779,298.5664524674922,17.234745309165305,19.756350740622175
695.157139292782,298.3078626065224,17.401008175554665,19.551090344486575
694.5560896156919,298.60608742672315,18.007588307451744,19.579994411489878
694.007657298953,298.94799288311606,18.10915598310908,20.349721856873145
694.0367910551175,298.7663949655673,18.079824062593733,20.05950724960055
691.1856196516283,298.7581364048307,19.039191711136745,21.0267045914584
688.324969089936,298.60242758622456,19.65767939563862,21.328325478653298
685.8712459371549,298.59474855980017,19.09244143760558,21.303538442307307
681.5304432901469,298.77113566570296,19.865228978362882,21.93045346596476
675.6127891615622,299.42463549880506,19.57256345369209,21.728031051358894
671.7848230972742,299.485033674199,18.47977787622876,22.173318584596977
664.3961601184249,299.5967621113939,18.228362190105326,22.87395326604807
658.6230321612335,300.4729743512336,17.97826324931947,22.318263993280315
651.9619048713973,300.6994915173422,18.014352052625895,21.999070925494955
647.3049297843372,301.96633681662047,17.050217367711824,22.556121572587497
639.9061000525566,302.47274210337036,17.889662526792822,23.043281791425372
633.8004487956002,303.585422072549,17.616341601926706,23.131790855233852
625.7207648021156,304.20811954709995,19.40377930198632,21.755837199329616
619.7638185595647,305.25456542018645,18.88113725272077,22.469254692117218
611.6386786418957,306.496443521333,20.40821878132558,22.0532050142238
606.7862985195413,306.7874901434058,18.678168132700428,23.282039796631665
599.7932848551027,307.88908214857145,18.781959029496257,23.32736292480576
592.1624325577491,307.83002812249754,19.057942696838943,23.411678320174197
586.691654304369,309.6135787649237,18.732652210024106,23.804040951161834
577.665188375927,310.58479132194145,20.505006226821415,23.5760824818898
573.4620680431615,311.7219375331735,19.42904467263395,23.726987261239262
567.1668235347438,312.7225621198936,19.350590005890883,23.68752417948791
561.6837279255088,313.1637983757379,19.584677762698945,24.13128079919711
558.4688849976652,315.64141708719177,20.52396131591273,23.632205736245304
556.9030049575782,316.6896407713416,19.251933126190117,23.99877596361234
554.6715364452378,318.04636191705913,19.965325888364255,23.735006037036374
553.5099899020476,318.47535161244514,20.03862933272359,24.839892726102978
553.725439494875,319.8390905841422,19.00022624159657,25.03521080069
554.6035357934987,322.0190738616424,20.864308988688336,23.633917734755894
554.6254734389995,322.02404057374264,20.515680541695296,25.0638901359814
555.7013855552993,322.2411220667728,20.202577735968443,25.79610013087092
557.1447914252781,322.95571183044075,19.897932735228846,25.89644786036481
558.2611992113248,323.5136748900094,19.67972052122664,26.811088110288345
559.0372602302492,324.5363404902025,19.636412783253505,26.488236861346508
559.5647332895045,326.12736016877125,20.963386771461185,25.481651293268747
559.8844699258065,326.54377699990863,22.079239358077782,25.29658406303136
560.5931805637932,327.0656241882263,23.045551146760598,25.062628568523017
561.1592438184498,326.64753888427964,23.299382787028087,25.156060775043667
561.7516160021414,325.76695529931436,23.59387376508588,27.015307640291766
562.623989428068,325.2395730672156,24.25699354546881,26.791176823820415
563.4031506150108,324.81377096147753,25.051270633720875,25.976401955021064
565.4151472538356,323.6092688650378,23.187549316043345,26.985116262435664
566.482794277711,323.8573600789887,23.666021225922883,26.040033933145253
566.6402394747208,323.6798431639255,25.000984889651782,25.52647936534352
566.6502940150469,322.5167625609268,25.82208055102425,24.935366450584148
567.698175934651,322.1179197458093,26.161302399782485,24.293577452197308
570.531987173499,320.43161247735526,24.20497981780745,25.46001100602527
571.9258249847412,318.35354269035827,23.516345983353034,26.791824219360475
572.8273901452449,318.0189916445761,22.642385440058238,27.373736409316745
574.3725058305639,316.92122113343595,21.745961984291487,26.95527490283733
574.4419085340082,316.06819065443244,22.100701332919034,26.926710215904894
575.5030569512983,315.06363870585324,23.156116274247008,26.84279022065679
576.1244417394349,315.8545422611374,23.00099719366999,26.080611043739857
574.6184116435633,314.6117081772812,24.191329830969284,25.028731693002314
575.0566599869646,313.6221032293213,23.00645945230595,25.889811332539843
573.5735078097445,312.87318622313444,24.38963051613321,25.568960665825085
571.8477798996394,311.504644027473,23.96074425862315,26.126787941667555
568.2825563318287,310.40539380143673,26.55269189107118,26.207697489245298
564.7439890987898,309.5872235512693,26.88959077323969,26.59506909806965
561.9104959617767,308.95626087382533,25.8761318253851,26.953922700656854
557.6904744161883,309.57009644262644,25.399990738736648,26.675048237568966
552.1020192696628,308.95903786866563,25.76014352210989,26.727497182328104
545.2248846312392,308.7418901660611,27.696995365608917,26.229762078859093
539.7683212391871,307.8962957102238,25.90157838533318,26.96100380203775
532.2525700420341,307.44819751440514,26.0475492604334,26.615226502128863
526.0606263341964,306.6208683899408,24.773839000073778,26.965279029163682
517.7849850015893,306.64062435692944,25.487166083421663,26.618411178721047
508.37877631222176,306.8852141126287,25.030660145448934,26.89987635802614
498.92991394041746,306.87303054280295,27.504511519022174,26.233238535812383
488.7301469694462,306.13059226318325,27.053256935055188,27.9063761161354
480.27302009750144,306.09996333885664,28.153807999739726,27.165806119656878
470.83493702610565,306.9186671540889,28.629729237419504,27.207388272123197
462.0364494826549,307.62063485766186,27.53933203886693,28.58186316402598
452.6434697256236,308.2476170554233,27.87778799505766,29.124604371292403
443.7811142822378,309.55215234021773,28.30614677231543,29.35149974364709
435.9212345242845,311.5279530040198,29.50396431489794,29.337256369628836
425.5185626533069,314.3296378928087,29.97915560843861,28.74751069156737
415.33726616745594,316.458140604524,31.45358149136437,28.133332415752633
408.0581368119645,318.1575759472546,31.22492073958844,28.72693792891375
397.5883101134221,320.48358488192775,32.6008942018682,28.63889646366824
389.80949005378466,323.7711545470093,32.84615264257805,29.442803879429245
381.44521004958585,326.6462828403637,33.82891509873747,28.965390841575413
372.1278118957738,327.94081890212163,33.74142904830151,29.33680117731752
365.8258396244154,331.8612778382703,34.48807400786152,28.52142265874162
360.8207218997347,334.45623937224485,35.004040965103826,27.178353750991775
356.3059768960562,336.6648066889346,35.70803765773273,27.7181603694062
355.8790115626555,339.3942904843863,36.386637320503965,26.88860892571251
354.2986456384318,341.3502208874963,36.990123827102366,26.803438446510206
356.41271562774455,343.9175787828105,36.94479679248012,27.027153697950546
359.5449271989209,345.9065267517039,36.78326228352218,27.29027024617111
361.26409936722547,347.8118851064766,37.11907078615807,27.389213854336525
365.00038531120754,349.7023106489612,36.652067203731576,27.5795615065486
366.8365064611767,352.3254207353635,37.42393911852742,27.598810174999162
369.0830466700255,354.0547805723765,38.20224145919266,28.161560450298495
371.7541548608091,355.3686681108731,38.28789603474683,28.37036821256407
374.12350174462927,357.9514092696891,39.32779201547499,28.647123352019864
377.16689111015035,359.63582546093164,39.186831649898124,29.707311770029257
380.2823700320036,362.2885101901606,39.42048702181057,29.768899890420958
382.6404459857593,363.2397039550709,40.68277104383766,30.44525944898086
383.8665770011015,365.8739056674759,42.40071753875985,30.722025039496355
385.49111540335093,368.0678668391234,43.19266156783307,31.099374463168346
389.0661981038858,369.3486516954796,43.46658899406673,31.696828461840585
390.8045840633258,372.3570718352229,45.460148468520934,31.388730489915176
393.6468225509945,374.11419328338394,45.440174554370586,31.65739547250599
397.6277010117505,376.3007507189308,45.44015414780186,31.628922213331776
400.09246093093884,377.8092859733672,47.096211442998474,31.736213069594044
402.847632218215,378.56478130835814,47.198797783791036,33.00067131778372
407.6991562813833,381.16276240400714,46.78939659195389,33.312757887779355
410.5709755427529,383.44348449509096,46.86369254385966,33.06115648053409
412.79491168686104,385.5094178448715,47.79263729047595,33.00147501319557
416.46387938204447,385.35921170637204,47.178424569408364,34.91453384961368
421.377007107156,387.6906627973489,48.103362777106014,35.04320401041551
425.374451035712,389.5653236010993,48.29014371620488,36.014530990363625
426.86695547547737,390.7740575387362,48.29561960627582,36.85081756662466
427.5949971849316,391.437869025181,48.09518071897036,38.02065822138854
433.4615932573647,392.920447120275,48.97222987919764,38.41387974822986
437.8362039819953,395.27707408431365,49.46321541935656,38.459160755913835
439.7739317599782,396.094015484083,49.59071125509701,39.23963817415863
444.557865973467,398.6521403389041,49.602101002716985,38.831378931657156
446.0661060587349,399.55186326977054,48.54243561017525,39.525390737826356
450.02779255789204,402.7155835667507,51.59917295344128,37.59187842896996
451.75881615978824,404.14504905983443,52.90882506831812,37.203692490615055
448.6891888565908,405.99661114737467,54.428621827206314,37.85355595148704
445.3401911250559,408.35860789740315,51.5589134109199,40.72283769703983
443.14908642982897,408.77449511217105,50.677196258564805,42.726311758841035
438.1927248130663,410.5985174806246,50.879069738334664,43.77954695504931
432.3733777101407,411.8964392177911,48.98640415238698,45.82278719794892
434.74330005199846,414.2846130991936,50.566765506806355,45.74341620238344
431.0826775365621,416.36269732019156,51.758075132768184,45.47567663448972
431.27471824545563,418.8412647204984,52.743733212983166,46.24070334453188
431.1849528815618,422.19576623745246,52.7612409873519,47.82848852856731
431.57151018200005,424.81812284582674,53.339783792071515,48.68901427797775
429.43505182994176,426.91402504099796,52.61013967774492,49.305103405691995
424.6826895268613,429.90222469264285,51.67969694334661,49.333566986781506
426.1864199507852,433.8775418175391,52.98404142986239,48.99260419065831
423.9360467205618,436.68077140153093,52.02319594394459,48.97799362141535
423.2601044988391,440.4641835523013,51.457587726807475,48.91367054605624
419.74270547208283,443.57747088242184,51.31041076004296,48.420241246867384
418.6070869175044,446.83100940274574,48.677522316945,49.65593263319714
414.53589484703747,450.82525288805317,46.27382380703342,50.688328511003526
412.59258144531475,454.9450548929757,45.57730987929497,50.25166830908775
409.4866207596688,457.6926898577839,45.269264336888526,50.4663961622212
407.36116129245437,462.3766090524092,45.772869421730285,50.262687456822874
402.9392419464494,466.1333518265029,46.30798586989705,49.69446063507357
399.74173006066025,471.0226804714943,45.91360677599601,50.16854596375137
394.9748820647232,474.9551324909109,44.04213102614321,51.62501627580173
396.98290529373526,480.3768791721835,45.79073229205527,51.08577738548364
390.56429210909613,485.3984497916671,46.78708853478135,50.471006918581324
388.03911158124987,489.67330030199787,46.89152357884663,50.88205431578512
385.757629504574,493.79831930054877,44.79862647691492,52.042396819132186
382.94311091356366,499.1053403695464,44.18152228425858,51.67630298649219
378.48008174869625,504.3463274480067,45.3873184218251,50.341697096692144
380.06541058109144,510.07091851456937,48.241326068997594,49.30639376342861
372.014139170895,513.877626999353,47.23243226163761,49.98915167892348
369.35894205739106,518.3298003487104,47.78936414823686,49.00238049766083
366.9402169898282,522.0705636553912,48.46487534865724,47.499197332742256
366.2387537625933,527.2796620591698,48.31597947786223,47.70155154926194
368.1860266000295,533.6562719775507,49.09535415197152,47.99038249437186
364.0190946057547,536.6890824014464,49.81220721748808,47.183154015230926
366.1511381201921,541.7669598818098,50.18282765997721,47.65580991455151
364.76233033426604,544.6995438892724,50.84040939372394,48.02486842504662
361.3208711532403,547.3101356664125,51.81268865062213,47.27438487912981
355.4304065438876,550.9430951260113,52.350787516198146,46.24781142893424
358.06082380899664,555.0034218799443,52.23897764402372,46.69287969283393
361.215522256326,560.063488014457,54.40849669081713,46.0611074862
376.61069557962765,568.0456677448782,59.123089775819125,45.560717993067286
350.93330826002955,565.2503109488421,62.13035468351982,44.25498997199463
352.2834594985931,569.4334182812466,64.00717784364483,43.71902425223691
344.3438015600283,573.2737424716605,66.55331105669424,42.25029985999082
344.6843353991347,576.0653658221775,70.48152934612054,40.75299388701258
340.1259751692858,578.9074266092459,72.8700794079643,40.26129898468052
340.68529697410133,581.4983695065196,76.58342996412131,39.183854220348714
338.0436366652068,582.3898507029043,79.47050762988782,39.470055234883105
334.3667825436038,583.9898340190769,82.92211516478503,39.522022323544775
333.16113257090467,584.9935759740898,86.76492985178314,39.38320364432078
331.1304217531157,585.8174731377019,92.31790056457625,39.09315247979402
331.66150229240554,587.4468841660706,97.78818109527995,38.74901197379412
324.4116307221044,588.0891712916238,99.69693836295862,39.44125938312321
326.65147667983683,588.6237263256189,102.84449035874286,39.762910200331106
317.25844035711,587.9497839243235,103.27495230766164,40.69829617992622
321.8783798804565,588.5911285180971,107.31414952128613,39.7492143249448
315.9660257277587,589.4432421164969,108.50199476195584,40.45883606927747
316.48178308644765,588.9839544255373,113.73496694540205,39.62735751208074
311.04531037400227,587.5359384276585,114.44831832663706,40.30087242608772
306.31418969168476,586.3043141404328,114.29978013523287,41.49247597913228
306.0680725685221,584.6485899486679,116.93302752027557,41.405402021261295
293.36533726637987,582.988116018592,118.82408529274855,43.09654119844954
302.5133927871478,583.105724620918,124.16806171562493,42.18296893938499
297.0179582057607,579.5951417999845,124.74273266871677,42.945012901843825
300.66326203700606,576.4461960053104,128.53319304840295,44.06619886430857
301.5401701311421,574.60782043239,133.58650379288707,45.030759250021504
294.7154985342948,571.6441353791953,136.20161862117712,45.78428200751416
290.3797836417467,566.1113812734944,138.83426924570605,46.6264654084369
286.88328178462257,565.5742830012689,141.25007250369737,46.425956251862715
286.95430073826714,561.6197181209831,146.1347508502579,47.378899397440065
284.78887842637005,557.9860114992641,152.15389045567093,49.28410175207986
285.7313770813157,552.3766538021927,155.45041098327604,53.64414000889081
282.18424581162526,548.8472398276214,158.7592942915225,55.905893057215565
281.4129281609054,543.9325246714178,160.2855030079623,59.456258123279795
280.02639327601855,538.0611939249493,160.98171816048193,61.43243175942716
277.290832509643,534.309937194147,163.41288689368747,61.691976717488416
274.52301895779476,531.8381200707393,163.1301779786785,63.041367935020816
272.82867006437993,529.2561952463275,165.94438494052702,64.05347394157513
274.18456043083995,528.4098125821992,161.47652740858595,65.71225194706469
270.71917975370513,528.0100716617549,155.20249170866987,66.90248830642098
266.3093883710611,526.0083392095233,148.14218759641398,67.98603782949012
265.28463784580157,526.0853863629114,140.05786467306072,68.82303619100234
261.1524474728471,527.5794814028161,132.4444629087694,69.78162445366961
259.8312207902134,529.1837729867514,126.34822675138534,70.65053751108384
258.00820480490205,522.946236575933,116.12977696567066,74.5108000252008
259.18449129795755,524.2164697186465,117.33039919081878,72.65853698951594
256.34729440131787,521.0277812308209,109.2291334316865,77.01741026513247
269.1762104415149,518.6473787885035,113.33135861356432,77.93448010336735
261.1033505425149,519.8889235631763,113.12116535931867,80.0484819903688
256.37628191838996,516.573743344001,114.59863000763173,81.49279471101036
254.60832077201601,513.3956137076545,114.22459583790571,81.9800286161272
255.2918237886406,504.0474406333779,115.74549067162431,81.65896790336508
248.44292852780853,504.28044978801165,112.30562298355389,81.68642135402882
245.91634548735726,499.9056476201439,105.32736651538119,84.81691638759324
248.33832729096235,499.5451290812878,102.8164857839505,84.23371762722206
248.6835816099811,495.59595809567463,99.47605266322822,84.72621335149667
256.41792425820995,486.5525489802956,96.81769688665582,85.59983768086552
287.75138487769146,434.8113577184406,93.14771645967653,95.09523288628722
276.0798490291876,434.9777464205644,90.40417070215256,98.52653041149655
285.97112386365615,424.8982190803014,96.4054501357566,99.52143173348459
295.7472519436742,432.7067001960444,98.30597644039528,103.87761396993625
302.96480584150464,416.0105683038556,100.33105687998933,105.43182928846372
307.34590992018354,420.3710585540101,102.92027028862205,105.06459495284653
307.87596870277986,429.53681824485136,103.87049987346373,104.74633003777612
312.57676197382716,438.2649700018279,106.92679092913573,102.12644353189025
313.6406303704444,430.9009915325309,108.02915419360866,102.31945252402309
325.46674375514726,421.88973063830224,109.17381050602148,100.66102821469916
343.3014228975247,411.346360548757,111.65158444665585,98.5592284383671
349.3828433807064,414.3640086081625,113.94511403659678,98.67095807439102
353.4680649358922,403.93852022962466,117.45232983742491,96.50997432340668
362.7223175367071,393.919455849594,117.71860579926812,96.94889355181829
366.36411198285947,389.2138693292006,115.08014711780494,98.55285992232936
369.3615529926328,386.8012785304081,111.48577818910785,99.71531827725317
378.55389890146887,378.2194273580128,105.80388082135686,103.32550454361757
381.8125853969682,372.36995393563654,100.94907805057386,106.06057242025514
388.06353423900515,363.7818079678267,98.6176902100791,108.77587594576437
402.48127135518206,352.93071368247183,98.21710647674509,109.43611227635998
413.4045964064693,347.56207592987005,100.69692251117846,108.43452756353862
426.1428912318973,346.30088492509583,105.47715296356242,105.83651878674621
458.322299046656,345.9148219365287,119.38887099635969,101.46870436742509
497.93471127115424,354.95079020471195,123.31919461384088,102.65523990947938
515.1095862441565,354.77456873135395,121.8180902570763,106.69990517110402
496.2276629810189,358.9664653652846,126.48175291178752,107.75675648677768
468.7149805994099,353.1700300901664,134.59526344787162,108.0912876342316
484.94032243236387,355.2035985647617,136.52500132131658,112.58113935503872
467.62055502563703,350.53673193927284,137.94572060449855,116.46334627505563
485.8803217661134,354.690202525211,137.90751721904104,120.21372430861496
464.2622060362101,347.5585550435991,136.09074810490745,125.74778582204465
478.9053856391971,348.5101020905224,135.09084844181,127.779293631853
478.07601627108124,350.52048794193115,136.37837709329938,131.17753656731503
481.2186354122122,350.06224194026026,134.77313677823247,137.66135894200352
481.3035832871745,353.5146270031763,133.15764109171448,143.20903882840577
479.6806078683004,356.70165622727086,134.1694716377856,145.05427985062434
477.3470541851781,344.3464787806337,132.93163128326745,147.11598760100964
476.1203304549926,347.4290055438974,129.23165246477095,150.2215338226747
476.59260498532524,338.6288002754678,126.96985030472477,149.26846297398953
477.6745373132941,336.00790520934595,125.58940640401374,145.7924577045589
482.5936972709997,331.5339383303568,122.1132597518621,146.42932493454373
484.2702198128865,333.151555185406,120.64779490471606,148.58464281747024
485.8738080116251,328.3534068119783,118.6997215353934,146.63564334499603
488.74995413794187,329.4980337009271,117.2135498573158,148.78680838311894
490.7036294148546,330.71232510657853,117.92896910151244,149.39072338235715
493.16841238650494,327.3116809546216,118.9454280415654,147.91629544226268
493.32751772113454,329.16682955136963,121.11181342071808,148.17971272658303
496.445719496073,329.75375773665655,123.65044510052846,147.738170939268
502.5636841500718,323.8760700536445,125.90576039808292,146.04203597930342
497.6681989596947,329.75457952789617,127.4668783276125,145.4833297360069
504.147363715545,325.6904890048021,127.11657824686876,146.05433825200114
511.62613913642843,326.3674486876423,129.48442499304807,142.87461383251764
517.697074902659,325.2784476327897,130.46428619995828,142.45522203923272
529.369621187206,316.10200728092536,131.47043329471194,142.3895509085908
533.1847706389123,327.76673528292497,128.6848438352691,144.34414836624774
528.1860723597395,324.74341813424854,128.0557303962521,144.50027759666
536.5950119512659,329.0983916361123,126.30395609068127,145.71083668274872
528.5832572635597,341.1161540215237,124.69983894502619,146.38369441873266
535.6235941505417,325.8371587568964,124.59288905537764,146.03867425426176
534.153206820567,336.3139148268501,122.30169493456759,146.93645198454703
538.2517077117169,328.94024502523484,120.16284543417795,148.34133602889963
536.4448422919164,338.28425954279624,119.28034038273988,148.3276441318901
538.3710723037584,332.860794350116,120.25367957370224,145.99918568663495
536.3112063612222,339.2871383147176,118.55429404236115,147.3943108929648
533.2208308534356,339.540186961665,116.36580037302443,144.37393530038517
532.8606028004958,346.29788914281016,112.29904315937395,147.0708684289468
534.5672118649634,348.9248023066269,109.12489659221865,147.62302354734175
537.5363689673128,341.08762320829004,107.67829917800466,145.44468372551967
544.2771399931931,328.70452073992203,106.24663867234577,146.17159852908605
547.4386869420077,337.24572602528343,104.548519225303,147.87169957404362
555.1992527996986,316.05315233793687,100.63312303338465,153.50957757242233
558.6862358243364,320.63070919236213,102.10334719418273,153.33753767721925
564.1261885602933,300.64915973040473,99.46762074868911,158.06931200665872
565.1213728672884,317.09522384449616,100.73421096897401,158.8339493377323
571.7297373824999,294.27139506660455,98.29967358228757,163.11213338755078
577.6538254090716,306.59984096201873,102.98550440972147,160.84741816325524
580.3319789113976,278.7681544301628,103.18927295408363,166.32438759656037
579.3337653893843,298.9678709858668,104.67568831580027,166.46641719967658
579.5539775969795,306.6901148638391,107.02447087692306,166.37850352671603
565.4323449787101,314.283889766431,107.01237197701423,169.1003822108432
564.7425721622255,322.0107962156652,108.99599177463537,170.13784922212844
575.6566570433472,294.87104162015385,107.6805504453509,174.6235349694096
579.4669440209256,302.12802132545596,109.31108551484755,175.90171144666772
559.332658031897,317.2086562366287,110.46829238856783,176.8484282008584
575.0640919598785,293.2105005659905,110.96117886901807,180.4630070679777
579.9959632818088,300.02790293410123,112.76945107879266,181.71876381127237
586.2580822256684,279.46346443102124,113.89326438902084,182.7506765876583
590.4689344032004,289.5629318431736,114.72735823449926,182.23014979825322
605.1908461641565,267.12376479056786,116.29006933171345,182.26341373546194
577.705204183361,288.2646448511342,118.32960480725893,183.10257680396086
592.8049250140866,264.14243050533037,119.8370334648163,184.93535785685452
570.9256378257744,283.40685088242947,120.90686420620014,188.90010288542928
569.9763823755796,298.96130882830806,122.24483874078076,191.9316643028659
580.0561564302338,247.34567309664868,118.3627189051629,202.76366222039505
597.5443263804847,260.1106812320496,122.38574630580091,201.6470830611492
581.2516722086293,270.6388244492308,125.18937815463673,203.8565320513706
599.7000487873486,246.98660705325045,125.94915149302639,205.32945866659713
578.69452395087,267.21181617451646,129.60832247543965,207.23999898687572
602.3342709102299,237.18588699710472,128.11793061644732,210.65422625348086
611.925873994863,240.59516074642735,131.14571399871434,208.23057473648333
593.1785547455962,250.18141785447742,133.3415413178034,211.2035802102468
574.8065205270274,265.084526223531,137.088585914257,213.88667308378407
584.3521808361711,240.27949810571,140.06468649610076,215.76928207736228
584.7075617722828,251.51213624498072,142.0421914169671,216.32146060272424
557.2776157295505,272.11334140198693,142.18482922239343,220.4075670913801
570.0834738620292,240.24711182536237,141.52285952247286,226.0946197607143
573.3152557136015,247.95852886383852,144.69079319521643,225.9673115325713
590.5779805591187,203.84120041356869,145.37208106969697,231.3536729694623
571.9804478995125,227.39883702210017,151.4076066317269,231.98814908056568
549.0268915326857,242.7695276212153,151.45610526881995,235.92063096064504
556.8701615739727,242.83237884499164,149.60741001372077,239.22951066300675
521.6625150563384,252.75615703148836,151.25952594182274,237.97669584974693
535.1478441791586,244.5365912329037,150.7252528022457,238.72177300976244
387.6283733561167,399.4829138344479,153.10636524346282,241.49078443628517
358.12053218695155,412.5045060885663,152.22987964942644,242.75655496398815
363.24511280733094,420.93902454165567,153.00411175397687,245.2652370594293
368.56020168227724,418.59481972608955,153.04079945860386,248.11616884536767
373.06284866537305,388.23967478031744,153.6286252896491,254.20955871536572
372.46847952329335,397.3388425086776,156.02333638402428,257.03136751286786
371.9172757401482,406.39995900562076,159.80376769034964,257.63031594116336
365.91691444822504,414.7639728129582,163.34507821080769,258.9064114000939
375.12008859808054,377.2306365902692,169.1391227115947,259.78317132587824
372.2415202534191,385.3448106452492,171.41069793951297,262.3394996027597
370.6369665369017,394.4518520762424,175.593339051025,262.8927184792644
374.27274891564537,392.2164792914455,176.73359310109825,264.5387305777248
369.5111143887629,393.3902543692565,177.79989349301226,265.8737371294186
374.79913761891146,360.09956476059943,182.6982997145754,266.8532160288936
372.942282493161,365.24734255951665,185.79459914199532,268.9700042862419
366.95490700891617,370.7674272540004,187.80183100664746,270.9096322132994
369.5746209775388,368.4047029241431,188.84732100761946,274.22427473904486
368.5797549048144,366.8421571138697,190.73603090692,277.2002567486741
382.3704083654392,310.8368844925452,194.86237654590025,283.958423829609
415.0289207542535,259.1363912706874,201.21286312210185,288.14026690424635
430.59354077537074,267.8040750077291,209.40290497530296,289.3445856232607
367.9383386185117,308.0498887972973,215.1199186322536,295.36261306161714
373.04959882220135,320.4900652369015,218.71110533291568,298.6375279650484
333.9618061156453,343.0633726063724,220.03227046979146,297.0910423620252
347.88414495269683,342.55659805160934,216.5297978828724,302.24881690426514
380.5263265120111,268.8845231037882,215.21010453445905,313.55125755698026
399.59311248599045,278.1027750191497,225.46490828921625,317.5659216695911
392.8364770285347,285.7282407338585,230.93992842139895,321.35951083227224
385.3623878271279,286.9283227863973,233.02791777188688,329.860072944324
408.1840383141406,224.8489811907278,239.6896550873455,337.73799634260075
413.5574759256209,247.35975378552249,247.60581422175485,341.4219109567826
402.71300309650314,253.3170023618059,252.16026695452,347.09078903400604
437.6355579139423,192.10656567120253,263.250001667632,353.2675830556566
391.55181218885514,231.87264051353168,276.2986161406459,357.57045877512246
411.5730969299019,239.24246791295434,284.11574862383554,366.03163994836643
420.4414394385178,237.05920040216301,284.6024972237488,376.4648439780134
446.72093654484064,169.48060348936508,283.97079015198995,387.10563002520325
383.9495733978713,215.48928643197462,295.2706303351806,390.7071466459936
446.0873765159322,155.78718561715345,289.61431546298303,404.3492542315515
402.9041026495199,190.71217309360833,306.36256438836455,402.8889870012557
355.4870519770908,217.996407192913,315.8299706168652,405.443519803361
388.4891588047605,218.9806813672766,314.24050596128984,416.5531037690862
407.8525788198285,205.5378438942405,306.17411670184106,424.92338424498246
433.6913034187836,194.03045270324876,312.870587922813,429.83406912036145
392.0932951470129,193.65286495278622,325.32581262850385,428.8679194906233
412.12751423711916,196.3380065581931,330.2471469627985,434.33817282341164
473.4693491119359,129.61417839751988,329.1113400644424,441.2473564548518
359.8961033858967,176.50539828215807,357.9374186800376,418.85878001397043
420.7181687746206,173.6384649499671,361.60547066524623,420.2560712615674
