542.5,32.5,24,46
551.7382348047513,41.14790241188698,19.376893568123567,49.15735968357406
559.006693045245,52.334019229660655,17.788899314736433,48.95305121576823
564.1833700164467,63.9413052966144,17.613069064112402,48.05663578374924
570.4222015093151,76.24319925505922,16.55158226308888,46.33368156286067
574.7758236170025,85.19618546980126,16.884594323288884,47.4234079433155
577.624648601004,96.33627545925457,16.765475341682517,46.729204774484835
579.5981438555762,107.76919858794116,17.261581842656593,44.096760178877624
581.4911144000637,118.48850849533893,17.004178659263633,42.54282371943098
582.0046422645277,129.06875233359426,16.917578793666742,41.90726268758363
584.6671493577404,137.72102268571723,18.50532168884099,40.92037012902053
583.4383125905163,147.86483951772283,19.800565144492463,39.330451794791216
583.7226142747288,157.67982118183795,22.021038823873404,38.35333143179281
580.015394078534,166.54498234680304,24.031011406496717,38.19432722351694
573.2774550586255,177.39573415656253,28.170754129353213,36.101439667665254
567.3400953248675,186.1537067481048,30.163230887797866,34.86640400209504
566.5394895318983,192.29640639490069,33.19753505552917,33.56525449968192
560.7961987813496,200.58217604555543,34.37613989662226,32.70165284635294
557.9112324574411,205.86564563226943,35.466485864637946,32.521590162839594
551.1736519761266,210.69747487251715,37.151442738822354,32.14976716273783
546.2861339169227,216.2145516450986,38.74242366511522,31.856787560544397
539.0947416360885,220.9480709393913,39.45412234971162,32.47186975205018
534.7164103609888,224.91271796966805,40.67437158471024,31.63282723418806
528.5578205286596,228.9411202388811,42.3767485528567,30.711544403326844
520.9116179358526,232.2323403250489,42.87488039363158,30.258984651356954
515.0547615352473,234.10728648670946,43.171761638543934,30.073357099805364
508.53095283794863,234.57724577854162,42.55517219512771,31.01642145720765
499.9874431130996,234.1582832261387,43.456348580593705,31.36926167207068
492.87184688133516,235.68650852771844,43.83819807815965,31.202149149613106
485.5374156984937,238.58124558122753,43.62106929096136,30.709652169761945
478.79085813793074,239.95612499269245,43.38036520198899,30.780702837436927
468.30795683403403,243.23580358839877,42.7936434119026,30.922301396909262
458.9024986674544,245.72816521974275,43.03469466140884,30.39154655286024
449.7377549886062,248.65992142090244,42.49318818207806,29.617105599456984
438.5907363119894,254.07347183454837,42.546664351862844,29.100686168252693
427.81816171696994,255.28932139857307,43.6776488428813,28.97794387026748
418.3514465522609,259.1276238576598,43.70090611436491,29.28356705776093
409.53638454071057,262.4778055455822,43.57559398888798,29.51315893475471
400.7439537595236,268.04534668962197,44.97947262472544,29.181487740273386
391.8642271311645,271.7917819132464,44.680911367032124,29.61286557655916
381.03898285617015,278.70427926714586,45.89849102617525,28.595455048746327
373.42736623000457,285.5268801590438,46.675727091400205,28.593491206335944
362.0315762793137,293.8741002474318,47.17011791955704,28.387521434756664
353.8348289089695,301.44359338800007,46.76783836769164,29.15400870607818
345.51006376825353,310.42933774500534,45.75899327537796,29.90153187219675
339.1422583804548,321.4489228620864,45.23341079612182,30.99459867389469
328.82798529637637,332.0509289539116,44.71218350480396,32.24659577371597
320.3420937536165,340.27654573898985,44.146426548132425,33.04280126152554
312.04802479964155,348.95004499026993,43.9024995422115,33.67456190309864
305.01918063004615,359.342391568528,44.514789429209834,33.83218590877341
295.50943676240195,371.56284303519857,45.48135252497359,33.406045113122744
286.92655531988987,380.4267686930088,45.71791375015305,33.27944587123853
277.53729259260723,391.9204045027722,46.474776973164204,33.18258351648705
269.1126445929477,400.976259163819,45.99751008962197,33.72821807040866
260.04663998175033,413.4299585447764,46.18803943516498,33.853143557922735
252.86579903323758,421.5050102735436,45.89730661020805,34.10407269144196
244.6423365128611,434.06772841611183,46.697856334601724,33.735929795779015
271.57264939742157,474.5726052720196,47.172092874405415,34.431125983326965
260.981922573573,486.19679798349847,47.653583631664645,35.008207062956345
254.05434235932273,489.8760130263281,48.354871222950095,34.773415801677515
245.84263693864688,490.10469272669127,48.97449762647727,34.18585648717992
236.32675236930243,485.8120679294406,47.99727858155424,34.68240852647675
226.4468571341688,480.9920085947098,48.562416284533626,34.20690723993026
218.33919475550098,472.66118271908266,49.96589797770247,33.42536532957192
213.29840438475267,460.65324235060865,49.36107014952792,33.08615925871866
204.79798062714823,449.9747473097458,49.36488977502762,33.229283325586415
198.67798074285676,428.4592683653204,48.23719905584515,38.054443243415975
197.13798427184736,408.9071347793355,46.037491015885195,42.28753881707776
179.633570045853,372.61225757569713,46.497553251919946,46.49283204750778
174.99857275456736,346.4024037646303,44.386147693175914,49.884718876260976
176.49903738701934,327.88856959541795,43.820861194411954,53.38454224109445
171.44545629903894,306.75062049451395,44.766497885702364,55.00375701934
171.49065273889653,309.172911582528,51.75432384996216,49.81148334524134
171.57464696822925,296.8732852890886,55.59996775655032,48.14851946210301
171.85104554496226,282.4085544401021,57.562974679321464,47.810088043583036
175.01106308781186,256.8471406908491,55.17994940528838,53.131749427429334
172.59161472489893,233.70158656249376,50.14979934420688,59.106697809994614
178.99866594463387,223.45050774070808,49.9324769411286,58.493979758807946
184.3060365979639,197.40411863161256,49.24521203903018,61.56306195185199
189.61270272113023,172.38600346880418,50.96931499301168,60.2642443493322
193.01776309625194,170.85726667686066,49.58171508445787,61.26177270722792
201.66638335325104,132.0532129447935,45.712236995416085,68.35185473905932
204.46313896995147,137.25043360808587,47.80540699973431,64.82567531772094
211.45246965098607,118.6731039443774,45.90876389637401,66.33129557219286
220.22106581603373,108.71332522975085,43.2318947628136,65.92328770351966
229.161651981811,90.07871381171829,41.6378970430525,65.66579127389852
237.63411229273436,80.65756904411433,39.41099678212673,62.681664075887426
247.56695464063296,64.47504967599218,35.57555983603377,62.18720332304811
259.6822394236644,51.689916056622174,38.00547834857555,58.01974873869402
271.1034913099865,38.75142727231297,36.89227230009067,59.48113802914969
284.2503547021828,27.190337144245603,33.785732440093796,59.59456130945405
293.9970579017467,13.857124087675892,33.65333759736484,56.21612272313472
312.018969240694,3.8686134415454134,33.18344731610142,55.08041086408966
325.4394969781072,-0.658370062234308,34.035828032443206,52.471978811811574
344.00374504242956,2.3536278531048858,35.77414354325331,50.283602769906935
356.17198423436434,3.515292947625557,38.78961236489225,48.781884129206034
375.6059625071597,2.923902807988693,39.10580177988718,49.335587529102796
386.2380439357752,3.241687387215322,39.092249283671116,49.92464716598998
408.37647799399906,5.163948611172863,39.33878722768808,50.97550780893144
417.39884475954074,4.943997984956688,40.87556787590295,50.71628632337291
428.512762316983,7.041286985846682,40.91969909409711,50.71075072626387
451.9435612162581,8.104434202269946,41.190381377252756,50.88863610758383
474.1639986276189,6.974032064239182,42.25396439084001,50.92202553876899
492.4819620672422,-0.5713244042373731,42.726937766710755,51.13801362491344
511.09368756189195,0.7632392207459588,42.023852608704004,52.362212249078816
518.4233007963109,0.8444359050059838,43.60447732112702,51.94635875504198
539.1049466933216,-1.0767295841655908,42.00701085660633,53.1314779944679
545.6673369854477,1.6023937299795357,43.10228423387882,52.91015643368008
567.2635873522412,-0.22864081771503209,40.78783782533114,54.08476367301303
578.0256930317354,-1.162161017423692,38.10144061578803,55.5771841780427
587.9988630462302,-0.3296975550221575,35.19367627226493,56.881475585884644
596.1968400704294,3.206463752728304,32.00752849347169,58.825307696026755
601.592099507857,4.903105244210611,31.316754008850296,61.58267805758876
604.0732669087947,7.6826351669596775,31.97549659836499,62.353298069729945
606.9267535399911,12.969544071187027,30.576137491692442,63.914277586602076
609.3900922593608,16.666762106114447,30.596470860420776,63.5371786533356
604.1144345960158,19.698057975808233,32.64036384714916,61.97157463265482
609.4373303427452,25.710182220197435,30.208963480347016,61.32451888240718
611.4212837581816,30.81070989584653,28.558176983639,60.11726198650001
611.7973224848665,35.019577707831154,27.04939323784322,60.42631837872791
610.5742130980061,40.664241808011994,25.388900841707354,59.95171929516591
610.9078161495262,44.41250166920421,25.327808076675474,58.9841860569794
610.4970111985625,51.13909095126856,25.12726260724575,58.79857027932377
609.48691166879,56.1781304854947,24.693718673422815,58.03485542448233
608.5443111353578,60.049318914577796,23.80313247729672,59.08163662191901
609.467266856009,65.96774528351642,23.626470068336793,59.04778928092029
607.5203564438212,71.84746249257863,22.263021338321003,60.45879198810323
608.832589251348,77.05977585655924,21.928158393370154,60.79372318091923
608.4921898961139,82.40705433809603,20.749795822660747,63.025371531759234
607.3494945337345,86.57617360463692,19.866277818220418,62.91913351038534
607.0008967461538,91.6872585747724,19.415265376536595,63.46365761967638
605.5974228769156,94.30228184917834,20.093675004585336,63.044256451782886
604.8713910129661,99.57812497377597,20.61248139500836,60.44745547478669
602.769891960471,104.96752005498222,20.421926120621524,59.268525711559306
602.7483345560446,111.45969845005362,22.711068442112804,56.082860656030334
602.6128257448327,114.75534226969927,22.256687574689057,54.61529625818906
601.9312602449202,121.4217025254018,23.37315866145385,51.226539230769546
601.5901289929033,125.61620362916626,24.17904057283143,49.470010127177225
599.9004244701481,132.06636032514044,24.615696741933768,47.69265876470663
599.4724601310065,137.76840900364363,24.620529360632645,46.51276264026802
595.3576631416288,142.1658767776675,24.81665251291081,45.05080704154685
596.9263913171783,147.15303518386196,24.443869448417274,44.30244060788839
594.662958834012,153.03537688154697,24.443992462179125,43.02330870008842
594.749951918277,158.84761091968457,24.06989726813407,41.32936668059632
593.9694901858161,165.68083430496563,23.30365180937164,40.686078685146356
592.7548280369441,171.30761835056325,22.680517932776887,40.42624708218548
592.9222172066695,176.26724972166392,21.779906663721526,40.779600544218056
592.2365374018052,181.72227897452302,21.981851717886876,40.294400051624976
592.0621087310205,185.5883339874285,21.420983188052887,40.824780695179925
590.6765030362451,190.48110359488516,20.920794596987484,40.257218950770806
590.5108593300721,195.91155437254093,20.52843498193506,40.1486861890925
589.130457570065,200.07530509813012,20.573795111384385,39.30578688202955
588.113436286551,206.45949789700816,20.624271414373574,37.8514002950031
588.0097548117665,210.71433103363609,21.070297467853706,36.537041451218826
587.9606962300647,215.58087503966192,20.551013593182084,36.13003801040014
586.6011386691904,221.89630810961555,20.456790281338442,35.970922526222466
586.7114822185354,227.6484304955615,20.435687170643153,35.85095964411363
586.0123571940838,233.69019018375087,19.71160145534664,37.17437810407729
583.2247507790763,240.86812446271279,19.436655292241195,37.87825466408103
583.8140485103647,247.74810154486835,16.63212632717602,41.80910200118514
584.6695785779572,250.86100409905276,17.38623647455135,42.17515759321215
582.4080935323376,255.48945625906626,18.28669441269639,41.18397903317016
581.3885482590284,261.1641338885484,17.87355914604237,42.5791274773398
579.999938546154,267.02302673650405,18.46800917378335,41.390262836244304
578.3846322115871,271.36925661546195,18.9909136247369,40.512561107308514
578.3125893246371,280.1372035792011,19.2542615214281,40.31854984911281
577.1139929691592,285.9039533869468,18.34238359574674,40.33727423084091
575.6865712621023,289.123409680804,18.685319695621978,38.915396387298685
573.8303449681628,297.8582059195929,18.390149485302118,39.25562580511051
573.7833357309348,300.1006310606373,18.819932939686417,38.79184601236959
547.2690654673352,278.0205748315794,19.33784530062106,39.5799245261442
542.1558804959641,282.5864975877849,20.302189728147834,40.739829441789084
542.1173992946793,290.3233090844103,19.01993695804572,44.06111274280676
541.7640986574256,300.4028786910437,19.322375547364853,43.91900820958153
541.4545609041527,309.5338075909294,19.68002780841643,44.37303495256971
541.9642082972631,321.8377845525152,21.011025970939137,44.883953613738726
540.3833184350932,324.4720789270483,21.028910304899128,46.29706675112455
541.953472049329,338.7512348984219,23.02556005569832,45.45705511153888
542.4794117517894,347.0708117155445,25.792921803057986,44.06079925574899
542.8174299351133,354.72545475054824,28.528186411668408,42.82193308467679
545.6517794104352,345.877545763712,29.958730977134454,43.645923430673875
546.2520921928111,356.07038710579786,31.520125885065042,43.6454403878093
540.6363202510956,363.27751761194725,33.641175224119934,43.79702249385478
536.3615379563648,367.14945662271987,34.31155607862614,44.34015875749711
534.958484167901,367.230248231905,32.133480631472835,47.23674579438084
537.1954957416402,368.37670353524516,32.24223031691586,48.4319902206056
536.7835032031346,364.63621345542776,30.373219610789796,52.10916335208017
538.0928930055517,367.29432091280836,30.041409237276234,53.402561288154985
538.9335624903814,368.5236266203895,29.552413901435315,55.088519657008206
541.4465475967513,356.904191605715,27.68691545327713,60.39376651437045
540.6960273841307,362.4383989021335,27.94410459272637,61.85560483491116
543.6236081668814,363.36629928848134,28.90885373313968,63.19306290650165
545.9755907708519,351.25743240960566,29.693593097955606,66.07877150427292
547.3502560242148,356.04581994116813,30.928400080830407,66.5742996462848
543.7669769374405,356.73200890382395,30.717458540948833,68.71672907147654
547.7324742873354,336.67893676303146,29.34306151731421,74.39157957141182
548.8503292945227,344.79744521472935,30.044351084597466,74.09202910331004
548.1828036317522,351.7248461584446,31.36836289983126,73.43606084761954
549.2730008482839,339.5851347322282,31.133921401228296,76.08837585096177
544.2290725160417,347.15037023653434,32.02303577843732,76.00594057699071
548.9949496064505,328.16540763160066,30.480774739039745,80.71994401061252
550.3694746962794,338.14013952851747,31.25102296827999,79.85112399611296
553.2845038064683,345.9575925840638,32.74715242715586,79.68800122535403
555.7285414243478,350.98918595886164,34.710827925016105,80.05023483308884
559.069457849103,341.3132232351033,35.6125261278257,80.96547759359134
563.9247181143361,346.3630935721368,37.20616019646257,81.21034815738014
557.5986877365917,355.43388133189285,38.91118617515201,81.17014781089019
564.8127316002754,353.80441020316016,40.983080795594375,82.53247074870711
573.3628553131815,352.4905631587627,43.3003973257713,83.64432189399965
581.6424068835225,337.87814828291164,44.35141753425195,85.44274442590873
591.5418006446604,345.26898825030503,45.37564392999869,86.55929737819596
605.8052362276194,346.0955582043367,47.029228123309046,88.80998279068447
618.8870998191445,339.39378812137477,47.83302739657087,92.28037811327542
630.4417153349638,343.75715723989623,48.28506118187511,95.4536854455783
653.9515733365835,349.64385436125076,50.97845612443745,96.91481459680422
660.3094907070415,350.9509327589218,52.096343484136725,98.51703004213391
670.1982966497651,348.40155496111936,52.0250205666899,101.39322007046329
698.0184850926515,352.8236007142442,57.50986897693018,101.6709757804735
707.8441603310021,354.81949587847174,60.419558810839234,102.5108425513566
716.9556222456023,354.5153815596368,62.27797690493995,104.95269610691899
726.4897295926228,350.56756737430226,62.13379035713761,109.62059374926315
745.16128913744,352.3300766641876,66.10788501597568,111.32596700226567
749.8196952740805,349.4304732691463,66.60847623819106,116.17522372638228
758.4131321297991,349.9263187611866,70.12074978363387,118.10224288657822
765.5332676768705,349.9257236260379,72.07249500998468,118.93516580881833
771.9310157669267,350.3873522707193,74.09456150590246,118.79104751623004
780.6875868575148,351.2186831326716,75.56084797072586,119.05328129124476
766.1243175735002,349.05167789553514,75.63495328794824,120.32085296345721
778.7279848653967,351.40149987872064,77.03207873544557,120.79077027159641
856.1358192007989,357.4305053093456,77.65232965859914,127.46279409055148
878.6496796281042,355.73888317635243,73.09388431550593,136.4766727107751
882.8286165071261,355.3279520253942,71.05435123357462,141.57279193107274
878.7559572977887,356.03547318492355,70.61747735756246,147.11201785882346
885.5514612759208,354.4180725275736,70.13780284686031,150.057420158274
885.4909970012902,355.9065755090616,69.3619090717652,153.25363528841658
887.6141427393969,354.98619351226006,68.43366294483025,156.12876921598624
888.0762576478569,356.1005770099087,67.80034302388435,159.42934761719388
887.0176969224885,362.8823842820387,68.65912305073337,159.11739259009812
891.532340418676,358.9357787054033,68.59985943762561,160.21517476718438
885.3805594134816,368.4558389219387,71.26798624448682,160.19182558723483
892.8801834497425,366.71055987826503,70.28706619526837,163.09595722902384
887.7980335612482,371.94801580270956,70.95253261553175,164.34369747492204
894.3202920089836,370.6490212128641,70.39814614203976,165.96564237930838
890.125177768186,372.79470283871103,70.66978179293167,168.6509408645767
894.5538954190707,378.90096484121614,72.13864877524924,167.2116262705045
896.8311325995803,379.0953338768621,73.25233231369413,168.06024747593267
890.9959901446996,383.89664608246676,73.30706485010538,171.3876196187794
898.3051375260571,381.84179401513154,72.8669656302059,172.64846834992676
889.5779632287771,389.49251693480306,75.48695490737525,172.85331284419112
897.6724603414503,392.32184105817294,75.91435724265635,172.3439359096251
892.2613219099936,398.1308057985665,78.19238764732842,172.39593730024632
899.3623262850175,394.1567414071368,77.36777895240333,174.4997667137801
896.1439939588226,401.2330913505103,77.93440529612931,177.2019247189969
902.3759064223002,401.3607051791839,78.02843859635442,177.5359035197862
897.7782387954433,408.261342432787,78.15695898056168,178.39914042716487
896.1961284753706,409.80378748266685,79.06695656192582,180.66877924750685
902.8737407476243,416.691572766518,80.86817943655342,179.3299398191993
896.4959772891207,422.08284340452656,79.67075879360146,181.31815098801877
905.9443294781033,416.5715502683529,78.34609780657784,183.3284057532654
898.7530615823437,424.6436824927164,78.34597305583318,185.66601405625096
906.6542421284365,425.64400829887535,79.04421897899296,186.90733164752203
899.2653263806109,434.32172221963185,79.82824508911456,188.66091814544774
905.9830713096479,432.7368761127244,80.42108865615569,191.96063037293726
901.1919762660343,438.22239527907067,80.67117455248415,195.67481559753756
908.3725199783629,437.627182295441,82.65519683465786,198.72578887431501
901.4818753969369,450.3204669640668,84.4441801933577,203.1630193568767
907.1324036803661,443.827142223384,85.47829227788142,208.7008597265277
901.2061635719215,452.7065484827069,87.81595491649531,213.65488270850918
908.5273340714178,449.6082314899973,88.91999647831636,218.93247329621101
903.6679414518742,453.764851548333,90.70552212865667,221.1915678916468
909.1857217500401,457.3527349636166,91.84947881679462,223.6834026681276
910.2762156029715,459.5225922655213,94.09058456093939,223.77145385935364
911.9799806161027,462.6666180828606,96.35029015203997,223.0276611892237
912.6186245528397,467.19117372689374,98.1291600520089,219.23393059171792
913.3214203585549,469.16020093413294,98.32304746844936,217.30949984218677
914.1851862295379,470.9476346833103,97.5196691587856,216.18793071255294
916.6378498403477,469.9786088575791,97.21035093582736,215.38909202838826
918.1063178087193,476.0101010691738,97.91133768293997,212.28374894505293
918.7617035430333,478.84019617392704,97.59702548397442,209.20758352177575
921.8313995085146,478.4134557647684,97.5364148644613,206.95086963829186
921.9423299561247,481.2965013662173,98.77239979386184,205.3283153497478
923.0756326252863,483.0864227259744,99.47179068811423,204.5268391058672
922.994749422316,485.4700562861806,101.1065893939883,203.96659367776942
925.1195287495271,487.75567676614617,102.54167938783768,203.34634552317476
926.2959506393291,487.3901124727603,102.72927104386753,202.90177688809715
926.8473446436267,489.5087074677416,103.75751585024358,201.03797970951155
928.1470762804208,489.39393537839055,104.52964387726243,200.2660079725942
927.4421547981362,495.1168338651475,102.72299751263414,200.67977331985014
929.181740013213,499.33462509692026,104.24233388650231,197.64669807350998
931.421274015526,499.7412856674589,105.73383671147283,194.63006279367715
931.6082631418328,507.55119725833686,106.7058738951847,192.73853883071274
933.4717710154163,507.4076799020843,106.08063955205368,189.76650048739248
935.1000045304977,515.2582961159019,107.03530088565942,187.0421155036196
935.3110651362449,514.6058251684608,107.6512779665164,185.12026723337004
937.5630733367009,522.6419995380072,109.49311073201424,181.53606514637988
940.4166390453478,523.5427784455267,110.8021202056304,179.52462103247706
931.0817634915932,523.2825594724172,113.23862149169418,179.3264626217425
940.1453726397717,531.0041313911363,115.00356738797569,177.94513547172045
944.1686755604035,536.6462396971209,115.92521701874443,175.5746894594842
947.2652618509284,542.18639026222,117.3365787679069,172.6984724524821
949.9526632206662,538.8449633205112,119.7079719885931,172.3580725897865
939.4209687866725,539.1088485495898,122.47028924147726,171.99946938842538
945.5126727499443,544.6833424249784,127.06295012774649,169.26178848680135
947.6955988616886,546.0342739554651,130.23616723538098,167.07062984388486
939.2788049097834,535.636846601988,134.08341559542365,166.0336833772688
947.4200752649363,546.0264019444927,137.88316348421966,162.0969575106032
957.1187112767481,550.8584907072454,140.24240854367173,158.44722227005875
944.7341562214934,529.3502006288255,142.36977795878352,162.54834451530616
951.9279088269425,543.9374364445882,144.17961269227717,161.4917937562743
941.241677941536,559.9598008140343,153.54530836863006,154.1274444846469
937.275856078776,521.8124447252715,152.81446998698058,161.17863634324135
916.4962785142446,447.59863731454175,150.63072748973423,169.0890974856991
928.0606049286985,470.4495549755222,150.96766968283308,170.00065387395406
892.1441054995432,499.97531561999136,152.74898198659446,171.66585139722739
910.6415432204935,424.13437256589293,149.98215905514024,178.38267477556084
924.9837207129785,376.8232251081684,152.46480390479232,182.25126658645206
888.576516602575,397.59079334194655,156.12365387761184,186.26425368049829
844.495175190894,411.3974337650752,159.16070581677718,191.9636102046495
857.3476168843923,374.48234732607074,164.6019094616782,201.68565593103904
866.0989621898026,399.49020389568443,173.5603790806152,207.10490500189053
794.6130539357338,407.86941111964086,168.04062186240003,224.2573434743774
815.9898888803133,414.6117996755411,170.5943249290603,233.18295649448413
816.6295332916791,372.3192059630544,174.5614018296538,242.35914110234347
781.9176754000058,396.11216397347084,174.62890830772648,253.62309491436923
797.6722614154123,391.763785672769,172.64481846826283,266.12133378955195
803.5829859148748,386.79273260381615,172.99937232923426,275.6257325129309
813.3779156631847,391.82130904682197,177.45481346985264,280.3448370836179
815.9489426450177,396.34011632236525,182.54003498055226,283.2316404048147
839.1668265324755,307.4888757638818,186.72635076965588,293.78407467056604
879.3473038841228,357.899421663895,193.2254841281107,292.3058423203894
801.2817227124393,380.2264572761516,199.722846367817,294.94407386315504
812.0483835267947,390.9829768935372,209.19181927103608,295.02492425003936
839.4835641512897,274.0009282755184,215.3402010135158,305.3923747666416
865.7369414626347,77.57365713448695,213.354842301808,309.6597776687674
892.8363869694953,59.923064560658105,216.43429971151633,312.8887469239959
872.6042961547975,51.72067286255489,221.4241258279149,322.018234256528
886.9071665028265,48.79975420807176,221.59164769180333,330.66233679735046
867.9498563194528,49.31334311762495,221.59290994026267,342.13826192454786
890.2255914327618,41.300745766121565,224.68009389805093,346.47373920417164
871.3380268207297,44.87239746582992,232.49999063403288,352.04314460096913
891.4727906756785,41.436792395539555,236.53917032279648,355.6682856109607
869.7956150197851,39.55543867485315,240.6017008732079,364.850132227621
890.4377701642783,37.70854336524164,246.55264748569363,366.0441435518999
871.2198485254146,38.33144163360879,251.50006442636783,372.11619480317455
890.2859493150568,33.05953374500331,254.99806550709744,375.2933777453926
859.4943107477787,48.58849263731133,264.5935859448898,377.231111745875
883.2627144769593,38.45729618907134,268.08382673707086,378.32702763086945
854.7551371384816,40.77999757464346,279.24241786317714,379.61849173265796
879.5327374131986,40.81324895044102,286.6871241743549,381.4058758265177
850.8570849067621,40.541346063732504,296.0096186455679,385.3194663416331
876.3496027433272,38.80284949048425,305.2090707565397,389.6851027759458
877.792454761292,34.19888598713467,318.51466616970595,391.39577228463594
872.7934719291718,30.74477270404546,325.83332236885457,395.38813942754405
875.5919986693307,35.92902523396262,337.61120236666886,397.2729116428824
838.9155347355587,46.99179546075399,344.8122655667018,406.8836187303588
866.2715656322154,37.391829373466834,354.5621401558453,412.7724065336329
825.2580595804126,41.27571542560122,363.5133888471594,419.09412701570864
850.8612518074507,43.67084124199664,373.35799649335394,425.44305305883665
867.9060928642914,50.782567217178894,378.14614216342534,434.329918825974
877.7278692463273,50.749939517361554,378.9208265837376,448.75048774443087
832.4348892436198,41.98482970187621,383.44699731022524,474.6880344565079
860.930875244579,46.42949322018927,390.6791833965075,490.0814583219187
838.9132294653684,47.45247194588978,401.14337828887244,504.2710859155453
847.393194976129,48.14147746321521,402.7615388475591,522.6140121560541
824.6793925914508,21.585778980160228,401.125720853462,540.768669195974
840.5458535202079,42.92758259678271,410.76696916625804,550.4289947267712
836.4292260912081,15.356351945899462,401.9712407633803,563.8627368038315
828.6113426534545,29.053786150073677,413.3634451172186,568.1655967909977
813.3207110009589,37.53911966945503,413.1158628767698,579.8351337018624
817.3121359907209,47.29118719270582,416.8531119516015,589.5223077489773
811.2752183575235,10.682400913582967,425.2111663533693,581.7923991999526
810.2127661549958,18.17497593290352,435.4285001385049,581.3295583914392
793.9048931154942,-1.9263377264836663,435.0890787020189,582.7571393521782
818.1657118880396,25.17035310578501,434.9340792689701,589.1360514999997
822.3816509991588,13.515664817003653,438.487672160424,587.0758117923706
801.5231243378125,-0.7635195050623906,442.84447829498254,593.5324513003155
801.9947106327174,28.061208454960422,452.7509906490317,590.0717782987806
807.9219019380503,16.503212246322562,458.8533011807782,583.8051451840283
803.0245372929176,26.088838715954182,455.7411515066274,590.8504928793395
780.6958101305861,2.7749220426398438,451.9716097430331,600.0224093413469
794.8433383335924,24.494180430909182,454.56629579442915,601.2709348031453
784.4628442671446,19.085593624638534,463.8815807382831,595.446761622544
792.8653001268686,38.55099817615542,466.99908228415575,594.8146910172616
775.1504321608409,11.54092175136418,464.233595200766,606.2831532488451
788.000357326903,25.568316772222545,462.3612723154799,610.058953474269
787.7103914685567,17.639736485402864,469.11503874242425,608.3324612899308
786.2799188046845,31.18346264304199,477.58832487049233,604.8560472742747
787.8905386170002,9.435306734737196,468.7832569084725,612.9883617921355
801.8179169238238,13.527711691683805,465.42816626268404,619.1827411479692
768.522511022016,4.846025009471646,473.1967651641377,611.9223766637781
788.6080015964983,20.250259731844494,465.164137469886,615.8008202303299
776.1986117480651,6.310105499313181,465.71302851208736,615.4121903421853
778.3510969122781,17.683420693954986,467.2592945756427,610.805147590723
765.9485811095201,9.931232742729208,477.54762097774085,603.3399501699071
789.1123664848237,15.078737357540206,460.0131802192925,615.3544235367838
781.2472994929052,4.411930230893574,460.6853343543624,615.2695502171373
788.7750617931567,19.699908678188365,460.903146460132,613.6862199643012
773.3266350238571,-3.171083743895906,456.880458955755,611.3213273850548
795.098184152548,14.175984736546297,452.88070067264016,615.3080548644575
764.813523157733,10.36651628114646,466.36410280006305,610.5980859176793
773.106779233517,28.601995162680794,475.9771901543234,606.9736656009842
764.2123304214017,5.388127876178601,467.2698161590921,616.3648206449072
777.5753163756585,-0.19664291877364803,467.0752918710674,617.6749843627122
754.6934079462474,-8.136388532529736,466.88846789990123,624.5930165376592
772.3089662433645,-5.800567820818401,457.7552941172713,639.7557632563154
786.2678231778492,-0.5677827523972496,449.91483799944785,649.4926514061628
765.945158353867,-3.496161135916509,464.78858498188356,646.7349994818823
794.11539650706,5.950221967120683,458.444271384721,652.756944601696
758.3109116895179,-6.531820094545651,461.54602411585597,657.2484625090563
769.2617517756742,-11.313096284874575,462.40735013916833,662.1408176234586
771.7098978495258,-8.805005182618004,459.8757335586988,667.2138370921539
779.5111174674702,-5.278289723180592,457.2636739479795,670.9397914778077
747.5582007617312,-4.73815983802632,476.1504031227323,664.3744697182547
754.3539299765968,-13.094218717729348,466.0670793212737,673.848537633058
760.5700209724886,-19.01741363763125,455.98538304028733,682.8148451266818
751.6394494621725,-14.55408185795767,454.79412208504823,681.578767338952
764.3426092933192,-11.684605237165272,445.7863621915642,684.3435710285814
765.3268518284173,-18.48849314314964,441.94681038317543,685.9150026037094
776.2790580845195,-21.909196952362095,443.5667678930133,682.6839433757865
756.6540640600714,-13.12762256080714,444.30952701495625,683.6366430940283
788.9593449585045,-6.195662385467301,445.62831725896933,676.93154729923
764.6941903312021,9.972327318096973,451.75590760098726,675.7996170050534
739.1749867538699,-19.46181107534278,446.0554453640028,684.777012180645
761.0913768894587,-23.34830578477238,439.9182986060862,684.3704821827605
768.8587988424873,-19.769138061815227,434.482077005104,679.9176947554593
744.5374030469055,-15.929633927152224,433.4161227485104,676.729022761279
774.4961628071362,-21.594103943008008,428.68864682635564,677.971203676226
728.0816972273392,-13.880677977514495,429.6181601232292,675.6742602678961
762.1320491273231,-20.699801984745193,427.4641658527969,681.7986360350021
755.3526441768762,-3.6828627556212723,429.9917607519362,674.8455617666186
735.4759152220566,-17.31008177295547,431.21722122464803,673.1176393733017
778.7569614476937,-3.301238491444849,427.84637785164205,669.7065322243313
728.1412803417344,-11.83254482267148,424.5882667066876,680.418939333985
745.7192592070732,0.05867005995594354,422.3102572753721,674.2422524653531
748.9794377085575,-8.116642001898072,424.1377832241466,667.5427363937877
765.9949325552536,3.2116222520784845,423.8323719318108,667.7421068509441
744.0429025559486,-18.330815272725317,425.7513248026737,666.407746330992
740.1639789407436,-7.795842323378963,421.61620105275085,669.2985728551294
762.8678368456656,3.3059745406742422,417.03855481874587,670.6763349856888
743.1701864757279,-5.057968193658667,421.7431762845075,668.0884566723803
735.2319399063417,7.056816895099018,424.8352558881794,665.8460689994847
762.6029402188537,-1.7665528113695927,422.79181972337244,667.1915734396798
713.8499457159851,-13.855722650839311,433.18507650091857,674.9437609693766
748.0484841279244,-2.811748594850826,429.60761789293247,678.7342690287655
743.2188637569824,10.743190340034005,434.6747129069354,676.6911461467125
727.1277867993084,-9.974156102227596,429.5607097254577,675.9484720931903
727.8419138776821,-17.31158386033684,434.4744341355628,678.3485623180893
737.9552596395085,0.7248302962477737,428.52899527467565,676.5145920545536
704.7461298074892,-14.226496013566646,433.0024951584562,675.9306650353722
753.4999462373773,-4.726525142851585,432.050988133799,679.7600945163861
735.004620402225,1.2236141568259882,433.881873758699,677.5764794871502
725.6636349510303,-14.590598109212351,432.46756849273834,683.1047123690148
724.901414217506,-4.513432907132767,437.69958977534327,681.6973487085039
739.0998521398928,-18.076922633915103,437.9545353748175,686.8843180857157
733.7181872961171,0.770944475034014,447.9559172904122,680.7875059143516
711.2337642319687,-9.165687821879487,447.15082155929423,679.8169391834222
728.0311565087947,-1.7201863264480153,445.3226934939159,685.1669213331043
729.3443871563588,-14.474894044644202,447.89427189020466,685.4589494723954
732.084687162207,-2.7359863002662905,454.403126775224,682.2011195712251
728.0302345764565,5.985886074628809,457.7061267297855,676.990859847442
731.0993075229944,7.683458988227471,458.47854907222904,677.4948687688377
715.0762969924065,-3.351690423306934,460.90166412517453,681.8765810667317
711.809712615301,-17.028491516243378,456.3375572208504,689.290030830922
717.8363638969902,-13.331652554860966,459.4086521017041,688.8819157700952
721.5327522415492,-4.227946748943623,463.2773107923276,688.2234461690011
729.0319749262136,1.137620476516247,464.096153876204,686.5406758640011
731.8288640513806,-4.196285868126495,464.61381349035753,689.0657068371738
746.5424302445174,-2.1592716507861383,462.3944451456283,689.7349107059396
687.3495300598734,-12.636869822523579,468.0202145125646,694.3961729889654
748.454334857108,-22.239528919948214,453.1001657703597,702.4396180642001
748.2305222248959,-19.199770216772492,446.97951001593407,702.2291452881198
749.7492757832567,-9.023525961725511,451.35632634784344,697.3008426848942
748.6356328171134,-9.346185317178993,451.0821368540832,696.5379172797019
763.1563197933974,-6.328576245326417,449.8771470871069,694.600354504109
710.2342099468726,-10.451411367812852,454.5158531771465,696.0344035701452
730.6476888537081,-19.631302610671582,448.48427316423965,703.5642909714518
745.3748620079639,-8.930458797462109,448.26220307434215,700.5711281170388
765.2059345118315,-2.6415786098733065,452.40601391413225,700.2395509130076
714.2498072095308,-8.381301821951809,466.2126229810349,697.6001538867274
724.9119465125566,-3.418407779367044,469.18686242428197,690.1907295680544
719.8487244872991,-12.722386347734016,464.80291490703416,691.6404271279175
726.504097244027,-7.005204806175811,460.3429778890353,690.1185436744438
733.8800248221607,1.12546511648884,463.6955287452371,684.7171448810259
700.145524148363,-2.2648471315386587,464.15019637217006,681.6486339601029
722.5748232151525,0.6643764210184031,458.36131163027005,681.9588076687917
717.2922893803145,-3.7986643527149226,459.87105952499735,678.0667313620093
741.6488901680625,-0.9712976041468551,446.4585595901558,684.0517326298595
707.4196817044603,-2.9188195497312677,455.9168707008726,680.3916113721152
733.1094733802752,-1.9985885384560902,450.57270688730307,684.0397927990412
723.4539884718606,2.5738488908046975,449.8136205032928,677.1817095938645
738.9600042510988,1.606488658180183,441.1618698154533,675.2846497164611
729.5539055959935,4.59798789724681,443.68090224732555,671.7495962686517
735.2520526161403,8.513069093453737,439.4475625826702,670.1960801743614
736.0112420323965,6.441970024128807,438.7994296856816,671.726081919621
728.1539897209987,7.171204766235348,438.0772599454665,674.6799398661558
739.0079036553242,4.421920800855617,434.1022366056089,677.0859759742701
745.8325713884899,7.627249944257301,430.17710991586125,675.4276737180667
723.4997304047475,14.850109751286709,430.3243130409883,668.633172378866
743.5071744687742,14.156361603697519,426.44222614557634,670.528903811815
714.3145562955074,9.571938378176412,428.38651022776713,670.8885839447403
725.0664757527611,8.915522620613103,425.4409322225666,674.8390185470514
736.4756874825586,6.4085280816905765,416.68078402159836,679.5021204507555
751.4096628428398,8.960884182472512,413.38511868596896,682.325565751197
721.5750304089165,9.246270316751009,413.60634032500116,677.8077893009879
747.7862975244294,16.651110246714836,414.3371832821497,676.7285256148931
754.6004235727336,17.678659828230593,424.13119446434234,675.0598066034049
751.285378981122,15.128139576893318,426.30420648896177,673.4325905840769
745.1068090846765,16.886917558499192,421.21330053684414,673.457095896775
711.8694101614279,14.955217217587347,419.603481279172,673.3322168829084
746.4599284075774,16.676339797691867,414.7199839867196,681.6346670344994
769.376896967492,12.144214727709368,405.5162710315168,687.7058984477262
736.7130626032175,19.229311039303468,423.1854881304284,675.0160604621658
733.8572714727911,15.299567923174834,428.90375529312274,676.8260054500108
746.3465329976024,15.357178214378337,425.9715810217269,680.3913259674027
758.4324304099785,14.159637686383292,421.12489483960525,684.90785207241
742.9005593659094,12.645158938068562,415.77570090053626,682.3094642195533
783.5690556270246,9.521442935581206,410.9055525629078,682.7863868922891
736.3799408152156,16.86474743924714,425.79312839620536,673.18906302055
740.1347667174297,8.401473739960636,421.8600260239025,679.051628223613
756.1895766653246,5.205573485385685,414.3615816744854,679.8726882873889
780.4707184112349,7.7393382992591455,406.59157312044033,681.6374256646693
763.6880532140892,13.413571665964753,408.06246603371096,670.3621747158377
806.0960401532168,12.623249258378678,394.4316817475179,678.8369579518501
758.0816594057534,18.97943421641645,412.43460241326125,668.0298496486894
786.3323261802551,17.39547061781508,405.3863121404295,669.3554119791488
795.1487419938692,16.578377384768828,401.4645058084359,666.4572960509711
779.1428549540823,18.740987256190635,402.082474502228,661.1072998459836
785.490418998453,14.579043246428967,397.26609534549175,663.1657942675222
795.0022713659478,16.661898837765648,391.8393212248999,662.1116294730926
792.9318305213234,13.442097933553498,385.85947864817473,660.5351517431554
791.333605434101,11.616734047321359,377.4689145794222,664.133283712923
779.4307161753202,4.50422996228491,376.18532079028716,667.5476393001857
800.3072693689738,15.398146617614827,382.34945117489224,662.2441393469375
772.5883156244215,18.683915346864353,387.9904705332683,658.7589510555285
800.570493045708,19.44148347052419,384.7020890172738,657.6793590450761
800.4337829995579,15.825314580543534,380.9115484919233,656.2676197893193
807.1548769975211,14.767418556222424,371.2174144538459,661.0340447368528
805.0056590554365,16.5710491344326,370.3466511916095,658.1779805582663
800.4876207290868,16.055099345282315,371.84785812447603,658.0687562494625
808.0551187941878,24.29887049037319,374.9487555055413,655.7702827717399
802.6027680678995,23.043924554124146,372.1511976733748,651.1028350555819
815.3877870213289,24.452567939885512,371.137168819694,651.8307403746654
816.0863960761378,21.32419701937033,367.9342171863949,652.9991993315391
822.8616742201368,13.127534797664168,364.0397493984353,653.2755198472656
834.5956208372716,29.777550165516573,360.32198801854145,651.2292174685399
821.1525787699096,27.102804236303314,356.48013596630335,648.9048249002241
824.6249097043153,27.05405910708356,353.29200990647337,649.5018102346758
830.3709958500821,22.272144972698186,348.86123267007764,652.2032594129292
826.7448480598073,23.700387451737697,353.074433228663,648.6288137516748
832.3426990241522,26.627800206718064,356.0216618192335,643.2080519651311
824.5893076181939,25.43948430616706,356.9356688677599,640.2626207299273
824.6211028121373,28.25574201937968,351.4087231104532,641.8419982676352
826.8636575121366,31.72901227263202,350.6017998296493,643.0275969683669
827.8272108779821,35.77785677180589,353.4013468929584,642.2792135784363
826.8231422870628,32.71924112950978,352.7999156195026,642.1117549417954
839.312179783223,35.2267105275327,347.0403880916629,644.254236324711
837.8795499309222,33.39641440661211,345.2263007632074,649.9480639586088
836.354139480258,26.74493262266867,341.5215476624629,651.4750523983444
816.9987505138852,29.71567410594838,344.3024289821708,649.8904582278033
832.5088560734166,32.3191555576808,345.08971710962555,647.6354537194766
811.041248513603,37.11968433595655,347.8342812540236,642.1841603242146
808.3434188515832,30.81006395031187,349.64608146584817,639.8557749804528
820.1251153214137,35.38214150385403,343.5446978733555,641.9182655910221
804.7365085378947,37.741955101946644,352.7688250733977,630.0193137277637
815.6352343725438,42.08057810590742,345.3179712500048,631.4406576528166
802.7010953834696,42.41586561317706,347.55171275137764,626.1887086140337
828.016068159958,58.95352793867306,353.58002844796215,626.8899216420983
812.0907012593061,49.8653349218564,354.9624630213917,622.1621088304621
814.724900554096,48.899815126894,351.62648404171915,622.7475342718016
796.5168677590145,50.657902680425934,351.4072196016981,620.9751278901235
830.0630142460166,51.807055510150064,350.4199078069961,626.2642671574318
833.62755670507,49.11860304032325,347.19677109492187,623.9886037529682
827.9095363466754,50.39751037149978,345.12807924199933,622.8125723445776
828.5963171292773,52.43003223438717,346.2751505500001,619.9820209625806
811.8061883380846,55.844773668810774,351.0172070628744,618.0363849308751
808.4844599898511,58.600805436296355,351.47855829066015,623.745081821226
828.68256207458,60.282781428207784,355.1763996792759,619.7776314731525
810.5554198835905,61.14154023816644,358.59927783334956,615.1117315477313
827.5352802435546,60.18335682123603,357.5598910885361,619.1315053461494
812.2095021434588,57.7190682186087,357.7937599191281,612.2648991981798
835.7707919772405,67.45690057406608,359.410383288405,611.0818751472223
800.9519006346396,66.03669356366652,365.77680410597367,607.4876669610715
828.2681729412195,71.66124595754036,364.88987270179746,604.9927287536059
830.2560561747789,62.31512399028543,358.25081199802,606.2303338986487
817.133974042139,70.79143417569236,352.9309250385443,604.8978327995715
835.6153280500208,67.61685157413228,348.2843548524527,608.2471718552766
810.3182754312295,66.89690047098043,351.6680373895284,604.0705955251296
836.3534675670707,76.56715199644157,349.8275961181453,603.5680533664937
810.8540364360656,67.6529624195474,347.3071874604333,609.8103214086989
820.4574420350676,77.36163922118442,353.30859213036,600.8777502996716
838.1259075006193,63.801512293183634,350.5948931349478,601.2069688755596
813.0321547964179,75.2957905224917,364.5410651807498,594.8217046277954
826.3318054436745,78.46003128646555,363.1563492731631,595.5847644477608
800.8576286266748,68.08500682425165,366.1139374836358,601.5084233698203
837.4953467045985,84.29467370923771,368.9746788106215,595.105841813871
808.935962883694,73.84593832957864,360.8217677824881,596.8060103890327
845.2812901338245,83.37526034836321,352.7338446670991,598.7913104011019
811.1956963041056,76.36980531700868,351.5343723136348,601.2295820915981
831.0219250048369,96.24378843938104,361.85778870605975,589.9819315824172
843.3127086497354,93.23256629562991,353.89351322939933,590.4537545425671
836.2606103993016,94.04047235916272,353.30557383956364,593.6935583584786
835.0192728238655,91.25264920919142,349.4061377311335,594.4404398476396
835.682652232655,98.0021298095703,353.4889530754494,592.7748518499127
852.3576227022963,93.8433684968573,349.1381617417861,594.1001184512982
837.5508302139327,96.1271783081524,351.0148396418226,589.6099208231531
840.0796520507323,105.2658514341943,348.9748846032105,584.9814381504233
850.6521476258515,104.59884970697692,342.16848429294106,588.1181663299685
860.3471577116737,104.82585441588787,339.8380590345903,584.8433586169817
848.1219286433843,106.38663134140069,338.27109811998764,582.2941498287446
867.7965440582135,115.36300818736868,332.45574802944367,581.00379227636
862.426469871732,103.80462959886933,336.0942870678165,577.6881571093777
831.4210669739784,120.91804601429828,344.5612475584447,576.0916869375326
844.1120195906321,123.81317616955806,342.55000107689546,575.5966565645272
866.5980487340662,126.18885227402711,343.5141598504566,571.5039667471358
850.0276159930602,128.52791847435475,346.8568892947426,571.8950492448291
860.3768793306091,127.01749188120203,348.50606256714644,568.4884630910335
861.9323551194826,131.37973416606576,344.70388679272696,564.1079881693549
853.9404933115658,130.29241323107016,348.5128843738337,560.172545043479
853.3874225071883,142.05884618936534,351.54873958698386,551.0737796588683
871.8782954694545,137.47754758198937,344.50645393973275,550.232961107939
859.4267138789406,141.09540474192772,348.1430954865293,546.3946640287984
863.9544033517129,149.65738340569453,352.53142092031806,538.086412530073
870.1663414511113,154.77286282618024,353.94967820764407,534.1146580472869
858.9200258103322,163.95778811078964,355.22581506335104,528.7761055445103
866.0656359732242,160.7574706334711,350.13991856961707,529.6637936274057
871.4504745156489,160.19031024284016,350.52129981928283,524.6210459822099
874.5999985550784,159.9880508736826,346.6831647168674,526.8118289389156
873.4550521362778,161.16489167668936,343.7574825573969,526.0768595473437
874.4823129318819,163.6104214749564,344.46361127033583,525.4196268180056
876.6782219718109,166.3905254908808,342.383436433248,526.6548505612864
889.1187523918131,164.07856305862867,339.7141102952372,525.0353297042535
843.5488055755975,175.4365905372614,353.76927805184295,519.7873538536749
839.8063180770339,158.23824745203103,364.1048632586561,510.6886868975364
848.5257280248427,167.8193313395684,367.3984372263279,515.0031038246868
893.8677961176445,165.22002767909174,353.21232265815536,521.1970668417889
844.6389959287312,176.47354883387436,358.59063199574746,517.5442718791653
876.1671208218718,173.50858282391766,361.76840128037986,514.8211769877593
830.5697494612846,188.64651957120196,373.45181122958854,509.99340159940687
871.6835452985672,163.54028055422265,370.11028218881756,506.3442100271185
827.3399924255568,184.7388919938181,379.9747054345557,505.9267246907395
866.1498607794517,164.8090428263365,377.61391547352014,502.7916773370863
882.3624698875403,168.8776435943061,369.5434451563028,515.7678115099554
829.0978424755571,180.96169852176854,378.9639673882805,517.6000224055066
881.5590984892357,176.03078987772432,375.0625344197722,511.8771719395145
835.4341583699986,181.82244736365124,383.4126172722696,513.5552333201791
887.5074337712992,161.7868829513634,374.68096029381024,516.5680739412292
848.7766858015956,186.08218057791402,381.1372531873391,510.0937984864272
877.9408358744073,156.82124771806025,376.728392238271,516.7185704334393
890.6701301325805,177.1657210882555,372.1640137107736,515.6821670749878
855.1212379933293,188.24372381451622,382.1024542229585,509.4058493581646
879.019916728288,166.09144334316693,376.7061807598241,511.99120288851157
835.8955225909614,182.49154216903423,384.66442385296,512.61326903794
891.8145499378288,175.50469649529413,372.8806183042093,517.3736973723467
863.8668268357715,188.98124524685898,375.5046909705916,515.14279393467
886.11780853262,159.27942476216435,372.67541232947923,517.9256992859457
848.7813796320914,185.99663081226794,382.28898799937343,512.473341274525
867.2678512623727,184.31321333233245,380.4724606152004,511.60550789468823
831.0845923722035,191.10464733894887,390.6106815432074,511.6561090392274
876.8331786128864,187.62161930180406,386.5483777007023,508.86460620422736
815.4330788773839,177.08435186747488,392.3222413170185,519.1768138101069
878.452988953731,163.69140167830682,378.8956427186565,528.2384945778822
842.79898741996,173.83864087623454,384.8536350254658,530.2447121741582
870.8943540249944,177.30277147937232,386.656110542706,523.8352412110631
837.0168585980758,192.1629667077088,395.4363746738188,516.927286368473
840.2144206012214,175.29386572969742,396.3908389162578,508.7295718739134
872.5161733819139,184.93780268996613,391.46934836803155,506.9022188566139
827.193005071108,198.8056379836999,400.643740574833,504.2628446313561
862.9225553652368,184.02768433411,394.03352308741944,506.1118908788734
903.7761858908711,187.29298756326315,379.2668772318956,510.5942719301526
856.6973258018315,193.89386438575272,383.16899587691785,509.8696014022242
898.9296286896579,191.7502912722128,376.8574001050369,510.2203150428371
817.7933315235236,189.48382622437168,390.5192680319951,512.3110063620052
886.1756331723559,175.792992591627,377.602770492727,519.5639584781637
800.7858145038794,176.54749462024853,404.1603222016856,521.5860819890127
840.4531898396202,178.41048971458912,407.80382099692923,521.0949297304454
784.752517194128,201.27175908383362,432.2689446471943,506.4868178633528
830.8312307878364,178.53334607553126,425.27065324207877,512.7281665608847
859.3133213482804,190.49846578675238,416.0353883493008,511.0815213304469
889.9351091270514,197.89095275352383,405.61651054292963,506.3990174542166
814.2013455103811,198.0691478788697,416.073998859237,510.3963555803642
878.5739183830395,197.91033085011563,402.5544745736613,507.7657269636049
840.1763519245194,208.93339105300038,409.8094282943549,503.0078746064031
801.9814046901158,226.31737622750904,423.8446188977756,496.2721672181841
818.0190060829768,206.38848245143544,421.5592298996099,495.0261474933267
847.5346150465571,214.3655540770919,415.398385593177,494.52884450814537
767.9849636586972,194.8743390201015,432.8758770534819,507.65640006977947
768.6137790684561,170.70285802763902,434.3465232644573,521.2087346856619
792.6465518921502,178.78473943427548,435.56709314418606,529.9052082637787
821.5055026299219,183.381853336726,437.54561134075095,529.3315016206111
725.7937417727526,138.86136555025496,455.3878818038569,545.1369739023173
786.8935600300576,189.02304609946117,460.8360874984554,539.9846359659452
770.3666284089475,164.32997936839558,462.2804084415725,536.3072153434038
791.2348792033798,174.55595074537445,466.0300075848871,538.7592081397801
816.2215465619859,183.00255693647466,463.6477917751158,540.1870951760935
748.5463891593458,160.09205757843688,469.9863494206297,547.071699040308
767.0374757816533,160.37831690662398,486.1408196370044,552.6693203443951
705.7111822174757,146.75524119419805,498.4226527227055,561.9746223219053
737.1655229225416,184.91735185316656,509.63507290489076,560.218316651574
652.8012798746865,117.00955455047568,534.5960279383153,576.1682019186852
716.4650922303618,130.8918319350725,532.056805043718,584.5069251290652
578.1114620444205,122.00170656692467,559.8545400088678,579.0937877377536
723.1092394809401,122.04014912339886,557.4338568221974,587.0492592078365
580.1876594706076,103.21620067297874,590.7488206508772,589.8344467077866
595.3665065041095,95.818465159825,614.4880848661667,602.5433830314437
559.6870089024228,88.42754542267835,634.063228656369,613.7756817648835
155.36242910674451,43.904232666730366,659.9102945683879,624.1085882898616
49.932814664308296,41.44080481280156,659.9333146769908,645.3375802711842
31.508455170069283,-3.0021620015055532,624.0987897351877,679.9840267699971
36.55084720056516,-16.27885805864787,589.7578991216728,704.902573523428
81.69006356748696,7.323945866027827,617.5276682724739,699.4319162045259
11.207501105019219,-25.337744327305188,592.0740264535244,720
21.71243781069387,-15.690796045572654,561.8457004026067,720
-13.86326342380184,-16.21497371114185,515.2327506941688,720
62.72482603528147,-14.70703784553649,525.2274685577996,715.4019680194506
48.199789866418826,-26.09769731623436,517.457191066673,720
6.829537670627815,-15.254238601390284,496.0193710836055,720
56.97166757346332,5.406104738978399,505.95852128972604,715.3180553901619
27.910968078190592,-18.3936053283158,490.3707636508177,720
5.331584764901606,-12.057154742541059,470.258667689659,720
47.96502797742926,5.500036779759455,477.74314272530444,710.5463611956677
132.2200594519336,15.081439508704818,510.14202985563645,697.251549959061
61.27487503380135,2.994160366501603,508.03630030230653,698.5346944911068
39.32137104956095,-4.938579312614081,498.8314780650366,703.4786986863586
40.27591994045122,2.3231289309751446,488.4599749909845,704.5096897275208
58.96317764642876,9.840832373053445,481.01925402567446,701.4710607591096
41.95955979362657,4.136381714876052,473.67530008243625,699.726751029799
56.59743026894563,10.287624685349215,468.47522785490617,697.1441063614867
28.084021440985396,15.75216134118881,456.8730356333223,695.4795386731379
74.5607496267503,23.293292004517127,486.91163953291937,687.4893490066938
58.15736224155165,31.55603779804852,487.63021041432125,688.263510467385
12.760646044181158,14.499982004301444,468.9302192787808,696.6449060359184
49.00925236861855,12.857833210214721,466.40589962331285,696.8352212614294
37.55801687686403,13.690758050043996,454.64483386921734,695.8698863231923
115.69811766108981,16.496269340721483,485.46135554212805,686.6673836376915
62.02136453628043,13.46823481331188,491.48946437063125,690.0743452035549
23.59326081402662,13.528667717013263,477.0496936932626,697.2159813766266
-4.6564304133603684,-6.731373686481959,458.53814662088604,700.1951585256462
5.269242217423738,17.16426042083185,427.5517253119243,699.923794186642
-3.371894461484743,18.94438516977857,390.22550947038485,690.6980360517341
41.46696430568423,30.39006176671637,397.76248251413716,683.5580899166072
1.5492505999977766,17.39027862766602,386.1640440182531,674.9526128175147
-3.4942426891115588,33.651944175176595,361.9645438024751,668.3048364912106
19.786093643546764,56.03074967838387,375.0986946453739,655.0000633528897
-4.160589159578535,44.69986388040297,354.49387180188126,647.306479653691
-15.090225776184468,62.350868224956855,336.14999471279623,635.5773843670129
-3.3585060845622365,64.87478204112415,328.0886523159181,639.8701892480638
-24.65900390263755,57.307839297723376,306.3837784759887,634.4692803675418
17.780110685029967,68.2020098623812,310.507462736554,629.596732357696
-5.736524516030556,55.414160375097026,300.52980927363,625.5358123674864
15.729118370404478,81.28580082579032,310.2714555629645,618.8051659974299
1.4212158042360272,67.75182677093238,306.38213300869495,609.053149871608
32.23350096930662,79.74899172682098,323.14303278374274,605.8366965751002
-1.4847048790228428,71.34426831856041,316.6008278458588,607.0174748273172
32.107617237590006,87.0583918140423,329.7811322290293,609.2762953172455
19.262876945930458,75.05512705627575,327.5244803990568,611.9699860911329
9.602444817438993,81.78826339271569,322.99127321258163,607.6200366836927
8.396213018962612,79.99558723173647,321.8442363195311,603.277199067054
-4.422271946396336,81.41144099822259,315.0052559593423,601.5456655062984
21.648643183654485,87.13704154279452,322.03997247056554,602.1569466590437
5.746917212755733,87.9876881926603,322.231608941119,598.0960787759448
27.87933325071728,90.67830892938923,326.0599131221484,596.8404936860543
21.004696902264413,94.34715660363122,322.9532877438026,595.8775211492491
52.354539678001174,99.40274460551723,346.35492705589684,590.6637163349187
27.23459966293828,85.63721742372906,335.46351550652406,595.9837644302894
13.10694385189987,93.04933337506111,318.20040617934285,595.8946123744118
49.663077299056056,99.74057307799285,323.18731685755705,592.5204349747457
22.643683609088697,101.98335626479223,318.38845304283797,589.4502357578567
49.59695113312449,103.83247780815418,318.78152585909004,588.8140360098724
25.75032634341818,106.79064583959217,316.91408183549026,585.3110965265951
50.038672192714785,114.5921847686526,320.7104246937065,583.0109835672436
28.768781211851916,113.63054375428845,318.82936739335736,577.6817192407243
56.641714930001,122.88630589307701,321.3771544845463,576.2575162012678
14.205296298055316,121.93814643826238,322.03878032630575,574.2476146456796
61.320409079877976,132.70741661202487,330.18036150957505,569.687051065353
14.791106229565827,130.0736721968538,323.8697392379044,570.0010595150238
55.07865869282,134.02836663923097,327.2466835586175,570.0530211504661
82.99081144876877,122.74914005192454,352.88514932914546,568.1089236882191
33.70062268091894,120.4447786473512,342.6415473133744,574.225331625773
11.485195485345258,119.85508390836861,332.4308576494908,576.9576658098712
22.624961097732324,127.27823332050644,326.008538209421,579.9593782438201
42.974815186493686,132.37434406706018,332.8151071272838,579.755009106317
48.405930655294355,116.45927205709546,344.43672968015875,577.4265158135036
21.926655576249402,120.98357141322333,334.83982243816104,579.875147791357
45.40482761070615,137.17590973713646,339.3016754604986,578.0350613187098
7.3900839903369615,134.66897570573894,326.50807189132104,579.1242269473806
23.382120848992173,132.81601111736074,322.0931753633023,578.179175346507
31.986961828107923,116.58787783420189,329.9647300052602,575.7984876789292
43.375507755277596,133.24990394475566,329.4171668943941,574.9415546718451
49.50938959778216,113.98089075508636,332.996047859742,574.2645483730935
12.534231448315325,138.85508968895323,324.2683338191239,572.3503390506748
26.493760060750134,106.74337330491295,324.9063573799552,576.9940072462222
48.52267572454073,143.68274174369162,325.53379145131146,574.1683072752526
18.91241130608165,146.9878525502723,314.4028344446551,570.7852089548313
33.35148081138371,148.35980496716041,313.0985250643226,565.8079047394697
11.776431221335883,153.78315563045533,298.56505373232045,562.0974256560207
-0.7745124175931721,158.40482087743027,286.47543837588523,557.7418377975331
13.702390353028676,167.2899455082333,272.76784318545936,556.4537481142754
37.457710278261914,172.9903115083755,275.9343982976251,548.4456031316539
10.889802726235303,180.0727918821865,270.50534274486296,540.5035860433924
22.586667146062666,190.1683916077289,269.0648681526898,533.1074302088861
27.542469271578938,189.31646949022632,271.6961299696039,526.3887438838826
10.678337348611194,193.71013686659722,263.8897654324627,520.742785415204
25.14045040525596,201.71171006212558,265.28430306692667,513.6178977733649
29.688399264291547,206.52122651138023,267.1060950032488,508.8601175056615
8.83548677260913,203.6365576490644,255.74909561717567,508.4614598347356
31.974790252071273,213.59635313646538,256.30379328275217,502.564922527833
9.344568951895752,216.97236025739448,250.53787213287717,498.14551686628465
20.89492201224563,222.10004324257878,253.53063929655102,490.8217620985475
9.3118850512937,223.6954352571072,249.31347155706658,482.76055855202935
1.7528514287239716,230.39299297614932,242.11167769641762,480.044647422766
16.994656478150432,243.65141196463907,240.14076465080961,475.9072764063417
8.183664600073485,238.45638969936238,235.22622264967816,468.52346723244864
-2.2091127400506707,249.9260956464536,226.0844872058986,463.2109481948151
34.40655972888135,263.9403063415566,238.39100903898657,451.3895001797557
10.49023553110598,270.0587416933562,236.21316903108863,445.54212400056736
26.227501939680238,280.8630351271092,243.28903704516014,439.1936053396739
21.049807342601625,278.18480217950946,245.1495890770578,432.9839723710043
7.473689273743588,284.2744818045476,243.96344145274594,429.4337696126917
45.3885554301972,295.1364262050004,248.27228006272676,426.84489698435607
33.21597420162462,291.9098524701727,252.7991318410032,423.3138745751058
52.490021266444785,295.48044765452016,258.5242581019379,421.69687693415136
15.72046718434919,278.17023164892385,259.2620216655939,425.01310166547734
60.77445573830002,291.5555844900658,264.4292265053876,421.7352296827773
57.83846413077882,297.8471126081409,270.03973037219356,419.3016097220144
27.19599305906152,275.3705913180445,272.2207136378161,424.3230514699182
52.276151158579836,294.30210377305133,276.81341561896784,421.3407465451563
71.78311883846271,241.58010617064838,278.73931400053766,423.7981390350052
48.45940005633872,293.47549221211,283.44982045101887,422.99742658122045
102.92921177220671,55.346416076940045,294.6145784400063,424.3606781401236
166.23309595486876,-75.72324594345122,310.78086823948706,403.2108243491661
150.897677056235,-62.32550803194191,348.06659845244315,350.0960422329373
131.21067876007885,-31.022576470076842,379.1551634355676,302.40523941133404
124.19991759178359,-11.190413407556903,396.6373050535163,267.8950101491205
98.28995697195342,-3.670445789068637,392.8516587523153,246.49304858249036
124.67625009765001,9.909927478894133,376.6488820809407,236.95925245612483
123.12257592921634,11.640384293047347,371.93048433968863,226.0141872545081
123.735460259712,12.629956229190725,365.88356793509524,217.58402283551453
125.52421240909052,20.014038625071123,361.8500942151203,211.327501636423
128.86970295656909,20.632859991933202,355.7657250106631,205.35169128778523
136.83815019690024,23.19322780043038,351.97019624576296,199.28075064895194
136.5253535427101,22.114012851528415,343.62713620176237,199.1193054091475
144.04153753026185,26.41775555010898,340.23459510756334,194.98766729106956
149.20463572063898,25.959161274572125,332.32709606852814,196.40998950668472
158.82877765610957,30.751173904726983,326.006772561118,193.87047147167885
158.2110218223347,31.83099889261902,319.7362539217499,195.99276825348352
161.68587943937953,36.15499802900139,315.8106162148933,197.76597711591418
151.93170709963636,29.06211006762281,319.57040102073256,196.87965181325072
152.3914773209579,33.73925776545386,320.52171280525044,194.83850301769962
157.17867161628516,35.36735587918099,320.66859687159933,193.313562208144
145.25298613833968,41.06172212067618,326.26412172683706,190.6602126594918
148.79703353764563,39.34094275453222,330.2762008360536,189.3127152868321
137.9017114082551,40.36847123067335,334.88634786257376,191.7466453658397
137.83794135493585,28.913831345989607,340.7133446165504,189.58842727509466
135.3302267762864,41.72682715568426,338.76758334378155,197.23454774749732
135.68926109595157,41.36721929720515,341.5911894227413,203.05836230028595
129.14551231148585,44.716671509839585,345.51285290876774,204.34140133611157
127.86488278390067,41.03629805688905,351.219693641489,208.2219535650205
121.93771231186832,38.07604738217235,354.2130482004544,208.08244659837655
119.98018064304921,46.864137594644234,358.91154474327095,210.44449220166803
115.41604376151184,35.06463986473183,363.76730680304524,209.1863306270055
117.68449006764581,42.842177923643504,360.5928402086108,218.96223902827182
121.32270746845077,34.77852253027939,363.8639593324296,220.34658595100825
104.15391239723874,43.54132150471574,365.02222952037323,223.13149448108135
112.8700560933978,34.51172728894454,369.80210933902526,223.12584079342668
97.3411835874208,41.568627345277136,369.4338845373011,228.31706488859206
104.43571584871881,38.46363540211374,369.64824787590703,234.65001617268422
101.75276529278017,50.055856439858644,373.3037411013188,237.03366836559786
98.23693246105128,35.615433516382296,380.0077723865606,238.32236712779195
90.23191148031623,41.21320068827309,380.1187093143659,245.9308172500536
89.64214768209669,39.493111148601585,377.20089682460565,253.48772451914684
88.91690487441412,40.39886209995714,376.70281006317623,258.78584037098676
82.65721051432493,40.357013014229636,377.97355692080106,262.0037528937829
78.9073640129927,43.039938551570316,383.3063108264549,267.1999303881296
72.55787546050828,45.14665969575927,387.85809424686227,271.3232736036383
64.5569852420006,45.56541744875028,395.24453514657415,275.5448678975118
64.18798151240242,25.314433634811905,404.44154179784016,275.5458704887428
64.35198538214166,40.57497913417711,410.9101888659575,276.2025094258977
64.89479172452309,52.05341215803824,418.912890286878,278.75214617558436
69.99460619622948,28.15052318158493,422.73727094360993,286.3566507796741
82.83705732094342,42.06110194989674,424.7697664841238,292.1053060570451
78.27022348835271,49.7703846028262,429.28530287338367,302.1756547894604
72.07398233382071,47.71981066405246,435.5679394435763,310.2915052044626
88.45372955338854,55.643289029392605,443.74223569905894,320.6662721812071
93.42268100872883,47.34257213815667,456.1679871238115,333.33829342067526
84.84004062531685,40.29740503246131,467.2817255992832,347.561758725372
112.81611137454678,28.385855993318643,478.6477285799101,361.97780145387287
122.29403590417616,24.541258995823483,494.13283218648826,377.42716826758624
205.225357541607,8.27368408690964,487.3907158974035,399.0254371463753
100.51631797993338,20.931874910787627,501.22366764622063,412.1825875696904
122.6114030679031,17.64715820980834,519.7709734767445,424.2928437350563
171.82787579386934,16.601935412736765,540.2588919929974,428.35411663807963
196.19210665626065,16.357164295204484,560.7145735766928,428.0652068460288
90.13547361284009,19.48209850175695,582.618709026492,430.59914457871866
130.67540855955428,11.703221636524205,591.4678136612645,440.5995869535318
127.20539664206086,17.6542713298833,597.0834649311586,453.1389570107075
153.66854471281408,19.63652563318098,603.051590171543,460.8790854627231
22.697010864400568,18.812685064736627,596.4953784765592,479.3315391974347
78.84171135637433,9.538515926502754,602.7850939376201,482.6010034900528
17.49986045600798,23.682736714033297,579.6560549553473,496.49598150744055
37.9409493916466,4.946573086548881,586.6301517313589,502.34909979983263
70.29683954754552,9.77251638466538,608.5884195331068,496.19043911462575
59.62627355979117,8.969010581338807,616.9947146194853,498.564405876337
76.92460108914452,14.989482432366401,626.3396449032949,504.70993936786704
63.95410807957364,19.772184133556095,624.444080426365,517.2591974618117
-0.6575906107217975,18.819170265763546,582.2067653157231,550.613508403165
44.12401227140998,9.828153330612736,586.5255409644611,554.3029408656364
247.58443064516348,-7.394608644826292,675.8892948043415,511.74516590985644
123.72989519133887,32.69122402115232,720.4520800353349,496.3973116090174
101.16663146916483,24.281070534604538,726.3834560753804,504.56511776088536
75.13771202133518,37.92828057489237,744.371731853124,512.8278974216955
69.10995511383186,27.436279357957233,761.9504579576537,514.6752849675194
115.7007087832734,17.17850341718281,780.8853789963623,512.4707744130893
91.9875068896273,36.74029952539405,806.1263862633763,506.7921966094041
33.586599434297,35.990541273143265,797.5734818138203,521.4843547277676
55.88250138517003,41.4905706211174,827.5187489322668,517.4074344758536
95.48178003111639,23.782993935921922,871.3761537842527,502.69302976196184
52.50846774059448,38.00873280208643,887.997672293545,496.8083802112681
29.653072614878056,44.4198959331348,885.8097856791569,503.5183704250902
64.30738061289424,23.19472273064042,909.9318455699336,501.7003125488425
87.41597854933207,32.98203422917649,939.5604278580142,500.2995440373134
82.7260126478426,35.6244188480546,949.4757620340592,505.37288428124856
79.00624087665682,39.42748239170453,955.8272281814496,508.62602219850476
74.53056195627255,43.52290695379514,960.3655340865866,510.9519571415525
69.72338730976469,46.98011985638354,961.9509079003562,511.7568675382012
66.67192456330514,50.401590938608166,961.2426501246456,511.3997158967704
63.268909484589415,54.25151621445721,960.2890495231458,510.9203589921295
63.53631341773479,60.151290622525664,958.7228174723713,510.1347849739999
62.8352549794692,64.04799898582601,957.6684047165744,509.6091824030379
63.743987552118654,67.05725535983854,955.6250210342256,508.5835843504522
63.47089090905462,68.25587149734596,954.3978082090044,507.9705582555593
64.9430290565237,72.90826617339988,952.7694283763341,507.155733846684
63.72941681935356,74.43469126292382,951.5644121047094,506.55469202637676
64.305303011496,75.85474056630639,950.6614661753681,506.1073340447078
63.82627507681576,76.75907955062837,949.8141447453371,505.6876224336779
64.56754017075889,80.47823572762897,948.711992109153,505.13793011083834
64.56551963781288,79.4226236158753,948.2059864038528,504.8884595091657
63.77577554165231,82.35137178699907,947.9307498322886,504.75364416739495
66.58679508564467,85.10559739963784,946.6456191898874,504.11616696468985
68.16102632308451,90.06116164378506,944.5173518124428,503.04768960328704
67.92830448350298,92.64014813636302,942.1515898982866,501.856249648243
68.37331433307116,94.85446964606928,940.5585356705532,501.06091059400103
68.69174777691671,99.63379070310916,938.6730743035641,500.1143523354977
66.41077437760617,100.36671020844656,937.8070031179601,499.68442043940746
68.25212153313709,105.82759458062634,935.798559882703,498.6777034331561
69.77644196917402,109.15061587352483,933.825702026804,497.68929687405694
71.31938191889571,112.63296615738795,932.0168996895877,496.78544319075024
72.13155319107284,115.5183990107216,929.8321017628939,495.6894176152269
70.49683310389088,117.3459384068567,928.4558190899726,495.0024530601037
194.03964516940272,48.45196012297316,895.7741158231621,558.2529756909595
216.68605624588838,56.83622307592839,895.7728380362614,558.2522290977836
221.11480561075803,59.21510894408789,894.3659183565412,557.4298233537328
221.97198483149072,62.25636026106429,893.383293072016,556.8578262759015
220.5144728293194,63.780325990514086,892.7144434777642,556.4694889548394
220.8083717833536,65.35808799899615,892.1316590731234,556.1314336561562
223.93030811479133,68.2512641470131,890.9213562868512,555.4254909132296
226.33593865862287,69.22062871887329,888.2874873027287,553.8790710034075
224.3776024206516,74.48370989579894,887.5096759991244,553.4278494887079
225.30423715003496,76.68679023489835,886.4627059752297,552.8184383760541
225.261172145314,77.92465113822658,885.1847589047185,552.0718633315547
226.493432215614,80.42844468523197,884.0781313487314,551.4274045392094
229.92430297688924,82.27597448025654,881.6786752359432,550.0202890520108
231.8843262427905,86.05572257756836,879.4514912974234,548.7147767229599
229.93994964127296,89.24899529541744,878.4703150441233,548.143886973047
229.44584594418313,92.60610060931725,877.5763529400695,547.6242733041587
227.51925471856026,93.4607038359294,877.2778820114094,547.4520009901561
228.7836381170133,93.64127718246539,876.279228584903,546.8704052249146
230.3793460796971,96.38272744923859,875.4008367148361,546.3601498276832
235.25461657224258,97.9070754267459,871.9609866921686,544.3353982167762
233.56012238535715,101.18461694073972,870.8392375341724,543.6818076905956
234.88728046803647,103.18246433967875,869.5555995270706,542.9339677713009
237.89006700256306,106.88119869355722,867.0260693181536,541.4487812713634
238.06159174151514,108.64171325131554,865.2398106501812,540.4061389221754
236.4240556649424,112.43716738003093,864.7157560205716,540.1031402851347
237.06409807146542,115.38424031837889,863.8964451260979,539.6273004137215
236.27461361541089,117.11750680293238,863.2948550751221,539.2791748667779
237.211896013765,120.02611459455119,862.2357856267661,538.6621499102704
236.60980138872026,121.11733620791955,861.9706494583081,538.5091123524982
237.75603598858078,122.43639976985463,861.1764032704749,538.0490923626285
238.02424756602477,124.71112588346591,860.3539596414159,537.5720432697294
236.89977779137456,126.76352131345283,859.6830546909931,537.182409745893
238.31130015740956,128.30614951604468,858.993810075034,536.7835621570694
236.8078493763926,129.83558986008063,858.6883838090737,536.6071785806408
150.0191822446758,47.19494655294807,842.2590712597439,579.8218690946848
152.37127953649582,48.821046551782956,842.1291130578148,579.7375441916915
153.01780700324855,52.37308873389867,841.2162180580453,579.1438929944446
154.60318026984055,54.70695888955396,840.4383883168823,578.6351677679489
155.7287929830647,57.71973460820254,839.536041946148,578.0432550760573
155.5358688777912,55.198142716073164,838.8992059242386,577.6275108347024
157.0361270604527,57.20153733018441,838.1530210124943,577.1384849395378
157.51879006217865,59.917330499879995,837.3807698136337,576.6273817462734
156.3861325616145,60.51740418712933,836.7054132394111,576.1845407485548
157.1217456352686,61.75771131177919,835.4821907438794,575.3869175270871
158.24308786527598,63.528243283230154,833.9935774068828,574.4132150103509
158.52720614581665,65.69542566989838,833.3740741981021,574.0060213584466
159.53660649452877,62.59588311051289,831.8333511563801,572.9946439821196
160.0523707004321,63.30777070704801,830.898393307702,572.3789444010349
159.94840316070025,62.5998283807192,832.2814612587784,573.2939098017624
156.76275815805155,61.12870694288955,833.8815581877694,574.3449199090401
158.24727999986408,64.71613656377133,832.0365216615978,573.1387743225231
159.88253595296538,66.63485126147145,831.2525768846955,572.6260251653811
157.45648375034818,64.83938401266255,834.9081949144665,575.0333666338865
158.33900048875154,68.02381277930277,833.6589429603956,574.2103558144156
156.21108952474577,68.025295686645,835.8364179751521,575.634959711972
154.11965943031242,69.54323496929277,839.1558260336036,577.814086375515
152.55394089084245,70.60861306273398,841.4919875820663,579.3513162399368
150.91336585195484,73.33510514304629,842.9302969094551,580.2982070293306
152.17368041984292,76.47257979573504,842.9785525256071,580.3300999572054
151.80741149848728,82.74486479953316,843.7743881807127,580.8576878019022
150.19401948101967,88.68977407028638,845.7574088551963,582.1750331537274
146.05002962662428,92.03681763304132,847.1812184294503,583.1129904824768
147.36195415585428,95.90163315133157,845.5287517223624,582.0180172381154
146.73015858225727,99.79580248428891,849.1723974035073,584.4340689403243
148.63471850985536,105.55883742114389,847.9499779577272,583.6255471065689
149.65349902783942,110.74875699978969,850.9731351577661,585.6451236938485
145.77840625961693,115.30724215040777,861.711828843606,592.7679687216158
142.6226152516009,119.19229890531165,871.7027876570512,599.4624468013077
168.8778568070943,144.2594165342565,845.9248499031153,581.5831298896728
186.20047278125054,149.62286244206211,830.4410643234033,571.0762228945702
200.98993496108938,160.2799305974898,803.1799495417276,552.5853812458299
131.54858474042413,34.549590373978674,762.4910989500969,609.3329724624332
135.8973003714965,28.691078433204837,764.1276713166603,610.5833307306112
140.53250276168086,20.57741734261799,762.8794523349967,609.6278533397038
143.18489662026542,16.50667793586814,759.1148360833635,606.7516744301897
209.38591022423583,10.422519647702984,742.3327550620864,635.9041706044013
195.58996490835068,8.689313631058042,756.5084338372249,647.8428189706221
186.8157986811981,15.705306056574727,752.0110217635481,643.9963787718518
181.95200393237434,30.601484763940903,734.0243083571717,628.8689209578919
186.98058931770345,39.004930265865255,733.5187870105483,628.4573986051854
191.23687810228512,45.51465502606811,730.87645096699,626.3080328110769
143.1753791560667,11.928330442629886,706.2303074059425,652.8931221195026
148.16697548768076,3.0596279367613306,711.3703509408393,657.5074632553054
158.73248294387355,-5.524680267990561,707.3936017400805,653.985564492046
164.428951085729,-5.568470358789568,701.6533750268262,648.8968257015146
238.66950334637295,9.421464782694216,700.1882598445895,659.2654591345926
235.29444023394416,-11.85068995873985,712.8103654299524,670.7593035367789
237.18244743456296,-14.781352780973691,717.5137936251504,675.1458094271943
246.92817834726344,-9.591622379383068,705.0189380107735,663.4319235463495
263.0352008196297,1.7959654898487543,680.1901110780923,639.9810813292106
329.8611266057483,19.276197788304955,704.7811378647287,648.9547307405932
260.0545010235279,8.89092790311895,693.7501175184286,661.2399091811585
207.61510420416784,6.31719149189388,687.3420902830472,668.2543110509066
172.75664471033394,6.634651958515974,679.7327845090426,670.5376604792042
230.02219990956365,-10.253872891797243,670.0461934647925,681.4907159655232
177.1757548477923,-8.570627794382062,663.5572848021177,685.1533767370728
264.9022828283493,-16.409241847155045,661.0158580557314,690.292844188195
239.02815489679807,-13.223601727648486,653.8649912029551,688.8544096655799
171.74836016591513,-18.978104490510077,647.0070921697034,692.9430961666584
245.2484185490298,-12.276033331761482,647.2533732028971,693.1746852516126
185.8155397980069,-18.01500063917274,638.287273831419,698.332750037478
265.8449351341676,-22.948176767557413,639.090663095941,695.4783555888962
232.1988546790559,-17.196220917095047,642.7313613801928,695.0421620208778
257.48235652065864,-22.337206664854875,653.5172136499166,696.6083270496922
327.4905987909832,-14.111098819431561,679.5762290265943,696.7894461660961
318.8360609475632,-25.740104670347705,701.6998763043083,719.2884975946063
311.818499687154,-26.347559030244213,720.4607263269435,720
309.49237253605577,-42.080817765720724,730.7728861003409,720
312.64713763010786,-45.51218264933573,730.3925045487017,719.6153592650885
312.4403242262056,-44.73536109419365,730.796634922978,720
318.083350083618,-40.62538095807207,728.1000140697389,717.2370464976129
327.71031510513717,-36.15250058650173,726.5863918120951,715.6652477362982
333.04866166209575,-36.20932545494895,731.5028674224183,720
357.44618818819913,-23.43834725069013,730.7963643708904,719.3246848388487
366.1646875136197,-14.725552518527593,727.9326740640117,716.6546587650603
369.72558101984947,-3.934597007451657,724.6461850490945,713.5774002918711
371.39798610859947,1.449246334976408,721.0785693077354,710.2379640174403
374.56101708416355,3.5636349979208717,716.8388190874201,706.279314836544
377.7017200466707,11.193465796784494,712.6313331044656,702.337926347592
379.2031540264305,12.76174442480658,710.0854317853884,699.9628703136927
380.27610615492256,16.837816294516927,707.3234697194607,697.3791185093653
383.91916580963004,22.243239954712124,703.8038199900277,694.0954486542186
386.3335006820581,26.833071511407525,699.5315579333424,690.1033584706306
389.14677453461326,33.967355922945956,695.7174984537334,686.5363956170804
391.79229937126655,36.435977197925524,692.1953926871957,683.249091034737
396.00960557367625,46.01536093278787,687.8263377772532,679.1546930670423
397.8688709568483,51.50591948602454,684.4055021708213,675.9463549897544
399.1692836366685,57.19277025527754,681.4467201276389,673.1733382705074
255.1605327060813,-6.7296766515106015,724.0411120593837,681.2665224162273
265.27292377936084,-14.841407912452155,731.7433727078031,688.2144108471978
269.796636271014,-22.99115670900045,730.773271698145,687.3490074277836
272.2925587070703,-27.67678674570368,730.4393321343126,687.0482349271597
271.18285220107174,-31.149131801601527,729.5605326713968,686.2664882737802
271.9524846137312,-34.81229745062382,727.719197528772,684.6211976754864
272.4494614623136,-35.540181484160996,725.5711577261404,682.7083432555752
271.89112183014737,-38.301022054025395,723.3903320547953,680.7635768504551
272.4810558895125,-33.47118797651086,722.3943293555881,679.8842298917343
273.5433958974233,-28.966566840210533,721.3056113769807,678.9217746107637
272.69953218191904,-28.181471586031137,720.0801658533398,677.835301172256
273.53020327012007,-28.81083902700874,718.528273078553,676.455615108195
274.8026397987435,-27.079536054283096,717.7369148142816,675.757076504706
274.85628267241793,-24.587614660644363,716.7741044481381,674.9053304961179
275.42402265204817,-22.385368951604164,715.014734505708,673.3403307344836
277.4482472999713,-18.852582073537803,713.3847907658633,671.8941627097923
277.83476639463913,-12.68251356257656,712.4670179761301,671.0835581729907
279.2753808491277,-2.253928553650269,711.7143984766353,670.4218535433986
279.96149085656054,-1.6387111026865568,710.9332713449023,669.7334366007054
281.7071374419554,4.807514206452993,710.2881569197727,669.1674976358158
282.69388186611604,4.689165508025383,708.9038656057273,667.9449235641556
281.4475928562439,4.593474843020488,707.8890637782229,667.048683460637
283.17559433049456,11.454257900422988,707.3955056007147,666.6152392676416
283.5447961856476,11.091977578441174,706.0267579801313,665.4054539153193
285.73091030352936,17.27579449583334,705.2224623088103,664.6976248977948
284.98899360812675,17.922775213980742,704.1490483274915,663.7494107408698
284.0011948563454,12.841407750779979,702.5649692777334,662.3386419176943
285.42169121645696,16.27740765071883,701.5105568460143,661.408735914434
287.1769840191271,22.364283202473473,700.3736443868393,660.4038766575891
288.8874935770139,25.958578408430924,698.8704074313065,659.072840643858
208.95532595163667,-12.461097964921692,719.5213729331402,659.499878910327
211.97397908846318,-3.9268418978580826,722.9226594050505,662.5549830022759
217.3340576974897,5.891663618751238,720.840383098036,660.6822591817595
221.7539994778869,14.454459226633901,714.8318232660282,655.2433807266191
228.2675084237378,20.876052522368127,706.2819862157273,647.5565254152357
177.85427908128855,-11.813709336230545,685.9350530172161,668.3532518405916
111.55340453375072,-11.433211928278183,669.9878064223612,682.8459747551814
180.0472419029636,-6.961486172300624,674.42813468946,681.9066843335189
185.85037037848718,-14.430560009622127,672.3699208722393,687.954129671657
194.65082622253,-3.5198086782419296,668.2354617752162,683.9122593970341
198.81049352057727,-3.148682004564705,689.5701829626295,685.0574899412779
206.92843250934567,9.145694964895881,676.3392961410024,672.1378134175227
123.31811918366265,-22.822249760657087,681.6091440194893,680.4786527593487
126.77026851770842,-27.906308871819647,686.6468509293863,685.4382030995265
137.05791722015277,-33.64775294870748,682.0276002071407,680.9614787448437
148.0917434075232,-27.967096810665907,671.8986912134495,671.1601722574886
186.0648318905579,-5.486574306921284,679.1594758479634,678.4985355367887
194.74433801106892,-0.012203077487129121,677.3612720214907,676.8104655195381
238.88936586233785,1.4655998228416252,692.3444638510118,675.3535795067656
241.4061337709656,-25.246937437111796,693.3428586718668,676.2751487103662
233.95850219058087,-29.954401295058574,707.2615726089842,689.7277850391373
234.751497770267,-25.881332677016246,704.8429709663673,687.3837116924435
238.8197244756297,-20.153377095106066,696.6079034561843,679.4137874935323
240.6879925035704,-16.297046651226083,693.1654314490099,676.0789783172557
240.7182036929736,-13.166529226607906,693.0496346243258,675.96661060078
245.02643428832465,-6.894433386351807,685.922936288012,669.0663802484889
98.63940878828458,-2.551493488126596,682.2581093721706,677.6799394957188
109.0870107457817,4.7301048529353125,672.1709804984591,667.8637326269716
122.69968549439773,0.7286124563780163,671.1500688794392,674.6973583718692
194.61225138074536,-13.975724506126198,659.1911807789694,684.9217039672274
124.83878996277105,-10.770977533393761,651.0818681751779,694.6437544698251
127.14813967457138,-15.139366120954435,650.8107848924714,696.3844792331554
142.41330362364465,-23.327498108247426,643.9942048433124,701.7521717107577
179.69246994670073,-23.725935918211803,654.6544235370159,697.4777187197606
194.93624082684016,-26.703818132738206,666.1885469362085,697.1408119886926
202.07339456603853,-27.764800323245424,669.739985092957,700.7528832677369
212.06563332286407,-23.271445833663904,663.1970377318746,694.1433251770919
124.50659007673158,-14.190293112210611,660.9187617723464,700.5250079135726
151.5311811937749,9.374412122731655,645.9310614346077,684.5931950674981
217.35682197837122,8.63167950489202,672.3006532720657,679.7061241865786
238.43759066285259,1.4930819470211532,704.1335633405406,681.6036683633215
242.0302725251284,29.849408796645207,700.6391433264363,678.3389145951326
263.6790490520012,66.89685514076763,648.5511073536435,627.7132086596877
142.3786949397885,16.887422794261397,663.3559790236188,645.4249136240153
182.9647351504201,12.70599881387551,672.9420218458249,655.6197286780637
192.8739668116499,4.093951018219798,697.4337506141551,665.5241834821501
202.19623625992574,6.563073421421507,693.277259933154,661.747048660137
199.87593642745765,6.942532545429685,730.7722896158443,669.0399223032955
195.7132468541772,6.3217456060477275,741.733565340015,678.8535673476098
200.85101817329564,29.19669783853459,742.0763452394181,679.1606670452818
221.303709659947,44.34855772574315,728.1841705502682,666.1490708551614
238.68770221627875,57.01203981002698,703.8972635779836,644.2088349883554
159.68121167716038,2.5020566569800167,708.9299966675837,670.2979140009995
155.9666590591503,-7.5513383949363515,706.1778474341004,667.7359587185134
158.31963132206232,6.735449173793597,677.7019318567222,641.224075465973
161.17232532100672,11.305476009756148,695.7002734427467,654.2305336060326
227.17628022342956,15.64551893272511,736.4529923437974,653.8550469083422
226.62651174635533,16.047294120286836,740.6269198595077,657.426720248693
228.81887175913562,16.48220731574486,740.8445379490086,657.6108860616171
229.74843437231652,17.564562804071556,741.1894578456495,657.9038404758194
230.86497541933375,22.442306785094388,740.8133948306281,657.5862198661167
240.46267097435071,61.45173575748777,711.0475032491337,631.4500011079188
192.78146293645398,10.296662816844787,719.2072863195847,658.5643620299536
198.2595845237675,15.202054827050915,714.1170514829847,653.9882103063663
200.28645914117368,18.890060748778808,712.6504047326877,652.6717396395338
199.54200458643965,18.46946457435672,722.4163883105731,661.5640962099538
226.35423803749592,46.36352607380189,713.9547561466437,653.744544468467
260.60593729458014,76.35050471733638,662.2009648087678,606.4999324880348
193.2411412729851,15.721095571232297,661.7903770160577,639.2404530410661
190.36353049505158,28.774599099413592,719.1065867266768,646.2261754935355
197.3037880749829,41.8782023187585,714.0794398603962,641.8450168470551
324.29567368024885,44.202355308819506,728.79256317601,643.7646833764486
316.4172413458747,42.89070121350068,749.9598394992533,662.1565603719698
312.93704990326995,48.013995139972906,755.7632201982509,667.2810590000747
311.9660969053886,52.35724290956824,755.0713104586697,666.6689319752979
307.6729494824795,53.13195624276074,766.0860974525793,676.3173216920945
311.8468462807164,59.94759928677672,759.9412525990696,670.8876878305482
312.9575211935209,64.98733271975914,758.4646577749792,669.5884696215696
312.6836252804661,66.86807060674204,760.0547443211151,670.9833790140424
316.0277135107518,71.29619216298596,754.7702700632881,666.3409741333998
318.24265689583535,77.87345241709636,751.8637380712607,663.791343952933
322.61778989553784,85.70537466336873,744.1983245758352,657.0451127226548
328.8771321318548,95.79080034213553,734.658121245741,648.7014662120816
334.1751496775498,101.97079195772852,726.2851883935241,641.3595211523785
338.6266385577324,111.29165453305035,718.8872440511085,634.8538712093025
149.58201053909045,14.392000050809031,768.0433171631637,660.5599174853393
147.9686202222112,12.904143056002965,776.9063906825298,668.0097822452439
150.77750002393708,14.755289294721422,780.2688934449449,670.8179478054161
154.54234465065167,18.873319293024508,780.4443019607047,670.9640966254584
158.3275400938029,21.847497980103697,777.9034539823574,668.832061998478
157.79822668843525,21.85901962366296,781.9529495792812,672.2421721792136
158.33719916750277,21.717321968421288,786.0794419070425,675.7142800227617
155.076303897787,21.26726160603613,794.890851171387,683.1515263124677
149.1670030917989,17.49167280593298,813.3757667357116,698.824521433897
176.06644119546513,33.42188528966176,804.7091913933723,691.3485315344047
197.23610914598953,46.70957700715786,780.5221731552008,670.9535169884477
213.86037296940515,61.55947473796999,750.9575010907795,645.9212994355572
229.79709552404734,74.90009897204231,720.822504357287,620.3716229398766
115.86268606448795,5.131461972200668,707.0016738680159,662.7331558184158
156.52693579001425,45.005468594619344,630.326636173632,591.3840831029887
139.50070115019673,46.51317591597359,657.629786920672,612.7414481412052
199.74859962552966,19.314540334009507,697.8402675433374,630.1155124134025
252.09375161789103,24.981712882856584,731.8206690502295,636.0675395140407
278.24846724438385,27.116320212798087,731.6721699476566,635.9444818260066
283.7881572544612,27.882348970294856,730.2983657203101,634.8228891009368
287.00488644098925,27.149338179273002,728.3258373079705,633.2056661790281
287.6620509221301,23.643219975283557,725.9220547761413,631.2240629326101
348.2817376873636,-3.585679711164289,720.3656395494836,650.6822511529574
340.25974221799663,-38.273268513661094,725.0834889355554,654.697750384389
345.50531727805844,-39.359324366098235,707.4706499426213,639.0903747797698
