652.5,224.5,85,122
648.2441658677051,222.70655080507436,75.91180768636403,127.36632731979168
638.7728712894058,225.10926215394824,74.21078426142918,123.41026880741501
632.9420259496209,227.2929024577101,72.04424962431135,119.85064089521323
629.5208611967837,227.85661482255705,70.65508159001965,117.93750418480623
625.8698965159006,229.84623189527542,70.15430473724675,114.22133419936358
625.5825547058727,230.72527480652172,69.01912571410962,112.58850196201038
625.065430060734,230.8417151021701,67.9080803600065,111.78775682481856
626.2367826783146,233.45437228597388,67.37307768926611,108.5121520853818
627.5489460275812,235.19537521722737,64.9409455646362,106.69099234810028
629.3301352351984,238.90822267579978,63.82850009005778,102.32811785236278
631.4403146313305,241.00125147869912,63.55678408284596,100.72872685966894
632.6732961163348,243.12274070808243,63.056633910921086,99.87031141380506
633.7643769560163,244.378422420466,63.155238850315754,97.39272293282647
635.6287899331342,248.24432048105547,63.037848371651044,95.41219001080489
636.9946014962812,251.09470904361234,62.430123310250536,93.91042513111597
638.3820496962317,254.17384536208505,61.69780645572067,91.81643646989474
641.1669356110747,257.7700142502732,61.01929218972659,89.38601909383287
643.0355123519558,260.18425546753537,60.27234350881559,88.01710996507201
643.6927964213238,262.6439644206907,60.232950278928456,87.08104988568705
645.6428245531591,265.3552692831437,60.42756042569664,85.09847426739839
647.2801780039093,269.20342437687486,59.22868276931412,84.06832654255835
648.2517340968504,273.07345287442234,58.83199965977555,82.98933784287604
649.9419228421859,276.9168030065861,58.56165245715183,80.67289134262299
650.2975764409354,280.10914977596167,58.547686591872875,81.85821736325971
653.1688800445072,284.0057588343932,57.577320546317054,78.74703540162943
653.7913444859058,290.6019903983577,58.019566438804674,78.03943862875303
654.682096417954,293.077589988876,57.97698385590914,76.82402663969854
657.2881538713618,295.2797939451202,58.13112180211638,77.25644520117078
658.830103773653,294.24713035261396,59.260722114259764,79.55837051694768
660.1993507787846,295.26902995376366,59.310601808048375,81.45966208328421
660.3111586694565,296.3073791617472,60.240233601390074,83.67456953930595
661.4243701089616,298.58521521774196,61.337749198443234,84.07645361128384
662.9630470604546,299.76980871216125,61.544744301328834,84.9035689797096
664.1844464141687,303.14694924082005,61.19389402650561,85.6155905932398
665.1660464823524,307.1239293505246,62.13990634472073,85.51662968203567
666.7921076966508,313.79755094990156,61.73353259978912,83.67109592787276
668.5438375330831,317.08647739746954,60.76620564344981,84.86488670682832
670.0068680867437,323.58943567132496,60.892514779614814,82.68690827429057
669.8117758460886,328.2664689246213,61.17859871148913,82.71867940865395
671.4885448968896,335.1584124086748,61.0126079028811,80.34629364169636
673.7803829133943,339.12487697399126,60.408189227295,78.84641633023709
675.1804156656925,345.56374896524767,60.80001476184786,77.08864044576089
675.5453113924277,351.38394116260037,59.87415981533496,75.40318858496789
678.7729506211148,357.535004473598,58.97975186900235,74.35504896675117
679.9944133284517,360.75065366785435,57.902630246127416,74.34810425828019
681.643272754633,369.3632620187434,58.205835809096996,72.4185379699282
679.9445872765506,373.6724731267663,57.12564328429568,71.573417570543
682.5885445492897,379.77194582418645,56.50036764584432,69.74902717310867
683.3543588436331,384.83982034505857,56.76684424498606,67.29776847130333
685.1396418892865,390.16560884489814,54.82478497552536,65.86734635374978
687.2298695137983,393.36671173224937,51.70461274192565,65.06528038250333
687.8831218173096,396.8608826245301,50.405216527533476,62.87217622620463
689.149434051105,397.117958791873,49.158063227119285,61.948316351157075
690.454765497422,399.257112656248,49.33108583116139,59.1510994400396
691.3032268860081,400.80440064856407,48.617377675085834,57.636548212211665
693.455671454773,398.9310353472255,47.16716306778187,57.11095261067835
694.4339650086861,398.2223037047102,46.781399443136635,55.608511153918016
695.7830984863044,395.1670403635123,46.42330266154466,55.677634883183046
696.5510428251889,394.7616523594828,46.58270806881478,54.71434414856162
697.0468501004364,393.55553254665165,46.912327648006226,53.48042181123202
698.0555030155831,391.23877841735936,45.85896369253587,53.526084651109954
700.6389676730064,386.78753731695286,45.36069783631341,54.08373366269049
699.9844378931018,390.0126307339683,45.51038147756965,52.094550751051955
701.1756020825219,386.4467922011414,45.06005770153716,49.9924508440677
701.7134449057921,386.42952860597205,44.08099576358319,49.291371757190504
703.5701617169682,384.90345148537466,42.28406547734065,49.228439558816945
705.3803808970569,380.7348770194321,42.40884320798848,49.820158934080624
705.8931206803653,381.4811368605255,42.158809103053585,49.04466790701574
706.2547685776344,378.2496632262956,42.046663013003524,49.22076323327826
706.5211674950449,378.26975468682923,41.845923475746986,48.80641927639533
709.1988660141423,377.29530375906717,42.00487590476308,47.915474092357385
709.2293740061705,376.08782320775913,41.12479804211256,47.64122139429927
710.5284119776518,374.3819689081626,40.59334663322523,46.60425866021254
711.3600174326727,373.0659061954142,40.11171118202034,45.81383405184428
712.0345766788275,370.92742583230427,39.21320445401189,46.11936330191102
712.3016679668166,369.6620106856892,39.04804379017751,46.41436248342954
714.2649344152007,367.45719774352585,38.24126168548666,46.09185100981372
715.7300136958439,365.57303117714025,37.72320849353772,46.675572868133976
716.2768414532874,365.1976086124051,38.14315214776121,46.138235241910046
717.3859383216319,361.6081699585631,37.67525285305377,46.942217776357225
717.5474349521359,360.26915987674784,38.36179222203532,47.3139145189884
716.8312457087062,360.94013391414893,39.260566780270125,46.490412951718596
719.4314064342244,359.1904259395985,39.17653699296675,46.01510764002422
719.4224346024338,358.1985341908365,39.89651431393639,44.94622560369139
720.2121685795187,356.9429921866442,39.51012128613277,45.911029791683845
721.9501176301738,356.442340469898,38.71000312949687,45.55824266661712
723.2369607883193,354.17886611555207,38.02073721331588,46.080840703194596
724.2493652485794,354.29116945327894,37.804131374679216,44.992533599873106
725.3204344046381,352.271179225557,37.12547526896802,45.105997782865956
726.9232156507853,351.9089855651034,36.42157218954797,45.75157436279585
726.8439291983727,351.7388845696843,37.70614610427637,44.879881338904994
729.1389907231351,348.345414175237,37.01800376869329,46.57677423124207
728.5730940060835,349.1977103631397,38.60383890342176,45.63731589693839
729.8145089572719,346.1098339029402,38.2195586206219,46.60667105470589
730.1506079460526,345.3378342312071,38.15964037025707,47.344279016997966
731.6887620594512,345.89423801844333,38.81947404041704,45.803492919387544
731.2788062200797,345.23894390488584,38.795861288910324,45.233830661072986
732.4669041423663,346.3859154460232,39.395033597194505,43.60679722596255
732.936789024008,344.601273616443,38.60547111432529,44.17930507387706
734.0532544474993,344.75229659071374,38.52658865434753,43.96991964888734
734.0959098849349,344.4310786906522,38.21900066853437,43.633277167733695
735.7303094670143,343.21014946543664,38.10142158983737,43.43777580145479
737.3024469991448,342.9930416599474,37.884348530872565,43.96916735847009
737.5314578868326,341.93024946634114,38.75841986793853,42.856424266740845
738.0681628638631,340.81769141663574,38.67530974489854,42.66164449309251
738.8334599015791,339.3476038624796,37.960991929271295,42.55106300797626
739.7821993253436,340.04382391335884,37.50911176812847,42.0484035855483
740.4810431469266,338.7443149759271,36.10818863708702,42.45432202437671
741.7060522928678,337.66181920574564,35.58422001584687,42.763905246257885
742.8921444098858,337.272166880624,35.36796221689628,43.57550144650605
743.1261823582553,338.25451742620265,36.01599699554306,42.31706636844628
744.0983964153445,338.53230454274853,35.85321139665771,42.79966374992719
744.4062086257298,336.59548284501795,35.60799295473147,43.1221357944732
745.4180180673312,335.265531262885,35.593212032340226,42.800184061940186
746.3830025004995,335.6319086197521,36.21138308011111,41.906027591079535
747.073055678068,334.70283333555335,35.942856358642516,43.043164179130095
748.0295820812798,333.63108689593935,35.13976844989015,42.71458371206238
749.2175535718268,333.3626661333352,34.693360381574834,43.06114173193712
748.5772345322681,332.94183078435924,35.82177001462219,42.0758635177148
750.4906845616474,333.62518085659,35.33753803098761,41.5521042585032
751.5265400778499,333.4025311919359,35.01844756126256,41.80114517947852
752.4334319382688,333.5241817028161,34.929636522193405,41.508045366527654
752.8714722022372,334.03100618223453,35.80126248026098,40.502122030259294
755.1371381594553,330.6204611596216,34.166069695488716,41.924570472511526
755.4024040714287,331.24103483383294,34.29086123584023,41.84393666228772
756.5946429082319,329.8072629654237,34.00737355158712,42.363343062847186
756.6354041079484,330.27955773916756,33.918445930347424,42.31170919781822
758.00731075099,330.41802138287477,33.88583911766453,41.634706149240984
759.3291833699357,329.65580682323434,33.469466236134735,41.298867814328325
759.9990572488197,330.4422629310506,33.7397600308103,40.83129429761768
761.1646546870724,330.0175358977466,33.46614086462071,40.775491658764
762.2021280267877,328.40905316024646,32.95687529945931,40.87226031660574
763.0933623185475,328.04025938739267,32.904565504274224,41.29732952192506
763.5438090162183,328.4376285624914,33.60606329857691,40.280419332876704
764.9843730539328,327.09548038233993,33.294577065438155,40.4641309107615
765.0565203565232,328.46836863328565,33.173676934131805,39.65657727529933
766.1863971291375,328.528698935224,32.993361278367146,39.26582111764807
766.4076015581591,328.8401146447684,32.63939614912421,39.018669818746105
766.8219054008428,329.0895288430555,33.369541326635144,38.36185329137685
767.7725209726085,329.06402413845893,33.40069844702066,38.065754509733324
769.0299294341721,330.328033934175,33.333794886559886,37.357722489194494
769.1832389978202,329.57344687583526,32.71230819556606,37.58414889395694
769.6286270196242,330.07928277426674,32.42932144906353,37.91553442180731
770.9832005299329,329.54824761438863,32.35935622377512,37.9934477666805
771.966920520982,330.8641269379877,32.70259524594972,36.57857226313386
772.5780424887909,331.8838114308368,32.70081556972049,35.83860632722411
773.577156889744,331.7102741863359,31.37008484853767,36.50495777618849
774.6650592374963,332.56024580975395,30.969718128981306,36.03974218875711
776.0690127834422,331.83624785126364,29.6918433678974,36.602819024151884
777.424314341356,332.2040297312077,29.231849204210874,36.42639367254448
777.8366673960993,335.37434838889357,28.933964833110974,35.151530708723165
779.3968092473332,334.46976667579,27.94773020417844,36.08490497916543
779.1677997940312,335.5386110034327,28.286089914870423,35.86382112061575
779.9522316189461,337.0673560809599,28.616017352521453,35.37073791554435
779.7309428998028,338.31390745771375,28.757696156098135,34.84402470639054
779.7887998167143,340.1794965386557,28.669168675226036,34.2513771313537
780.7957714105032,338.9660961553413,27.990759253299064,35.47869940794922
782.145497885861,340.68327207459765,28.512335870301865,34.34173812051832
782.9668284805941,343.0897537616688,27.477079171288736,34.60571892019661
782.9165755429291,344.1689833882597,27.67986521900074,34.1170148043239
783.3144436566889,347.0485609246197,28.08462491526115,32.77830567606126
784.3706984663426,348.14437928208326,27.870254224610918,32.33314500685242
784.2767888301789,349.07159690968933,28.41562716540643,32.159176935970464
785.8003646281759,349.02771942629903,27.841731105618386,33.11107625644576
786.3015017888036,350.54622075001487,27.92226367525,32.70616794515839
786.9490646163719,353.149615482726,27.66857587142972,31.579439449831256
788.1530305407424,352.6939057567458,27.073687873445046,32.155015442056346
788.1253262093793,352.3253123931433,27.007213910471958,32.7531621640412
788.5472635266021,351.04971218354905,26.81626031226006,33.69882419520525
789.9756378347882,350.5353820489048,26.504893669548814,34.068276758611375
790.5235705057473,350.4003744522717,26.185691934008307,33.617268914497416
790.6852576471612,351.5504254191859,26.11814552113389,33.87211818781129
790.8092309156382,352.80450266381524,26.246309279568088,33.364254636252554
792.0948101918681,351.02375502195366,25.949380397168113,34.141145262789
793.6548387672915,352.8205158441095,25.52110437365141,33.534681170815524
793.9288248818223,352.8493611705407,25.61342620021869,32.99617223630344
793.8922470185835,354.6789591087073,25.46022391218409,32.078871449563934
795.1290697590526,355.80658652223934,24.83507867644877,31.48033592272556
795.0295788854705,356.9476901191325,24.81217518985517,30.37836459158633
796.6241139707769,358.4084754705383,24.198866779982236,30.535241962562495
796.2678337931738,359.1876612887237,24.703357367160407,29.82772881468929
796.6935524867598,361.3868462385517,24.9667321043893,29.13075041868469
796.9414851020873,361.49138022824644,24.446100249921262,29.892125564438814
798.1578653353059,362.23242155386475,23.774263300373832,30.292886939861177
797.0345170374837,362.1961958863321,24.13770231444343,30.264184085113435
799.0762664675296,363.12236717963424,24.236233327689664,30.7652230984882
799.1520295177463,363.59391703719325,24.46328635822259,30.567638536961503
799.6234465417105,365.06983894826527,24.168954674760297,30.689808678999484
800.4787194214101,366.1013272065286,24.502437677201513,29.617513241268966
801.3457136521323,366.62242609203275,23.491171143993718,30.153769974204803
802.2694097890044,366.73097116835373,23.472770090648822,30.485498608479766
802.0171915583413,368.4320001620226,23.549603808733515,30.171994258957632
802.4858266477711,367.40792925483726,23.5185464612625,29.850072567739108
803.6963036272695,367.93628349915775,23.003685466888363,30.089866766144706
804.8189012256803,368.8232146991459,22.2504074210546,30.21755126815059
805.4309473136277,367.98400599485603,22.26962160908922,30.51235399990155
805.1302270291861,368.68788346192076,21.80714663188011,30.5708695126323
804.807514388297,369.603169310619,22.710530006806763,29.621907173920988
804.9797042178337,368.6000442720341,23.13156598180801,29.403356084508864
805.5581175687086,370.0021473968854,23.21867228194521,28.855313607576598
806.3660187769771,368.7081531164966,23.126723106210974,29.061193453665055
807.2605441079497,368.85135111032173,23.27413812943648,28.731962541379914
807.2744961095437,368.3687436539034,22.79553909333031,28.980169329832933
807.5298829585397,368.0318524676295,22.804158319129925,28.682774863393536
808.4442664510133,367.47996679698866,23.44453728055926,28.772109169907864
807.3995772715716,369.1798215992768,24.069624347898966,28.071089574773975
807.9240244638416,366.9372157805552,23.545903661205077,28.239536958055226
808.7940882765453,367.7157442947189,24.121255303695314,27.670253785228404
808.4355628556743,366.1078358241807,23.8519440260467,28.515237847592417
808.7356958280286,366.4789873699997,24.32005990757321,28.436676757241806
809.3426223893382,365.0371598434754,24.520492431876125,28.627282982701807
810.0084474330129,364.9136303360291,24.41966265235186,28.542639422924747
809.8013575562951,362.4380593177306,23.597871255180944,30.546362435667824
808.1610779868585,363.0243098607883,23.61716062531558,30.321500397433685
806.7466047448927,360.5610924187829,23.04739400936632,31.392782675402728
802.89991631483,360.2023842598741,22.651362314907598,31.63432026161226
796.9281677919852,357.38751672924604,21.725150767925086,32.41183740862904
789.7557759340145,357.10042820928265,23.130002146650575,32.01183607837872
783.8378416430627,355.6785628312322,22.652525175066874,32.59628378248111
774.6250517024091,355.75291831040954,23.271091730075415,31.859804913120236
769.7687891160087,353.7356794547445,22.797182013900173,33.09982321776144
765.2735615553958,352.93539441152836,22.738650825189872,32.40694824025232
763.3773861936093,353.73479451848806,22.918163883718762,30.557480272889364
761.1492771252216,353.27206006675965,22.65930454922675,29.808075379055882
759.6856507368494,351.7525718717563,22.6292871009559,30.04238353691416
759.0988435390126,351.74703976829795,22.986998669863926,29.31596764254309
759.5093184535463,351.94646456825,23.39718097460487,28.854683901784163
759.8820629555298,349.6893084627376,22.548308201797745,29.820941213888297
760.5359059196244,348.7174595439084,22.081606894308578,30.86555884931576
760.5800664270681,349.2397005690631,22.76863742305072,30.26096209579434
761.8417318110647,350.2987847748715,23.526505713346722,27.96910319359705
761.6380291868194,348.80801833331094,22.92805976288733,28.59827424674102
762.7598449332274,348.0376950982538,22.33250824745159,28.080828156352162
762.1889402059676,348.8140427163678,22.928011511921934,26.91401577990011
763.2288976789033,349.2988502246923,22.253391941055224,26.183062245212312
764.8786959731323,349.29005361552316,21.610650729441076,25.71985265531047
765.645766486704,347.7347782697783,20.422677129057853,25.892521000153103
767.3777032559557,347.12678891732264,19.485775502100743,26.06209972238291
767.658279112259,347.1972597848233,19.28471520746245,25.753985454482542
767.5616190389245,347.3210605305458,19.550613299340313,24.55231753875953
767.357565923171,347.6607517774181,20.032814857953916,24.134173877377805
768.5649999341939,346.6802448385792,19.692840006430185,24.426021645097258
768.5450294498091,346.5594213849221,19.869202882358458,24.28842562811542
769.3723989341077,345.5351072293847,19.54686621443352,24.455395047616605
769.6761029248744,344.4936653866577,19.962883578085165,24.650049832711893
769.3523749312226,344.8387461997923,20.46514484662429,24.189770142624624
770.3124173433462,343.89612660541263,19.99725667529032,24.753285261838652
771.4875630177503,343.9553710422607,20.16949487531656,24.480475347929904
771.456028451899,343.50858747468425,20.063375526669432,24.39184936260485
772.7530320006306,342.9307224493327,20.663734246558427,24.270117968458322
773.512784184045,342.35719980713463,19.592559284864834,24.422294702569815
774.8838321322404,341.8500933258817,18.97382492575104,23.78603259126535
774.9322745614044,342.3601185739172,18.890599577206117,23.56519421641122
774.7841324995587,341.12921962164546,18.259652889203274,23.715677005226667
775.8648793415219,341.34049216911205,18.44983073181489,23.15467033014709
776.3605288120658,341.46528078988166,18.38248473758675,22.99182893131691
776.7895946982502,340.4291718503298,18.236519994284997,22.98162730602557
777.7015819241392,339.61759600801014,17.92872336116872,23.423756854241077
777.0986987876456,340.27328482090996,18.49363060293459,22.512015573545344
778.3652308491609,338.9165470688307,18.35585629259277,22.78938300901385
778.2800620697711,339.1468742164668,19.052233265489857,22.19820952114769
778.4562110618366,339.7811264276896,19.22404520994521,21.859743463112913
779.2536312816517,338.91179996072293,19.04727593929242,22.230137246252642
779.4012278085893,338.7209109347408,19.43712293872611,22.085148203167037
778.7430010915399,339.3275875287297,20.16852133589722,21.326821616282828
779.0421737650596,338.20532058501175,19.599120694292445,22.137793100154763
778.7421101043799,335.7272340286645,18.802335518751676,23.350468629747
776.5250086013477,337.0571659549838,18.6288096021792,22.972835811986165
775.5226353015584,337.20658210241214,18.46329536354407,22.74752134277375
775.1391810524515,336.46645985314876,18.594289295550848,22.48616287523811
775.1773720259873,336.7343590737911,18.53543787647572,22.367574484131964
775.1450485691955,337.1229586569266,19.14368856835282,21.555882103626487
774.9405649987024,336.99453425414595,19.077209914165103,21.468100342925933
774.8772710554464,336.9083494382738,19.192981828400477,21.50030666032989
775.4109092785867,336.22508265803486,18.399501333773692,22.111405801832767
775.4526333145318,335.2658803911851,17.694847506466903,22.784431672269818
777.0139937024252,335.0168680844231,17.73159736011368,22.416623252522584
776.7328963000966,335.79463233609886,18.185841708104945,21.81880066075515
777.5279972380324,336.41274715044426,18.137724196251142,21.540771588325292
777.9369461812661,335.66478228095633,17.96765274724167,21.293558107680138
778.8171007762688,335.4590372524725,17.808446376639488,20.95834010469656
779.6478368703903,335.722358218491,19.15716258906849,19.77908697903363
777.1899699055069,335.68845990649834,18.533940197589573,19.87080201858945
777.0275789671006,334.06964335909646,17.26088353411129,20.68040462962935
772.9992203311091,332.0838286559462,16.230848132430737,21.770050011643615
769.0895540258832,333.3538806913134,15.834516340905445,21.989153537347498
764.375406103092,333.58186552837464,16.865088529477987,21.754584025802473
755.290122405288,331.49130162986216,16.753616909942394,22.44270159167946
747.4264384785297,331.22001353652536,16.348262228929293,22.593452039781116
739.2964690990063,331.23575104808396,16.05760127345687,22.334064290153755
732.5926181375086,331.4281446587293,15.856967632200394,21.80336976054354
728.3753202723681,331.1347366560298,15.378226328751321,21.991016845321617
725.9491665385839,331.0035754023933,15.370867974983337,21.710732775186003
723.7418318655544,331.2548805011559,15.51775577624419,21.486024249782915
723.141029870247,331.6927928016423,15.992851629451156,21.17363383813808
722.6579437086134,331.1516515097754,16.114285876964573,21.394226298218673
721.5953646611366,331.3012264304195,16.495530976986757,21.403273960142634
722.83290574581,329.725840952438,16.027246805476587,22.26073870244899
722.8301447760189,329.8153727948929,16.25657076336128,22.747224937401114
722.4739693259427,328.42146843744183,15.95215696790045,23.299725103879346
720.548233571574,327.4178266039305,15.975783177647658,24.258477922904103
718.7757540954753,327.8399384210178,16.38334246081012,24.061013693578523
715.4518279915615,326.7913290064975,15.767415434650447,24.3816536077347
710.7036674597596,328.24209157248475,15.406623268914185,24.27724579510437
705.7472172485247,326.8456009470454,14.933833859999226,24.80535166331302
699.6582346478248,326.5515838667379,15.209637349698978,24.468608973038023
694.2507333493348,325.44812547527215,15.083059008067037,24.86177829196771
689.7860886334564,326.9906488286579,15.66140879503051,24.51889977437947
686.6162000004089,324.4501141811643,15.888561027920675,24.699218311284994
683.538738661011,325.6116646021056,16.088757594661534,24.034416490833706
680.4553916306231,325.72178986755915,16.533923335147392,23.31032459470121
677.4632631514373,325.5444393529515,17.2856685961524,22.988762562657357
675.4620037613195,326.49906290729723,17.434527761287924,22.60518956545172
675.0824205230823,326.1404004542645,17.34066416323966,22.83929774526461
674.7433477110563,326.527188893526,17.80562077572186,22.06009069929418
674.3093311546993,326.69063090071,17.63248790280662,21.911855005577884
673.9616170318353,325.9868993529892,17.722450995516155,21.763969908579963
673.6780458748796,326.1296064290783,17.941518820760496,21.95841759681403
674.2195506396474,325.7629140209927,17.827788696518116,22.040642397781944
673.8929737306712,325.70408392869945,18.079234518866766,22.207622030787896
673.8769265746362,326.4687314132443,18.39454590819429,21.754920066295647
674.7608620385579,327.12459122839846,18.560088427543214,21.301759635383256
673.1105594099533,326.2773904371887,18.255195126106933,22.275249375659584
674.5139555909752,325.7023980887632,18.100826387359852,22.813663178348122
675.2286529778455,324.51898151448216,17.82493251618137,23.289570936858148
674.3436725038616,325.1954299876079,18.739080674642878,23.00504571410497
674.575864158873,325.0066723734619,18.75473216306278,23.2224358074101
674.5224920665282,324.3973759455512,18.76226202315742,23.180155979840023
675.1949115106089,324.0719138528038,18.484053444161844,23.28981963543661
675.6520860797206,325.234223672631,18.10709435137274,23.44940711952368
676.0567691204276,325.35874150264334,18.17346437036972,22.990955140640228
676.5980786264046,325.394478387323,17.900165214277493,22.588422457828862
675.6739095964018,325.3042996686349,18.214686048187612,22.523222668172263
676.6873016568709,325.77030718986595,18.748136411309623,22.029834744323093
676.3990550561726,325.3351223059636,18.366826947545675,22.511689181190192
677.0707033071907,324.40502322395054,18.39852111018565,22.905089367796517
677.6531277057213,325.2245402829571,18.660297010413338,22.17111408716892
677.9222836923776,325.5157923396123,18.336528521379336,22.21413756969997
677.4987936847742,326.1078787911901,17.638781182670975,22.1170183003275
678.7152019129359,324.74299613283137,16.803805973794095,22.82995391491831
679.6606754048037,325.45231752845103,16.86863919681748,22.477901121554616
679.6763894323408,324.659411269111,16.59764267308653,22.510208969027893
679.6643652690682,326.05571789157807,17.15727164562404,21.911577075748085
679.1112537487534,325.72396814902174,17.28727614749276,21.736587247766984
679.5651193369912,326.04518148032014,17.795334632621206,21.244079359502486
678.8288071526556,326.6529776759609,17.500233239293465,21.176347101361102
677.9734725348735,326.719391155748,17.40372624547068,21.27718832658942
676.8490924034279,324.96544005337023,17.539186563482204,22.30856656010745
676.4665360008942,325.4158874692994,17.859912727795262,21.94080045018913
675.162922133126,325.24550032455795,18.11368615506403,21.580358427329617
673.5436428993609,324.62641334740835,17.459286529868187,21.597934921420794
673.085038726547,324.778645020596,16.918991508537392,22.061466617514476
672.1228149496735,325.0839536837688,16.76138078869603,22.789549819795276
670.6269300422986,326.1213802404761,16.675407316065606,21.80663283140576
669.59449488504,326.4501347723574,16.045836916258832,21.54966466687531
667.4258299341859,326.5329542219013,15.909319710635126,21.087057922054512
665.7317238426855,326.8559686113235,16.175659500633124,20.336225969665087
665.466802777312,326.1212820580958,16.210622683737913,20.208421411788997
664.1015418533392,326.01240282092954,16.555336566528723,19.637661881450455
662.0687656929247,328.0789544238383,16.761536553340598,19.43849533292026
661.685114110075,327.43390623151515,16.81181326036927,19.179378059352533
659.9480996218302,326.70627968831843,16.410050624832472,19.46408663938214
658.5615933509928,328.22016275593444,15.955358720169652,19.08497759882249
658.6383845157558,327.24661507318774,15.461788066148145,19.478230113139418
658.6164512613017,327.14742813803514,15.44895306049817,19.277194478933986
658.1827593081588,327.6726038321452,15.846671851244027,18.903932054463535
656.8590675456992,326.74100536306605,15.803587787130862,18.935989614025317
658.4928961322413,327.592065645023,15.33768697047021,19.0013304136943
658.1090504408762,327.7364844621012,15.461776684580634,19.03033800653514
658.0754977575479,327.39824601120006,15.4505816551363,19.104121825380545
658.1739442203327,327.7442284189756,15.52723018728199,18.89191719938643
658.2524915232323,327.53069512799345,15.593777602509201,18.781083927454972
657.7572856066763,327.05769103528104,15.376636647107745,19.18429765942924
658.8616341439692,326.93627127270497,15.428942273013973,18.97116346778103
659.0493536627718,325.8233489210882,15.153844656448111,19.152902178112267
658.4551301290651,327.0232011223215,15.04258997009898,19.24329674599696
659.3533671442899,325.7823632078371,14.913357989996907,19.308818575881666
659.162112366821,327.1977784724653,15.040491320341363,19.06286000797926
659.2400564385084,326.13348335217216,14.764778384932086,19.408973254681978
659.7283013752202,327.1835404868431,15.058498094236478,19.032726185908942
661.0011213289025,326.25274552708424,14.861546993242502,19.06339415287581
661.7863849016649,326.65366814768805,15.382297525813012,18.527002273578308
661.2053873364836,326.45615837334594,15.372591163849828,18.800116518425767
662.0773536853148,327.03264074093397,15.238936893668487,18.92918218759271
662.4054737890799,327.3504597918807,15.135320249912276,18.963583183362452
662.7610885214149,325.5758281228063,14.598878918094435,19.407005292645284
662.9991342156502,327.1495343150109,15.63610650648971,18.872506039609867
662.5296381539449,327.13017764830346,15.60904867048729,18.793714525578007
662.438586799179,326.75487678391386,15.67519381731585,18.772436405401955
662.9875177621385,326.7028336124119,16.01327253711952,18.77228258575044
663.7899077914117,327.9247175274595,17.293379590103065,17.977329367466936
663.4627685982653,328.3420458510053,17.842398376498444,17.716786715242577
662.898376686517,326.2510309996408,17.148141037270207,18.41499711913618
664.1735440115317,327.5788186885976,16.838195529243833,18.472919511606346
664.7667280028247,328.16601057654515,17.327525044920773,17.79278854567942
665.0246633386168,327.2119550330045,17.038511663132454,18.308066086575888
665.624630704005,327.0654057880019,16.821473048044147,18.597672131522977
665.2597448765137,326.0803000723614,16.170507540000088,18.974778352550217
665.9145712193423,326.61046653588335,16.446903492971543,18.74541418611566
666.3699434519037,326.91960890168565,16.046879969423234,19.03189066454466
666.9930722936966,327.0897932702497,15.815553386799891,19.048444143875496
667.2097402230031,325.85665533851,15.156358740748106,19.626455016601057
668.178269475012,327.5781086755751,15.5012040891115,19.148777846577325
668.7687625064096,326.7759223512157,15.417955754125423,19.280688681057306
668.2904893636032,326.589084049632,15.131536641321876,19.504021748078536
668.5131150888134,326.4263649684084,15.196245530241193,19.148313239774062
669.5497876898111,326.9009633149616,14.800988552257659,19.656486270142096
670.4095423997048,326.7643871626559,14.618386515032272,19.923797105132508
671.148029320098,326.7320030797765,14.479859937443953,19.85573609264919
671.4843239819314,326.5847475569652,14.674622734974088,19.34962137095146
670.2608171516284,326.83029468333683,14.835769192578827,18.84064180187754
671.7432200758489,326.1400251323283,14.544981307548934,19.061369083183344
671.4768143419805,326.3166234545041,14.7245916196729,19.348598236975963
672.0519891697568,325.435998642191,14.929266456721116,19.615180166628065
672.2603558106484,325.147579182095,15.128188858684009,19.540210354366746
672.942963348677,325.8149442093269,15.436407993483613,19.75756953035544
672.0050450550433,323.9394392365936,15.464270186931504,20.382545983428663
672.8277384416923,325.6584277344295,15.712010199054845,20.221994180775756
672.7068996271747,325.09049535260226,15.770818647036506,20.215899294175582
673.0307318870334,326.1141887295161,16.10573954120346,20.18158084003283
672.9713417808758,326.00444267736657,16.46444979988231,19.821815048793944
673.2058410299774,325.1070447063641,16.174355763443874,20.121791532375322
673.2470294130153,325.5246364408809,16.558256235324038,19.885354359571735
674.0992310401872,325.2674212543687,16.485398420055123,20.16500264741409
674.2815306047884,325.6004655221523,16.47123644883113,20.35908104364737
673.9778725082963,324.7943981042708,16.58429820704959,20.653325205398602
674.9793187817069,324.4816369789706,16.56678593640105,20.497672525195775
674.5870664906555,325.84151648427957,16.93165935394977,20.0374581569312
676.6811337317134,324.37582945923424,16.30036629364556,20.907141193927945
676.3163094449843,325.32472479362104,17.3339469950179,20.45594310279155
677.2945795541553,324.3313388827967,17.134268264905486,20.51446210761395
677.400469662515,324.49417599139827,16.950825803317514,20.592125291280468
678.4898733438284,324.81442994221294,16.827724890808977,20.34726820917716
679.2461590785206,325.1206884468187,16.841347255563054,20.414553179030573
679.0031851976383,325.0803306953086,16.645528378201693,20.702109322768685
679.9341310067551,325.27621787571405,16.63848786123514,20.25559523099971
680.4773832516811,325.6685288358493,17.005306962348826,19.878205113526608
680.1157181620483,324.29790951815755,16.726215145321625,20.950872006182664
681.3318393463185,324.7062520846176,16.616245645613134,20.68269597749009
680.6864136499717,324.36072117140526,16.98739221176245,20.273464702005093
682.1390563751114,325.29842541899797,16.469946923728955,20.3846182327962
682.9723866119837,325.96905293687087,16.63863257347455,20.10040487485702
683.5342930134707,324.4451658679763,16.086620424279275,21.144974146733794
683.6028747577874,324.6520674313398,16.541693690882013,20.434714014814144
684.8248141488232,325.24302783853136,16.449246634427077,20.632336458113286
684.5822187358069,325.3590092152427,16.470156096762075,20.534802254420196
685.6854637616611,324.1048215770176,15.82207654303975,21.188056894992854
685.5272375363437,323.9816684400921,15.75472536048294,21.34462111042716
685.562834787734,324.79426528910534,16.13521341193193,21.11380549403722
685.3355802362291,324.1148282993922,15.749306305904632,21.645411600113377
683.7724320088179,324.6912331394129,15.9526416892293,21.846593539467182
681.6601274658179,324.4075213866856,16.277311331478334,20.889316172160857
680.8601866850117,325.2622369990894,16.190509421713273,20.809814375002777
677.9212289940865,324.177162812852,15.898141201038804,21.04168005242997
673.5129852786465,323.6398961674489,15.647131091150207,21.24342198606176
671.2286561079649,322.99685023933023,14.76197259954553,22.59640602787524
665.7483931301322,323.17348974827433,15.106013686714048,22.38156474388032
658.2465458566596,323.1268603271744,15.328157798214846,21.85652235747021
653.4911562239914,321.67838809512364,14.410269335701706,23.19796519056361
647.2953450104636,323.3085746876773,14.356432509805057,22.94519561711596
642.0347346579705,323.7799541064254,15.002765549435988,22.168246115876727
638.726184152129,323.15818208023575,14.490523204934505,22.73681351752399
636.2588521696806,323.8156887679319,14.827385672500265,21.398429135937818
634.1317267389421,324.20009007940735,15.159576029044484,20.52546693125972
633.544969240609,324.9934440109852,15.245517970257119,20.303459216981842
633.5902134212797,324.1924166074057,15.114821822695392,20.349360544620332
633.295863705955,323.7344735042045,15.057988658824183,20.064923862162104
633.3144420026076,324.2316739372575,15.062102341733318,20.33769168556385
633.8952541666521,324.2500489226145,15.267783909819006,20.254407322885676
634.1395072321377,324.05436061163874,15.05916830766136,20.485539967577182
634.6708282031595,323.45974884795146,15.087005986353581,20.1965439714661
634.6547186934971,324.197872458901,14.9879271189351,19.920499004603
635.4329528465237,324.60554868739683,15.147914898936435,19.734058418819163
635.5548664306564,324.69927652705803,15.31833945478877,19.56924162810691
636.2458549082298,324.3151663421821,15.342910393881052,19.755755538116915
635.8726067381225,325.27765882011846,15.674625417831255,19.365566880154248
636.2136602134342,324.47348220795,15.647242403888036,19.44668391758767
636.8760285437505,325.24244961564267,15.484314838819113,19.138017422029023
638.3749378239521,326.3744368917828,15.53857108391676,18.794687597571073
638.1465643837751,324.3555360062726,14.913238427690708,19.82976817700003
639.802568470527,323.9124336636478,14.886408433661211,19.674184580600073
638.8429532720942,324.7330297022702,15.728795262474154,18.600353688690852
639.1705717973715,322.1813696621488,15.378712779226447,19.17127792820587
639.8922135182754,323.43372733887645,15.22388289495155,19.717960062475083
639.0935241021508,323.86251772335436,15.733792478698483,19.599109781549075
640.5078906126016,323.38812622647015,15.411105073850969,20.024776793410048
640.2674641182861,323.16565781766843,15.786669180820795,19.908463224173584
640.9346147541277,323.029746561091,15.628259376546852,19.826270655544747
641.4035066611846,323.57723898210367,15.712172369273855,19.617438947227118
641.2580597885569,323.05736325698126,15.855283757616416,19.38201122704246
641.3369971410407,323.3860163278375,15.929950096094448,19.288435374449204
641.8799777523324,324.05268623609686,15.988096744715435,18.931007839015418
641.5893942893451,324.1039666809495,15.766042919697536,18.703694714717734
642.0892814830166,323.9958040253497,15.532976225071074,18.814003711618962
642.8873991485902,323.2044811359114,15.057504900413,18.858873145034828
643.008734308121,323.4905943493696,15.216824459263524,18.686183242693996
642.6303934237205,323.9357075422331,15.36524252771316,18.403061165557084
643.640859297583,322.5772851461136,14.500774743820783,19.289251683142496
644.3182567327265,322.9981863892339,14.682751715019247,19.04670466732223
644.8858070635039,323.5001397904258,14.462890284978718,19.193132095088888
644.2811913485987,322.4665668679406,14.33188239041646,19.49835560018763
645.2136649238936,322.94277487331544,14.286034680925992,19.20812921329687
646.2434207538695,322.1999721178307,14.473584759115354,19.176836713255785
646.1793732286584,323.29690681471664,14.165371234388157,19.38978247834986
646.4990955514883,323.5187392436378,14.557818786370094,18.97657422883865
646.7918034812157,323.3452334878146,14.542595897930344,19.031122494744544
647.1975635179455,323.76477751046633,15.104420011991849,18.506123095379294
647.9914108219187,323.0240301201274,15.760704934368547,18.52284340287424
647.6910465206762,324.41005414567263,15.725582416877028,18.753289592016664
648.8299121887155,323.4719845115153,15.766127322595938,18.672758163145033
648.7549298825592,323.5172196241988,16.210520782975316,18.521056080390583
650.2895218747552,322.7731455607854,15.825459266588041,19.26413260041617
650.4764179119021,322.8168830303442,15.661317353390237,19.147832093206382
650.4400506153579,323.8679183153631,15.47954525710115,18.82700133932154
650.3097720879106,323.64892424905787,15.467025867927887,18.384189053462382
650.3484737139833,324.18456931122046,15.62990430040929,17.81179015888376
651.2995350661666,323.4303558114366,15.368953742543864,17.87617220401314
651.8237571866649,323.9974406204696,15.211092372696495,17.861981537611314
652.300791631545,322.9529826280247,14.674723826384302,18.19129957540102
652.6127549840078,322.11256197860666,14.441764396992529,18.761191538012003
653.5057845133049,323.0652957290904,14.30236604993523,18.900511410602597
653.8039861259767,322.582251812067,14.475845344917698,18.69188252354986
654.542093660438,321.35037140802046,13.75210924164659,19.5189470221889
655.3455377833611,322.37579675724464,14.191680358846991,18.91471231978945
655.9084394667565,322.0322321854447,14.43955782909058,18.616917336051102
656.4768900913098,322.83191295064654,14.500081027262361,18.5067515168576
656.677118959913,321.9661991287941,14.821409331353944,18.277356093417627
656.5612573473857,322.0022586219765,14.946159937367135,18.394905631776858
657.0663381263178,322.16007669298375,14.813655930454328,18.77164991405644
656.5826423295434,322.15416629320003,15.211775078625376,18.738431475488504
657.4975558163467,321.19788910716244,15.35393450083495,18.92542022662891
657.626690498031,322.00908474392014,15.538166548066544,18.74930330936032
658.0824723337872,323.40906529505395,15.916835656401437,17.965245538316125
657.8513860311348,323.6729412292901,15.709697086773172,18.442191326748617
657.8294610995426,321.54013503351507,15.370443467547917,19.142640209998117
658.3783899474996,321.7721981685705,15.737124076730618,18.718968494429642
658.2986066373562,322.0818278879367,16.0177675719817,18.444322729397875
658.8462147656722,322.1147704803966,16.21605981619639,18.32924107056448
659.3860736381669,321.9643109353499,16.153570704461114,18.76082255221184
659.9934592581619,322.6436810117744,16.31607773026091,18.85641741216993
659.5790784009346,322.80363375748635,16.311087897381487,18.92200918738748
660.6002476897597,321.827928934831,16.217212995036846,18.872140143511313
659.9242971388375,322.05054310693237,15.687212518141925,19.855860733261387
661.4985503918598,322.13173382210005,16.025702464760414,19.589063731103423
661.044053599596,321.7623876058826,15.980155559015635,20.02115038061733
661.8427284614035,321.47060048387004,16.066339295480798,19.59229665379993
664.1761458616794,321.6860652774794,15.1398470690168,20.10577547175349
663.0114332566051,322.3800319841407,15.086093314101351,19.975427565902685
663.2018077509566,322.43413656445983,15.509867473361314,19.800225062312315
664.9607513220078,323.05970629383626,15.69584299969744,18.87769257873279
665.0552855335092,323.7496856327242,15.501662344561723,18.641796055953563
664.9248469691834,323.06079690264926,15.480123674854044,18.36688987331901
665.322888641568,323.59793447912455,15.270248817764442,18.745064414410663
665.4133722491958,322.66165215825725,15.263150930373016,19.05665807481453
665.5856089443644,322.8659910779486,15.853871185265291,18.99665774588852
666.0041864627575,322.76275799081753,15.961224522795941,18.80198320446325
667.1310607999119,322.18651209211214,15.649221888370413,19.270756376304085
666.4424695042695,322.93512180583235,16.08153687457291,19.352692311990296
666.7879501887246,323.34763336112167,16.432269937726957,18.815174185389647
667.4009848625864,322.6042533344261,15.93079193314857,18.883151396659386
669.0576727077897,322.0352261941126,15.39752461059198,18.976036931812935
670.2507263863805,321.95413812713764,14.917565849262626,19.43622774042325
669.7778064435214,322.13770819368483,15.380480117001042,18.862726096537386
671.0998326863128,322.290539094507,15.178018049344782,18.50483569643828
670.9417291131664,322.55231950335866,14.614974117454857,18.825175236935678
671.3770095586425,322.954593616236,14.861496392177948,18.44041059188504
671.778136851837,322.53281126251426,14.797921735312798,18.84193898535969
671.8740726596328,323.4977546928406,15.49524138403708,18.062124185133126
672.9861545577958,322.9474372343977,15.313340394466717,18.408861521794933
672.8884625825162,322.32466727073006,15.121796508016113,18.5177221304175
673.0526834242614,322.9345959718868,15.580098911519915,18.199950693111667
673.1477954468971,322.6105774722261,15.6131157051869,18.518407268193506
673.3395145766563,322.6196556552762,15.501798711983788,18.663297705901762
673.4836074383461,323.04382170846884,15.659605743549765,18.312143497480225
673.8456082530548,323.4898022804816,15.76461717371102,17.87065738795183
674.6188946392059,322.3440776321647,15.349905817330031,18.50342287295667
673.884203390472,322.9672742141813,15.630698107573279,18.52282289085602
674.9090583720447,322.8142321047184,15.432172957585195,18.53702626087454
675.2014241398605,322.6365980194208,15.375554885142444,18.414794674547423
676.1457628609052,323.45881073300393,15.460988496210078,18.208533366897893
677.2120158068036,322.8395892029568,15.197749454588843,18.36924768319259
677.4106435631196,322.4928408501495,15.246456264061928,18.403723611881638
676.6423470652768,322.9826616365617,15.161511446587479,18.556355755589266
678.1957800678141,322.37156623672684,15.672006423246053,18.416163677080352
678.8516991098813,321.3586845355813,15.909804363621927,18.648457228069926
679.8663200753809,323.2367835901172,17.42774986738678,18.365086834138424
675.3944375351692,322.12717891687566,15.764215811165212,19.36921654032405
674.4458947702367,321.0514197317146,15.152903318942172,19.64642712848572
674.4267059130932,322.74319319102176,17.76266995928781,18.422966695777266
667.4377347345861,323.11758790090647,19.721500647085833,17.584343764871647
658.3403343456923,323.61018229741904,20.55603308317241,17.57304428252482
651.6206074018716,323.6871720391468,24.329634596163853,15.171863933442868
640.0642739418505,324.5303422205883,25.345711960297525,15.111738034247063
630.6401416326039,323.68123631288114,26.740322681389785,15.202374909964306
622.7972593364632,323.6647558470797,29.112701759152905,14.478226502512161
615.4322288360295,322.8638401019842,27.725600090773717,16.43520581688619
608.8988063230144,322.2778139923374,27.37127735293266,17.34003122260427
604.49987953511,322.7732425463341,29.089955014549993,16.936845660074013
600.348013390874,322.2137857487503,29.186271508095317,17.316747807228992
599.7899296462771,321.4344020750658,28.32818646314617,18.188998179424633
599.0650229144227,320.6999535008677,27.85143936774216,18.562658541166023
598.2730173514924,321.08730191083555,28.530385845752573,18.524175765460928
597.8083325898322,320.44296695377113,28.881774995953656,18.583601456810147
598.5415668639871,320.36326579026223,29.074098088058093,18.38517019780284
598.8526845106543,320.10033020914665,29.264458001488414,18.279005160062304
598.5517858675867,320.71919877694023,27.489352971570774,18.994841732267464
598.9785575873606,320.15605202500745,26.49063181979202,19.08161240048741
600.1442123721301,320.18580118547993,26.046358029728808,18.848316410228627
599.4910594756441,319.0404693483634,25.5125267474142,19.04924044635977
599.7427470834529,320.0747226590006,25.53960723771265,18.9464911846272
599.8977648777152,320.57909537718365,26.768434884582064,18.144224399423535
599.4389246968209,319.50984985891466,26.82598581907105,18.406481960230792
600.0171172796087,320.5656696985094,27.086500760688367,18.168518715917862
600.4896750391116,320.77178621073045,27.05051187172852,17.867922142191986
599.7711856577982,319.8648562160596,26.673823519993586,17.86506767063291
599.2459730416757,320.36513607657656,25.050897358187463,18.344052131249263
600.1405930568212,320.4629514989742,24.64597791062391,18.11354185966561
600.1539305877529,319.26761779744714,23.56954333913466,18.46027532139668
600.280545534361,320.0696863884246,22.99014529386785,18.394656578338733
601.475215139683,320.87512689127715,23.534536990478376,17.614477174821815
601.5494737809448,320.67825910575533,23.62345759904567,17.145905468117586
602.1869420226657,321.1711490702372,25.275682086090587,16.375433432582405
600.920174896592,321.00985249663233,26.42396277012036,15.954284311497403
601.540528992754,321.59638173138876,26.61551293224619,16.21339830115246
602.1968484803624,321.75632504928996,27.537890377273357,16.085262879429614
600.4045110211567,321.215641264031,26.60139665199503,16.82968610200062
601.6203586672145,321.07419609458333,27.625337858104608,16.437430314163375
601.4856235691026,319.53657271625707,24.504646182098973,18.078343229852926
601.1601844013147,318.89686791215706,22.644488806490255,18.747124689888864
603.1096171560573,319.7414306395935,22.833950577870045,18.44314825099294
602.5914950705073,319.72630968738,22.41836704356482,18.346831893826987
602.9253793603339,320.0426315462457,22.59672582232284,17.693247844134326
603.6289393560423,319.20031345726096,21.74490856531363,17.98614527989237
603.1673975308574,318.90383248858694,20.44751680407134,17.990789049503448
603.0214202949236,319.45817408921386,18.798152404482153,18.231969555970153
603.6647602193638,319.41136369328115,17.50838942420389,18.452722803889912
604.7685912638352,319.02430780049923,16.673173777989355,18.247127638778064
605.270497723209,319.24087444300994,15.44618632982002,18.69067353508642
606.0448861548649,318.82072313910925,14.745934623321176,18.71698529667868
606.0080172808478,319.6414935608142,14.371813112499138,18.241000075798404
606.1993768470975,318.1205386445786,13.653433796511905,18.702308950777677
606.4538704871431,319.535835750298,13.958000440814928,17.8837245494893
607.0103923133825,319.04848351462243,13.631654166359041,17.819175115518604
606.6090630923146,319.7161826226043,13.811776499353133,17.2806973201319
606.7501819941051,319.81168058560723,13.655768087359373,17.12918776725003
606.9488159476874,320.9065199583348,13.477261439488974,17.170429615689052
607.5281038165168,320.25287557872457,13.726032809237394,16.748150832668905
607.854302023757,320.09020524341594,13.360460386208198,16.790671824668856
607.668517601819,320.44058204940296,13.174224434823634,16.876313061559166
607.838001958208,320.1310892477223,13.113005566756094,16.87957921127789
607.7606538893647,319.61215668940844,12.873357849884684,16.936627794426663
608.6016596984066,320.3947716634167,12.559257120361197,16.823028919872392
609.1325325236207,320.4845017185273,12.306967559949193,16.952837323170872
608.469082002553,320.813430918109,12.668775328827099,16.63680075171697
609.1939243730186,319.90243960548867,12.830363656430709,16.607090895760432
608.972021397001,318.7839764504024,12.908284301879043,17.32293347981838
608.629293801547,319.37811062420155,12.761695583809288,17.400514417875076
608.4108872755501,318.80241221632116,12.862030566424032,17.436041274221246
609.3077750645823,319.0311743900735,12.883644254906379,17.417055511959628
609.3282287028518,319.8725664758081,12.73457112938431,17.064401158962514
609.0456456908513,319.14503249822303,12.830471041008485,16.9131347363903
609.1209620488914,319.71975631667465,12.95434499635208,16.37836798845341
609.1986664636329,320.6965300972548,13.29814346352472,15.957445459784097
609.3914864753636,320.86643725628835,12.740820435403993,15.932555081276845
609.300441757977,320.5488627941434,12.295560592791713,16.033894125713324
609.456824974997,321.1824128765584,12.55294867620455,15.672064830575035
610.5407534089676,320.0583303740127,12.667394946936291,15.979980929753154
609.650619789553,320.68839856049993,12.498739395637646,16.132168826064575
610.2043453422541,319.5644070119857,12.848860530016422,16.05697127003571
610.144089555705,319.47035168640576,13.086654109607139,16.192580347684228
610.5798848116189,320.3681379027099,13.434789303145564,16.171254433082964
610.5228301694135,320.57316803334004,13.67329445428417,16.161040440333487
610.6808489910683,318.3306216347217,13.719312127138876,16.37586085148587
610.5752987993122,319.4369116810923,13.982820479794597,16.4203536006461
610.5212264722196,318.17657279240274,14.004716987600794,16.50723315026154
610.8677499230146,318.3425373622024,14.18154266025908,16.17166861787323
611.019273044565,318.49773803946476,14.7320081194272,15.576952898212424
610.881449943934,317.1875253407895,14.62915645904036,15.864021825027558
611.2708777569745,317.24016115788555,14.424334147450347,16.04397979044679
611.861284760736,317.54451343715044,14.1970567926091,16.123445961660753
612.146023583774,317.7475986132239,14.079731876759883,16.126157418126702
611.507965180959,318.07814785408067,14.125836253633082,15.924132807699639
611.9448658583284,315.7601962338897,13.74682561783169,16.2255182125783
612.0608234091206,316.57979990606606,13.89399595200964,15.691065220173414
612.4735950412016,316.76195780517435,13.678154847515962,15.891408238974595
613.4029753616102,315.67274320671856,13.168467816572687,15.69962083905235
613.8668927211647,315.19106626221634,13.02827267748363,15.602015315375533
614.1270705657705,315.75787670658286,13.166100644296597,15.271129125082888
613.8908649134141,315.02003241294506,12.747541565854696,15.401819474669125
613.9963683683782,314.649070988624,12.45329605723148,15.552532566397824
614.4770660793358,315.43367874935956,12.789150874414377,15.06642497889402
615.6670149315288,314.4316292071913,13.648251465869173,14.953746406100095
615.8431528349568,313.4490750289608,13.723530546551567,15.131475605426111
614.2703986770794,311.84670066959836,13.14366093833733,15.992373534415588
615.5922707414136,312.7354383083681,13.955096471242946,15.61496651997306
614.9426955649385,311.5349371281114,14.63530474440545,15.538828839767806
615.2101452408365,310.86238383473557,15.133998440552684,15.501565635447278
613.8504303441616,309.6333288698823,14.864563769643286,15.793548053911588
617.3706256302507,309.1645402369867,17.97360639045124,14.031004989953292
616.2370725438387,307.9871608944853,19.47239167533839,13.724360909021483
617.6614854869504,307.6558311200563,21.758497813215048,12.605211905898656
614.798056531431,306.96354024197774,21.07904208811322,13.855971601632467
616.5559554533405,306.3622239701466,21.194705953761947,14.458067879227325
615.7665862421545,305.55530050963574,21.970571479813856,14.620420477067004
616.3765957420658,305.51711136315686,21.95951935326432,14.873080012175919
615.6563810191669,304.626093510069,21.494093525531405,15.202905278834647
617.805367540365,304.69368212812157,23.40840615500788,14.44959214553438
615.213195349992,304.4333475115696,24.28091355548683,14.649097752628968
616.3928410787856,302.8122193494519,24.308994309400802,15.01725159305293
617.0335588073767,302.2968316548961,24.007171854770867,15.157852361947999
615.9177658569911,302.05602145992225,24.83848800378764,14.896529845395618
616.2074567931097,300.82550811511294,24.528555633107345,15.432217832236471
615.6374696190688,299.2717278614269,22.878499839192706,16.47860928033787
616.0027154334566,298.2624021626631,21.86870284689001,16.904869574878084
616.6679334288807,298.3186146830831,23.422701805030265,15.648169414507027
617.3257693315361,298.3425243655447,24.219138700609264,15.078262042257908
617.3552510976247,298.50906716876983,23.15036319087576,15.551792924255079
616.9939913898357,296.81734151773975,22.024567070477882,16.227064594773175
616.580760201995,297.112495126672,20.93978810231111,16.41447139232696
618.0083888889374,296.8254963467722,20.483793242368733,16.271907027793127
619.3664287091345,295.79982354191884,20.083078760228958,16.09728057033055
618.7048810385893,294.9404330839067,20.102701009769184,15.976135487319674
617.5644297768554,295.67006987290034,20.711467494864202,15.12010379067149
618.9465904678847,294.71149737698084,20.936060438514783,14.780447807305844
618.3016503014231,293.2824804337156,20.551873473728453,15.177213136527868
618.7291076236777,293.40729593277973,20.84435244387516,14.942732310948365
619.2742481496488,292.99944151402923,21.436745757521052,14.451773885067714
618.4410388471762,292.14059096130785,20.301422887306998,14.932138609157157
618.3053312556067,291.53954955031503,20.111046837811383,14.610603190712078
619.4968757363475,293.0868675949683,19.2319537209062,15.130385503292787
619.3722503786054,292.150745998207,19.085898428479744,15.246180805658213
620.324538204497,292.0732106433858,18.734917313973078,15.045640826688393
620.6237564149446,292.0443771903566,19.31408799605081,14.572471686247226
620.6111313342736,292.1177982029416,19.235432719414412,14.53356809297427
620.7309564340543,292.23629442841764,19.420422892942554,14.420406317368442
620.6790941305081,291.94323373904734,19.773947255985732,14.09253108476253
620.9555371923784,292.0545016943365,19.604756550028696,14.190275893463655
621.576449177778,291.70452224113467,19.569736306675477,14.366992309032621
620.5714118414913,290.99551268122013,18.908988119047073,14.692769213148622
620.7955864429272,291.1576487716582,17.182675270714263,15.437297358376254
621.8821749128703,290.8856866205348,16.652082513260062,15.546803018589053
622.2653525377634,290.80827117936315,15.834606981344946,15.513635543469094
622.9117156470902,290.2230778286606,15.327027364405684,15.500463515469528
622.3938166398095,290.38743168333536,14.305562155238245,15.903837444757464
622.7926954606928,290.44674214319645,13.038823277633558,16.015754987640754
623.3050758558683,290.98384881296744,12.637761215375697,15.466981768872923
623.1756510378697,290.173450814095,12.108158034389298,15.512227013235487
623.1488393721155,292.28477906166495,12.0034420697818,15.038024685853005
623.8063715400776,291.2211060124953,11.878821808551717,14.884366706962302
624.0522474149916,292.0710297169896,11.705122390011162,14.558395346363433
623.746629341134,292.12437522887257,11.60067237320531,14.433493991831977
624.0430293859062,292.2236575883152,11.895123607522335,13.82614618436564
624.8022818227793,292.0347385197664,11.908893207543617,13.612471293815794
624.3793198606803,292.7807528181291,11.901587797761685,13.714459280363945
624.101149711656,291.9113672378693,11.508696098343334,13.837156846300154
624.6311770261462,291.95496061079433,11.924034391592137,13.61391419692205
624.6159930538589,293.1209021549551,12.008204449035565,13.711520381425446
625.1699143211637,292.2970059689667,12.139254469683214,13.70882343646564
624.0753758950972,291.80959744807325,11.41918312098317,14.062703366956953
624.7114776015597,293.0329505176026,11.337746149442612,13.663893870728907
624.601187788935,291.9194764525288,11.506288614219812,13.437948675898603
624.595072581314,292.87527108777385,11.718974964447927,13.079614202492479
624.8964728260373,292.65783382102455,11.940748137157076,12.89662940723006
625.4301481900236,292.13109764975707,12.03593091672948,12.838032230766474
625.3788030481616,292.83536901056607,12.095861276494352,12.900599276561008
625.4212527350252,291.80858947258594,12.098806026622581,12.996424959082745
625.7893929175158,292.2634106195408,12.205120370894635,13.113401909324779
625.6283501994516,290.51911160444325,12.17855726374449,13.771725773787345
625.2921786247123,291.0840814655587,12.696304965434777,14.026465069911525
625.9173743292629,291.24474342052565,13.061345610743341,13.68129395544984
625.8836632852381,290.7802005330769,12.876567232181541,14.183502635335246
626.3580508994221,290.674545393921,12.786261393482622,14.33909039339514
626.1357506666175,290.5541888299165,12.865881574628006,14.251790214174928
626.1450040227253,289.45654073414255,12.68739498038709,14.584004886676983
626.1992346170888,290.22235658397483,12.970123303571215,14.52536734606633
627.3509240815831,289.6135567364263,12.70128174547051,14.923355566797454
627.409823621716,289.6409603294885,12.75598468118309,14.662415178912742
628.02958726654,290.0493591280106,12.152053742654275,15.052772281726364
627.4487358039946,290.73775429841857,12.413307209361385,14.350058127857093
627.7136711831192,291.25776341474074,12.653821977216182,14.141761492924822
627.5761021316293,290.84015222794153,12.771976617431033,13.938666827148776
628.2584849222669,290.4241379736207,12.774108730687306,13.928715905907737
627.6806571688151,290.78179387232757,13.238062323313663,13.614055479466343
628.9237637172134,288.89748235555516,12.444379068352324,14.430040377235324
629.2662737690919,289.50879380765656,12.281846736407035,14.244547290486004
628.2298000292412,291.6338745468697,12.81056831265781,13.4168447032974
628.9562048839107,291.1268855231334,12.509014361646052,13.529831146997704
630.0077099789004,288.8678033436477,11.584327200565191,14.42269151868163
629.8327682295702,289.7493976783513,11.602927823912053,14.393502332534295
629.0851869206033,289.8888987412796,11.855672754755656,14.140073755078328
630.3220615995602,289.56375659268093,11.817476850333986,14.26539554939318
630.8017550433929,289.1123628194809,11.751601775323923,14.323263725788273
630.3458158197207,289.3334852818839,11.766230866592794,14.407302874899386
631.5037190021931,288.8847024165226,11.737338512051789,14.39823660679366
632.6126867257491,290.73243415085307,12.600222513370532,13.822875712730077
630.8947985350043,289.6774343429452,12.159279952507225,13.986467021495113
636.274593931815,288.81907447964437,14.167009236553387,13.457392664438158
632.6424975973797,289.11000532168026,14.398661208200359,13.83794108199493
638.4768334356389,287.8078420221083,15.97247277496723,13.33115639470482
633.5742264960343,289.5780639094451,17.027890659921177,13.066883349850489
632.6681011575506,288.7537455262972,17.447564774245897,13.408783879213031
634.0519526387872,289.169653373056,18.998659363524542,13.65559336643611
634.3149562977092,289.50286121618564,20.996708525772434,13.240057865609273
632.1504358369926,289.31927613629745,23.03188837903517,12.951612028374342
632.9441033993457,288.7984299416307,24.80907358840105,12.95414324427605
633.3275905055915,288.77428749795763,25.61273087512116,13.356984364974235
633.7722081127748,289.4230361708086,26.269069902708562,13.640264032423543
630.742057012494,289.79013820910455,27.95479000620707,13.4409872640651
631.9712117117041,288.91232462670956,27.894111419462853,13.997243259292617
629.7800311431214,288.5468793434098,27.73430388644908,14.779978204859193
628.2810571364562,288.22626803246976,28.204972859420888,14.548890420760168
627.3381181323007,287.8151704290622,28.650419609313957,14.73832325472248
624.6533008680752,287.86347602856546,28.026831282248722,15.253187567411665
621.622591010757,288.2543440123456,28.156404467373733,15.15392335806882
618.5819389157488,288.18992203637055,27.924750361663204,15.42668993654292
617.0469566159919,287.9655761743181,27.650770164084594,15.387308346979776
616.9509530170405,288.1861348337449,28.727827044202435,14.815007738166514
613.9543011566864,287.51086071534326,29.087440456254722,15.006384788400164
615.7452721564474,287.245079163141,28.279739068907638,15.863203039496767
613.9807525911891,287.8209798842777,28.398410131023006,15.82059142086639
615.6774032681354,287.3134281588779,28.527521782435144,15.79375968180546
614.2311344696096,288.07504605553913,28.52318286987464,15.38841685259074
615.3944188144055,287.8964971071506,29.21040777014578,15.117651517911728
613.7713627153046,288.3617637428296,29.309855437789068,15.222026605243322
614.5691963646617,287.14786654891645,29.574291632690926,15.185073646258605
613.3466375524752,287.15721398645815,29.10216082354069,15.637381271786715
614.0060820353372,287.6379483160462,29.364379222339156,15.81463779845362
612.4611214392008,286.33707643895804,29.89242127600534,14.882805213728663
612.2887604827,286.6416063545224,29.06703886768557,15.711798153390479
613.3589595616126,285.63464667979406,28.76736487664968,15.5065456651512
610.8378633785825,285.68909048202136,28.805483163197817,15.646961613241183
610.7801057470987,285.0446652974878,28.656358604899417,15.604057939862606
610.1651832392679,285.6876681671547,28.75633911066093,15.408115451156362
610.0232705887731,285.770190641602,28.467272243136193,15.147760258688137
611.1896276026191,285.8113823597904,28.82183584190551,14.544660430293854
610.0903551191006,285.9866128808267,28.122114848510115,14.910974992770338
610.022005901547,285.22372925420837,28.30013793171139,14.967059249160243
611.1501652220855,285.1636843656493,28.419907265157946,14.850882559637421
610.7027755479887,284.75226878873497,28.245873225991936,15.021925691564142
609.5302046861857,285.8697404236926,28.275235809305823,14.655402711974995
610.7689499989991,285.14266413533386,28.33574337068587,14.732938090958072
611.3124436428716,285.52817422791225,28.27043702603488,14.947611357611507
609.184561644828,284.59003640489584,28.619073224526097,14.702595267939296
609.770477451853,285.7726835305181,28.539426045763257,14.717693704144132
607.5712691911099,284.98226624148293,28.90887545481481,14.29198096481371
605.7459821495297,284.9408321720474,27.669159020790474,14.930131834647206
603.5628343045122,285.55463224193176,27.131708314218194,14.924139514333516
601.5976127960016,285.0364588961917,26.56313603251317,14.616355222363705
600.8377716474538,285.113753944306,25.459415318391724,14.714892592487011
598.7145344505059,285.9077599668252,26.11235049604109,13.856550996937937
597.5409404898143,285.3162802102394,26.159958705488133,13.756996995021597
596.8886509409139,285.820436225793,26.552639193405152,13.275246843329306
597.4979659837999,285.5920386478697,27.010187925621906,13.012010804717125
597.3726864683376,284.59358660760523,26.248116722501415,13.508597950678169
597.6776912085302,285.41331395667305,26.796530759236262,13.34578197083573
596.8014403031298,284.39120914100454,27.051527166600017,13.447443329471952
597.1613381224494,284.1152335230448,27.446437745675926,13.363523520677532
596.0440157168066,284.277897376697,27.231181344164266,13.328117549261028
596.9132611083564,284.75248336216436,27.196969419544676,13.471671953400435
595.8372328422998,285.14726222429306,26.546013366521432,13.788753921243504
597.4802243160209,283.687577868077,25.418342108898397,14.244873806203465
598.1344357213061,284.0041693230095,25.17814436833976,14.345023331777572
598.4492371985525,283.79922681022794,24.984512753696507,14.298591813733394
599.3187100745694,284.7352642707569,24.91043224315022,14.226985112446734
598.8321915815793,284.07206578013984,24.817646338449848,14.108563023202873
598.5540474014967,283.61741758911,24.372409300069865,14.477120440634224
597.7655927977096,283.5044286353875,24.230005612536353,14.594318143008078
598.2404248800552,283.56708680124547,24.171464086196018,14.558043778152559
598.6931640577927,283.7828711664369,24.367822143194285,14.662743734440795
598.8033502845386,283.44759995090527,23.97193864846699,14.85910111352882
598.9921942979782,283.4329936097972,24.069502884496035,14.629032480299609
599.0720886042499,283.50511796245496,24.15800379249123,14.492541019832046
598.6555861037332,283.2274058666041,23.240590576971357,14.946343422198478
599.3203867753824,284.0305157699594,23.130706869448645,14.990379663630868
599.9832388451247,284.15940671998385,23.096882918935677,14.676511402766852
599.1235850020724,284.00728714430073,22.569260408119067,14.93540696422873
599.9820602748164,283.7577380238256,22.610588591915146,14.561725687994011
599.5873170476167,283.7179613864902,22.216860379638902,14.622806651833631
599.4434119946804,284.49484440128185,22.18709065091508,14.46289686090239
599.9876365101245,284.43842108031043,21.918387694776676,14.338083985130734
599.3269763870711,283.5264756084708,21.576777884596172,14.499700128838393
600.0397173961185,284.4859948467687,21.6864097627222,14.547222154579725
600.2473742126743,284.0462151494226,21.63526030710986,14.470702475593171
600.3092823061387,285.0596519281171,21.585733719107473,14.307366888161408
600.8441351246711,284.4790803529783,21.554740601171844,14.179295717756439
600.2826389144367,283.8570839422793,20.341019948309537,14.858256555299453
600.2877154498163,284.18693120017195,20.226499308636228,14.798398867708622
600.1443131690493,283.3518774323763,20.116936653488402,14.696424638031884
600.1972665608479,284.03692088112786,19.710070443385383,14.824497181350132
600.3947669721364,283.88521450072517,19.27759013619488,14.867497781311029
600.6662850302259,283.8503259084197,19.024414332695322,14.83806342379134
600.4682063738561,283.6315144874378,18.8980677680762,14.660113574227157
601.3202543921324,284.3397211469516,18.25139849978991,14.845727773341956
601.5078720689154,283.76650721423584,18.61504060197624,14.358528282139254
600.8724924724938,284.49409231170586,17.909254814879308,14.76702724859879
601.2584570421777,284.1824767527912,17.808208871035685,14.755608855433664
600.8544945900636,284.0167260081767,17.56924682027952,14.551624800541202
600.7210300172358,284.3935124581584,17.66541310284913,14.312894425175397
600.8158703214922,284.2814956157214,17.843839478600422,14.135069832264127
600.2149928883148,284.23235653915697,17.7954842107308,14.142975192947869
599.4054099393481,284.18170301525356,17.93308941716078,13.929035653895184
599.7370351322212,283.9023461148185,17.541726609355514,14.244324424110252
600.0161102647304,283.96170031340955,17.296917752887442,14.354271006384518
599.1111675221326,284.2595543537336,16.962093779890758,14.433788191056951
600.4477213785322,284.53573155089487,16.877343795454834,14.347751468738641
599.4996347258692,284.4364849003477,16.919749381661788,14.128299485402575
600.2746503186706,284.43757970114694,16.840390123747724,13.987464034938805
600.2405580932798,284.8217959285043,16.77371745643986,13.959924343920006
599.536473351588,284.82158098162563,17.04693176471838,13.669642623786636
600.3381252184907,286.838066967245,17.13465444598284,13.641801919519343
600.2048872577158,286.34604210153566,17.388897688452083,13.562591043149375
600.4959886986255,286.18351145979346,17.551353256263674,13.718372460184005
600.4840026654556,285.66191784899326,17.885228944201522,13.921740741884465
601.9236686352048,285.1290229136107,18.365224692698355,14.152186476437201
602.7286946975688,285.8015700990104,18.394421198214772,14.581474331114794
603.3183013826317,285.464377707452,19.21605590940944,14.28468099898166
602.5460433735582,286.3865749963243,19.067239186568926,14.535541742132917
602.0803425893556,286.80114425582036,19.510859056443284,14.144634058446968
600.557836526773,286.8050355032281,18.091742528200566,14.80250866736219
600.6017790103961,285.44350945620135,17.603341599262563,15.154653697388156
601.7082280576375,285.69007119244446,18.709947568044285,14.162022297876039
601.0972401131418,285.7939936852451,18.346774100570258,14.028323910029297
601.2170501679893,285.5392935424685,18.928106470586428,13.365803552017482
600.6212283417855,286.2864413181136,19.46681883982576,12.812302244355156
601.5485248016948,285.7670073276096,20.38815752275627,12.537707925619339
601.7695187198829,285.37346692083867,21.045633134933887,12.461890059274472
601.2565031410101,285.95719629348645,21.50341240532149,12.383271247402432
600.1434618251017,285.76353452677364,22.060862053466792,12.120144041375472
600.1689800311729,286.5951332991941,22.227150112579118,12.681712674608596
599.8113726553856,286.04331715380096,22.134005771671674,13.081835946982014
599.7060875924817,285.22654211336464,22.532426459627395,13.099290569139736
600.5918589430713,286.1124252756046,22.67493769577822,13.534246937572112
599.0054668351428,286.2215935070356,23.515299173578235,13.41480070188068
598.8742905345973,286.08379318283346,24.112560786359325,13.466406732860108
599.6315754776149,286.26847477345405,24.909058036664614,13.705213056452237
597.9435063763716,285.58848598084995,25.09055319277812,13.495411182690148
597.8985507053233,285.3883339670633,25.581174788628918,13.710408517678495
597.7053545833313,285.4392857324275,26.107955594563364,13.831190734638707
597.9531026452157,285.36566901679305,25.7492354380648,14.804512648738202
596.5298765417131,284.91024598943505,25.51767843226907,14.948289955704585
597.4578502558403,285.53154876596375,26.756591146232566,14.673213818210321
595.0170479258592,285.06028194278673,26.732122927280265,14.735017905993594
597.131104298373,285.0466764626013,26.19747366095185,15.2407867725272
596.4710119898893,284.77803515026596,25.901320581199794,15.46281164308699
596.9410221301482,284.55786374525985,25.982862750619276,15.888667369933955
597.2269024166196,284.62082889807505,26.33383663113478,15.771596593545766
596.907389475016,284.5972624787222,27.042153877565198,15.683318670281581
596.8815442513845,285.09615850826873,27.05697033129836,15.61350473162841
594.9288330873807,284.8163277391758,27.476919660328264,15.530935158193547
596.3766898748796,284.6324271049193,27.81114225955372,15.437740606714044
596.4690766609406,285.145923265275,27.583577819152865,15.597897239793808
597.5241817883848,284.8549793612664,26.952380417133597,15.840408089935918
596.0662696245713,284.5353188558099,26.862277055518796,15.707072220474025
595.3449850656543,284.8466691665177,26.60776841238823,15.530515929970122
594.906990190786,284.32627096088277,27.296294557796394,15.122448771450987
592.8607463550829,283.3198947356604,27.477465492562313,15.379343385338206
594.2984482693665,284.06936729243205,27.62438012690759,15.674195672346492
590.6526354908768,283.40194355015836,26.400978366325184,16.416676080095726
592.6065291486965,283.3649058677094,25.88424036033693,16.54197860856673
590.8490733252175,282.8597471323589,24.110022389644584,17.189069544992616
593.0733919731658,283.5268625376015,23.46221986770594,17.242660639459185
592.7151588413253,282.92015539900865,22.29490736128799,17.217832399997153
592.5403798305554,283.0267544724993,22.106832084805756,16.844381316991107
591.8755282953771,283.03230312753885,21.09371870742062,16.703711449276273
592.7660696053164,284.29218659700433,20.20298681547328,16.653340166562256
592.7065839374671,283.80139525398266,18.793197593519086,16.950666018030226
592.648571575824,283.64924758553786,18.069173650753196,16.3357662446005
591.5140637346977,283.5731624243668,17.431189262312156,15.57463505046184
593.0715038850147,284.455569033768,17.24416881572241,14.674622862430597
593.1432387736605,285.11101370729176,16.707018531582445,14.56768674060145
593.758717184569,286.1336953649805,16.1967854933161,14.58245041717203
592.9879418760628,284.6901366382575,15.03433099133919,14.981605014658932
593.0991854483051,284.77507217808994,15.044523852047043,14.654020964697082
592.6864211357041,285.42379182858554,13.987762111605239,14.78945026881457
593.0374401081799,284.45687467154585,13.735252750678665,14.608834997184069
593.7255646615101,285.5784974640207,13.492637189183068,14.000977598701024
592.7324834660017,285.47934752269646,12.5266579860604,14.471646159257055
593.2205567796092,285.77049956666053,12.928379334549327,13.515765347540091
593.1743083820332,286.5262792485216,12.387258078096886,13.309970526362264
592.5485191627236,286.1256354601866,12.864810032693132,12.424583904121324
591.9894196783774,286.5759673351933,12.928070593486428,12.228116336244993
592.4943432917687,285.2392020405027,12.53700923683851,12.187686151534765
593.0333555404599,285.9234195740361,11.93966829489474,12.445280365408475
591.6926887081733,286.14056842425333,11.826021950246695,12.335920470123288
591.6481442091607,285.88197878209746,11.52541764439354,12.44608807056982
591.5740410301171,286.8230134050301,11.842918334167184,11.847433909475836
591.348725440358,286.61138836724695,11.335697843419574,12.222044182037209
591.4673147667621,285.56594528013306,11.161239976628892,12.232181333107814
591.3377113955898,285.53368910113267,11.154099996291947,12.11909736339
591.0856271100635,284.45379064416267,10.53143600451542,12.828298537280602
591.7238293688545,284.8942973129079,10.858273865643866,12.534069273960208
591.2206470230019,284.77986845099036,10.409508788071047,13.363457735821648
590.6707780002474,283.8173849430331,10.324497539825938,13.652887312166806
590.8704075206426,284.15980767786624,10.641025123865564,13.182732638088911
589.6050373347351,284.9608250188685,10.584724517935895,13.039673646516569
589.595467158836,285.0681744707378,10.760377408452486,12.951809843610029
590.3324233126152,284.7876832429004,10.675609881148615,13.095249230787704
589.5699788286519,284.47788085445274,10.867121242821465,13.248875726391276
587.9693815186406,284.1254721612868,11.350290294385688,13.320731425769972
587.6592745842968,284.2661001875543,11.56512815667238,13.705118042385156
588.3263778418444,283.6910925323683,11.703385536405282,14.201181711532424
585.8998076477063,283.75384685191915,12.464995027351508,13.734955165828005
585.8965662924248,284.23152628750404,12.804015474246839,13.283420703837141
585.9887518501778,284.69446943938215,12.930323087256852,12.911376850409678
585.0270722341464,284.17961895113126,12.393142671816605,13.06686489984191
584.6255119744537,285.6486934275507,12.381317735414079,12.909319559640993
584.8677969047797,285.0156331825916,12.137790594436431,12.973204894300821
583.8704089277392,284.63671543947567,12.739794446315596,12.292633649417802
584.6367305034962,284.43328037114605,12.381695028880369,12.540263256535521
584.9715320116851,285.07993955745025,12.248253360040827,12.394332608018612
583.9053817016043,284.70335604962906,12.640653331550759,12.036688779769477
583.5507543389033,284.9250123287186,12.04200773539943,12.676671600086188
583.4909525145578,284.1785357862352,11.568614581483235,13.055215326947163
582.9785579078894,284.5237289726289,11.411669466709732,12.828135198894454
582.5748870312418,284.9497080114218,11.19557737286802,12.613496836544552
582.4620001471501,284.7232927298483,10.970822356151466,12.513932380593504
582.8076803499483,283.581183633836,10.346317874194117,13.42205519576813
583.1307164689912,284.21218173139243,10.542663615551827,12.904656183729083
582.3513093256506,284.2025642694567,10.507249172154793,12.79797111928346
581.6326882683856,284.39848829643245,10.328168353873993,12.6476564630074
581.6810278742461,284.7013012427153,10.713602778478407,12.405695421534343
580.7805039311194,284.8512901762701,10.668685750698986,12.805489424783213
581.231021273677,285.04132708138167,10.731151044432984,12.90709270243552
579.9441503902908,283.74784963191615,10.996532362657202,13.270096566011667
582.049278175762,282.98107776764164,10.476574765253293,13.824611589617977
579.2396752940399,283.79578164639713,11.60210284148441,12.886898143811408
578.40349431152,284.77579930254706,12.599050352913235,12.046717331565176
577.6541926895985,284.5116873087082,13.09850536371161,12.028755149159695
578.0549161995757,282.93996386221284,13.0541940315942,12.70446784275105
577.6023294496113,283.97689571424297,13.663825422554137,12.456748886485613
577.2387182774592,283.54048138881717,14.139441023431278,12.64734718675527
576.8907691644154,283.0245155301129,14.262133709098658,12.83981973927676
576.8277988848613,283.2790419986371,14.197575530319451,13.031383972027303
575.8646782357291,283.65777966120527,14.223631799813926,12.804204878099231
575.5313065520779,283.71652008833644,14.048783884480967,12.668522472178317
575.7535088494375,282.32054876142803,13.797009851608962,13.095649730918366
574.8856879958479,281.31881812490246,12.834523363549618,13.668828052833199
574.7058122682533,281.2876149218341,11.967335533643483,14.307068670614349
575.1187484405798,282.5341396695593,11.764707029564864,14.192206711542124
573.9626960407842,281.97131341198923,11.780730815057467,14.014207664443617
574.240440490234,282.69250917003933,11.629657805881049,13.92310397676064
572.5884325746149,282.679115957531,11.53161907666329,13.609526457535459
573.166180152223,283.4817435453462,11.433516121873627,13.238648022841598
572.1612162191402,283.5712619630733,11.512353519696536,12.956787383122789
570.807406644619,284.4451469217965,11.933109114524187,12.676192543553253
570.4198878017122,283.24864132915724,12.078851362145521,12.97851956473651
569.6451397249845,282.71653785263226,11.904251092035867,13.168656317037705
568.4841978036396,282.30999044726775,11.650030370988592,13.369121573881554
569.6785341116214,282.48484159626435,11.246640635473298,13.64714461785394
567.7901856573177,282.45289092220725,11.322257932507837,13.62687431868498
566.8657213100022,282.3727205502927,11.057110461569248,13.648808456507366
565.5415966126579,282.6593574125248,11.380884557551898,13.010499923144073
565.8086306937118,282.9009701136342,10.653017281074277,13.65146578962022
564.5997989068383,281.6714169040127,10.952075714154425,13.57682260765792
563.5402296783818,282.26507325081263,11.293378171646594,13.40535597559525
561.6564262810349,282.74480298193356,11.641581535327807,13.155301509903875
560.9553527807777,280.8979340496503,11.482371239431066,13.414897558844258
561.2144705614452,281.71337813498457,11.59306292118504,13.359905077387012
559.481882731622,280.37406835438014,11.285225930241221,13.72215766356265
558.9669427200213,280.791885249012,11.121897796333172,14.463028689918591
559.402255405729,279.31257777025195,10.912101302157073,14.819750531120864
558.7610906337611,281.33958153134876,11.18509035646441,14.518710108625982
558.0803060727351,280.0220053666094,11.138502598172817,14.396293932926838
558.482361930515,279.88204606648594,10.854162717806407,14.878252897785503
557.6244172523542,279.1413781115461,10.98540221832431,14.502766369641172
556.7895130066478,281.82618996642884,11.23248881077626,14.578329951640765
555.7744106404252,279.099620481621,11.5991036258661,14.311827384709545
555.660546854481,280.4679122152728,11.867080271886465,14.396360794048855
553.2711815658146,280.0916465856359,12.323922916202863,14.315728853417134
553.0219683089953,280.9947122245692,12.903279314853211,13.798816856800894
552.1531255989017,281.60211858126854,13.317931891941317,13.214369695132234
552.1785329738029,281.4601932705119,13.38242926698099,13.297291975483041
551.8441495243069,280.57161893553,13.158952182502919,13.384751618340882
551.2711596440164,281.41979817085297,13.074322329368567,13.51022994008052
550.7379885678362,281.17268797390386,13.941553865104783,12.78834150782649
550.3693908567012,281.0966058406654,13.507376728536354,12.90433456657045
547.4363820799041,280.59562005411203,14.052791137675836,12.62883030224822
549.0589919302965,281.12939566530684,12.960273816264039,13.557972695962054
549.6194912052587,279.3684445510758,12.049523854667658,14.486927676881118
549.038343318179,279.40585175818876,11.797669808481132,14.877262023808397
550.0661590754272,278.9126022334742,11.439768566895733,15.097059115834284
548.7882105033287,279.80043619100667,11.842561261855101,14.261962087370748
546.4556866707248,279.94082019556197,12.496039865404171,13.689348698558401
546.8554621808083,279.63210390839885,12.732030585818599,13.476324349213876
546.8417050315351,280.07485806656865,12.74309285799966,13.84923271814503
544.8837084253208,280.7704059432702,13.195581547347768,13.501393007960495
545.0545248142428,279.7743315116583,12.95749678869998,13.81111088615814
544.7719721864968,279.96672587608816,13.33093968757509,13.584332134381622
544.3289188663525,280.6138569076259,13.63453443781215,13.170462302216217
542.7311585881732,280.7826612841012,13.757105130659138,13.081346276337623
541.2721667636689,280.2593887019338,13.8753287286123,13.105071329019577
542.462203582313,279.6513856786454,13.046133294506884,13.535657066993682
541.8251159850919,279.9649275721335,13.284252818731265,13.068376040803194
539.9008815130321,280.14244013829614,13.69605223903876,13.011444309858744
540.881415638797,279.7781995793598,13.251913404807366,13.227492383210265
539.1480261308274,279.1678843511638,13.282718959473609,13.482504708104997
539.8321097999772,280.32177393218717,13.088984896900428,13.376791656272529
537.5958168117663,279.3825137961582,13.925061877196379,12.949418719798071
536.7991530210705,279.8539692505763,14.012129895447025,12.88039197924494
536.8178203343946,279.7205541934508,13.70030785022879,12.978239635715576
537.4436458649698,278.963631896437,13.185125483696325,13.276082811363372
535.1241062792606,279.24554728550095,13.167344628927417,13.125824639815999
535.4980718533795,279.7768556346721,13.080040417892947,12.991663931332237
535.3560395180768,279.1449554098744,12.56247404810937,13.444695179740634
534.2217798181509,278.8443204311129,12.810306651015267,13.123200561362749
534.594266481723,278.9663401113065,12.318676759052583,13.2931452047489
533.9707221065148,278.12608543081586,12.660998624725526,13.159119700193635
533.4502425524848,278.1999706410997,12.457399289422277,13.464705750175693
532.1608718113995,277.68518466387286,12.320689416752977,13.703490410706436
533.2697971119713,276.9983753188304,11.900609209470616,14.021612917568092
531.7431107426127,277.3873129354836,12.27521902375991,13.836376163023939
531.0550461402806,277.6181781117373,12.438134757248424,13.93089742027308
529.546669728094,278.3418337233363,13.177285404792464,13.559597245135421
528.4725554480727,277.23133766379937,13.14192372470707,13.898183514020726
527.9474281831873,278.5834806581317,13.865317870291339,13.3074459494694
527.7864168849961,278.48463665521103,13.464489878563946,13.69828199862106
527.3927664069283,277.98448738247026,13.203449164665933,13.864709316066357
527.2235209514423,278.4609403326173,13.578373196692054,13.296603155988475
527.9213020267595,278.84308682219995,14.1045903725397,13.052252476650505
525.3861571049812,278.81713419159325,13.783423956467267,13.236268119664322
526.5288651390847,278.46590211755847,13.81609316732268,13.469065604638194
524.1762330419224,277.90717239658966,13.748513451137704,13.486519552188929
522.6896240271386,277.60315786548017,14.193251281198073,13.039903674069585
524.3830489709482,276.14376691773475,12.442341778926798,14.094227071204815
525.0018372661118,275.9429390908521,12.141387820339629,14.440010688431656
521.9473524829682,276.4076531618146,12.804745495046113,13.791531273354323
522.5748257068896,277.4804710792849,13.032192018946883,13.50231342389138
522.2338963381086,277.88446182244945,13.619190377735363,13.146213040869146
520.3035770935792,277.53640862407116,14.331453621843606,12.748621535876893
520.4031002180462,277.9265569861499,14.35727275766231,12.730470880032378
518.7761790700823,279.0927916227133,14.879453562946985,12.28095363505757
517.6723124311405,278.39368249937024,15.492457070233648,12.142297162234216
518.2556090436311,277.803665461813,14.860189936195692,12.645931519025662
517.1269139623068,276.4554691190224,14.446710081571474,13.245245610907656
516.092965743277,277.52251400861803,14.78566697689004,12.852777910115584
515.5057900813134,277.2986490707955,14.097817912118295,13.182485037889116
514.9794740692856,277.1899728079275,13.530554819800834,13.337985939848755
516.1536567098041,275.40258011524236,12.411006457878022,14.09526410059036
516.0260237345199,275.986905678682,12.469377479463333,14.011217333632422
513.2961755620688,278.10163891110074,14.56261354431079,12.303909769436338
511.98765882016966,277.25339156923127,15.58169647831582,11.835906260109917
512.8767694216078,276.70378270669937,15.485490996214093,11.861190981361537
512.4322945142251,276.6849811216454,15.57350908965941,12.133131111268067
511.22487394320336,276.39649302534286,15.964177067679792,12.202428732774521
510.286712638292,276.5549895403605,16.437601694407228,12.379370296880627
509.1073684438305,275.8457079660777,17.08347895695054,12.348757517726689
506.95471644958656,275.3895167562733,17.995412300060572,12.299441712354955
507.251497016918,275.8919849727746,17.716064266114536,12.831938807342954
506.4675936980291,276.0472705610858,18.121826555254543,12.863559843708638
504.88551730958045,276.02660403023054,19.000727266005647,12.534139290196553
504.31158581140966,276.08198342810067,19.309824729347984,12.647653444899802
505.16615555890456,275.64677400006843,19.551310820704106,12.60572478102765
503.01686782739495,276.3716688656623,19.56490588280566,12.897887616368934
501.90466234551513,275.55144255929304,20.029509002590046,12.878215476334681
501.6620296940734,276.10095402247737,20.56670060477135,12.789643786204957
500.954999722662,276.34988401623076,20.36712405056606,12.993901369170793
501.2530435702777,275.4298756264054,20.225719050197043,13.005358063728398
500.35692147552834,275.35117192806695,20.100418285164114,13.14457249075633
499.4168801871427,275.2607835161113,20.31552711687511,13.16146846055059
498.1886258958541,275.5017579712049,20.595286844132247,13.008543904566501
497.7027378066538,275.503676891466,20.998380195950613,12.949819022268688
496.071792081446,276.20729308473705,21.29831433877002,12.975118627561532
495.4474301233445,275.09676524733163,21.38050269877276,12.90362376389621
495.6108248109462,274.9408956535561,21.69051354354665,12.84700458182908
495.88261336346494,275.59364393564186,20.843663849840134,13.289596224299679
495.3181985658387,275.12594225915825,20.380456003491847,13.625105944517816
494.30762526544703,276.04574081081347,20.56032515427515,13.341193473069815
494.1919546955288,274.6366869522933,19.92994642790667,13.752511119678505
492.9440506553015,274.83065277715923,20.191384760906217,13.69494769923299
492.10305497230405,275.045109658847,20.32946165413529,13.519010457793494
492.3384745733322,274.8076579965716,20.40060789312009,13.585739462453333
491.7760286259762,274.90244573195264,20.20572069081547,13.797342104177503
491.2862601180253,275.02396039852323,20.365989639429117,13.780843653551178
489.8484494037912,274.8315001440627,21.221886875582953,13.424875105656366
488.899109866694,275.2798046044527,21.425299912897895,13.304111115551805
489.2158254552724,275.63920331834504,21.737211039448134,13.148309546024286
486.27878087531064,274.66368039312044,22.536935028210607,13.15221610698303
486.8891574157999,274.8521224617085,22.844918967167608,13.297888883510568
485.4574613507602,274.39717689615605,23.073136170805835,13.721634552242664
484.95658791785,274.5233960066905,22.988422967858057,13.884427266277223
483.92066774760093,275.43296016688447,22.937317547207506,13.984425225578642
484.6829569319094,275.0709821257128,22.83716023088353,14.022536921750188
483.51782601994046,274.9999311861037,23.01671191344227,13.681367825777448
482.0682866037254,275.131562955806,23.33061857859603,13.65774191365034
481.4977596341687,274.7355314417361,23.263987420080337,13.73489682371427
481.54072352780906,274.49375891655274,23.814443526046897,13.335263850654261
480.51836201164065,275.2086023809175,23.711660351450114,13.5513057302852
480.8108066901931,275.00814300535956,23.871751642851784,13.5198940941174
478.9464863515978,275.5382941712328,23.77316091279265,13.365766533904447
478.1244140497198,275.1163165005204,23.64912843918269,13.596480169117793
477.24796894530186,274.7752230770376,24.216682451375757,13.378452825102816
476.47930572185226,274.65347306695804,23.936842721778824,13.554559622036203
476.29586721812416,274.716166464303,23.51275535943425,13.797704233493725
476.7333456882506,274.36526010307955,22.64703878673312,14.443563063610119
475.9925116596492,274.02568316257566,22.83726478228804,13.827537338404065
474.4971364717717,275.3953872044947,22.702482660747187,13.653092329992896
473.82446751669215,273.825630622883,22.375173170272802,13.940127719315154
474.75975369133363,274.69128656024947,21.69238566147711,14.216526156996654
472.033791604081,274.40306319597914,22.227379792829705,13.867062886309274
473.2140816456069,274.9421651013799,21.93931740431982,14.091548177497764
471.1505006386805,274.7203646114954,23.306104887306038,13.600084736227103
469.120924367212,274.34786170848133,24.03353483753627,13.609469141094994
467.9917722088666,274.61600870581464,24.91539895246705,13.548394616196973
468.91785920022403,274.34801199179975,25.01028942019403,13.895686703991599
469.38005792649534,274.06828608560227,24.232719859140765,14.526201022887253
468.6207535455031,274.39228164060916,23.95968526127879,14.448623243568047
466.59761696925796,273.73117781086364,24.16508849054387,14.542056218232606
465.5912499029693,273.9570871115319,24.359825288758646,14.555742854477248
466.23116789780977,274.3527586256599,24.35548639549762,14.482995374351507
464.8864053242415,273.7406094937718,24.679152249676584,14.30685011488897
465.0362508801907,274.4700994856895,24.80680408423423,14.096635755341634
463.2644159289819,273.67536902172435,25.32636500456674,13.945486750590076
462.9086296583714,274.6077217275673,25.65472420494991,13.773546000689464
461.69857566797987,274.4287009746471,25.306870864344262,13.878269630808916
459.9410782505716,274.1246651881916,25.78406643452317,13.707479611681126
460.75769435646504,274.3223314896681,25.840068882028856,13.858473646765322
458.62372750344235,274.1901094395005,25.96282657657875,13.941220843652518
457.7446298502835,274.0112474034356,26.220712417070793,13.88409625747062
459.8530977268686,274.45306055366717,25.764615456303588,13.971321394801212
457.8557140814553,274.1336263175523,25.028044340479894,14.303561809544236
456.5730150117716,273.66821271083444,24.63991030116669,14.436477344745636
455.8460005726502,274.4892334259034,24.72127535166262,14.195551977465982
456.0397328697389,273.1307566342012,24.487011297020864,14.282545206349294
